81215605.749486654997 0 5.3980750044794056919 0.028531478235212830857 0.038357398380691708206 0.46026865304923969546 5.8517814166466104453 0.24331732135779993165 0.2365359538504683834 0.22984998860129901566 0.000954966 0.000356051
81215605.749486654997 1 9.0126991365473454465 0.078781157234098522779 0.015040040537876189081 2.5942992629235841484 2.8648399892532210309 2.8805206411451660387 2.8593480507943151991 2.8374065422350485122 0.000285285 0.000238018
81215605.749486654997 5775 3.0470170518265087267 0.12760127184567432446 0.15488349398980269522 0.72808302758404630506 4.8469377191553952855 4.5016723366764548331 4.6284946852466832823 4.7556471754032640931 3.02463e-09 5.22886e-06
81215605.749486654997 6920 2.4297066824120356898 0.19041725187346578152 0.3852831476180492154 3.8989126309804587045 4.4693483494808869949 6.135963426193170811 6.1617054581188677176 6.1847804649296556079 4.48089e-09 5.96081e-06
81215605.749486654997 5134 3.5335594490592492356 0.051678488480266342175 0.38645968476115805101 0.68122192925290658838 5.6082715622027716762 1.3741356685876666699 1.323685069214565857 1.2735764148546304675 2.31886e-09 4.78566e-06
81215605.749486654997 5278 3.1986094875508723767 0.044542626966809238664 0.31794942370207274207 5.429275009979055433 0.20058482589838402821 1.7002440193111616473 1.6559319088848629686 1.6115506084204465065 3.13887e-09 5.29389e-06
81215605.749486654997 5451 3.2820428119875688644 0.081572119935044401506 0.098916716154747341694 6.166015122075128474 2.4469450030871700008 2.5145461971047327054 2.4649732448199301871 2.4138959825370718271 2.58702e-09 4.96345e-06
81215605.749486654997 5063 3.4483832240230252175 0.13288930165709206266 0.37702661849318963583 3.1254943298078745606 4.9927543868061308174 5.7303779926951570189 5.7966747918796350802 5.8588064064202320935 2.23728e-09 4.72886e-06
81215605.749486654997 5878 3.239566440322545926 0.11114146584936158979 0.068249513381845469673 1.475117274461558825 6.0777859926861586004 6.0543888453749401535 6.0783714265682773359 6.1009759262811700253 1.44428e-09 4.08696e-06
81215605.749486654997 6255 3.2061369847609451078 0.12132223851147178051 0.18275451585492363815 1.6762516279704915423 4.1442684175351320874 6.0344691368197569403 6.0627722712825189433 6.0892972780546283929 2.45838e-09 4.87977e-06
81215605.749486654997 5548 3.174856571518856807 0.059896883297350489439 0.26183722029368239337 4.4898923558505714482 4.5274851136966569598 2.1478015134947630038 2.0967326628684532785 2.0449305882749237995 2.11518e-09 4.64123e-06
81215605.749486654997 6443 3.2034112295812073867 0.1861041511165344442 0.29054005054908205175 1.7114846421570881763 2.8732635998497570995 2.7141239655444979739 2.6290725453465477734 2.5378117027036877218 1.88164e-09 4.46371e-06
81215605.749486654997 5990 3.084665647861101867 0.046410108883814624181 0.10803633931518000222 3.5901401311569363095 5.5798032476473098384 5.5350280430778235896 5.5660862996349393939 5.5965870657827201384 2.30118e-09 4.77347e-06
81215605.749486654997 1284 2.4520520654632744773 0.40353890559873228927 0.73761056288199633446 4.2584764907941519141 5.4639936789947061158 5.0854060458889067675 5.445934634769491467 5.7456854459777666477 3.64405e-09 5.56389e-06
81215605.749486654997 5098 3.1454749471038301323 0.054661269949652639688 0.096244437660712847671 5.3621111322749115402 2.9753638541476843393 0.64852081415628359817 0.61618793834591778502 0.58459763852910839876 1.90652e-09 4.4833e-06
81215605.749486654997 5929 3.2484865733390662079 0.12411864405201006312 0.20860049904597530168 1.4180218418202106268 3.8623244025561382919 4.3041239277634435467 4.4212497915455362119 4.5401452127863821673 3.18574e-09 5.32011e-06
81215605.749486654997 5467 2.9661031945427955847 0.113851422240466571 0.15228794633481157472 1.7847861699678173597 4.0835598963083992174 3.9038158306110966045 3.986042455481413338 4.0711584408268750579 2.43648e-09 4.86524e-06
81215605.749486654997 6282 2.847340567377357079 0.11588450265129268679 0.061753364759720999477 1.5604208627752957916 1.2294824257921492805 2.0052721449655930286 1.8972582872540459942 1.7874944683105573606 2.68214e-09 5.02355e-06
81215605.749486654997 5694 3.1147113103946972856 0.080880007750369173336 0.30372103255929472354 5.5720840212807214442 4.5477995776970603359 4.9365624875516083137 5.0148032903571788665 5.0920129818095123397 1.21025e-09 3.85309e-06
81215605.749486654997 6392 2.9702598251757277303 0.21521928684398050624 0.12666857233779471592 3.283913387990747168 4.5886685950804846357 4.3365758611326441496 4.546803394399988818 4.7590789123468741906 2.75286e-09 5.06732e-06
81215605.749486654997 6484 3.1151999853623504322 0.10398642730472559825 0.19999740914106775569 2.7626929103690214262 2.5077933011417732345 0.40398669510315643461 0.36487977988342046309 0.32777357601442252966 1.88476e-09 4.46618e-06
81215605.749486654997 923 1.872978948798372123 0.34297759251761911203 0.32602767076594080242 4.138082370191226822 5.6251541619292639851 3.3927368687357009058 3.4987079483864391705 3.6186036491409190319 2.53731e-09 4.93145e-06
81215605.749486654997 6739 3.1940529844642653323 0.23656139037109510936 0.21458788409698031918 5.3105710925038565051 1.0644125898381708861 1.5290384257063895923 1.2915974580303248853 1.0641965462671023612 1.84353e-09 4.43337e-06
81215605.749486654997 5885 3.5178207994116630353 0.0505355936971693398 0.31264518112898476154 6.1283832730622513907 0.53341214163408401383 5.3499229274658119948 5.3899497688697994846 5.429322260310720516 2.25928e-09 4.74432e-06
81215605.749486654997 5405 3.1807797969948867767 0.059161825849884566719 0.15047854336190299995 1.0984382877818612556 5.8347109731134700894 1.3018770944376216736 1.2452523092498126722 1.1891978472789865862 2.93677e-09 5.17774e-06
81215605.749486654997 6764 3.3041581455218871355 0.020379624912541329657 0.27204234472101362918 5.1713063967176990943 2.7267221265676320208 1.7410666444618980719 1.720945575479567502 1.7007952465471285475 2.4069e-09 4.84547e-06
81215605.749486654997 6362 3.0014190528262449931 0.10590934517324095132 0.23083935547612177697 4.493807564320624337 3.2247164096086011753 2.1186628677720102942 2.0254880756336874903 1.930339495879720646 2.92709e-09 5.17204e-06
81215605.749486654997 6775 1.5632121359688300188 0.15592457222575620279 0.1357319482050148296 3.3781165129237309408 4.2800490446058532257 2.2559388032170595295 2.1282878052235365551 1.9959725620960506731 6.39874e-09 6.71246e-06
81215605.749486654997 6055 3.2299596824274687812 0.054625250706952489799 0.081576091822692042843 1.1179416258203265233 1.9562590600420561859 4.5131235605560764412 4.5669863754433546177 4.621035201512352586 3.0525e-09 5.24488e-06
81215605.749486654997 6498 3.2225147467613903807 0.060788938308326462279 0.10702909804076295164 2.4574754085510952528 4.3052224753968157955 3.4761994729213383515 3.496771339229288067 3.5179111729804000142 2.50157e-09 4.90818e-06
81215605.749486654997 6313 3.252666210848588868 0.059884963404365408601 0.38412956529390496208 1.1785346121608195613 6.0873989910324493025 0.96764660603120555837 0.91911852100966373591 0.87150594524804803065 2.33149e-09 4.79433e-06
81215605.749486654997 6300 3.2266956599430569597 0.061277177155359477401 0.16805090053475360556 2.9615689255081871778 5.3119540428842340063 3.7948914884576492312 3.8330972213423644135 3.8721734843870390108 3.26125e-09 5.36181e-06
81215605.749486654997 5323 2.81675886209520554 0.10642210057128861922 0.19787800959536430701 6.1269079185991195402 4.0867847346250449903 4.9311460659140937679 5.0340441728852116654 5.1350082510548888948 2.25995e-09 4.74478e-06
81215605.749486654997 4755 1.8524668592811959211 0.082220190358663139407 0.031351810778487303188 4.2770197279181410011 2.0204875417977392615 3.2148832806947056362 3.2211723330879329374 3.2277084855567541588 2.45943e-07 2.26531e-05
81215605.749486654997 3800 1.8193994964955833016 0.16055373570326048061 0.43620879433139231329 1.311502903280356902 0.78557735723860055987 5.1503447125848609289 5.2916105685922758539 5.4259762214628395327 2.3176e-08 1.03085e-05
81215605.749486654997 6956 3.5162796481035094587 0.14486858747652886503 0.43337316930301594819 1.7014761200089310034 3.8244180513858312409 4.0158608482579829513 4.1329159519335521011 4.2541349347135986037 2.20649e-09 4.70707e-06
81215605.749486654997 6197 2.0026096067577059401 0.25981506426548717226 0.39151443401556690338 4.8132061569756396935 5.8901989289204461642 6.2075780486913023637 6.2252203467323479202 6.2402720845366665969 8.02678e-09 7.23931e-06
81215605.749486654997 5080 3.2235617476279165849 0.17234569700317239893 0.18510107635083183908 2.9453592529033478797 4.6105586301651850789 1.7419894297247422443 1.5687486397515344461 1.3964033040729049162 2.57476e-09 4.95559e-06
81215605.749486654997 6233 3.1566746411969206498 0.11903263595410469577 0.21154479930880715211 5.6164825477602748904 4.3686060763133243157 5.0793388801365750851 5.1883959105207289042 5.2941958981910142157 2.38928e-09 4.83362e-06
81215605.749486654997 5489 3.2218147239361751843 0.13559231127094772962 0.27092921903136663042 3.0369862023454845534 4.9123159638313049768 5.6934683657394273837 5.7651353098809412501 5.8322788521936219652 1.80848e-09 4.40509e-06
81215605.749486654997 6756 3.1820028005575404784 0.048452622897879153718 0.26211885263921047562 4.537518807167454149 6.2286390956117161366 3.2196515332925237374 3.2235256922167545568 3.2274911226921463303 2.22448e-09 4.71983e-06
81215605.749486654997 5116 2.7741989951621519594 0.17398143975519000937 0.12268323811157606784 0.86104505708278733511 4.0075774605556704344 1.3272385040581282656 1.1610007036391778446 1.001424532126780953 2.56354e-09 4.94838e-06
81215605.749486654997 6951 2.9771329530015595566 0.017121725206455593038 0.059524601369546618901 0.84273210474085280541 0.03901605947008703057 0.20382442340084885868 0.20038727858096219703 0.19697921844603002994 2.54062e-09 4.9336e-06
81215605.749486654997 6295 3.2514853526593716637 0.051493497149977390803 0.24348639983226505468 2.002586319323840236 4.9013512259829052908 5.3610860443558703281 5.4015121568741344404 5.4412550361841756086 2.30061e-09 4.77307e-06
81215605.749486654997 5923 3.0040514414691505962 0.069053382265548510222 0.14084857408316378558 2.8847158098376022295 5.1473981618270663319 1.848869701366407492 1.7817778878267978016 1.7142557071716730821 2.22479e-09 4.72005e-06
81215605.749486654997 5234 3.0361469847888340468 0.17377659466361278229 0.10184654525988026674 1.3677594115179547707 1.0833798710876274551 0.92708461442319856083 0.79420821375437600231 0.67025182123463111772 2.35138e-09 4.80793e-06
81215605.749486654997 6863 3.1606361661569781774 0.11740917185682563095 0.079103977049378160213 0.076367014504808386488 2.9591431883614149889 4.7053778517427531369 4.8231040809453693541 4.9397943965146478007 2.72515e-09 5.05026e-06
81215605.749486654997 5146 2.7841117113354254542 0.036950492095378810464 0.14559102546610180884 6.2484990254999619452 3.8328180038459516155 5.5529041813570225727 5.5772254186691405664 5.6011975896366434924 2.55901e-09 4.94547e-06
81215605.749486654997 6969 2.2449837430610175559 0.2145196043275129083 0.20777401755028748753 0.57276879097689048503 4.2357988294782327188 4.2484805161841272536 4.4517903867962322906 4.659066933663670973 2.41679e-08 1.04535e-05
81215605.749486654997 5853 3.1333730435221247568 0.18811800460497657417 0.19853425363810298099 0.46629647862184014917 4.4850213893152197642 3.8758604599742110253 4.0124694763319652679 4.1563598171944704518 2.34516e-09 4.80368e-06
81215605.749486654997 6657 2.2361839947753989755 0.16266252139168413393 0.10699910223516058416 3.6044752292659687498 3.515484048734015321 1.9459557824279642979 1.7892012449660046336 1.6304028853395804433 9.52311e-09 7.66378e-06
81215605.749486654997 5962 2.8448960635742421843 0.18677930830321262667 0.15076315974923021335 4.3381876846322997565 3.274119903114409702 3.6518903810093501505 3.7520911836037296183 3.8591672798510199272 2.88829e-09 5.14909e-06
81215605.749486654997 6628 3.2355371214269368352 0.16498124262446375865 0.20314595982495611826 1.7297546600782138793 4.4095208313579705717 0.79448340970623720914 0.682592216060408985 0.57852096830538035643 2.5094e-09 4.9133e-06
81215605.749486654997 5290 3.2092946752457316428 0.06747551326436546093 0.13693934404340130095 1.9517617240211573293 4.3563686897529221298 3.0108788996966522333 3.0017689702105458949 2.9923650077273693526 2.68653e-09 5.02629e-06
81215605.749486654997 2992 1.7612114696525262847 0.22617943354616315554 0.0483549003577516609 2.7767589593478740895 6.135816765438129039 2.8491292273001858071 2.7749557605643184743 2.6938754375740301406 2.26492e-08 1.02298e-05
81215605.749486654997 6827 3.0964910069854907348 0.1278417223086087684 0.11469162850039330004 5.2087088027119792244 2.1600107686235725524 4.3119455853207817597 4.4330439852869218953 4.5559300825773902943 3.04652e-09 5.24145e-06
81215605.749486654997 5626 1.4422305004839390818 0.44711002212252975996 0.24974080686553135067 6.0181187321874904939 4.1224484299586583447 2.130714190700337074 1.6811882848646002575 1.2367998245248101874 7.93289e-09 7.21097e-06
81215605.749486654997 1410 1.8457161590808925933 0.5109288247545813455 0.1974121336262795734 3.9979252158429900987 2.2814924169441770374 1.4299045843229249986 0.91757185649486672219 0.51182883902341758109 1.96181e-08 9.75145e-06
81215605.749486654997 6244 3.1770264314606553313 0.083655967751218363038 0.35272795808624068936 0.67070087053158544688 0.69898391981054242006 4.2894548291604843726 4.3671717897460746727 4.4458922208094593387 3.08558e-09 5.26376e-06
81215605.749486654997 6327 3.0154389162910382183 0.17576882618132028124 0.15405592202323331597 2.3134741896402428729 5.6803162689367807658 5.5600000717970941011 5.6698217790503679936 5.770998028262354751 2.25041e-09 4.7381e-06
81215605.749486654997 5650 1.7534530214447874297 0.40297054963380030124 0.12342850320331419378 0.087223511401273184918 4.3217361508054912278 2.9579817037355908838 2.8611857331888939093 2.7496649638893040368 1.14639e-08 8.15256e-06
81215605.749486654997 4112 1.9877508969728725496 0.53392592711086772628 0.7208768494949782113 1.0698566307316181856 1.9803688645587516071 3.4164780886899364098 3.6332900388060300756 3.8853686789403250046 1.99037e-08 9.79854e-06
81215605.749486654997 5511 3.2143281542574477783 0.10982411512886622318 0.20665762439284041108 6.2496220219649893934 4.7503577631883819876 4.049183269767834048 4.1389761603524117817 4.2312343924504567383 2.90982e-09 5.16185e-06
81215605.749486654997 6186 3.2440658232660739557 0.010920963871267367826 0.24712235837725696208 1.0045382254687544865 5.0153136077174096386 0.42791921112664593752 0.42340952340035498125 0.41892241304966448823 3.14704e-09 5.29848e-06
81215605.749486654997 5195 2.7465901410601669674 0.062281540429797749292 0.070363002455533132928 5.4177705552424191282 4.2878341046258006131 2.2534885767036287874 2.2041585263290297547 2.1539569812765644308 2.26107e-09 4.74557e-06
81215605.749486654997 6935 3.4688597729829546701 0.078102043746533511559 0.42727831736909105409 4.6416340655473229404 2.9531023060128958058 4.1035848391689251358 4.1691970093126382579 4.2360572953932349449 2.603e-09 4.97365e-06
81215605.749486654997 6667 1.3870666998706291384 0.12366408826599693815 0.40375896653477227893 4.5258486386440903715 6.179262602026447837 0.95216490642513851306 0.85462230862022026123 0.76133964080542571029 1.85586e-09 4.44323e-06
81215605.749486654997 6816 3.1519708686486396232 0.17460312150033793777 0.12379909493010568533 2.0749965678605626351 5.6984762512940125845 1.8951460713871168817 1.7239742696444320114 1.5514155446761903612 1.76213e-09 4.36713e-06
81215605.749486654997 5762 1.1903247583946734434 0.082466286065438459962 0.55002742727039788395 0.82960618074011116541 4.0627917711992722616 3.4668911035840652701 3.4943652000851650463 3.5228573794978208511 4.50081e-09 5.96963e-06
81215605.749486654997 6595 3.0542618004607509086 0.08455143779624851863 0.28724143760012343929 0.80396346295705767293 0.34135554904476650417 0.86877281469388423218 0.80584133081343756189 0.74484478014283483915 2.5233e-09 4.92235e-06
81215605.749486654997 5950 1.9268335921624539786 0.33296176881611883047 0.25231801327562808357 3.2043065463798154902 5.2102372711857611876 4.4880681273508260531 4.8320319861416587415 5.1626135142101690079 1.07677e-08 7.98408e-06
81215605.749486654997 5351 2.973866534176307308 0.15725870355191795547 0.099844293106605599974 5.1942076054260137852 2.8766497312676779785 3.4462421182204958647 3.4975724513009502914 3.5523785094259694439 2.44807e-09 4.87295e-06
81215605.749486654997 2768 1.5652272396383704045 0.04907896958910951124 0.050456833584732248277 0.47461025242521837075 0.051853487349506836857 4.8973200822800677656 4.9453650787700720315 4.9931181113102107716 1.06163e-06 3.68842e-05
81215605.749486654997 5194 2.3058244675925303468 0.43434164042085460222 0.42954805030852372116 3.5970667927491000171 1.7119748779393313409 3.1498369023989014615 3.1547205914125204806 3.1604224376798479845 4.75382e-09 6.07945e-06
81215605.749486654997 6928 3.2014333974356450341 0.23470241794877680364 0.28400203080753722018 1.5238770196261179901 0.75260628846824184635 2.7960416072591414149 2.7053141087394321218 2.6061360181471204811 2.08658e-09 4.62021e-06
81215605.749486654997 5914 3.1859835382666408243 0.086009806021693072098 0.086534289043483605952 1.1799890959907728405 5.7675127080238244304 4.2790559804644860975 4.3586597376509716995 4.4393444559336678878 2.63408e-09 4.99337e-06
81215605.749486654997 5072 3.1370726092858300937 0.10495033480268782522 0.25759525568641034043 6.1262366090472868407 0.6112699925833411374 2.6878583526852031227 2.6394480034926672829 2.5889347207540529539 2.73643e-09 5.05722e-06
81215605.749486654997 6154 3.1604970985230451674 0.1443364341669101103 0.25291506878413816395 1.1916088280453864812 5.6427159747501516307 5.0207813317416860599 5.1558477634996648931 5.2862229705857481932 2.04677e-09 4.59064e-06
81215605.749486654997 5312 2.9760450568075222932 0.10769338332672892533 0.17939247963262802688 5.6054731311668986038 0.28649419073473986197 1.3568475462323690284 1.2525936397389731969 1.1503065440392434837 2.46345e-09 4.88312e-06
81215605.749486654997 6126 3.0240443854377274668 0.25299211286958628309 0.21605481062344555898 1.179159144616656496 0.13278460300181726961 0.98987445171637356012 0.78972900957933211963 0.61006349544090265891 3.04059e-09 5.23805e-06
81215605.749486654997 6952 3.2816247211758216018 0.14498420829056368753 0.074829119765663171249 3.0500330490079803347 2.8012816697041440506 3.3134711517775929934 3.3403268310744542724 3.3689508576747075885 2.57429e-09 4.95529e-06
81215605.749486654997 6073 3.2106214650263087407 0.075480668468987446862 0.23332692099912127892 4.4689296293499207735 3.4275004239670114892 4.7933712012010563086 4.8684470414215930134 4.9430104411965745115 2.87152e-09 5.1391e-06
81215605.749486654997 5578 2.8851507353503516029 0.099904944534575004789 0.20472623374206774804 1.9471239590986646473 6.1363282496165023616 2.1521352992160251993 2.0661187163190835037 1.9782207957046133995 3.04211e-09 5.23892e-06
81215605.749486654997 5231 3.1624870828656859167 0.096634835133339980207 0.26340327070998831305 4.7183820536419531777 4.7645667486656648748 4.1167907206728893144 4.1991667241471866134 4.2833517984797229161 1.89135e-09 4.47137e-06
81215605.749486654997 6029 1.6662706537631719605 0.21736796678224681867 0.62372404390795455065 0.32008214171726456776 6.1275337423585138907 1.0421270823479342749 0.86263235281906380791 0.69752890928495536738 1.2969e-08 8.49478e-06
81215605.749486654997 6192 3.2231998286351282168 0.17268909548190417014 0.29067467698580468083 5.0041247030278750429 4.9678515661058160191 2.03599642015190474 1.8745268143901805402 1.709742146118642836 2.79503e-09 5.09306e-06
81215605.749486654997 5211 3.1315325449240996036 0.067457166558589048977 0.22541047461894880843 2.8717365695642302903 3.1415001117291954102 3.5102655668088384999 3.5353935567163392584 3.5612769491096472052 2.07199e-09 4.60942e-06
81215605.749486654997 5717 3.1395681363359351224 0.11126737545695560005 0.2508266056605477079 0.39082056197467412995 2.2331317946327629009 2.2933710522987191816 2.2064952575897427423 2.116963195089080596 2.31886e-09 4.78566e-06
81215605.749486654997 5643 3.3089269945578227983 0.10916296256936228182 0.092145744699837675573 6.2493723380949459667 4.3524598906478573213 4.4787756322373901696 4.586554367386058928 4.6948542075041039823 2.47115e-09 4.88821e-06
81215605.749486654997 6842 3.1900290950690388669 0.07860820540116628119 0.15985431431730695584 1.4284801555421424712 4.5059714634884535656 2.3431624091066556304 2.2851945300905542879 2.2258070014967725747 3.94698e-09 5.71398e-06
81215605.749486654997 6572 2.9486655213994019675 0.12346416618260380726 0.14383298120756987659 2.2956784072052411894 4.4466610707795606316 2.6140359333489007199 2.548136531025592344 2.47909172374224962 1.66053e-09 4.28153e-06
81215605.749486654997 5131 3.5360603786467814658 0.088833762171874525171 0.26183393647806668669 2.0356724815089215497 2.8285504342147227419 4.9320950810859987001 5.0180776241258717718 5.1027930469891895626 2.25296e-09 4.73989e-06
81215605.749486654997 5534 3.2558432378650623562 0.15272566104610671434 0.080736325744831083373 2.4031598204520423501 4.7711918858371484831 6.1277523691188457988 6.1498565987998325966 6.1701590377384372132 2.18919e-09 4.69474e-06
81215605.749486654997 6119 3.1528714731371700886 0.073854580459994961794 0.16557679837317632043 5.0332593479713718665 5.132159529591323377 2.9308763961391512964 2.9148278408191883315 2.8982233855888286378 2.96829e-09 5.19619e-06
81215605.749486654997 5257 3.2331063169772602528 0.14863030728146500725 0.18157393096700072399 3.44525798202114375 2.3824974964343006434 0.46537529121079507233 0.40252325271017797004 0.34429864226542611361 2.20895e-09 4.70882e-06
81215605.749486654997 5240 1.6288615725641546472 0.24180366296669958404 0.39314554519014260903 0.29291881956487175742 1.4056370475367627737 1.7405010278711987581 1.4947061474331986286 1.2536021339995091495 1.54708e-09 4.18172e-06
81215605.749486654997 2850 1.803700027915944748 0.30803558811598574785 0.43728889158823169847 4.2957378207204817144 4.5840237023128782567 2.7440421706957698333 2.6012338305418687412 2.4427668554080361751 2.86233e-09 5.13362e-06
81215605.749486654997 5957 3.2352059297959376849 0.09322823358791634818 0.10899890939173650928 1.816642980080483083 4.5874334393972553414 6.0500021844018316841 6.0706526139910632622 6.0903178308540821817 3.45473e-09 5.46581e-06
81215605.749486654997 6103 3.2828295542193202117 0.071421823589173066837 0.13774367471695700416 2.5960851957208759266 4.9064537179629503783 5.4440885357783557197 5.4960439710721447071 5.5466347852818946862 3.07621e-09 5.25842e-06
81215605.749486654997 6335 3.1013597502332537204 0.046588722984699092178 0.29153428625745769764 0.63960024613969357343 3.25065939428598627 0.93206137985330073104 0.89515435527493492085 0.85880091271479153114 2.80706e-09 5.10036e-06
81215605.749486654997 5252 3.1232832567156654235 0.10978604998551512451 0.14703159502046567186 4.4602118835282915654 4.0325893564581019035 4.6913367255277922396 4.8014475597679870944 4.9107985172270405272 2.42859e-09 4.85999e-06
81215605.749486654997 5034 2.8586521481268558631 0.19795009420604189887 0.11236312888121202658 2.1927279766009686313 2.1165866452252597441 2.2624127882133726608 2.0983080684602684052 1.9272668556140537532 2.20492e-09 4.70595e-06
81215605.749486654997 6874 3.2739367027451566905 0.10916956657863849389 0.28938372074835450043 5.5274163122562622874 1.377111794657146282 4.2583910839418894767 4.3591315529024949882 4.4615599824039051668 2.61974e-09 4.98428e-06
81215605.749486654997 5053 2.8522016040410163029 0.51731175195052270244 0.19915235003421705162 0.19021854634153223529 3.5101826238489186593 4.5234303346360018594 5.0859534633248557611 5.5675874929383120104 1.90259e-09 4.48021e-06
81215605.749486654997 3953 1.0826319720292050253 0.2589402132249767341 0.24892264532124572241 3.2401327793720415826 2.4832178464805503282 2.7033559780105345105 2.5766019193426608069 2.4379632601878298281 1.87457e-09 4.45811e-06
81215605.749486654997 6204 1.9134372684388771813 0.26919812123459185838 0.21750841103389342845 4.3574393702019866836 4.357283819812200143 4.2461037735166655693 4.5057126505374069936 4.7691817951697936806 2.26769e-09 4.75019e-06
81215605.749486654997 4189 1.1064616470086694466 0.01676420499563152991 0.050384505749210210801 1.205877258919514583 4.7116572802899421291 2.8473943426583665506 2.8424935321367401642 2.8375538008017207048 2.51666e-06 4.91804e-05
81215605.749486654997 5324 2.0645929958717559316 0.19138608411654675634 0.16735608831888978965 0.51685100475676926113 0.64309916270183042908 1.9896734318991367019 1.806500116713741555 1.6204058141970798523 4.64884e-09 6.03437e-06
81215605.749486654997 5185 3.526738779126430412 0.0476516870715014626 0.26683043518219035084 1.3494505427725744795 5.1667454050754368922 1.8446933176272479749 1.7985021284698234911 1.7520804811713963645 2.64564e-09 5.00066e-06
