80032854.20944558084 0 5.3988830208375873099 0.019765490469384874861 0.034806672636685485889 0.26653858975958799604 4.1921704272935480518 3.3623402941510320829 3.3667106932464889724 3.3711227741936817814 0.000954966 0.000356051
80032854.20944558084 1 9.0453048368703132809 0.084017762986477284581 0.030120139979802937336 1.9318684524630465038 2.9024690921020073198 3.4017001372551600724 3.4242631316238045791 3.4476974616498172743 0.000285285 0.000238018
80032854.20944558084 5775 3.0493186850377536068 0.12289606520498741471 0.036244894282294159993 3.3574827711716861423 4.1853544635623478598 0.27795511828886959593 0.24600346259195618459 0.21607462082179565432 3.02463e-09 5.22886e-06
80032854.20944558084 6920 2.4031716388138448792 0.36166032758317806506 0.074247433586421829332 2.0250445437884430078 2.7066793457147628743 3.3774067896730124438 3.4842180069602042281 3.6057217737799769353 4.48089e-09 5.96081e-06
80032854.20944558084 5134 3.5271968073521624554 0.057503352820407679924 0.34111917827098736655 4.8623512794246543933 2.0008250070715023483 4.1745894529188358746 4.2247453516630688597 4.2755460778737210958 2.31886e-09 4.78566e-06
80032854.20944558084 5278 3.2015419361070955873 0.057559960044626608255 0.32213702147529416075 1.198458238029382672 0.42182520437873205488 0.1493234096590644322 0.14099055830420756386 0.13290200750378938777 3.13887e-09 5.29389e-06
80032854.20944558084 5196 3.8083286474745770001 0.093600707829063531373 0.2205352691101302165 5.8809037884620956049 5.6071646584599008634 4.6314796094613370769 4.7252663342083414122 4.8188592814178585755 3.02458e-09 5.22884e-06
80032854.20944558084 5063 3.4538746802818152126 0.11057957286252351192 0.45348252294038060572 5.4873637759365694322 2.0812932280579379274 3.0533636025897559207 3.0430185382682983786 3.0321358988742845852 2.23728e-09 4.72886e-06
80032854.20944558084 5878 3.2361758910441880133 0.097612684489254475384 0.080262119950225585541 0.87437804662924767385 1.8551241222348284765 1.5808820774941934051 1.4830704912541117224 1.3858331708774302982 1.44428e-09 4.08696e-06
80032854.20944558084 6255 3.209728463285228095 0.098906985520014617519 0.13766475836925348708 2.7590228804338874369 3.2058693289173620933 1.3228772302175115794 1.2279851666046510683 1.1348332367483688898 2.45838e-09 4.87977e-06
80032854.20944558084 5548 3.1731432862441293352 0.052957813980644329044 0.30328729657539243991 4.9009943929776378369 4.9434055704264876496 0.54450007104635300692 0.51765917802818195437 0.49145314315519583737 2.11518e-09 4.64123e-06
80032854.20944558084 6443 3.2218739013862616183 0.22128159879725683989 0.2848042111706153845 5.697391453687425944 1.3913012330671097327 4.4430266703378515913 4.6647303443128125267 4.885760687180856543 1.88164e-09 4.46371e-06
80032854.20944558084 5990 3.0908597563350972415 0.074104928400086783613 0.188823931437022835 5.2568304210940954846 2.4411181318673924601 5.790978335687658074 5.8249328158071360662 5.8577154704094542836 2.30118e-09 4.77347e-06
80032854.20944558084 1284 2.4212063500711331621 0.33794796104794450065 0.64618073832306477389 3.823765258997117833 5.9071571523275192561 3.9391366966218495094 4.2209321981761274145 4.5188827754609883769 3.64405e-09 5.56389e-06
80032854.20944558084 5098 3.1455358572024780806 0.056599049209167383301 0.1255257206999643993 0.56169358279990488914 1.3368611028239061334 1.065655613204937513 1.0167656525216093311 0.9686332086380483597 1.90652e-09 4.4833e-06
80032854.20944558084 5929 3.2448534006658293904 0.13412987370899315254 0.18750776601131904919 1.5336392641590756991 4.9777563360159398087 2.2210076267172853548 2.1093181654241135448 1.9941719985546630944 3.18574e-09 5.32011e-06
80032854.20944558084 5467 2.962007955980225038 0.1176232231922793442 0.18001952514924901561 5.5064804682466688135 3.7583443457107557073 3.3797882475897389476 3.4093302706336579 3.4404475339780375975 2.43648e-09 4.86524e-06
80032854.20944558084 6282 2.8529545802647904296 0.10629017643210417199 0.066319740173297919705 0.82773440145232524134 4.8120735903878646411 1.8763440612785933226 1.7731244943564690164 1.6690024901405622337 2.68214e-09 5.02355e-06
80032854.20944558084 5694 3.1147213509557274413 0.1174398867543139241 0.24297902311062610781 3.2404753924319922298 3.9343008367918193002 4.3756112161275169115 4.4889260256111596092 4.6034458729311991121 1.21025e-09 3.85309e-06
80032854.20944558084 6392 2.9719429415515654647 0.17672874984607261917 0.22911048360025323967 6.0897646447344806475 5.3823123917744579714 3.0732791279957680786 3.059934242092910317 3.0455188860831721165 2.75286e-09 5.06732e-06
80032854.20944558084 6484 3.1092109776357177431 0.12371141689389920926 0.27569041462591425962 0.49966496882161298698 5.1258575439339075785 3.8895260320297904144 3.9779602587185305396 4.0697805701827194369 1.88476e-09 4.46618e-06
80032854.20944558084 923 1.8802705461253923502 0.37521857300939270852 0.33173547692922233932 6.2499143713095639541 0.094665211717459299412 3.39175685594787657 3.5104485753104390788 3.6457330840162649466 2.53731e-09 4.93145e-06
80032854.20944558084 6739 3.1904279622802809158 0.19563328543898866885 0.22356365738401673404 1.7119406240638797012 3.901098143473066937 5.952658859561544169 6.0112747611815615656 6.0638164381848396189 1.84353e-09 4.43337e-06
80032854.20944558084 5885 3.5227892961025606411 0.072373587267571079518 0.243017729123347348 2.5922567318056843888 1.9181760307685422617 3.3767829830894231513 3.3942865414920055933 3.4123808936286712523 2.25928e-09 4.74432e-06
80032854.20944558084 5405 3.1782571610064569434 0.048185244387847929459 0.085369191961385371137 2.3212576556448221154 2.4311392574998076377 5.2027360918830485303 5.2447847171693506851 5.286300809122288058 2.93677e-09 5.17774e-06
80032854.20944558084 6764 3.3041826964934406519 0.030178594580220170079 0.29517602806836884533 5.4618995138929227195 4.5676465958595118266 0.86689513303127563315 0.84410763433830171554 0.82155280088151227957 2.4069e-09 4.84547e-06
80032854.20944558084 6362 3.0019017957168032673 0.094300324220386699814 0.29602896875063849924 0.91294260313597708212 2.0752001263019361765 5.4570927583099493319 5.5244035181357888931 5.5892857181018538171 2.92709e-09 5.17204e-06
80032854.20944558084 6775 1.518652491410108718 0.013388166696639487371 0.18711695305719397431 6.1154545442643311048 0.819718774209301837 1.0373545681307447808 1.0258652469184073031 1.0144161818780994544 6.39874e-09 6.71246e-06
80032854.20944558084 6055 3.216657641829775649 0.071216166697558619392 0.08471985936553555474 0.82290592866700651431 3.1782294788764735571 4.4413755944586448265 4.5107138848541623588 4.5804866716890142442 3.0525e-09 5.24488e-06
80032854.20944558084 6498 3.2122574229095008924 0.03446055379652501055 0.15247515687559784481 1.3057653291371014159 6.1647684164582905453 5.306848329320412283 5.3351307940536791818 5.3631224922723914617 2.50157e-09 4.90818e-06
80032854.20944558084 6313 3.2426488699673834404 0.091152208917323521153 0.3464860082821418219 1.5352356920930725348 1.9296901052226944628 2.9189221220815775304 2.8978109159894929192 2.8758091187176626491 2.33149e-09 4.79433e-06
80032854.20944558084 6300 3.2236229341616420285 0.068676487724091475617 0.24874941175256154446 5.9669469431893098488 4.1614467730459949735 5.8282232128338504751 5.8575300616865080272 5.8858877954162016621 3.26125e-09 5.36181e-06
80032854.20944558084 5323 2.8211723920013334066 0.11238874254893486959 0.082107157539211578223 2.5712650798603164937 2.9814695330749154678 2.3178796914886063973 2.2319191490153760249 2.1432103422412578375 2.25995e-09 4.74478e-06
80032854.20944558084 4755 1.8554977894243209757 0.1191565549007670699 0.074622368657147900017 0.96494382401032707808 4.0156167849597670383 0.92849526956470718186 0.83611994103409659207 0.74770009041933604976 2.45943e-07 2.26531e-05
80032854.20944558084 3800 1.7508395195987729309 0.14659447521455076791 0.42549220545614901967 5.9549506884208138757 4.045346252938877285 2.6910363845266109806 2.6223192247346163164 2.5495717934636399349 2.3176e-08 1.03085e-05
80032854.20944558084 6956 3.5116379825094039546 0.1369142380901657019 0.40873383969622939516 1.9249206282034339033 2.7719228226261281023 3.6217248831140507193 3.6893664530698941917 3.7606697514238303093 2.20649e-09 4.70707e-06
80032854.20944558084 6197 2.0083573919101413985 0.25453487966583004942 0.41108976049490519866 3.1191187853792530227 2.7443878672496220261 0.063180204798816030909 0.048709306189837230094 0.036315990879849054107 8.02678e-09 7.23931e-06
80032854.20944558084 5080 3.2125438752937682807 0.17105243089670679746 0.23482741778792814991 1.3424486116053446771 2.0072426600387496265 1.8706037486254778468 1.7020694480322300368 1.5324887436642999905 2.57476e-09 4.95559e-06
80032854.20944558084 6233 3.1521144890638814751 0.13256898498308072876 0.22031529873528266084 5.2462024938395321882 5.5054451737356604468 1.6353019412217286721 1.5020470519106126073 1.3697912347381628884 2.38928e-09 4.83362e-06
80032854.20944558084 5489 3.2219618196980497338 0.090993197442051781954 0.31293059812344264925 1.9330845996560250821 0.18524554919826827226 1.5786121079597972283 1.4874632186827867475 1.3967857853388352396 1.80848e-09 4.40509e-06
80032854.20944558084 6756 3.1898284460158348175 0.073732848297062988929 0.28773194305863686315 4.6440654870116304664 5.8289446146616459288 0.77294346064757391002 0.72272757198357995279 0.67395824614300781086 2.22448e-09 4.71983e-06
80032854.20944558084 5116 2.7691263813701674223 0.19353182152180872788 0.057657753831788303989 4.8946308022122373416 1.3271407043204401788 2.0395816281913883294 1.857735339154575227 1.6721161278587639565 2.56354e-09 4.94838e-06
80032854.20944558084 6951 3.003906643093499973 0.0043025203884613201846 0.041847956930425797561 5.6328464500743287147 3.8362361728930278737 4.4971582156894029936 4.5013634099536732336 4.5055704858548413227 2.54062e-09 4.9336e-06
80032854.20944558084 6295 3.2507412896539356062 0.016046622534595780807 0.25879029318840973684 4.9318966000493045243 2.4065666164296661833 2.2590491124496918651 2.24659126026835132 2.2340715256593446369 2.30061e-09 4.77307e-06
80032854.20944558084 5923 3.0068929726280835268 0.030740489375503422809 0.23031868918337380925 0.5510720335639486267 0.16116106059162058073 1.5847868558952376006 1.5540379189006319205 1.5233017460687174882 2.22479e-09 4.72005e-06
80032854.20944558084 5234 3.0408192664773201486 0.17344769545543123335 0.074217399765914404686 4.8898051333504977123 2.1783287550578545044 3.7933926596574631951 3.9072049127695058779 4.0274004438280561757 2.35138e-09 4.80793e-06
80032854.20944558084 6863 3.1587834121763322948 0.13678267735483826129 0.064456421072950256801 0.70369537241953761253 1.7150486017198047772 0.50157164361201611591 0.43927049113885463516 0.38109964610928931394 2.72515e-09 5.05026e-06
80032854.20944558084 5146 2.7754810071215443301 0.057928379875313580627 0.031593485874156439219 4.2285849077555246467 1.844470355990628363 1.0614817027062570798 1.0115789961100403183 0.9624748118965327226 2.55901e-09 4.94547e-06
80032854.20944558084 6969 2.226248909431741918 0.18627281883567123333 0.2034716936667847198 3.694932617904419736 6.1325580641280987848 2.4683695609607294585 2.3420801861490949669 2.2085195316339576443 2.41679e-08 1.04535e-05
80032854.20944558084 5853 3.1361460890529935241 0.17605791266157658215 0.18689344641769906064 1.0043372082199029105 0.58743288605556986948 2.4447811462203721256 2.3227397086085850297 2.1941535579137791956 2.34516e-09 4.80368e-06
80032854.20944558084 6657 2.1716212671448422711 0.14554520606990070664 0.087521847301036473366 1.0494206797949385823 2.4687044884506583742 2.6303546570725289122 2.553922331242788335 2.4732286208953073725 9.52311e-09 7.66378e-06
80032854.20944558084 5962 2.8493063721984839276 0.16151294839689164795 0.19722898922556980628 1.0993619282903397405 1.7400187643926117165 1.4596132572523821125 1.2998220417465602416 1.1442026093338399928 2.88829e-09 5.14909e-06
80032854.20944558084 6628 3.2562490296290125258 0.12184322057145771656 0.22999679472824524629 5.7566239179547817884 6.1791152027537519231 1.6409101711561153714 1.5185398861109069557 1.3968629884952006304 2.5094e-09 4.9133e-06
80032854.20944558084 5290 3.2044412217811757415 0.035429609364937046656 0.092125983988993631613 3.266373667454261831 3.3361513955420263322 6.0483423776204956468 6.0564493302422759413 6.0644138442553492396 2.68653e-09 5.02629e-06
80032854.20944558084 2992 1.7895186458830301124 0.18730858553475965289 0.12856178001707987968 1.0500187282048207837 1.5988151608935650128 2.7913720867555236183 2.7202463763736934865 2.6436391589772396671 2.26492e-08 1.02298e-05
80032854.20944558084 6827 3.0958026855432700941 0.10495078740164373587 0.16969080489065202499 5.7019353268949872771 0.92884444036935309708 2.6439699516864267892 2.5913109648790957351 2.5364293272469837781 3.04652e-09 5.24145e-06
80032854.20944558084 5626 1.5724782554652032562 0.45999310835236545403 0.25576385714955035544 1.9162810965209817748 4.8677813956849327326 2.4994049474724553406 2.1406821015393222574 1.7533851037808347861 7.93289e-09 7.21097e-06
80032854.20944558084 1410 1.6606730770151989507 0.53087164064273040243 0.31854618476901574997 1.4568456275198342631 3.5602656585297896008 2.7626755235614322004 2.4746642575276993625 2.1462800820128498103 1.96181e-08 9.75145e-06
80032854.20944558084 6244 3.1685817611649222947 0.048526932984310239272 0.25123966887435361661 3.4169618628378879421 1.4232615679408944231 1.2920679572199611496 1.2457044236059815479 1.1997192645538223843 3.08558e-09 5.26376e-06
80032854.20944558084 6327 3.0145198024667250181 0.1652550653854555629 0.21577700761258086781 5.9306770313700187813 2.6715653784225299461 5.6491681541065572603 5.7414827178891663095 5.8266874977486304843 2.25041e-09 4.7381e-06
80032854.20944558084 5650 1.1988646761403878305 0.17355682275324019193 0.12722318467665424957 2.1530936385329342286 5.1741729520936106113 0.34405079380251041288 0.28956188692953144237 0.24000579452243195333 1.14639e-08 8.15256e-06
80032854.20944558084 4112 1.9819415126955792772 0.10296006557917229685 0.86286294433428178952 1.5835631324704178002 1.8065103010034648801 0.58660402567520109063 0.53182904098162264717 0.47961689991595163329 1.99037e-08 9.79854e-06
80032854.20944558084 5511 3.2159524027748949138 0.12234532529591067573 0.13444211977272782499 2.5451643687952758555 2.4166161717962246769 0.86652186540284692473 0.77657248568339598549 0.69082815592793533899 2.90982e-09 5.16185e-06
80032854.20944558084 6186 3.2316512107485717564 0.018441644922803798745 0.24602742456135692772 0.76882256490889133715 4.8288772296995681188 5.9585347525881626751 5.9643667371395823196 5.970147176433432179 3.14704e-09 5.29848e-06
80032854.20944558084 5195 2.7471685137524048947 0.088375477454221501583 0.16280372384222810411 0.36313521259516634565 5.2842426247651959059 2.8657768883792891224 2.8405905574805734304 2.8143892259575045145 2.26107e-09 4.74557e-06
80032854.20944558084 6935 3.4713433385117928864 0.10679674142051909236 0.45950875077243807931 5.2153120192899855567 5.258147324393135591 6.2136598616409246532 6.2207228952653066401 6.2273893404302871346 2.603e-09 4.97365e-06
80032854.20944558084 6667 1.3891778356377586512 0.23047098724112866086 0.42688919492915639031 3.0712274243817914154 4.4469186729990495266 4.8034424592070390503 5.0326366576716683454 5.2513899186680887965 1.85586e-09 4.44323e-06
80032854.20944558084 6816 3.1456429537777168548 0.17171370992851470172 0.087485359212921415262 2.8249035653701959347 1.9144548831068064487 1.3416240322470802671 1.1767697673525232549 1.0182143562590155739 1.76213e-09 4.36713e-06
80032854.20944558084 5762 1.306350603738910543 0.11060150641246041525 0.4486681688307974647 5.1139704733335271669 5.6226186771294752731 0.81318799936639185599 0.73558922241140989318 0.66137294141070257503 4.50081e-09 5.96963e-06
80032854.20944558084 6595 3.0525759869255568724 0.070690124877834270567 0.18643829286243027155 2.9375598898136781045 0.051382626093440048054 4.4237558622692247923 4.4922703005169832835 4.5612547817560358254 2.5233e-09 4.92235e-06
80032854.20944558084 5950 1.9096011768370835249 0.40301682243885078583 0.22608742868272208026 3.4464191478900829679 1.3983679464188414343 5.9567608440512973544 6.0691671609075310556 6.1547631291071969173 1.07677e-08 7.98408e-06
80032854.20944558084 5351 2.9715020326318457577 0.14616889991453152486 0.11748856530422811806 5.2413454288116687607 1.6817340604948043392 2.7139658760637170865 2.6486767887012629963 2.5795101553315982201 2.44807e-09 4.87295e-06
80032854.20944558084 2768 1.5676345254475676505 0.061591110944406675387 0.053109174910745529652 1.4055867592364261753 3.1685054292812404597 5.043039275808091304 5.1007556496987893624 5.1577599966565275125 1.06163e-06 3.68842e-05
80032854.20944558084 5194 2.3318077717145593297 0.26605193562194345835 0.41620708733842171068 1.9458441174398934947 1.0655540508388123833 3.7739968507902168504 3.9533058841229888891 4.146317884965259104 4.75382e-09 6.07945e-06
80032854.20944558084 6928 3.2010272503778209874 0.2631334331846542085 0.24252951737109185171 1.8165937005513204117 2.2273569845070402273 1.5023132606284395063 1.2390459912278366517 0.99026024777246579589 2.08658e-09 4.62021e-06
80032854.20944558084 5914 3.1778347399231994252 0.061744481611575662006 0.10843593009463400878 0.0948328904629064523 1.9330695621489815128 4.8487997635050170686 4.909753976087741556 4.9702997916623035124 2.63408e-09 4.99337e-06
80032854.20944558084 5072 3.131840414691165364 0.081621737929977219994 0.2563940503782213276 0.046534975823321278465 0.55183335068951866464 3.0068126582631338195 2.9953629401404828769 2.9834699078095150426 2.73643e-09 5.05722e-06
80032854.20944558084 6154 3.1754051986904423543 0.13518694031307137982 0.26666960755519175663 6.222412597414141544 4.2363214667533490854 3.4488618983812440177 3.4927742768408043261 3.5392796053015600499 2.04677e-09 4.59064e-06
80032854.20944558084 5312 2.978056213290355636 0.095514503922346616349 0.18954110409756080857 5.7647783680503774661 0.70839356225796290545 4.7770199442162066816 4.8721870916767775483 4.9664846861660469912 2.46345e-09 4.88312e-06
80032854.20944558084 6126 3.0178912544244305138 0.24188426449754585335 0.19144644978470179431 5.3041243613302029303 0.095422817740667728592 0.93812688178339975753 0.75404133872339296207 0.58844974458383236815 3.04059e-09 5.23805e-06
80032854.20944558084 6952 3.2707780439232929659 0.13956753582350592269 0.13053237059304520495 5.3863929988883310074 0.34358366591593236805 5.1310917990086704066 5.2555171965185829563 5.3750004278345686615 2.57429e-09 4.95529e-06
80032854.20944558084 6073 3.2112629794038363151 0.060065738245973519793 0.24776485589493310591 4.5134452350859479708 5.8007059845254378416 0.881957337826776544 0.83642366607413243251 0.79183979419232419783 2.87152e-09 5.1391e-06
80032854.20944558084 5578 2.8813935660543448236 0.037979446306484206108 0.2240366154220680972 1.1947933856142318731 5.2585994017209127804 1.3316222656180354278 1.2948801308440458513 1.2583372189808987862 3.04211e-09 5.23892e-06
80032854.20944558084 5231 3.161004243008274095 0.09591285089786563689 0.30320965676671685074 4.9928512026066051988 3.1455149853418964412 3.3439511937161583432 3.3642263479811869153 3.3854038171132230239 1.89135e-09 4.47137e-06
80032854.20944558084 6029 1.6569029400440138389 0.33524967081841761107 0.54462318194073133792 1.5439092771411697669 4.3334538639363380241 2.7627589645670220797 2.6109794268527348748 2.4413221931213442417 1.2969e-08 8.49478e-06
80032854.20944558084 6192 3.220820177843355836 0.20302005635876949063 0.3415175828999851837 0.48457724309802607809 4.4877329012370150707 3.5770357231590312885 3.6723746662617875458 3.7751450252113212258 2.79503e-09 5.09306e-06
80032854.20944558084 5211 3.1563534979552252402 0.061724753916227038941 0.23305040720431668966 3.9079333489129677304 0.3787681662173336683 5.7054930410851882883 5.7383785318057336511 5.7703675613875500261 2.07199e-09 4.60942e-06
80032854.20944558084 5717 3.1458287349958906631 0.11345181277712412804 0.25811111531114910855 5.8511560430092162122 0.30974574822062578283 1.628425573906254975 1.5145448236297409661 1.4012724574335908567 2.31886e-09 4.78566e-06
80032854.20944558084 5643 3.3127271951108574477 0.12767929254025331409 0.017039436586432074594 3.7279354568491358535 6.1166895208980633925 1.4989104332108855733 1.3717950851385352085 1.2466356057896512688 2.47115e-09 4.88821e-06
80032854.20944558084 6842 3.1894740691844321034 0.067923058533880531495 0.14126085291929954546 1.4512480192597967399 4.2369586583462881535 4.2857724107740011732 4.3485418724476785357 4.4120183251516484901 3.94698e-09 5.71398e-06
80032854.20944558084 6572 2.9398945568605929779 0.11854046316491746726 0.1741612785235575056 4.7898841525011954801 0.47001666562068217248 4.4726160995030141976 4.5896944838892776986 4.7073438153377660242 1.66053e-09 4.28153e-06
80032854.20944558084 5131 3.5130682167426425799 0.10912888263284756252 0.22873556409514739229 2.8910722704409637096 0.80568582728320192743 5.7502011732716837855 5.803300280026454594 5.853682596143749528 2.25296e-09 4.73989e-06
80032854.20944558084 5534 3.2644760691176903933 0.12496069479292502835 0.10206391428850122849 4.9728963148738074551 4.6516636557067361224 5.412593009264512034 5.5047355716160613071 5.5924800312449773898 2.18919e-09 4.69474e-06
80032854.20944558084 6119 3.1540998548635958976 0.1194240025410079481 0.20588943380916838177 0.83557542278020691118 4.8991002225875943665 0.64219980832665279902 0.57372683973923899181 0.50890756066175057981 2.96829e-09 5.19619e-06
80032854.20944558084 5257 3.2514087852067223849 0.13126880902388415873 0.17835676434956387881 3.3437126934982615012 1.2381012423102262243 3.1387808819872828892 3.1383840197965939822 3.1379628269826875808 2.20895e-09 4.70882e-06
80032854.20944558084 5240 1.6299654870130897422 0.32551719728325090308 0.43258850415261684841 2.7343070796603674566 2.6670163813113871853 1.7438383482430845905 1.4076313818726156057 1.0864376693667983087 1.54708e-09 4.18172e-06
80032854.20944558084 2850 1.8032013643385986779 0.067051878532044167924 0.4253103074028919961 3.0576004750720833236 1.9553323668856332773 2.6252155785083193251 2.5910794411622761757 2.5560029482422965685 2.86233e-09 5.13362e-06
80032854.20944558084 5957 3.2428514491543869447 0.081534889884131891979 0.10330672355007834706 1.7064265742028936756 2.3838363215936024808 1.1313855461278736758 1.0587672067066247195 0.9876889918529513368 3.45473e-09 5.46581e-06
80032854.20944558084 6103 3.2787104936317468251 0.057206528579501897402 0.16303809430433555128 4.7686647814055236339 2.9941310737510242745 0.045183521161320294723 0.042669389888829005464 0.040229162851473078411 3.07621e-09 5.25842e-06
80032854.20944558084 6335 3.1019619264987614571 0.085278370462746527769 0.27595170623303971746 0.40518737434321772106 1.7606939154301379791 4.1322660034146911912 4.2054031825720255 4.2799545578590540984 2.80706e-09 5.10036e-06
80032854.20944558084 5252 3.1189658248430989218 0.10025736075152330562 0.21291970886795030804 6.1770202431809320132 1.9932994170166777881 3.5234975032001027984 3.5627839576019018075 3.6037739720096610974 2.42859e-09 4.85999e-06
80032854.20944558084 5034 2.8605136886414022079 0.22907386230640011671 0.11046168919454547874 4.1803839254804282533 1.4596161903523066083 3.7282694072920858908 3.8703073252915518587 4.0228501965973411103 2.20492e-09 4.70595e-06
80032854.20944558084 6874 3.2894721385096454824 0.076906507189865233598 0.28188229786691615386 1.2847752869451158908 2.1404919972364102598 5.9433509481976507516 5.9681235311358289408 5.9919549509767113804 2.61974e-09 4.98428e-06
80032854.20944558084 5053 3.0642131212287426756 0.15561129284200686529 0.29402658754782823314 5.8995282896189156219 3.5028923137010217204 4.5473898695474685994 4.7035220734504310514 4.8591272490939818596 1.90259e-09 4.48021e-06
80032854.20944558084 3953 1.1597084477591890206 0.23566606294865555249 0.2004679753446164947 5.9131282706563039753 3.2185183124396798959 5.8362063488917863552 5.9294070100239411047 6.0110522403966051286 1.87457e-09 4.45811e-06
80032854.20944558084 6204 1.7128487631845163985 0.14222387104939615554 0.20960618467736330528 4.8614944340846779625 2.9202081520639149304 5.2333749871998529457 5.3529579932809374654 5.4669868090894997437 2.26769e-09 4.75019e-06
80032854.20944558084 4189 1.107870644019929518 0.017462640838450060876 0.028118841692945536342 2.0562220426093915648 2.9054626252143709308 3.2055738803427669126 3.2067003001696954279 3.2078364485307231391 2.51666e-06 4.91804e-05
80032854.20944558084 5324 2.0732532444856048848 0.14634713637429336286 0.14081213585856797166 4.3253824434300947033 2.063515827468359376 2.4020355952486993623 2.2972659333327332121 2.1878679269244591943 4.64884e-09 6.03437e-06
80032854.20944558084 5185 3.5280960937485774664 0.030154022477412514847 0.28103220812296242359 0.33872902302895296911 5.7621561366917042335 0.49305795169207883299 0.47896953864870017714 0.46507260759611240841 2.64564e-09 5.00066e-06
80032854.20944558084 5451 3.3007607796523186217 0.078627684952718213118 0.10349689560927877174 0.49830369977274857618 3.0847862354016952757 4.3583445667973954585 4.4331972876648944037 4.5087803910772850102 2.58702e-09 4.96345e-06
