70472279.260780289769 0 5.3968817800188402245 0.039678085419488168251 0.036416722601092917089 0.86420373154875562705 4.6576479242119637192 5.7897461775765028946 5.8082238927802380957 5.8263688452299025045 0.000954966 0.000356051
70472279.260780289769 1 9.0558937079291705885 0.071971771541971082953 0.024643908890331370221 5.3629025987672713782 5.2934131038480556342 1.5140275397377285227 1.4422560341104844195 1.3708780249932541739 0.000285285 0.000238018
70472279.260780289769 5775 3.0460950674268785221 0.14326438533059279723 0.11542110897583009177 2.9800992125021581458 4.200716468662260894 2.6464281344104607641 2.5734032369894457304 2.4963116922998755953 3.02463e-09 5.22886e-06
70472279.260780289769 6920 2.3996679247223120512 0.20132441239750192841 0.21757710691884943333 0.71827246741412331676 3.2814851517655920787 1.4545213780716059748 1.2555035028723555701 1.0641032532720067216 4.48089e-09 5.96081e-06
70472279.260780289769 5134 3.5471297258932619201 0.015867975248624158896 0.30529222855222398758 4.6823393539102324823 3.2639216804845281317 2.2572749273961210115 2.2449386662913077828 2.2325419278343057172 2.31886e-09 4.78566e-06
70472279.260780289769 5278 3.1983977971276686958 0.027857090730415211971 0.36254102390359893571 0.47722216706708103784 1.8796751898356416355 3.4595696332890089053 3.4683974815552778281 3.4773401261392633543 3.13887e-09 5.29389e-06
70472279.260780289769 5196 3.530479750395904226 0.19968764792371229699 0.21837946152652384924 0.83564475300375451461 4.3513955356888338599 3.195531533820861636 3.207624544075151185 3.2208007169530716851 3.02458e-09 5.22884e-06
70472279.260780289769 5063 3.4810538824040935246 0.14006253284937317249 0.40828649642052028401 5.2101395303914177504 0.69998640141724810526 0.4519160285754703632 0.3941251894900257291 0.34034109359881914436 2.23728e-09 4.72886e-06
70472279.260780289769 5846 2.7306931233594093911 0.28781545143184816826 0.22125961798000545744 0.90717905603508863788 1.1048464416531562637 2.2955272169953189199 2.0528148650389259622 1.7977928190594443247 2.37403e-09 4.82332e-06
70472279.260780289769 6960 2.9482588359896131358 0.12854535952068688043 0.079848229948305676773 2.2609316217823756112 1.0924180593978771725 5.9382597556469711719 5.979400413828805938 6.0178526921523909365 2.28045e-09 4.75909e-06
70472279.260780289769 5548 3.1573474451597878243 0.035711301508171526542 0.26713332396458983053 5.0884597028132603214 0.20432690680712989328 1.1107544310111741037 1.0790001924759293761 1.0475211755654549872 2.11518e-09 4.64123e-06
70472279.260780289769 6443 3.2270868058273181056 0.20693510650019850128 0.26123259279714461378 5.8347294529274540409 4.4320994695899900151 3.9879994515471639538 4.155942288285437769 4.331658590672240905 1.88164e-09 4.46371e-06
70472279.260780289769 5990 3.0927159490722200275 0.088240941413218379474 0.14983335026008601232 5.0962487291762839092 6.0702924240082412055 1.9789884413648539674 1.8964365840002632702 1.8128330488648165542 2.30118e-09 4.77347e-06
70472279.260780289769 6883 2.3170509906888803187 0.32202135618014576801 0.40076813221398732701 3.0143550555417522041 4.0838150885559203473 1.7069813737302366174 1.3747712009948163114 1.0589170306904163166 1.23696e-08 8.36184e-06
70472279.260780289769 5098 3.1306105284415122192 0.076159453394337162102 0.12292132211454570578 0.35479589227291502551 5.4748396327655122207 3.806933404735599602 3.8554638094671860316 3.9053303247684660882 1.90652e-09 4.4833e-06
70472279.260780289769 5929 3.2704806208509848986 0.14516631058828607936 0.18731540345850652973 2.554485204389793207 3.8391913874795493555 5.3878031616539585613 5.4966241106178550524 5.5993915069088258107 3.18574e-09 5.32011e-06
70472279.260780289769 5467 2.9520454710653329933 0.10486377320992099071 0.078080658937747834947 3.3106742285602273057 1.5836561646289311067 4.7800969902542016499 4.8845427802531133921 4.9878564672636400701 2.43648e-09 4.86524e-06
70472279.260780289769 6282 2.8553287220466287977 0.14718918570781497346 0.032450219738914931611 2.8504725735802245445 3.3953724311364923416 1.1136285386228559346 0.98520872310998397481 0.86254310037740422601 2.68214e-09 5.02355e-06
70472279.260780289769 5694 3.103264435870292548 0.1454853877003469409 0.25630697411938985208 3.685797773072687189 2.9246691303571275 4.053519874328381789 4.1744412831804513786 4.2993786110823064561 1.21025e-09 3.85309e-06
70472279.260780289769 6392 2.9673440353073043951 0.23086298701126117816 0.21399627616885419368 6.131852732756854607 6.2053198254551027446 4.3178918585827741339 4.5431568177568362188 4.7707217840689288835 2.75286e-09 5.06732e-06
70472279.260780289769 6484 3.1122554523924286229 0.10722118593033617973 0.28150515383040336514 1.6007072347600699302 2.9979901729994922199 4.6310836999254423318 4.7386258910820018286 4.8458101749114632639 1.88476e-09 4.46618e-06
70472279.260780289769 923 1.9997724314839835369 0.40223202753642856022 0.32683557242076188842 0.20213245180516092869 1.1317536670802836873 3.8757031560461716602 4.205977802237944374 4.5577260358261328932 2.53731e-09 4.93145e-06
70472279.260780289769 6739 3.1935368315253009897 0.18146829626923924317 0.25856196877105064313 1.5585305927930690473 5.1230556158778330911 2.5988030947418456762 2.4963406923072168908 2.3872057021873653859 1.84353e-09 4.43337e-06
70472279.260780289769 5885 3.5027583346274258069 0.043711778532909688344 0.31492046129573797453 0.59381446990506780992 0.28771951973141096648 3.8319115924259699035 3.8602355005964645862 3.8890137510148483635 2.25928e-09 4.74432e-06
70472279.260780289769 5405 3.1718625112305010028 0.043794072483629757631 0.11044372359659850036 2.5579008245952858935 4.5776055415388094971 2.5505650288744559084 2.5256995408952720439 2.5004002411375654269 2.93677e-09 5.17774e-06
70472279.260780289769 6764 3.2818401427484151789 0.025628377957639073004 0.22863928963116381121 4.9434497862874824392 2.1718446511055269355 2.6654884512617096348 2.6536052981966276043 2.6415894559053660906 2.4069e-09 4.84547e-06
70472279.260780289769 6362 3.0041834360908157286 0.21307155934963584176 0.33040090778378555791 0.59930734500312832225 5.6765451713234655884 0.74575549122864825957 0.61043748109991180506 0.48829932644897766636 2.92709e-09 5.17204e-06
70472279.260780289769 6775 1.7216700016905781556 0.28516909391726558143 0.11458258167310288178 2.3290019408148441293 4.0788534839263324017 1.7891740003399898562 1.4976960908039185227 1.2132885787911931175 6.39874e-09 6.71246e-06
70472279.260780289769 6055 3.2231463404952034324 0.041872936080155652439 0.040989389399240648559 5.4295601181715476002 2.9526952051622652462 3.2631186553552820051 3.2683048320859446889 3.2735964561016972496 3.0525e-09 5.24488e-06
70472279.260780289769 6498 3.2048760678096943622 0.089552959279598859377 0.18160301824621238875 0.72850359167587275255 5.045746666714091333 5.9880789655486434953 6.0131016105777401748 6.0369954237136109754 2.50157e-09 4.90818e-06
70472279.260780289769 6313 3.2406095057892541078 0.057504901743328326602 0.39076345659245725894 1.5683583175153077427 5.8420745171361758707 0.25400416125288843849 0.23993439230588009536 0.22626899078741957716 2.33149e-09 4.79433e-06
70472279.260780289769 6300 3.2207938114263998663 0.078433155125003636843 0.22070107728106297396 6.0749159092709481556 6.1051452023963781457 3.079518637412655746 3.074446783005899686 3.0691842769976980243 3.26125e-09 5.36181e-06
70472279.260780289769 5323 2.8036543009922745284 0.14975678770506273274 0.13760460795899803754 2.0729629483441462945 4.9993498984324880041 4.7177019152867885055 4.867962193815535521 5.0159103501830291094 2.25995e-09 4.74478e-06
70472279.260780289769 4755 1.8591174563717769441 0.079097821806239185238 0.097564078176726340419 6.2075978009083208065 5.5223721637759872749 4.5083567508941824187 4.5865232777199080871 4.6649953854650316742 2.45943e-07 2.26531e-05
70472279.260780289769 3800 1.8513236882937615935 0.42421087787689637505 0.72809222711255683347 3.0904995264005785671 5.8262448403511806205 3.4029758260268185843 3.5492928052432621833 3.7174920097443235889 1.79108e-08 9.45995e-06
70472279.260780289769 6104 3.3942509480861384752 0.48534130184832258159 0.21177010856650912984 4.5873628956524266087 3.0656704117366531115 2.0742788292981404474 1.5670585675052495223 1.0817206559669103605 1.75259e-09 4.35923e-06
70472279.260780289769 6197 1.776366864277520552 0.26305780039456966302 0.45579146536462028516 5.9912632288862859298 1.0585848850697054946 2.8717367316918229747 2.7898196040898066705 2.6991796660585634093 8.02678e-09 7.23931e-06
70472279.260780289769 5080 3.2019962085513480332 0.18999622374243488321 0.25906756109487338868 1.0249359997054023896 4.9159956828850752686 0.39621920074121586008 0.32825856717856877198 0.26700472157321292199 2.57476e-09 4.95559e-06
70472279.260780289769 6425 1.7487025013538852747 0.64032335575025445262 0.29013536835978048778 4.1445479414700958642 1.6929575160036398618 3.9180332081700228741 4.5774234223624468143 5.2119236558554931094 8.73342e-09 7.4458e-06
70472279.260780289769 5489 3.216833319083066911 0.039797025669158429817 0.33111377407561332076 6.1395498599166407061 3.5740775024285138528 2.2723182633059719748 2.2415134768378579544 2.2103374371132562537 1.80848e-09 4.40509e-06
70472279.260780289769 6756 3.1948600474339530209 0.086660240637589466828 0.28872148950062898054 2.5835420629962397854 4.1407387356787115351 5.5342355793057613766 5.5915138053414281671 5.6467879107232121783 2.22448e-09 4.71983e-06
70472279.260780289769 5116 2.7141746453260275906 0.15206350358613926477 0.073712132215324785434 6.1184072033509551147 3.0447308026107675616 0.73092949103510707065 0.63439975371071655186 0.54427260223920481685 2.56354e-09 4.94838e-06
70472279.260780289769 6951 3.0012236842527246772 0.027705339156971542369 0.078590893001787620609 0.36526761750924907624 5.3728803126987481065 4.577795038830807961 4.605304492960065943 4.6328511340809503949 2.54062e-09 4.9336e-06
70472279.260780289769 5559 2.4904781935141673266 0.29978018729921890317 0.82816452867002354754 1.4785918293276019142 2.7547626429351774746 3.0269808365870614075 2.9855868135693124366 2.9390088259341862198 5.44342e-09 6.36025e-06
70472279.260780289769 5923 2.9943633524667134793 0.032566030170419556222 0.16557109651192356004 5.6824934452848587796 5.5234498547123980217 1.6965170541039076291 1.6641361722451939453 1.6317119020561940967 2.22479e-09 4.72005e-06
70472279.260780289769 5234 3.0272292969812975016 0.19726078738485985919 0.061263541851108320457 5.8026357945745017375 5.8456511439012679432 0.24717116832747459965 0.20273027763138842805 0.16301291469496184683 2.35138e-09 4.80793e-06
70472279.260780289769 6863 3.133330202961288613 0.18299866004738862824 0.017707621244241140979 2.3829124006364681421 2.6413967581139279339 6.1783669083929115828 6.1960528872773785736 6.2119778349810532703 2.72515e-09 5.05026e-06
70472279.260780289769 5146 2.7579471026841573256 0.074170913638877053464 0.13128025111874400133 0.69204228638144626995 4.4373596461765574261 3.1412092705823542182 3.1411796972450822807 3.1411490678965727774 2.55901e-09 4.94547e-06
70472279.260780289769 6969 2.1883574132723042638 0.052024680293611610948 0.22972914903053898161 0.067241364620252139228 4.0144873926268562769 3.4247256173105204979 3.4396418936110704223 3.4549192538223425508 2.41679e-08 1.04535e-05
70472279.260780289769 5047 1.637069071751608762 0.21874396228713638424 0.077402702844215326428 0.79854294838124018074 2.8791086379298040931 0.80371101090784202725 0.65594340091101588364 0.52252989773167068943 1.0218e-08 7.84583e-06
70472279.260780289769 6657 2.3256678082656718765 0.21761249760082795879 0.31269085813741687163 0.69512349771543369137 1.7039553123100623644 2.495588958196792273 2.3504690910931542724 2.1957153478578472772 9.52311e-09 7.66378e-06
70472279.260780289769 1444 1.7680397801662950386 0.40351578473381033429 0.7658893753649020919 0.90306929136528457658 4.4049236222267795782 1.5582468258524215798 1.1439867435531005935 0.7766699107769196031 1.72307e-08 9.33865e-06
70472279.260780289769 6628 3.2510947197052155744 0.11936763080642240342 0.16766229667965518169 3.2159136348712036302 0.65497384906990441245 4.413332041547750606 4.5297356566905158104 4.6471176316372897475 2.5094e-09 4.9133e-06
70472279.260780289769 5290 3.1931562285495926901 0.049947319344819995912 0.18611114798539049597 0.80349110306370219448 3.8160919469682332839 5.6515863394855321289 5.6805100481673376223 5.7088226080567157084 2.68653e-09 5.02629e-06
70472279.260780289769 2992 1.9281659854120420938 0.20621843965631267426 0.07484334307267512254 1.1504323601422545842 1.8984323231154571765 0.19124757259270980247 0.1553051473055725995 0.12340695299613203828 2.26492e-08 1.02298e-05
70472279.260780289769 6827 3.1016823017285815034 0.14727137110565952094 0.18135275128291236668 0.48079059755477560056 6.0268554823086386563 1.478321568370881911 1.3321377120648401071 1.1890406078169160065 3.04652e-09 5.24145e-06
70472279.260780289769 5626 1.4258310609664530677 0.34740112055157418292 0.34998165633819500187 5.8569594047998840836 1.2239207122477635536 3.0745113671954280576 3.045242277818846599 3.0118218145960322651 7.93289e-09 7.21097e-06
70472279.260780289769 1410 1.6426881754317554929 0.31792057405297369232 0.36747841878204329236 0.96356126634141725518 4.3029576796004853634 3.2777588578969769628 3.3305973867570686231 3.3903287637183576742 1.96181e-08 9.75145e-06
70472279.260780289769 6244 3.1724331967396137699 0.023271839922032012266 0.2417554725645170155 4.3755452030613248837 4.0117658948321341938 4.7890366852708003975 4.812221641610690881 4.8353776077219841056 3.08558e-09 5.26376e-06
70472279.260780289769 6327 2.9951509651067578233 0.13464762306896271848 0.22887666330714226404 0.86026627654796861133 2.3357631133625034181 4.6902362923794234106 4.8254630617449150165 4.9592508162914219483 2.25041e-09 4.7381e-06
70472279.260780289769 6390 3.0335691734097185446 0.23551940564638770836 0.15974592409454524411 1.1304208517039751047 3.6730565432877377852 2.0716906265746382054 1.8503160593690572977 1.6239376206276745496 5.26519e-09 6.29006e-06
70472279.260780289769 4112 2.061778098245140356 0.19219398088844380501 0.7863304513103246407 0.75864791982337975718 0.66583977073414524206 3.4339341319604979041 3.4955502340060236044 3.5621671193118333854 1.99037e-08 9.79854e-06
70472279.260780289769 5511 3.2231267658635003315 0.10488522376395019442 0.13301202031798137204 3.9330820012039171552 2.8465666770997559709 4.8569106736046290251 4.9601154594550846966 5.0617987885588329178 2.90982e-09 5.16185e-06
70472279.260780289769 6186 3.2293804898276614601 0.012367992363214386914 0.23759566642643192846 6.2482645715139772946 3.6264591047764374032 3.1875668549255573581 3.1881388183539298709 3.1887142931130298962 3.14704e-09 5.29848e-06
70472279.260780289769 5195 2.7701780881151791824 0.10978587639877307458 0.18267275487725004313 1.4331318904333980591 3.467321867387997969 1.8580896717304575816 1.7509132609586257612 1.6429034179764006041 2.26107e-09 4.74557e-06
70472279.260780289769 6935 3.4679704573471892282 0.097686543864053468345 0.4145354952669827453 3.1771913115899375057 5.5292996403143757078 2.7859090518303526451 2.7501735152380342164 2.7129060395792525817 2.603e-09 4.97365e-06
70472279.260780289769 6667 1.3654773205285024584 0.085553002559210195033 0.41659266349623846892 2.012844138144574746 3.4310770484221007059 2.1736390635660884918 2.1013106341388665399 2.0275171521273520625 1.85586e-09 4.44323e-06
70472279.260780289769 6816 3.1237585352590984122 0.21031466263094708569 0.16892447560313908483 0.0086715565546897719479 5.5162328150697721441 4.009223105920963981 4.1830074552669787025 4.3645341554220600244 1.76213e-09 4.36713e-06
70472279.260780289769 5762 1.3812637266663474467 0.0029413756657667962727 0.45546242325117114458 3.9887338194454335927 4.0080009465775905397 5.8618322667468945042 5.8630336663416784404 5.864233450269477288 4.50081e-09 5.96963e-06
70472279.260780289769 6595 3.0554472746557710394 0.043159370497065842331 0.28918532196627450004 0.73581587418100447007 1.3505628290779505551 6.1388213681932333188 6.1449033380683966143 6.1508524985452597278 2.5233e-09 4.92235e-06
70472279.260780289769 5950 1.6361905672668259903 0.28488479594721016763 0.17654264496872082435 2.1124789822802458872 6.1994943172732330794 5.3037052576808729754 5.5261859113121891696 5.7218286649890082174 1.07677e-08 7.98408e-06
70472279.260780289769 5351 2.9634017266077550268 0.17158491249193671968 0.14556389112274251141 0.66801336384521603495 5.7349993017792035843 1.0991376809040829254 0.95123452343974002066 0.81154158625039418684 2.44807e-09 4.87295e-06
70472279.260780289769 2768 1.5626264013542112696 0.021247991072961405074 0.025563628000932585305 0.24773956749243181141 2.6974999991649992737 4.9202724780623174894 4.9410191038639421635 4.9617141750894715457 1.06163e-06 3.68842e-05
70472279.260780289769 5194 2.3008899095464410145 0.24814674712429382608 0.406543783805079606 5.0294562201223458331 4.0446221145530643071 5.8420512288156007941 5.9385968221379332732 6.0224231214285959268 4.75382e-09 6.07945e-06
70472279.260780289769 6928 3.2197612087685105742 0.22068014892263562721 0.26025335017997869302 6.0456334970920018179 1.8467440997552557747 2.2928862957628712849 2.1123394529906254213 1.9232354812370731079 2.08658e-09 4.62021e-06
70472279.260780289769 5914 3.2147025819195231833 0.067214945343251744636 0.082823957076824716861 1.4258625607782211553 5.4140318561214773041 4.0348875892308040392 4.0884336114377699545 4.1429835059409372278 2.63408e-09 4.99337e-06
70472279.260780289769 5072 3.1132201541948507639 0.050571509206450870888 0.18166926768609406584 4.8222349902509407116 4.1068853848665094475 3.8915906615899520382 3.9267311699925415702 3.9624813410464088115 2.73643e-09 5.05722e-06
70472279.260780289769 6154 3.1658382203639749974 0.12384032827226874873 0.25799371484849370484 1.9224554040841363989 2.6164715130472662175 1.5066598608159003092 1.3832458265752844984 1.2615771748766919647 2.04677e-09 4.59064e-06
70472279.260780289769 5312 2.9922659913300351242 0.12028463697624600104 0.1278758460858510082 2.7383065143944560482 2.9747259334386031426 1.484713837056464758 1.3652013788604757671 1.2474499724977563542 2.46345e-09 4.88312e-06
70472279.260780289769 6126 3.0173010991835265138 0.23244596172900458542 0.12661003041541354919 3.9716964856190002386 3.8197550778369016022 1.7812295138789802085 1.5460289478421527232 1.3136542763253675759 3.04059e-09 5.23805e-06
70472279.260780289769 6734 2.2431943897354629236 0.30880399001716712926 0.35762790258125309872 2.0158209791470707017 3.40612958405633659 1.0691114403668258159 0.8126232485615673129 0.58840270766276603354 1.24231e-08 8.37387e-06
70472279.260780289769 6073 3.2309574881424731885 0.025684210355918963425 0.26246541842044313064 2.4614621573661050746 3.4396091105012001066 0.13122349504911501317 0.1279044996860222716 0.12462832349010107003 2.87152e-09 5.1391e-06
70472279.260780289769 5578 2.8861889205651261037 0.085216948409427797917 0.20506146219379245421 5.7955716946171280668 5.901142205630820925 5.4890899579243113138 5.5481938567226070091 5.6053387072938987146 3.04211e-09 5.23892e-06
70472279.260780289769 5231 3.1514475347250270332 0.080419396855360647525 0.24549842162333299078 4.8463654162879343801 5.931863477278968233 5.6287440497651290983 5.6762488578479901591 5.7221163618155461705 1.89135e-09 4.47137e-06
70472279.260780289769 6029 1.6053177865758920806 0.39570296571313534617 0.53028306722812634799 1.8607212597156284062 4.8509720694674260955 3.6166440723232722299 3.8466986440673145431 4.1031594934134423269 1.2969e-08 8.49478e-06
70472279.260780289769 6290 1.6613501059038846552 0.29801228577858002167 0.12136221507515716767 3.2206457620057125091 5.6464168193703443421 1.4059810669483714385 1.1145938676461453198 0.84705871916967034885 4.66797e-09 6.04263e-06
70472279.260780289769 5160 3.0146763904034878934 0.36312053649357761698 0.088634671591355754239 3.8166093669767007235 3.3109550825811102648 2.732711964777772895 2.5525745532000323479 2.3508448075827814705 2.48083e-09 4.89458e-06
70472279.260780289769 5717 3.1642147207063886505 0.12822232282234966028 0.15905258965534865845 3.7682605275214720031 1.152839194762855346 6.1628519539212778255 6.1773792282078918703 6.1909206305506581103 2.31886e-09 4.78566e-06
70472279.260780289769 5643 3.3054891953722878029 0.10893504121578725941 0.053626943402735424704 2.1219023934210459181 0.2136518129270545685 4.0114444830067057524 4.0979401857667934195 4.1869500651602766794 2.47115e-09 4.88821e-06
70472279.260780289769 6842 3.2013650785278060518 0.043192387677580657002 0.14904533188761878715 5.8510858510025895995 4.4657859871790730466 4.8897763613437792429 4.9321429345783034393 4.9742965934603908806 3.94698e-09 5.71398e-06
70472279.260780289769 6572 2.9596313931728297497 0.10622641431112050947 0.1452336473554098617 5.2371448273831395781 3.5174050182749128091 4.3483936740064361715 4.4497791985475085852 4.5523637213712762062 1.66053e-09 4.28153e-06
70472279.260780289769 5131 3.5206797957818665168 0.13168360961571445866 0.23653187963441782427 5.1424994234405225768 1.0294790251327960995 1.2017267615561044725 1.0813927762867159288 0.96516705706051375557 2.25296e-09 4.73989e-06
70472279.260780289769 5534 3.248373601152168888 0.1082022807518513291 0.14235512618502652038 0.35493988632124817695 3.5764752210561860934 4.9014525263845527547 5.0068659180925223495 5.1104105328243303319 2.18919e-09 4.69474e-06
70472279.260780289769 6119 3.1501701187569359774 0.081544148275800282244 0.19550716327924014259 0.37713758543743552965 4.674887953925518147 4.9529100771369147793 5.0314343005175565793 5.1088633474735054563 2.96829e-09 5.19619e-06
70472279.260780289769 5525 1.9487277198049108851 0.41595823737812498422 0.36852090335738252325 1.1474319261447538665 3.9036161532401045804 3.0538627859721154678 3.0051171825597942089 2.9485251450210392399 2.22151e-09 4.71773e-06
70472279.260780289769 5240 1.8030985216915922376 0.11438830929772932088 0.48248520156737412234 5.1023213317272215761 2.5739299637496548812 0.84989055690377546259 0.76687212291875950232 0.68749964214801095874 1.54708e-09 4.18172e-06
70472279.260780289769 6997 2.922144457133647677 0.073526490047986101106 0.20905319229759852795 2.0486083740833591627 4.8357395127823634695 0.50713746596354136731 0.47249723565933055003 0.43903449720054449346 2.77488e-09 5.0808e-06
70472279.260780289769 5957 3.229917462393660621 0.097560147015151296723 0.070197108807372954331 4.3544414977759835494 1.8555816591171669927 4.5370328060334594866 4.6340787552605213762 4.7313399117396652827 3.45473e-09 5.46581e-06
70472279.260780289769 6103 3.2903890133659694506 0.080512913707100466909 0.12894129455715494514 5.3928966228056891552 1.3579368570376457726 2.1598150904482453782 2.0912512664257594253 2.0213988229106472083 3.07621e-09 5.25842e-06
70472279.260780289769 6335 3.1105189468280047826 0.10534616227835372215 0.28412483890290590738 1.5133452737045938186 4.2201251262364909422 4.7580187949698151684 4.8631981945279125767 4.9673486596144131866 2.80706e-09 5.10036e-06
70472279.260780289769 5252 3.1408372783316216292 0.16904815912241372144 0.20546142637624376093 0.32267699879839878419 4.1221882112582655111 4.7357153124225490615 4.9051982356912100514 5.0711138999708156305 2.42859e-09 4.85999e-06
70472279.260780289769 5034 2.8580256688769232198 0.19195179634277337311 0.17381752793618582276 0.19730402234920826898 4.1146427720283620388 4.2445324797313519483 4.4248744398347303886 4.6089469292899281072 2.20492e-09 4.70595e-06
70472279.260780289769 6874 3.2866208688582339015 0.094587447538068927799 0.27044959999433698661 5.7807365641336243556 5.5415056650372918057 1.967233552761633808 1.8782144934493580912 1.7880614941056283129 2.61974e-09 4.98428e-06
70472279.260780289769 5053 3.0421028163034606884 0.14327618610907216778 0.28019519050192148724 1.9051686052087228873 0.74916170857214692269 4.0752133207194694009 4.1960069743296166678 4.3206015512180453442 1.90259e-09 4.48021e-06
70472279.260780289769 3953 0.94512730828993474219 0.084986388956159203412 0.29938096926657448149 3.6124199813151749439 0.48629550480277194957 4.7536284329919364922 4.8384964327466173373 4.9228079437248002392 1.87457e-09 4.45811e-06
70472279.260780289769 6204 1.3930106158784505421 0.19896040419362989726 0.13145703210200820887 6.1291503349578526638 3.8171026134217767023 4.4380762545056597901 4.6362932870149711206 4.8346779235867165525 2.26769e-09 4.75019e-06
70472279.260780289769 4189 1.108947713098504817 0.067071550732002688244 0.034105172429972248349 5.6370649741707357094 5.4655603936785421837 5.5749933912567781746 5.6175775158718064262 5.6589967002113956696 2.51666e-06 4.91804e-05
70472279.260780289769 5324 2.1189357840506861663 0.081344242388611848193 0.087434698996438645069 4.1346459054923858645 3.6144189886235604803 0.97868309217199112027 0.9126017402658057609 0.8482504831457523542 4.64884e-09 6.03437e-06
70472279.260780289769 5185 3.5329856550010538818 0.039237620605837561505 0.27275988328904371416 0.22892898749201748276 5.2451633806620732159 5.2982173641879946047 5.330570947871598797 5.3625469974747410618 2.64564e-09 5.00066e-06
70472279.260780289769 5451 3.2662366217875464791 0.07445684119236012366 0.10295738677681665063 0.56689401776424663826 4.4712276430961104268 3.4610355933214442814 3.4853083108962685799 3.5103993531846442444 2.58702e-09 4.96345e-06
70472279.260780289769 6192 3.2166710483047324942 0.20579796252675275348 0.3769517433529572803 1.422692189548830255 3.6896028401429190602 2.0358127205683320682 1.8413953939799343473 1.6430862272208510699 2.79503e-09 5.09306e-06
70472279.260780289769 5257 3.2385207204528181357 0.12469099804657216013 0.23237399095136623828 5.9454469932812923361 4.1556423430594477963 1.4224363869141525285 1.2999204221676050608 1.1797760450268131027 2.20895e-09 4.70882e-06
70472279.260780289769 5853 3.1420997660671616813 0.18351987513071241209 0.18059149613640040899 0.12167034614694485772 4.3468463165525914604 5.4121213078590582057 5.545556170501437343 5.6689797482919690452 2.34516e-09 4.80368e-06
70472279.260780289769 5962 2.8736774098988320247 0.20431046289277499106 0.21449968108106665099 0.014120270294893717822 1.0113243340732720466 0.2767767422097456298 0.22546124958963162377 0.1797864275590682348 2.88829e-09 5.14909e-06
70472279.260780289769 6233 3.1560296675617198758 0.20340194797420438344 0.20508971225117775261 2.4836710548636928841 3.1351259001205349364 5.9594784868780994458 6.0190379465155094962 6.0721434079588130217 2.38928e-09 4.83362e-06
70472279.260780289769 5650 1.9382876116155673962 0.36776214930076733811 0.22372977750581546363 4.5297571062989234747 5.9835790969136457562 0.023795669613454046437 0.016178710589543714854 0.010229052772637347093 1.14639e-08 8.15256e-06
70472279.260780289769 6255 3.2166033363812518431 0.13216815008572291301 0.16133881221466542244 3.213247804482065817 3.3048971148325789748 2.0829107349769575563 1.9634427405109755593 1.8413326280954653846 2.45838e-09 4.87977e-06
70472279.260780289769 6952 3.2636531609661161291 0.12319612131567758695 0.086893905480144001396 4.8563895982620737257 5.0631835356201388976 1.6352330206796383827 1.5114873391324015195 1.3885078289393448792 2.57429e-09 4.95529e-06
70472279.260780289769 5878 3.2630129595682708654 0.12029073858669458996 0.052284171330791967547 6.078828479773516591 0.12678452668096928946 4.5835899240618696027 4.704108447733345244 4.8243950623427762636 1.44428e-09 4.08696e-06
70472279.260780289769 6956 3.5220692686715291408 0.12007458936137679895 0.4425387963351266607 1.7726326329191672837 0.90683111399242344319 4.1862359220535338977 4.2935955414351170134 4.4032933164164420603 2.20649e-09 4.70707e-06
70472279.260780289769 2850 1.8573612416417037974 0.29951513350137909386 0.5009332056341405659 6.1202843670128981302 5.5953414188649164274 5.988916807079343485 6.0664163476429004973 6.1308346624141485393 2.86233e-09 5.13362e-06
70472279.260780289769 1284 2.4422549045483323837 0.29020965068528725705 0.39822304887758008807 5.1298821695776686269 5.1752620793448596004 3.2425376078126264545 3.27759567960181597 3.316943506365277905 3.64405e-09 5.56389e-06
70472279.260780289769 6722 2.146729394783335465 0.40053661858886063785 0.36221223946389674575 1.9438225306155791916 5.2863687696950671935 5.1284043304953597087 5.4774145272261902662 5.7663474909421212899 1.78527e-09 4.38616e-06
70472279.260780289769 6089 1.8316056578786901188 0.43762233028164065907 0.31694789704085779558 2.6216578516634241325 2.4440638246426935609 3.1444628201280475643 3.1461816213225466399 3.1481898490269051294 5.81535e-09 6.50193e-06
70472279.260780289769 5211 3.164702672172586162 0.092484480759377707404 0.24065258529095012729 3.3740734452153029466 2.3871381349342049027 4.3802643174701021422 4.4691680380174689802 4.5589304518322881776 2.07199e-09 4.60942e-06
70472279.260780289769 6295 3.2648524587472507186 0.042752540063349615818 0.26329740894854081201 6.2004675275947098712 6.1890867846355916981 1.1721970341410441474 1.1331075180822918202 1.0943851029187376955 2.30061e-09 4.77307e-06
