43761806.981519512832 0 5.3989366584047697728 0.039851502192751860065 0.035069424342033791997 0.26223254302265602833 0.70240705274549886106 1.4111204367596106302 1.3718896442134882463 1.3328238860920684772 0.000954966 0.000356051
43761806.981519512832 1 8.9891536377072061015 0.06669113301186212206 0.030613317117384575283 1.954243539423901499 4.08304538781775328 6.2808613736481460066 6.2810115197139531062 6.2811564919487885561 0.000285285 0.000238018
43761806.981519512832 5775 3.0376161802899903641 0.14696602651712917242 0.1192568489926718045 1.2635095866996759462 5.1603949978535155196 4.7670473270771100971 4.9137381709587222289 5.0577351373587982053 3.02463e-09 5.22886e-06
43761806.981519512832 5394 1.7824238972601531561 0.082205691688354148861 0.31355007778522286932 0.68850231523237748199 1.1386077048127496436 4.6918973923366538159 4.7742480911915770037 4.8562965509496018868 4.23442e-09 5.84945e-06
43761806.981519512832 5134 3.5468345313871072477 0.044474010417772824599 0.31443604941583219725 4.261057796625610905 3.0193736167856535246 3.3180539443889154327 3.3260399567852663161 3.3341966343799165351 2.31886e-09 4.78566e-06
43761806.981519512832 5278 3.1528122949403747377 0.12129562046547727461 0.3349669652311044743 4.9891806653392665183 2.7389893269391758501 3.8262809172941896207 3.9070426385758763033 3.9910837089265513988 3.13887e-09 5.29389e-06
43761806.981519512832 5740 0.94443432012712102974 0.0024161689361910602264 0.2084953864923028144 2.4707512593794915823 1.0649619638744618477 4.0116404522797868282 4.0134887164802854898 4.0153384150783129058 3.09097e-09 5.26682e-06
43761806.981519512832 5588 2.788468266248432581 0.30172069731277650906 0.12328059145786235407 2.3423593981234360761 1.6575922752411424987 2.3775167578143348024 2.1381070073730223946 1.8836511071596446776 2.40685e-09 4.84544e-06
43761806.981519512832 5846 2.8236773275102553526 0.13000832246169286011 0.080666732728444476286 4.3378378637049568312 2.0487981186961041757 1.667107519313390851 1.5365151610899971946 1.4065832239284155047 2.37403e-09 4.82332e-06
43761806.981519512832 6171 1.7709910628304879054 0.2209657555461864431 0.22158092588002950563 5.3217142510717705406 0.79162160024184957674 4.5120105579523812622 4.7353252231455664756 4.9562328593761044715 2.39216e-09 4.83556e-06
43761806.981519512832 5548 3.1855481967445280489 0.016392638414870666641 0.30958218978012808087 4.8621768372635418842 1.8637445213421819368 1.951055475447133869 1.9357866077396026494 1.9204737978193104908 2.11518e-09 4.64123e-06
43761806.981519512832 6443 3.2163031694153958462 0.20699987655923893226 0.31432197751518858864 0.80399450598133082035 0.50343029193189703374 4.0858127423088657082 4.2659184118936313013 4.4526274716256528663 1.88164e-09 4.46371e-06
43761806.981519512832 5990 3.1109069498685331112 0.041011194900423895982 0.22128306194818495034 5.9659385948743288708 4.6879060615499019704 3.9945091793209002162 4.0258320406390604163 4.057551455224946757 2.30118e-09 4.77347e-06
43761806.981519512832 6883 2.329301832197264055 0.29267121414476765517 0.30331063805068131378 2.4461361459097346049 1.275098981186468361 2.2339718763681366553 1.9756964696579710772 1.7066901411770276642 1.23696e-08 8.36184e-06
43761806.981519512832 5098 3.1728651923714630279 0.083667516706777370072 0.143232854839838053 0.41724160958900774476 0.49554872507319247532 2.3246096322751887975 2.2617181013603957496 2.197238981317835016 1.90652e-09 4.4833e-06
43761806.981519512832 6793 1.3122498895007528308 0.33272199460082430011 0.45994544294020794917 1.077922081680793065 5.5944751062483897286 5.0672428245150289428 5.3680605413245467972 5.6317888578592274484 2.0508e-09 4.59365e-06
43761806.981519512832 5467 2.9806600485345895457 0.18902966329234868748 0.13994554845755516337 4.6046550148432805472 3.6275181545194521426 0.48365575781484193563 0.40190581580923201432 0.32796251407499887875 2.43648e-09 4.86524e-06
43761806.981519512832 6282 2.8177504269422013472 0.099231671623425665718 0.10180071488530600954 6.0304772412027327633 0.8785666463224824918 3.9751015287718076685 4.0512548117996480812 4.1295780075872761117 2.68214e-09 5.02355e-06
43761806.981519512832 5694 3.119560534268673635 0.025178089405568655768 0.29352966001222213777 1.8466376746314003832 0.12223232421703394968 4.9132573220386763779 4.9378700075502193201 4.9624107557724883577 1.21025e-09 3.85309e-06
43761806.981519512832 6392 2.9743877661047810612 0.22761273998862019408 0.14572909853612836528 2.31418041841990485 4.4227601695599281229 4.3268281818897715851 4.5493024563354795831 4.7738949669619632488 2.75286e-09 5.06732e-06
43761806.981519512832 6484 3.1162129287278839129 0.12384904959240806976 0.22915382538781575716 1.6206262440531542524 1.2482660479897953465 1.8383990414215238829 1.7166433382286532261 1.5941091736601018525 1.88476e-09 4.46618e-06
43761806.981519512832 923 1.8811506357306848614 0.068941185170678126459 0.19813018269389567894 1.3339830411902855456 3.8543757767666173564 5.3592921353614730862 5.4132341690244212273 5.4659257395817917313 2.53731e-09 4.93145e-06
43761806.981519512832 6739 3.2022304778493779764 0.064317077421113560964 0.2205175146890686888 4.6610512543232118787 4.7997977649388667842 0.31754805056873430802 0.29804216840488717555 0.27915550663196730952 1.84353e-09 4.43337e-06
43761806.981519512832 5885 3.493600229167433735 0.076014617832177555634 0.29282963714659049348 1.2185634560238480795 5.7098241493240919908 0.86920297384509548344 0.81246718699760600568 0.75728163182679908427 2.25928e-09 4.74432e-06
43761806.981519512832 6655 1.1008198469673513564 0.15174412038406154268 0.17129980593327923111 1.6645084480021932194 2.1087727004222833749 3.145458650318122551 3.1460974570847071163 3.1467810322165465919 6.32791e-09 6.6876e-06
43761806.981519512832 6764 3.271302939636581808 0.017370360803958928564 0.2346393980763974707 3.2065938930892361469 3.4309816261512757762 4.5501207108731476225 4.5672878457919710016 4.584475666470459565 2.4069e-09 4.84547e-06
43761806.981519512832 6362 3.0200514747452884556 0.16590363887864431613 0.19535089719575290945 3.0269932765993416979 5.4707513960335143466 4.7120268606768043185 4.8787061465455554554 5.0423205063477514187 2.92709e-09 5.17204e-06
43761806.981519512832 6809 1.6273328754734557311 0.14983484508343691832 0.45446340886104436008 5.6381344103369848142 4.3051770023747870653 4.9602866147671926811 5.1034690083866864896 5.2419910089672807629 1.72631e-09 4.33733e-06
43761806.981519512832 5569 2.5665342354881679476 0.66749795363194563969 0.13392673739275171019 4.6533628625704226422 4.032309359757551448 4.8483887913022423177 5.540169708916416802 5.9917399288817545511 2.77052e-09 5.07813e-06
43761806.981519512832 6498 3.2048344530473169556 0.065263595312760519507 0.084228722602701644462 2.9362180777143089827 5.0336233915890646884 3.1908197218650400373 3.1941430130823045275 3.1975710601875912964 2.50157e-09 4.90818e-06
43761806.981519512832 6313 3.2584098969050883099 0.10955576974038996885 0.36851180433398117442 5.5068045798422335935 1.6072535614708534091 4.9535231206038714546 5.0587512057096111207 5.1618008833082136277 2.33149e-09 4.79433e-06
43761806.981519512832 6300 3.2728301331874751767 0.068196848734188075802 0.22001275372478057424 1.9109177332753619627 1.292205161306912542 4.6759682548802103952 4.7442576729014618309 4.8124198937442566049 3.26125e-09 5.36181e-06
43761806.981519512832 5204 1.6390290129334494917 0.18186529593446584818 0.38356516010900487679 5.3615208205270183939 0.76147773757712955423 2.660474789137092344 2.5681616033942002986 2.4694965029316260363 5.21728e-09 6.27092e-06
43761806.981519512832 4755 1.9167386646827413443 0.05498974896274082258 0.10715616357274755643 6.1888961578375525363 5.8699222467759035737 3.2726271524360530663 3.2800191641133982223 3.2876069162706702542 2.39615e-07 2.24572e-05
43761806.981519512832 3800 1.2913943586853662282 0.096875896811983455703 0.20400716086478087874 4.2566276408262275766 0.396720060442967426 0.65668858931871487705 0.5996173957145867206 0.54494774490379793708 1.79108e-08 9.45995e-06
43761806.981519512832 5861 2.3504575263086877612 0.44883884933029755127 0.023870058878639546091 3.7056774497084119524 5.2890148454203087525 2.4860714858519461501 2.133924550936555864 1.7543912230974805233 1.95257e-09 4.51911e-06
43761806.981519512832 6719 1.4808485695653357261 0.3442828269267688146 0.04843033599291411001 2.4624325228884158534 3.8280429259133943454 2.5378509121175101271 2.3027991413986836911 2.0467087355811384164 2.09817e-09 4.62875e-06
43761806.981519512832 6815 2.1674537795564590148 0.095211786749064331037 0.26126291335282736394 4.65617627964318892 3.1137957768432893424 4.1302991959461596849 4.2121138360262264655 4.2956574770968867227 3.57143e-09 5.52668e-06
43761806.981519512832 5480 2.0212240878608827011 0.59818544982897403628 0.68708063540595776253 1.0181050760334320326 1.0183127242900367193 2.8155627846142698978 2.5076723491152002055 2.1533623597004316608 1.6026e-09 4.23115e-06
43761806.981519512832 5093 1.7734739939852295354 0.46675937993385369085 0.34093171073946137994 4.9920409315427916042 2.8181715404626586086 2.8835634997580630312 2.7177211765197628601 2.5257465949836617192 2.98948e-09 5.20853e-06
43761806.981519512832 1517 1.8831457095748618258 0.38224779716070961255 0.53414430455998263003 0.10525300130199485849 0.75192911096787595771 5.6417654347435206574 5.8461428963350705601 6.0079337573233795311 2.17631e-09 4.68551e-06
43761806.981519512832 5116 2.720821667948420064 0.24458675008062469303 0.10070101299269644535 1.1586035704574966232 0.73927341140465230307 1.9633395062079279647 1.7235824437739868387 1.4818449119633940736 2.56354e-09 4.94838e-06
43761806.981519512832 6951 2.9745398316218456536 0.053117881989525495001 0.12327405345194719644 0.33034773786637033899 0.91803140421986739739 1.7910087233995026779 1.738845894433232786 1.6864762909124879631 2.54062e-09 4.9336e-06
43761806.981519512832 5559 2.2597512394722811813 0.32192558709748492207 0.21324091555442209467 5.9392910542517123318 0.18500078729929703147 2.2584520962569101243 1.9748323983434028506 1.6788276877776082685 5.44342e-09 6.36025e-06
43761806.981519512832 5923 3.0241746169134535727 0.01144078592337883192 0.1954650077448411849 1.0257831437492082038 0.99698884049441161004 5.5743033739613094824 5.5817191662905853988 5.5891023443251599545 2.22479e-09 4.72005e-06
43761806.981519512832 5234 3.044667978096349259 0.17607086676718206042 0.10982726080146186509 5.8360731729414858648 3.7247839696091227246 3.3484937961801453099 3.3884097692021604153 3.4314271876924329341 2.35138e-09 4.80793e-06
43761806.981519512832 6863 3.1315812218612695261 0.16083362641214474231 0.043177463210341514299 4.4468312057946572935 3.1926492410376843267 2.2570667826857913063 2.1252487132482373866 1.9885097534897713256 2.72515e-09 5.05026e-06
43761806.981519512832 5146 2.7726123918064140561 0.048957234599617191484 0.15441590063621121742 5.4638163881187233883 0.65108679790257606435 2.5574955244879737926 2.5299203158234506716 2.501807241365733514 2.55901e-09 4.94547e-06
43761806.981519512832 5492 1.9025525176500919233 0.26048041056305876184 0.39254587091340081839 3.4913802296313147799 1.3405521421357600165 3.3849303659860741078 3.4581877383783226065 3.5392838019813628314 4.51271e-09 5.97488e-06
43761806.981519512832 5047 1.5129777314896513118 0.18708000464962301623 0.25010680376896765598 5.6661156045833127592 0.71601690882572410768 4.0667971180558666333 4.2262937010167327401 4.3917030669925871678 1.0218e-08 7.84583e-06
43761806.981519512832 6657 2.3797854555142854416 0.21335296827105362794 0.29450947389132781096 6.0859150254607268238 5.9067523950230276242 4.0049630576222003953 4.180925300943144407 4.3648496852234428545 9.52311e-09 7.66378e-06
43761806.981519512832 6413 2.7559593977359577721 0.13607937611914211473 0.21914917901963371083 6.2196752605562330984 5.000296151293364133 6.2221726254664790901 6.2299763229209572657 6.2372135521720464268 2.71272e-09 5.04257e-06
43761806.981519512832 6628 3.2645299852030711385 0.092985705228186762983 0.18332753386538350182 1.7911176416641987341 1.7530641862578688617 4.6407303450785830634 4.7339223741066085438 4.8268865220343508682 2.5094e-09 4.9133e-06
43761806.981519512832 519 1.7958898730121759524 0.39753475015373490598 0.10231591238979953484 2.2295262981395338464 4.3683060451449415851 2.8453091952527587161 2.6946008675281247768 2.5227645506492679672 3.92741e-08 1.229e-05
43761806.981519512832 2992 1.8469757779693731781 0.037217980381219054054 0.1915088016608951782 3.1706939284932986745 2.1350209960541342014 0.30526708854014905636 0.29427274047159540649 0.28347789118174765433 2.26492e-08 1.02298e-05
43761806.981519512832 5788 1.7503256037392618261 0.38028082723974693247 0.17985535511081096605 1.9900006924902418071 4.6311193157761376682 1.3611037645375108074 0.99407737879862267949 0.67530460266264147329 1.43499e-08 8.78617e-06
43761806.981519512832 5626 1.6053011293281265193 0.40410844181478750015 0.11347347896299345149 5.4896308893125267403 1.495006916265587682 2.8647988899565306475 2.7203155070392601722 2.5550649498249136116 7.93289e-09 7.21097e-06
43761806.981519512832 753 1.258107110739725476 0.25131675563480476709 0.11484366315608734999 3.5274165839888738105 1.9143930907557864529 1.4374728127148121981 1.1898231751011680846 0.95652501808283940665 1.27811e-08 8.45356e-06
43761806.981519512832 6244 3.1836086214187293564 0.13752482870205143262 0.26006592008286566475 2.9800829622020108545 4.4305128841191345757 4.3378412615931587482 4.4695869597413553365 4.6030779259719105667 3.08558e-09 5.26376e-06
43761806.981519512832 5020 1.789926094267668244 0.51309778550970119859 0.55552210281952407733 0.77536306057406023662 0.26632746728766698574 2.5737163973475234435 2.1913321344641265576 1.7738926998038129224 4.40916e-09 5.92883e-06
43761806.981519512832 6161 1.8980366004970699034 0.4352029846929972301 0.16398933407948176888 4.4806848482301706582 4.152362391393720209 2.9453602614918961144 2.8303126572950350059 2.697019831879932994 2.19638e-09 4.69987e-06
43761806.981519512832 5647 2.0391593427670158256 0.47866380592009105666 0.45157108777551319134 6.1143468488681840256 5.2548971816341278895 1.1326886991213418465 0.72198752744871885767 0.40564933868300639963 2.57441e-09 4.95537e-06
43761806.981519512832 6451 1.6389634963247849964 0.17273646356006616687 0.16411707555704102557 0.53228493652765296318 4.3656757199191966734 4.4890866835566498594 4.6617150445852839624 4.8342297751281719798 2.57122e-09 4.95332e-06
43761806.981519512832 6702 1.9683158822729818205 0.21908062299987376975 0.19239587171997779569 1.7723051126742668249 2.6337314645426954662 6.2306462644153057795 6.2411315360927144269 6.2503419870910610356 3.70623e-09 5.59535e-06
43761806.981519512832 5195 2.7668918087819851515 0.053412849581745691641 0.12981351674586016909 0.97986157543574403661 3.16979716741952533 5.6591356850596268302 5.6897031232785302279 5.7195743198820698794 2.26107e-09 4.74557e-06
43761806.981519512832 5437 2.1896213555317389776 0.35549504618561783564 0.41248883934462654555 4.6475490395112872832 1.0302267965660423243 1.5597948268360457558 1.1970898631232336218 0.86613086101966840769 4.54448e-09 5.98887e-06
43761806.981519512832 6667 1.9173798702319699849 0.29430646907215235464 0.14415642509488305056 2.8329620974461309224 2.7014524717810641796 3.5078003056925286529 3.6330254172924538736 3.7719055731325719094 1.85586e-09 4.44323e-06
43761806.981519512832 6816 3.109184252869944487 0.088142833677977788787 0.12490835886276592526 2.3986182553579933341 4.446162722156493885 6.125256018959316151 6.1385650091875358925 6.1512678636754607453 1.76213e-09 4.36713e-06
43761806.981519512832 6040 2.198641306394474082 0.34841813159259987787 0.82263452405969950121 2.6627175665237450275 2.0800068110305987013 1.609202256279413934 1.2511557530730139653 0.92038555025788459929 4.48499e-09 5.96262e-06
43761806.981519512832 6595 3.027993482384998547 0.1035400047600811696 0.21566647579047218408 2.1220168618912396141 0.35122439247138875773 1.6901401540219862518 1.5865114169984917414 1.4829841973052657611 2.5233e-09 4.92235e-06
43761806.981519512832 5950 1.6576239149067020229 0.43196894250913886459 0.24376862238640648051 1.390395243344726639 5.4962810941788422525 2.2582370965795539597 1.8536482990370670709 1.4388443455947050875 1.07677e-08 7.98408e-06
43761806.981519512832 5351 2.9709079624632042105 0.16225101436621963691 0.15019990932647239723 5.6196677695311993972 3.1212902084010516468 3.4933872273795643082 3.5543232993550293308 3.6194041559522873719 2.44807e-09 4.87295e-06
43761806.981519512832 2768 1.5894944958438845806 0.074354824782211129119 0.021299499560934485876 2.2578168745837068343 3.6083536597168626159 6.2217191531367621593 6.2261290386471346281 6.2303691460690302506 1.05906e-06 3.68544e-05
43761806.981519512832 5194 1.5637730367512965302 0.3254388712501831149 0.23093125804783010135 2.2817077303655057818 4.6401590439740783012 1.5160326320147721191 1.1879938880536933254 0.88610979143322654572 4.75382e-09 6.07945e-06
43761806.981519512832 5310 3.4882851005530381983 0.12147050575808984729 0.31431809637273655511 2.6045697280361039816 4.9140684978335658073 6.0966819826583220632 6.1180107035446429364 6.1379834380939026772 2.51895e-09 4.91953e-06
43761806.981519512832 5888 1.1831299097199450276 0.34548308851602277381 0.35421918951450115376 2.5441496320831515909 5.0729017409913543801 3.2556530790312812051 3.3049421020949725225 3.3611259347959014931 2.79797e-09 5.09485e-06
43761806.981519512832 5964 2.0820816261759143018 0.23558504417107084539 0.7429780611205766272 6.0511315160310017447 5.871268961859372304 5.140697588926194328 5.3470497752679921888 5.5367600173256876772 2.1711e-09 4.68177e-06
43761806.981519512832 6639 1.355339346649404364 0.086095379396031790353 0.27875272546717538846 1.6242109113423766065 2.4431377400508766939 4.7355003238316708547 4.8215937307653877753 4.9071762472872135774 2.07227e-09 4.60963e-06
43761806.981519512832 5312 3.0006032133594313649 0.099841918298703632995 0.18424998151586802209 0.82777010954334806492 0.5464978065749355185 1.5744770097338469661 1.4744507472542125459 1.3750718604566540826 2.46345e-09 4.88312e-06
43761806.981519512832 5289 1.8435680402008940426 0.38256336695945258874 0.22220974016060257572 4.3642520518139402697 3.2373734175419714987 3.1633059732775139494 3.1740827806823386226 3.1865101264248352209 2.13423e-09 4.65511e-06
43761806.981519512832 6734 2.0315660521526845983 0.10121398343750201421 0.31459869754812064269 1.7870924296136141418 0.62466169925264902751 3.0352249524865086983 3.0238794082262643315 3.0119926774339402797 1.24231e-08 8.37387e-06
43761806.981519512832 6073 3.2508693614252410775 0.064295996386205506168 0.28687386666429348647 5.4678760334940195165 3.0957656422788684125 5.9019057474996285961 5.9251599195047974789 5.9476908771057326319 2.87152e-09 5.1391e-06
43761806.981519512832 6692 1.7587519549180805623 0.26957105954617072152 0.30222123374925990991 0.90680960509595864849 0.18448369175503931405 1.9972481669178505648 1.7336685037974601808 1.4676650495776824012 1.32225e-08 8.54977e-06
43761806.981519512832 6028 1.584296865571374946 0.39171442904459424783 0.17332405767621361647 4.0569808026459170947 2.3871329960577987173 4.823102856450014464 5.2146046317044598695 5.5579494457658924489 2.1303e-09 4.65226e-06
43761806.981519512832 5030 1.1568967582349356515 0.29356402592887220759 0.33156167512399264963 5.7199841938019035936 3.1629878144885208435 5.3131610896755256945 5.5404284152343628023 5.7389719967565229197 2.14686e-09 4.66428e-06
43761806.981519512832 6521 2.9534057335730943272 0.10708425549740584193 0.19526767572695410968 0.069069030331620276386 1.864369400528659515 1.3555185803203115835 1.2518871327077463196 1.1502022812167604915 2.953e-09 5.18726e-06
43761806.981519512832 2010 1.2995373923758279933 0.3314290938015047594 0.14763901687998107204 2.4456049487025826039 5.8029998301593783694 6.0716540008621064928 6.1330109682144433592 6.1825962444734141599 1.54172e-08 8.99881e-06
43761806.981519512832 5717 3.1571783661043375524 0.1172221815366024239 0.28800210481887056346 6.2174932781570522167 0.054651081679631050014 0.22149783054791929993 0.19705955980684999873 0.17410902170414524481 2.31886e-09 4.78566e-06
43761806.981519512832 5479 1.1630762405237804469 0.44177408766743170299 0.26633705386250089431 1.2019762858555538276 4.1582399425396339154 2.5469390685400528085 2.2264432256271775579 1.8762693614500616235 2.12255e-09 4.64661e-06
43761806.981519512832 6005 3.019940675116066231 0.20055019865085610409 0.55524575739516512929 4.8607121443987075793 4.6126122622308507459 5.8236735638636103474 5.9060062746057413463 5.9798687652312274565 3.36675e-09 5.41902e-06
43761806.981519512832 5540 1.6895301750753082271 0.40661245022259190351 0.13131901831347136955 3.5587590067156646967 2.2805223899205535609 2.9585237251169020922 2.8608028495192638907 2.7481245998539596265 2.31531e-09 4.78321e-06
43761806.981519512832 5131 3.5379489494091780344 0.12266218117081417738 0.238210232095833363 3.946682511827058093 2.9396753810465838797 1.4515675820345272928 1.3303519834091788177 1.2112185162961452978 2.25296e-09 4.73989e-06
43761806.981519512832 4406 2.0165529597362330527 0.55659422743525721611 0.50944007350178899252 2.1574229347529318979 5.5284531647773151875 2.5575947836931085533 2.1157497505166285023 1.6397773977460983197 6.27014e-09 6.66718e-06
43761806.981519512832 6119 3.1127967601414279208 0.037901873967265492515 0.13878492276062942556 4.0925912104377761835 0.0019561947510542106524 3.5302482201504759018 3.5448724008799001872 3.5597465019959697585 2.96829e-09 5.19619e-06
43761806.981519512832 5525 1.8825221836345651383 0.15884223452699317014 0.16097259347131642748 1.279338282125390247 1.206498845996815561 3.5555074935046371287 3.624850089932404984 3.6986586836211281515 2.22151e-09 4.71773e-06
43761806.981519512832 5240 1.7568824813564372089 0.3284464047286753674 0.4237453919195819374 3.4461020995506901343 3.0878604734644157226 4.0523624884948414859 4.347890851247590227 4.6547592422263290857 1.54708e-09 4.18172e-06
43761806.981519512832 6997 2.8961032133560546953 0.15054931045101771492 0.26157770646389466584 5.9025350127136784195 1.5925716494544326363 3.9466071520629051328 4.0616682451272954069 4.1814524144624360957 2.77488e-09 5.0808e-06
43761806.981519512832 5667 2.050146263451999129 0.56282479053789435941 0.5748782591514561835 0.48556055806698183996 1.0689107146201493048 3.4436878390458134369 3.702010905413729791 4.001175085806920606 3.20823e-09 5.3326e-06
43761806.981519512832 6103 3.2913798102191518247 0.098401356714804086301 0.13835117299834537308 4.9863915366688464914 2.2467476136899824368 3.0435096648379786899 3.0333516896136250018 3.022721417880001038 3.07621e-09 5.25842e-06
43761806.981519512832 6333 1.366443347342695791 0.33191337427897477097 0.24554821698867757007 1.0833262390779876405 1.6988913308324928852 4.7571971080142425592 5.0926769652287591228 5.4008777104032734684 1.94245e-09 4.51128e-06
43761806.981519512832 5252 3.1624825011762389693 0.2215519338650328296 0.14168827722741891839 2.3088795097657692779 4.5714393404831437095 3.0352732891448783725 3.0084795079989437028 2.9790750498205449404 2.42859e-09 4.85999e-06
43761806.981519512832 5316 3.4557673839281131123 0.12680390022588791665 0.186527546959783741 3.8883445877219751097 2.0998893367217710271 2.1331649382093997858 2.0217856947049925864 1.9076601149630507681 2.96988e-09 5.19713e-06
43761806.981519512832 6874 3.2780551388801386636 0.086736945211472391004 0.21335120407234584028 2.7356747378702004347 5.4858809342088976635 2.2217703913678952254 2.1508018825982824218 2.078249931651391158 2.61974e-09 4.98428e-06
43761806.981519512832 6823 1.9072099141943779088 0.14994799077165846257 0.08715647102499597676 4.9803019071544571972 4.0614833425076479756 5.3018406613588258125 5.4220052758652901304 5.5357576108023689443 1.69817e-09 4.31364e-06
43761806.981519512832 3953 1.2509019529500022827 0.17801802271191677352 0.29451700962000976203 4.4565903592373024011 5.8696137543209028209 3.1351871933880062215 3.133924434480722887 3.132559366655321309 1.87457e-09 4.45811e-06
43761806.981519512832 6204 1.6879179408610083257 0.20223307303438489702 0.30459078594127447781 0.51467813657215633061 3.0823945498798415166 0.59044919170339327241 0.48567997945050334074 0.39127559656478444472 2.26769e-09 4.75019e-06
43761806.981519512832 4189 1.1124764859051807786 0.028491561706000458065 0.042223967739398973742 1.2696381575356172622 5.1380037564032159381 2.3051378881585145031 2.2837819998039199376 2.2622306310497095616 2.41004e-06 4.84758e-05
43761806.981519512832 5324 1.9696994398173079954 0.13712594462332594603 0.33773703352453110504 5.5775100200881988499 1.0905533155699689285 4.6539916122330327042 4.7918698343360741632 4.9285628804938088621 4.64884e-09 6.03437e-06
43761806.981519512832 5185 3.5218002765412355082 0.074786138464640314338 0.23402395339033080224 1.8999060433979373386 5.3679151893657186534 5.6388241404148864433 5.6824957043379473731 5.7247656893060394623 2.64564e-09 5.00066e-06
43761806.981519512832 5451 3.2774796967109542933 0.081088298760529295417 0.072685197094343123592 5.6272797850530924535 2.4518064146593534502 5.0686574533873240966 5.1436807760243912213 5.2173435337983287141 2.58702e-09 4.96345e-06
43761806.981519512832 6192 3.2087389253164411151 0.1400467749523228167 0.33883503660677172231 5.007053256510072714 6.1400735516317741514 5.7999960930467011622 5.8615297771347441014 5.9188469363568803061 2.79503e-09 5.09306e-06
43761806.981519512832 5992 1.6414674490155398701 0.068873072034989019086 0.3324242830683822314 2.0715719807710355482 2.1176829207428822244 4.668946024141291673 4.7379118641526805078 4.8067625048398889831 8.41385e-09 7.35386e-06
43761806.981519512832 5853 3.1518891197733789333 0.13406384719305206032 0.19608288588425573651 5.5321339055202027879 5.6945275105674273419 3.9192546484829424713 4.0184230994063891984 4.1214800601866929952 2.34516e-09 4.80368e-06
43761806.981519512832 5360 1.5172593031802716901 0.24427038226078931493 0.081081535713934296816 4.8506049991191257931 1.0121261789662334696 5.3695723978061877801 5.5516062598174675813 5.7147899818502976288 3.7029e-08 1.20512e-05
43761806.981519512832 6233 3.1388701191008916425 0.095586664010294156157 0.18673714563120125121 2.3230501429107222044 2.0841403484945559832 5.0461974760250756233 5.1352574774252692791 5.2224244403854083174 2.38928e-09 4.83362e-06
43761806.981519512832 5650 1.8795544377725512675 0.16324423866974774322 0.33995630174842700333 3.3333999995834711072 2.2455745183242252772 3.1296316757548749976 3.1274900023844454111 3.1251879021357540367 1.14639e-08 8.15256e-06
43761806.981519512832 6255 3.2485108067933805565 0.10245939225903175074 0.22647204806066822957 5.2619647055993858942 0.67551548827378982143 2.3060475343353945554 2.2271789239768895463 2.1460100864057429781 2.45838e-09 4.87977e-06
43761806.981519512832 6952 3.2196955514722391811 0.16077980308225706119 0.16056968251809428105 6.0580655631774087411 1.839414417933264545 0.57435733832202851001 0.49207383422753148139 0.41611266270069219297 2.57429e-09 4.95529e-06
43761806.981519512832 5708 3.1540294049313701841 0.16111852767020246047 0.24909695686281782545 0.17297101907464548787 4.2727317149521208961 4.2887574714161305067 4.4414001909849298855 4.5966389693194917854 1.65544e-09 4.27716e-06
43761806.981519512832 6956 3.4855202540452028259 0.21545010364272595971 0.44249332446868133717 0.08615012478742843649 1.9269497864994660219 3.1440932494988400592 3.1447050985116873356 3.1453756740100113909 2.20649e-09 4.70707e-06
43761806.981519512832 2850 1.5921349392140278223 0.22101576573649958646 0.36327084987505847691 4.3901351711334983818 4.7380602611885587194 4.6556471281598241774 4.8795563806851331989 5.0974911950819219442 2.86233e-09 5.13362e-06
43761806.981519512832 1284 2.2698153460276726534 0.30102004660538345115 0.26888189396036615841 3.9007054924820798725 1.3104423387840655746 3.2656341619112052577 3.3106360097694120803 3.3612794472825586745 3.64405e-09 5.56389e-06
43761806.981519512832 6722 1.5843558408570108664 0.072956708889369600857 0.51396820127877018702 0.20302623397444921616 4.6050705556657316464 3.7270586138524022246 3.7686889376395713569 3.8114996422366735906 1.78527e-09 4.38616e-06
43761806.981519512832 5002 1.1249844805022155558 0.19741825790652461903 0.66383303996955478343 1.5787370087468968194 4.6619441238494374602 0.51976616755313287399 0.42868755868826652344 0.34662523482640950068 2.79003e-09 5.09002e-06
43761806.981519512832 6473 1.8891842160028116115 0.27255165228238537045 0.16468124152139432259 3.1865934785138865237 4.9285534751970958567 1.9044821091139998437 1.6311977725670108175 1.3591431489651304432 5.43469e-09 6.35685e-06
43761806.981519512832 6295 3.2576048252516542902 0.044294404628094655174 0.27487343547577086644 5.8128647352635063328 1.0221965829782662105 6.0190750562499850673 6.0304014171510829101 6.0414794629284651606 2.30061e-09 4.77307e-06
43761806.981519512832 6211 1.825706380251733929 0.18367030149053795163 0.49551843449108629036 5.0223241579754622776 2.4081253615393598544 4.3911860446674308989 4.5717603446024774883 4.7536174673435205307 2.33777e-09 4.79863e-06
43761806.981519512832 6969 2.1521597639028122728 0.04006252701274051059 0.077238802794413904951 2.1805760027128520129 5.8794761172698608576 1.9753978676148964411 1.9382665488218835392 1.9008786294428137165 2.41679e-08 1.04535e-05
43761806.981519512832 6225 1.921666734330409243 0.24933747736101619097 0.17496233229325910963 2.2608650304462183378 4.7576560827461777947 3.60270884337809294 3.7296835595571677935 3.8680094259730877226 2.38341e-09 4.82966e-06
43761806.981519512832 6450 2.6601749595417159 0.22023078135685431045 0.13771326324618379799 4.8288566288838419283 1.4806423477480306072 0.55117755132941104179 0.44464006330716526749 0.34991154329701062986 1.74846e-09 4.35581e-06
43761806.981519512832 6886 2.7022171395131597826 0.14178749339905499793 0.67102877560084894792 2.6153371959181002104 5.2745810458613933136 3.0725023694492423765 3.0619115867913166973 3.0506257593331920219 2.88448e-09 5.14682e-06
43761806.981519512832 5290 3.1903939384035746585 0.033453463998685047109 0.098662750299839382939 3.1159430444273223948 3.6245343993229592883 2.7519510166365162007 2.7390402819565462522 2.7259342865687683499 2.68653e-09 5.02629e-06
43761806.981519512832 5080 3.2151075335190966165 0.17399882237637956384 0.28592719421125484258 5.3779063636420589845 3.0859210489479016459 2.5059524929149161743 2.3940726596264720882 2.2757844195186649472 2.57476e-09 4.95559e-06
43761806.981519512832 6155 2.3381148123082433621 0.55893831646252867262 0.25986081697987717387 0.9949387740595638796 5.5685827369251565955 2.0014012248635855151 1.3851484388071495513 0.83581443344484707136 3.03729e-09 5.23615e-06
43761806.981519512832 6186 3.2515928489671641621 0.033150603741672515778 0.22849754192561874677 0.21651884623059122759 1.5913507316255999235 0.4658232976710744988 0.45114699997258206343 0.43669340103467929604 3.14704e-09 5.29848e-06
43761806.981519512832 6417 2.1477691801035443397 0.6278448180179552196 0.56212698408069972089 1.0109761184383172505 1.0407434343249812869 2.5339621093603481583 1.9808348779217166413 1.4050349702379079098 1.63097e-09 4.25597e-06
43761806.981519512832 6237 1.2892880856364150599 0.25835006172493341081 0.10096348346516592631 1.1566519623490114643 0.50905703021379455908 3.721023584658353478 3.8823521647652214916 4.0566993402185280715 1.89473e-09 4.47403e-06
43761806.981519512832 6029 2.0704094567169670782 0.22732642308477046811 0.23241114142091123806 1.7710301159903913959 4.2873701702135376124 3.2842731166234857554 3.3212371828454214651 3.361855830493395203 1.2969e-08 8.49478e-06
43761806.981519512832 6023 1.6877454983996018623 0.21128787947205410203 0.44422844233633612676 3.9616779526485328411 0.45838629543811987288 4.8116636439855824392 5.0213119605156739667 5.222597803853597398 5.48103e-09 6.37486e-06
43761806.981519512832 5643 3.3003452307933516252 0.073468456378598487322 0.090347999929950725817 1.2781709673553796058 4.4412310163709864952 4.699607726969504462 4.7731709892344573731 4.8465037745251366985 2.47115e-09 4.88821e-06
43761806.981519512832 6335 3.1195572073312538564 0.10667793379813038379 0.25721616620209264426 0.4255593021410013499 1.1732862810251261099 6.2162262856998706795 6.2230217116911834552 6.2294359685434423923 2.80706e-09 5.10036e-06
43761806.981519512832 6290 2.0089919454665574605 0.34256639925660403723 0.37020956271315991204 0.03186573047084593352 3.2257533131194806586 3.00680394590969291 2.9492780589692237925 2.883802887885374755 4.66797e-09 6.04263e-06
43761806.981519512832 5878 3.2034137054763034413 0.032266929086255148607 0.098078338346470991804 5.5180143518658288926 5.2877045571071210617 0.03420105275488762725 0.033114934867924286643 0.032046612891280704116 1.44428e-09 4.08696e-06
43761806.981519512832 5257 3.1978361772384218398 0.1346188953925253895 0.16862070165003814615 4.5838853180454979253 4.7681954913009754193 4.9152389223497685578 5.0457348351696822419 5.1729433439388632365 2.20895e-09 4.70882e-06
43761806.981519512832 6327 3.0046653508248453157 0.20463515770675874683 0.20748376517960656629 0.43963681085615957667 1.9813643229579847027 1.8272817570284662914 1.6225523781337038987 1.4181912362094859503 2.25041e-09 4.7381e-06
43761806.981519512832 5048 1.7797752126856860588 0.6467141206824488231 0.55237979800301917344 6.2142565577981478953 0.27118862029775808731 4.4147976335308758422 5.163776498232976131 5.745717487337675955 1.54672e-09 4.18139e-06
43761806.981519512832 5673 1.7119415572518299484 0.38404948143865036414 0.59296379414803435104 1.0332086650419676221 0.33748348632224950405 1.7245319113180306303 1.3229180922878145399 0.95060701660401547564 2.67237e-09 5.01744e-06
43761806.981519512832 6129 1.4460304304483089233 0.35097994988337011257 0.61668563353146366168 5.1330744044818938931 1.263403461640227432 4.4260521376019692497 4.7885444654810411791 5.1385071253468499464 7.14833e-09 6.96495e-06
43761806.981519512832 5034 2.8810286208357442916 0.26542264183191482951 0.19413594651688162451 0.1539663506491888989 1.469610185567586047 4.204780142931758391 4.4562433821728948402 4.7130062623152841894 2.20492e-09 4.70595e-06
43761806.981519512832 5227 1.5128210238938042398 0.31730710368147696521 0.11617319242717383254 3.2884125119682861005 5.760748484710657813 3.5494633680924927432 3.7010831723837740448 3.8694953355315835353 5.94474e-09 6.54979e-06
43761806.981519512832 4112 1.9951766777089423588 0.31788027373065247394 0.82534798322046354357 0.62584860124751595656 1.9417796625954351075 2.1897239890168997967 1.8982046622594754837 1.597210514095664502 1.99037e-08 9.79854e-06
43761806.981519512832 5288 3.1106089989581655608 0.24288453133773782455 0.20007329744146507 2.9865384091631703711 5.5533740796855610711 2.7254855443834888895 2.6132688469373368534 2.4908340578634806661 2.94866e-09 5.18471e-06
43761806.981519512832 5938 1.6714917608147865646 0.20110027476022745985 0.16914572424867854727 5.3008534410125527359 3.5923077600493256156 1.1145190134602969145 0.94038394480127818209 0.77793826253399522841 1.88863e-09 4.46923e-06
43761806.981519512832 5446 1.3461469681903337481 0.34633838059848404134 0.1955441937105064365 2.2609502275252570946 0.78401180020081018274 4.693565132030059317 5.0483374223601558128 5.3753148178136891389 5.46354e-08 1.37196e-05
43761806.981519512832 5914 3.2050285091705923435 0.099196603334098631954 0.15812213400771019112 6.0496327131874210181 1.8915765350206492634 6.2275053779378755081 6.2327776813674544698 6.2377758293462131078 2.63408e-09 4.99337e-06
43761806.981519512832 6154 3.1346046301736185669 0.077839954036426337036 0.2755288206013806751 5.7263186015983853494 4.0386465337689152477 3.924775906088626698 3.9813259050415195084 4.0392750302172206744 2.04677e-09 4.59064e-06
43761806.981519512832 5511 3.1819293165354820552 0.071443741443839095528 0.21906859430641587028 5.5518028710967479711 4.9294802170935501096 0.013415531022261591512 0.012489014248775288235 0.011596775538879160183 2.90982e-09 5.16185e-06
43761806.981519512832 5957 3.2218719645262132723 0.055504827209142348909 0.088425939043412657425 4.9210450785696959741 1.5170779907690330468 1.6468305268806708863 1.5913405168136540713 1.5358474024801158642 3.45473e-09 5.46581e-06
43761806.981519512832 5962 2.905998472238310093 0.21357271594860993691 0.19307896649818070967 5.1766758287703744656 1.8232722413626591962 2.60224337999818367 2.4800920167793485405 2.3488939444199385953 2.88829e-09 5.14909e-06
43761806.981519512832 5160 3.0473659183123031902 0.076493411728395313554 0.21056441584340374051 5.2083679773034434746 3.642523708650261316 4.8699142646388731137 4.9450841052530813968 5.0195158995668691659 2.48083e-09 4.89458e-06
43761806.981519512832 6827 3.0982403485897225259 0.13925931119929862989 0.16885516392549548836 1.3828928957709343273 5.5190419449337859703 4.5972843554968925162 4.737196953014863432 4.876413413849538081 3.04652e-09 5.24145e-06
43761806.981519512832 5481 2.2800694131120198271 0.055617546580214824448 0.8252205304807179731 2.5696492062326612427 1.1906074003040445497 2.3801986317952441574 2.3410121057162558422 2.301092030922797349 2.0621e-09 4.60207e-06
43761806.981519512832 5138 1.6643908962785916028 0.43483232087171669322 0.36738950996819114136 0.41617340304958155839 0.78970504442939226664 1.5302640953000212765 1.0847624006347325043 0.70028694493204468596 2.37553e-09 4.82433e-06
43761806.981519512832 5597 1.6159981014779134512 0.37718138223914626783 0.39765720776037416506 0.054931281492566312596 6.2212911854686270274 2.2240995601053512587 1.8746839932365848558 1.5147849153648689224 4.51539e-09 5.97606e-06
43761806.981519512832 6928 3.2107202621638162299 0.068302252873134516875 0.1804901141191048719 2.9673546923199216607 6.0379254212266779689 3.7492034038038464239 3.7893654102747307277 3.8305797979360609595 2.08658e-09 4.62021e-06
43761806.981519512832 3089 1.7924246807044781349 0.36466583980303435286 0.14634244834718929118 2.6874811693584135242 5.4542746389536258533 0.46315278599450004915 0.31905683355915559485 0.20467168611371133746 1.46985e-09 4.11094e-06
43761806.981519512832 5640 0.97262765518576299595 0.32762579093385496565 0.11623367978769230668 5.1643997259910028319 4.9893528085647833592 5.8028675859810832094 5.9381050146820033575 6.0489317240295088496 5.24602e-09 6.28242e-06
43761806.981519512832 5762 1.4562927446948290555 0.081363882377701007842 0.46696959779818492109 0.95601847310989818141 2.6037485239651934066 6.0468289018938943258 6.0651851136644019391 6.082782297403876548 4.50081e-09 5.96963e-06
43761806.981519512832 1444 1.9068147130254542443 0.46019206823851582788 0.83522895438674882307 2.2472885632368413411 4.7527175407907673588 2.5546767800275045346 2.2191061911889056191 1.8522845588005327766 1.72307e-08 9.33865e-06
43761806.981519512832 5176 3.0832604174530606755 0.14036899073322703368 0.12108395608265860866 1.2092996153876727217 2.8353213603120002162 2.9830810871094946002 2.9591479393588513425 2.9336801964214447302 2.68297e-09 5.02406e-06
43761806.981519512832 6001 2.0171148507581140308 0.46398423229321222871 0.2772597048329296654 0.20808084020480729914 2.0856089682100016347 3.213814528481297117 3.2608600583424700581 3.316067151854647399 1.89847e-09 4.47697e-06
43761806.981519512832 6140 1.7721144496617911024 0.26151716650587403246 0.23925700312294526095 2.2834221049581828744 0.11591493714485197331 4.2698039867717971774 4.5234745329751895326 4.7803389619852572068 1.67728e-09 4.29587e-06
43761806.981519512832 5534 3.2494513147967261091 0.13854674988594659069 0.078641941346569765869 4.0117278215869927038 4.7032135962908272475 4.166126988335225434 4.2893917800490690695 4.4157273936347385401 2.18919e-09 4.69474e-06
43761806.981519512832 5929 3.2337552501426864993 0.17565622898718336042 0.16190517189699013545 2.5051403851038056558 5.398358971978921339 0.090414154805817131821 0.075724920718467966796 0.062436075496589943379 3.18574e-09 5.32011e-06
43761806.981519512832 6935 3.4964786019114346693 0.096465274538529169335 0.4012317075506690589 4.2190803276983466219 1.516832852908008844 4.8789279286914002398 4.9734523484757158229 5.0666489994934122976 2.603e-09 4.97365e-06
43761806.981519512832 6775 1.6682620916525399135 0.21000198108689446808 0.32839694912100081403 5.5318201630729095797 2.1920378557180240087 5.5647325896900774467 5.6939913235527495061 5.8106875534236630543 6.39874e-09 6.71246e-06
43761806.981519512832 5211 3.2018663276179246679 0.037940081898082005096 0.24635531473114544165 4.452383356616567589 5.733614078699185157 1.2618659332920232341 1.2259202346001345507 1.1902141652430369145 2.07199e-09 4.60942e-06
43761806.981519512832 6920 2.3224827589101666447 0.10181456102707894806 0.16817874160096857317 0.87851434904185110586 5.3623239304068937017 0.031899518106298825615 0.028801803274330191329 0.025869765732030921418 4.48089e-09 5.96081e-06
43761806.981519512832 1810 2.0598622943429898413 0.56746907476808516879 0.51215492919789618043 2.7320073242074776054 3.8190632346431563349 1.4357009301990242278 0.86018265052318176878 0.43006281553084918512 7.36354e-09 7.03416e-06
43761806.981519512832 5072 3.0951992974040121176 0.043597637411723774714 0.16915656435041470651 2.8074708772582899208 0.94650382670753474557 0.87969948098083527999 0.84655329328111816878 0.81389861146772601863 2.73643e-09 5.05722e-06
43761806.981519512832 5231 3.1723939147975159791 0.11587456936899077908 0.28569886789381576664 5.0382254742578060913 2.1678922795581767602 1.9087014327455236185 1.7969708707117004742 1.6840474659622965969 1.89135e-09 4.47137e-06
43761806.981519512832 4786 2.0718973778378289019 0.55191555641028933188 0.16634179550116642843 5.2658570372015134353 3.6942704602082265808 2.8590705221477676901 2.624147397602790921 2.3511360410690489431 8.41208e-09 7.35334e-06
43761806.981519512832 6756 3.2120230679629706572 0.086950316660568530147 0.27559817104396333587 2.5075529530749052221 5.6993700305055234878 0.24620307129884835828 0.22583232630133048824 0.20636261733379113181 2.22448e-09 4.71983e-06
43761806.981519512832 5323 2.826304409807553597 0.084736673581457519489 0.060478686872450303225 3.4866754616814015222 5.8993825120280067864 2.7599632684801562732 2.7270541963944530117 2.6929250163447684407 2.25995e-09 4.74478e-06
43761806.981519512832 5372 1.7046974242832089175 0.30981354117146364668 0.13639852118978285089 4.9451363783482058523 1.9367595984308654256 2.7262395177096081511 2.5765623353260185269 2.4106753322165843656 1.39548e-08 8.70479e-06
43761806.981519512832 5855 2.1506553287807794739 0.54364428323767777229 0.20578085699504100603 2.8817020418759886624 0.10791079736961571578 2.6101503697398915627 2.2134289749416224957 1.7782304321994517604 1.88487e-08 9.62226e-06
43761806.981519512832 6960 2.9780610339296975653 0.18151788460114448576 0.075849047682190501307 3.0888197024537302759 5.5013705656960922852 5.3740611987505575442 5.5105714432040429074 5.6372726291539407839 2.28045e-09 4.75909e-06
43761806.981519512832 1410 1.8809294186169804863 0.15753968617699154464 0.33630208180138182472 1.9294504723206409302 5.6772664119469142818 5.6604588725803486327 5.7472737643643387884 5.8277174664912090307 1.96181e-08 9.75145e-06
43761806.981519512832 5053 3.0205783338479030853 0.12524840612517626481 0.27500944362358309414 1.1131681484728825904 3.8246441943948923381 6.0117691907881489755 6.0435525552726439003 6.0732797494934240845 1.90259e-09 4.48021e-06
43761806.981519512832 5489 3.2249281007048922199 0.024118398293939875138 0.33337214482313998198 1.3066042629123855168 4.2610287115289562365 4.5870908683527797933 4.6110586503821480164 4.6350533327119300964 1.80848e-09 4.40509e-06
43761806.981519512832 6914 1.7742184847738438069 0.29899929061997876367 0.3165702141094468014 1.0275377917505803538 0.25551764377469093903 0.090221299018345788023 0.0662978529325587429 0.046489360439604054953 4.41745e-09 5.93254e-06
43761806.981519512832 5578 2.8950661171389810988 0.094626992438520560191 0.15381405689019028715 2.5461317303214316965 5.676360467851863767 5.5579838109168413496 5.6187151935283177195 5.6770661779910041034 3.04211e-09 5.23892e-06
43761806.981519512832 5196 3.5795164055017929527 0.12103350715202003396 0.21108289322522913456 5.8430177153523166211 3.0840242704768643378 0.50840000535707874363 0.45226011783608577321 0.39936853112755776873 3.02458e-09 5.22884e-06
43761806.981519512832 6832 1.6888487088768129318 0.17249854556716459619 0.323349077053960543 1.9009009276282737844 1.2509078599677785348 5.6533846918929100411 5.7489606841106697388 5.8367924333294549655 7.86044e-09 7.18895e-06
43761806.981519512832 4502 1.403309273904183696 0.21489198009839197145 0.042293866912599592522 3.1545811715311335988 0.20792604184063126493 1.0032146406564796948 0.83043012229471024899 0.67179222479788969213 4.58456e-09 6.00643e-06
43761806.981519512832 6425 2.3796892649406231612 0.30498209339338433477 0.48932951487377157607 3.2422373097538379483 5.5606032338596316222 5.6791321187128449566 5.8360454333808435834 5.9679161424617488407 5.02719e-09 6.19382e-06
43761806.981519512832 6089 1.8153541992338988464 0.2824862078312920799 0.24715358481910862376 4.0264532991114467819 3.0894711373918082309 3.3919960769653059174 3.4750034600977302013 3.5674521294211696265 5.81535e-09 6.50193e-06
43761806.981519512832 6572 3.007347533126291772 0.20439054717168933517 0.20172481712134804344 5.8653040125134818794 1.2379054771532422841 2.0309238079148141942 1.8375448527498723372 1.6403829716193123467 1.66053e-09 4.28153e-06
43761806.981519512832 6842 3.1575666956300718624 0.072163487455806807347 0.13399652665675740315 1.3278549345107450996 5.1450869679944810642 1.1344443431854738247 1.0699645004157287698 1.0066638828388350113 3.94698e-09 5.71398e-06
43761806.981519512832 5291 1.9299938096888400452 0.28702970233968372327 0.69025148487793108742 2.8236206642294097158 3.1538624309807961055 2.795910733687013483 2.680796219089752519 2.5531651286073242524 2.6037e-09 4.97409e-06
43761806.981519512832 5063 3.4982613259316548415 0.049550041072772554873 0.39609913401827773205 4.6474621121775827604 5.0358245583910683507 5.040535368439206465 5.0870898834042028724 5.1332020004829965742 2.23728e-09 4.72886e-06
43761806.981519512832 6557 2.011106668685003207 0.19181149643402820026 0.22572428541584579897 4.6131266383826492472 0.81544629143028102281 4.3063090336563334404 4.4907203572252596402 4.6778385999710723198 1.93092e-09 4.50234e-06
43761806.981519512832 6055 3.2095539967341402132 0.041124305489127162272 0.083083711021495490479 6.0269453359291951244 5.322093181946977225 2.5015889546676888244 2.4766082954441137609 2.4512326733604550277 3.0525e-09 5.24488e-06
43761806.981519512832 6197 1.9771615247312677166 0.12767280726264484958 0.35296835506714607789 2.0973561241576130776 4.6986192729003155577 0.60755495540381065922 0.53805888555264980155 0.4726303875401203225 8.02678e-09 7.23931e-06
43761806.981519512832 5642 2.8962839944924838598 0.19884181610040199684 0.081941108018788844092 1.7942196153223977095 4.5082112422072544433 0.21897043761614654045 0.17924164868038255927 0.14379144909930718921 2.80041e-09 5.09633e-06
43761806.981519512832 6291 1.1604129957245654658 0.17579993459940168599 0.41620402190569100176 1.3594769535545547789 0.3707538052858232458 2.0785985908579887038 1.9171582736596526342 1.7517983985393086321 4.97801e-09 6.17355e-06
43761806.981519512832 6390 3.2216597239144624254 0.063259867698498450928 0.2543930704014127353 3.0960762057136435033 2.5719478954278116589 3.9443789991138742401 3.9909430628771516147 4.0384418311832126491 2.74624e-09 5.06325e-06
43761806.981519512832 6126 3.0300973044165848691 0.21832685313046976128 0.17045170147992710907 1.4338686704203802424 2.3765457466861881208 1.3158768552217157133 1.1085688100768695818 0.9131528770455531463 3.04059e-09 5.23805e-06
43761806.981519512832 6104 3.3356484766825316157 0.071030922093591034039 0.17323526741917397165 5.6394226421063615717 1.7031016672100385279 3.7191512493373304338 3.7591688017493085638 3.8003000196951117751 1.75259e-09 4.35923e-06
43761806.981519512832 6732 1.4981479804171975445 0.47786106997952182418 0.18504851957360518577 1.0390322991694365129 5.1416815554213828321 2.0972735513753248959 1.60321460915956715 1.1256046200481557573 3.70815e-09 5.59632e-06
43761806.981519512832 6286 1.895834014383570354 0.3904298894705788836 0.81270363066219064585 4.1489548988591380407 2.4051930950980153767 3.386833551720404234 3.5096356201109597528 3.6501084465822590808 2.66284e-09 5.01147e-06
43761806.981519512832 5405 3.1831201184944668547 0.071680620478723047762 0.158003016424161008 0.65458994370190548562 0.5808536423106437363 4.9426515106580000136 5.0119346888925155881 5.080423417421574328 2.93677e-09 5.17774e-06
