30751540.041067760438 0 5.3965215838471589649 0.063466161184757743929 0.01372616906830785577 0.19776405597685958737 5.7774801949814120761 3.5133778755793763082 3.5371598168007492013 3.5616153352884469818 0.000954961 0.000356051
30751540.041067760438 1 9.0533874945403773893 0.0069230784649430736691 0.061081051554464541042 0.82423883061355640578 3.8941021635106527476 5.8042858963904890857 5.8074663342114547504 5.8106369498076917424 0.000285285 0.000238018
30751540.041067760438 6992 2.2830288505952855971 0.23772468131067278629 0.3852994915522189312 5.3498623071479212143 3.9504990298227258272 5.833698868384461278 5.9281559029799355542 6.0107932659930138897 1.98059e-09 4.54062e-06
30751540.041067760438 6819 2.0671864779506439191 0.19174820276969994914 0.2453700180113312368 2.3541974342355200811 3.3882294070632092975 4.7012978135426903847 4.8944351213072883056 5.0830147451934148961 2.46721e-09 4.88561e-06
30751540.041067760438 6751 1.2739215107506818292 0.22555275992025181075 0.27966668087169177515 2.3920668236659277106 5.9833572864270330172 2.6282787869817929582 2.5038308558740287602 2.3695370370846702279 2.66624e-09 5.0136e-06
30751540.041067760438 4781 1.9453606255700739425 0.62016903084604968477 0.18084467585147073754 1.3398689304968576241 5.6631288998312090399 2.8057053706020318451 2.4679691583773557539 2.0810940247232112554 2.90062e-09 5.1564e-06
30751540.041067760438 5740 1.4778572470752289192 0.26208522230742276049 0.084833460200792840111 3.9743902188588053903 5.4627392681173860822 5.1267102405730540227 5.357416901186422109 5.5668447418223951928 3.09097e-09 5.26682e-06
30751540.041067760438 5588 2.739523729847329836 0.24879592153896595841 0.11323969707881434421 2.3748806116460610127 4.5278891410481296731 2.9720451040126096842 2.9233339574724293009 2.8694621867646028512 2.40685e-09 4.84544e-06
30751540.041067760438 6582 1.6726372190085354585 0.24041476145337611903 0.2362731838375078941 2.7140067875376301387 4.8901464879146994136 3.3404365062052900903 3.3951672700294972529 3.4554791262793189688 1.86721e-09 4.45227e-06
30751540.041067760438 6171 1.4663924773527963197 0.093731567353063607873 0.31984514698588289994 2.5710133739609615233 0.47943404220609381339 2.2553215996428090939 2.1803533641101644491 2.1035026930375959608 2.39216e-09 4.83556e-06
30751540.041067760438 5921 1.5580105264751231697 0.19384064167652992339 0.28047109963121713561 6.1571570630909571165 4.3934702477880165361 3.1286681405100829068 3.1258646350313510354 3.1228160315144402048 2.32801e-09 4.79194e-06
30751540.041067760438 6443 3.2076704110480025456 0.15296040515723480224 0.2542007462696571074 1.044118874323426871 1.1766386205011789556 3.5575824148846728612 3.6244406286322350397 3.6954606707460717629 1.88164e-09 4.46371e-06
30751540.041067760438 5990 3.1300378704413436282 0.11547735505209624773 0.17727578200736707204 0.011446168078659035502 5.6477182527861424788 3.1396835097336803777 3.1394487042406606925 3.1392011268301232008 2.30118e-09 4.77347e-06
30751540.041067760438 6883 2.2435521741951665042 0.16785219508920565246 0.12017382972503531935 1.9471124757510618331 0.50156187805925855905 3.0898887473717060459 3.0803466100181680076 3.070072752982392128 1.23696e-08 8.36184e-06
30751540.041067760438 6035 1.8729027154180950543 0.013706577833926029963 0.073160185744241518213 3.0306293176881560214 3.6560569097099433478 1.92677641774478281 1.9138979821320134533 1.90099028162764494 1.65258e-08 9.20954e-06
30751540.041067760438 6793 1.36253111850124764 0.1464538990276340602 0.12805846644802051926 6.0695042789220998714 5.891888943315932714 3.6495448203886882155 3.7260510847933367984 3.8068566997608703772 2.0508e-09 4.59365e-06
30751540.041067760438 5467 2.9617171125512773422 0.21540407884802728611 0.1425404881739351648 1.6183358906863565263 4.0287523219789198592 0.45209066290740168581 0.36542960943970415055 0.28845483910238584047 2.43648e-09 4.86524e-06
30751540.041067760438 2413 2.0973377966272961359 0.41363123581693422848 0.49779347768013010311 3.1107813853404167048 1.2203148465671349587 3.6588540592981599886 3.9211073189618743662 4.2118629044141249196 5.65036e-08 1.38742e-05
30751540.041067760438 5694 3.1194334820562414912 0.097549893338503612661 0.32644025916777352769 5.3197466262487651534 0.53096691409039153964 6.0618891112703447988 6.0823740796880105819 6.1018318030520637407 1.21025e-09 3.85309e-06
30751540.041067760438 6253 2.1613365406641178446 0.27088598620200898814 0.050217828300030395439 3.352103480211480413 6.0158797600290352392 5.5284914265416453816 5.6999031431907436485 5.8490980392712037528 1.17298e-08 8.21512e-06
30751540.041067760438 6484 3.1478562131566718563 0.1710554920838858739 0.23366847839059734504 0.66516350734681561896 5.3273847947988599572 1.7294427672231791338 1.5573591086948783691 1.3863190591684135811 1.88476e-09 4.46618e-06
30751540.041067760438 923 1.7000595918493521808 0.25638462131151634749 0.20355751956496317967 1.9250428553164817824 2.0437882784594996188 3.8079203832899235493 3.9870088681899735761 4.1788479693683386884 2.53731e-09 4.93145e-06
30751540.041067760438 6411 1.2140446158892588269 0.17309289120561799358 0.20615874308878526233 5.4548595824952927913 5.3899744060248373501 0.32733381759332341732 0.27554666870976768367 0.22845276235002287546 5.10394e-08 1.34117e-05
30751540.041067760438 5448 1.8037355557739154222 0.12113684387068594794 0.24158098127027810564 4.4585611334939496686 1.796030346272045719 0.75307852975843569965 0.67350169700039408394 0.5979453912981895769 2.56033e-09 4.94632e-06
30751540.041067760438 6528 1.7617499204312285777 0.18206064419249776143 0.088209441612871669625 2.3565473085467703029 4.9229979154293088683 5.8663611730963527435 5.9349083156006487982 5.9970417450701791751 2.31313e-09 4.78172e-06
30751540.041067760438 6764 3.2718085325101209371 0.05911670587401539334 0.28445938133877746168 3.6706573654682874697 2.0691245176849815124 1.5509087071028488936 1.4918039563682283788 1.43287159266014541 2.4069e-09 4.84547e-06
30751540.041067760438 5259 1.8105867330075016142 0.089013714486167086481 0.19631125518230493898 0.40606192393323636836 5.5870251301556042023 5.6021576445807470535 5.6564176597621713682 5.7086268608098293953 2.21606e-09 4.71387e-06
30751540.041067760438 6618 2.5059844808600080235 0.69949959345348422524 0.56533178923108340364 2.7836399298314877804 2.4404740975560974547 2.7429219538558502478 2.2458569016598977086 1.6997791859458355468 1.98254e-09 4.54211e-06
30751540.041067760438 5328 1.7258035599206296151 0.5094449593877510285 0.589430693663332117 4.954435373655863728 2.5978651367882470424 3.0073899035341775665 2.9069110688116612806 2.7884481459671057735 2.1043e-09 4.63325e-06
30751540.041067760438 6498 3.2253484206637148546 0.11098010688127252221 0.14610076247740191868 5.765893075885475838 6.1715309655229217967 2.1855909032670162162 2.091703799546018594 1.995443215386845992 2.50157e-09 4.90818e-06
30751540.041067760438 5668 1.3117326527696293592 0.31956489161145962274 0.16071395587176037778 3.1520611240545708398 2.6908093249786380063 2.1164870077593627151 1.812235293240377354 1.5019394058435067141 5.17696e-09 6.25473e-06
30751540.041067760438 6300 3.2612520690687056835 0.092779794687343694615 0.24203297746711102678 2.1606871547488797347 4.8475213625339339529 5.6004690060499457971 5.6570731812804995187 5.7114420300037442857 3.26125e-09 5.36181e-06
30751540.041067760438 5204 1.1553478270452273158 0.41770015545722083417 0.26233687696179808224 2.9011786366672711601 0.17156476196807735057 3.8087094947035131653 4.1328903799669145513 4.4823956901668937647 5.21728e-09 6.27092e-06
30751540.041067760438 4755 1.797638301494188573 0.17111865512238258469 0.02485754679329306438 1.1149201465438351999 4.5076378162369987734 4.2632865892979969757 4.4242707507871266159 4.588335942008108681 2.39615e-07 2.24572e-05
30751540.041067760438 3800 1.4625965719847946467 0.13349172328215797023 0.14606942246924720097 0.58035986152105911717 3.9333194172983967363 2.5208450284381025419 2.4383991600018863899 2.3520758138173460949 1.79108e-08 9.45995e-06
30751540.041067760438 5861 1.6929693526519993263 0.13897378503906882008 0.12744272652646668198 0.38884350767969616536 4.9633209920424450345 1.1776355111883021198 1.0521648889906158875 0.93146638207998833092 1.95257e-09 4.51911e-06
30751540.041067760438 6719 1.6206203774730785216 0.14276557513525331422 0.2472335921426385974 3.5418873933103078855 2.4976317042174995819 3.2594238850271817221 3.2775873648188134091 3.2969429368621390175 2.09817e-09 4.62875e-06
30751540.041067760438 6923 1.9241073914302562198 0.50172832776705000857 0.56408945496873674763 3.6499607340656758936 0.26665397714872440815 1.7300694882314680001 1.1887797241983000252 0.72321860906850976569 1.67707e-09 4.2957e-06
30751540.041067760438 5480 1.6580721050310971432 0.48437900813274747946 0.20590362274927484498 4.9507040981267103064 2.1443411322143899334 4.5362649269925050532 5.057006187988006829 5.5129060561796876527 1.6026e-09 4.23115e-06
30751540.041067760438 5093 2.0442221494698173956 0.1421207726285437789 0.23526250171371876352 2.0403031386064145458 1.5699686965159849183 2.1947172987397425281 2.0738836264830169398 1.9493718660634897777 2.98948e-09 5.20853e-06
30751540.041067760438 6676 1.7776000262395175167 0.22706665299541620162 0.092348826178608026116 1.673905780691060885 3.4336088438452474492 2.3830505397285897118 2.2108018003241740601 2.0286733434302157697 2.23147e-09 4.72477e-06
30751540.041067760438 6526 1.218663336154373944 0.3337017812422088392 0.14326623508694302789 4.5608519493975911985 1.4007538382672726218 4.4861602998644780627 4.8309151821846594288 5.1622757081241452681 1.74858e-09 4.35591e-06
30751540.041067760438 6951 3.0083982729600040606 0.080806426674526657394 0.079276044109884702404 6.0229075494433610416 6.1694773237611535421 0.36897583523593113775 0.34084805447029598024 0.31383555858177825115 2.54062e-09 4.9336e-06
30751540.041067760438 6202 2.213554785412779502 0.38959342409093800086 0.20268710046861815322 2.2491837156150489285 1.9052521043267505174 3.1100473993664778938 3.0940019263182820808 3.0754678899944485337 4.75227e-09 6.07879e-06
30751540.041067760438 6083 2.0036458748139018837 0.07872393827567761293 0.076923723566498444781 5.2197323646928799334 4.8490371466592234739 0.93964832327841885107 0.87745891913077744828 0.81691097315399630041 4.91269e-09 6.14644e-06
30751540.041067760438 6402 2.9844244432199529271 0.12278845195815275837 0.21924757929009283663 3.1143444918298355262 5.53627771601443186 0.81026834375308409708 0.72466465684014658155 0.64327010738710088678 2.16272e-09 4.67574e-06
30751540.041067760438 6242 2.0653734891164035048 0.34635592627428402057 0.19133871211349204322 4.5029773658870997366 4.0652147269165261889 0.68987832029369144937 0.49062151017826932664 0.3274275419811872867 2.33848e-09 4.79912e-06
30751540.041067760438 5146 2.7766905560644135065 0.1207723587781559943 0.092521027152602811072 0.33175246008669362352 5.9443681440456686005 3.2059165874512483008 3.2142098556333196235 3.2229723005660058099 2.55901e-09 4.94547e-06
30751540.041067760438 5492 1.7964407379481404092 0.12774185096450035859 0.14747053068454532565 3.3179912466851266828 0.4372374753531032554 2.2284532526812972364 2.1228952492148227549 2.0141325715788283013 4.51271e-09 5.97488e-06
30751540.041067760438 5047 1.797673653266712801 0.19228684266518136781 0.26055394685455984805 0.032755208474884438263 0.043887299671997496986 5.9856167205581742863 6.037681884627389195 6.084416179355714327 8.23744e-09 7.3021e-06
30751540.041067760438 6657 2.428293332952435879 0.21090225170573462243 0.13356952074612632453 1.5838787140798515907 1.842025915233107547 6.0313212816348364953 6.0794923135155176652 6.1221551705918351161 9.52311e-09 7.66378e-06
30751540.041067760438 6413 2.7511094918222025463 0.12030278128951731043 0.14331355123481859248 3.0814846219353189127 5.5696234538326923058 0.081041893700812064893 0.071822335553046512402 0.063189335443383759516 2.71272e-09 5.04257e-06
30751540.041067760438 5928 1.9176563282269816213 0.17725461229422953546 0.090804691951547181206 1.937143718308214968 3.5514970963490197775 2.0838409624206026827 1.9213941166381680592 1.7549223341684725419 1.85148e-09 4.43973e-06
30751540.041067760438 5018 1.3940579762780183071 0.12344189645031404534 0.27425400931815646643 3.6044503396511125004 2.7608832102573495071 4.997374508787292946 5.1141234570911038304 5.2277374247251220396 1.65949e-09 4.28064e-06
30751540.041067760438 6615 1.6795334012896265818 0.26241859842809134307 0.24164281888702338064 1.5054638646364355559 0.93097426728926180317 3.5586229563219977656 3.6817024618256821711 3.8166460228393477294 4.67657e-09 6.04634e-06
30751540.041067760438 5423 2.0988719898146377396 0.4495100363297784285 0.75606013455547049773 0.64520955582379457827 4.8747880828277088128 3.2470010981174879383 3.3123802219747684461 3.3887782788429454683 2.52578e-09 4.92397e-06
30751540.041067760438 5626 1.2782581479527144186 0.3502657259854772831 0.1749356576973311872 5.6170576588784628669 4.4281597289315373089 5.1685517851645288445 5.4670885566818414603 5.722249217599404858 7.93289e-09 7.21097e-06
30751540.041067760438 753 1.3899358440889217903 0.40021674138868695847 0.11225879024196533384 3.6517674237387929281 4.308343072631837245 3.4880986129609872215 3.664161670304908025 3.8639130227341045298 1.27811e-08 8.45356e-06
30751540.041067760438 1124 1.8130176959922339464 0.13598008862302488065 0.18144966667633327662 5.3700799224117536923 2.3092023588470529383 0.54005643005962977732 0.47372329406902163873 0.411688809205286943 1.32419e-08 8.55396e-06
30751540.041067760438 5020 1.6769800967742143349 0.33942098847496166014 0.20984047536988911786 3.6128230556690286157 1.840695049966521335 3.4767697954875917965 3.614380537004670213 3.7689427100738224219 4.40916e-09 5.92883e-06
30751540.041067760438 6161 1.8816208235435523122 0.10908567713344412276 0.20702511268417880808 0.9720644825132179756 1.3082110059627496401 5.6416815078435451625 5.7043841111918851539 5.764056244307129262 2.19638e-09 4.69987e-06
30751540.041067760438 61 1.841976855065174945 0.058717312848994451802 0.056080979368623086467 1.0645282997486906762 6.2750238726948808221 1.5203799435809846052 1.4617901570310387616 1.4034213485752111694 2.97121e-07 2.41265e-05
30751540.041067760438 6451 1.7720119454506380041 0.45471766435152310981 0.24228344840939219917 0.70363364320670973573 5.6995721274654851385 2.8335536665837270931 2.6449103390635291255 2.4282322052692126846 2.57122e-09 4.95332e-06
30751540.041067760438 6876 3.0554257364043624356 0.22800721130596166009 0.16268713991725852752 0.20351674104360908957 5.6992200536215085194 1.2460659185121827353 1.0356550839027656163 0.83952405384802475385 5.7202e-09 6.46627e-06
30751540.041067760438 5132 1.1829594783532428881 0.20942851090709624362 0.25747969872613768461 5.630384938490568203 0.45966402950013290907 4.2778261895565199424 4.4782090985876239486 4.6819212526409117459 4.5221e-09 5.97902e-06
30751540.041067760438 5470 1.5994949405334208947 0.15889621949361165676 0.29644523742681577749 1.7352439550786902256 3.0179385093110520089 3.4225802129753319925 3.4706053403348655628 3.5219461119806929617 2.3944e-09 4.83707e-06
30751540.041067760438 6270 2.0323470869554807194 0.30573114168812304259 0.25130925998091963036 6.1334124511192111839 1.7163739920833127606 1.5309712629935692263 1.2224008801170194172 0.93503754531866700717 2.07589e-09 4.61231e-06
30751540.041067760438 2778 2.1248375239973045225 0.3349817267544696886 0.39784906727911273361 6.2292308599394861091 0.19379936326277352743 1.6559389367514842917 1.3105994950543840005 0.98689346834704316791 1.15158e-08 8.16485e-06
30751540.041067760438 5605 1.5198788378168879287 0.37952659182496317758 0.26535373538334022792 2.8705467320203723602 4.3657826298108890484 2.2407809933301514604 1.8921979125959749179 1.532105513579470113 2.44051e-09 4.86793e-06
30751540.041067760438 5518 2.0497823250687767782 0.40156748743051057238 0.12018837439494471642 0.6052881017018413301 5.4667891224825648777 4.0380130899807085143 4.4104020410611175507 4.7937975648432837872 1.73658e-09 4.34592e-06
30751540.041067760438 5490 1.5341307491894224935 0.089267844994327827379 0.2655658489439360892 5.9857959932275024428 4.2367810457081862552 5.2935973236955433663 5.3665325695919463556 5.4373727933348643404 5.31486e-09 6.30978e-06
30751540.041067760438 5374 2.3564389527972471328 0.63212262586729195402 0.30083250949269890739 0.96288231229445075954 6.1573827322210679114 3.0814071308352182221 3.0149537747004617749 2.9351162717268759472 1.21754e-09 3.8608e-06
30751540.041067760438 2768 1.4195773174973327357 0.028133456234797678958 0.044498479126765286273 1.1961528719412011235 4.8209738289061956351 3.6556753880650703081 3.6696837592397235639 3.6838597974709421656 6.30548e-07 3.10044e-05
30751540.041067760438 5194 1.7419720105148255307 0.0828635374245750983 0.1100293447075056108 6.0084791079173172079 4.3460286940863266381 3.9791144279269023976 4.0425278327422118352 4.1074852130000119033 4.75382e-09 6.07945e-06
30751540.041067760438 6395 1.6261007357665897555 0.42252619245043521179 0.074072108363548397336 5.0496224954254049777 2.0302381264200533018 4.2531707953463753213 4.6868899520574318629 5.1092787885912036572 2.27089e-09 4.75243e-06
30751540.041067760438 5888 1.610310017714369657 0.24276826170775650526 0.36066465979649747764 0.98944062165068713544 5.9133575268424403149 3.1016091379765993175 3.0903744244867445978 3.0779456997632945736 2.79797e-09 5.09485e-06
30751540.041067760438 5952 2.077289631928050273 0.4063401090256344439 0.85490500117933865276 6.0217119621160701826 3.4765025911908735701 2.9937059795074763002 2.9145400391904372484 2.8230701308848202835 3.30338e-09 5.3848e-06
30751540.041067760438 6639 1.6671061010547369996 0.41718680859794948779 0.28027735827639704835 1.4590901926734083371 4.701864585026305221 3.6641387800704943167 3.9316612575895235615 4.2280314161232883663 2.07227e-09 4.60963e-06
30751540.041067760438 5312 2.9993406259824850757 0.061159821887314759492 0.15853200035365247467 1.0963944714655065038 6.0087672547339261442 0.36641843393386025474 0.3450960877008127925 0.32440650882856431059 2.46345e-09 4.88312e-06
30751540.041067760438 5514 2.2200996307192637502 0.39374837267003859331 0.3250980132590078342 3.1633754844644319526 4.9101130685341658477 1.4972652527986323179 1.0994589559697893755 0.74864419153360572956 2.23079e-09 4.72428e-06
30751540.041067760438 6734 2.0575763769842856377 0.26906753927117749159 0.17819021426530692875 0.53596815060713420831 5.7186130005965329914 0.57532662798240608026 0.44175623735195179709 0.32672239337423031325 1.24231e-08 8.37387e-06
30751540.041067760438 6073 3.2459626617218853006 0.042947958159163530933 0.22193677461935265582 2.0317682306800448622 5.899735185567264395 2.977552999241640741 2.9703842323473867992 2.9630670501305353959 2.87152e-09 5.1391e-06
30751540.041067760438 5364 2.6176375843149517486 0.11267671501483922381 0.088465631794813412436 3.8837824341848823373 2.9037173375535965114 6.277265191980911041 6.2778985805525300279 6.2784942687671767558 2.91675e-09 5.16594e-06
30751540.041067760438 6028 1.5509684226639739446 0.076821067266216264136 0.11398622980612517497 6.0375677840059784884 4.9505448321707499204 1.5811543150390983126 1.5042309887999336659 1.427580053631391177 2.1303e-09 4.65226e-06
30751540.041067760438 6691 1.6239339340853258253 0.38617333701551459502 0.22677018322694747487 3.6842154493851437813 1.3308162130088163622 0.92440558906743941492 0.64024081359165052607 0.40954527231070919635 1.99622e-09 4.55253e-06
30751540.041067760438 6521 2.9861457281501189165 0.13368865558702050511 0.1668946484181972334 6.2232971451345084901 0.40382293913810329844 4.4509938703021205697 4.5828230530881128857 4.7153911398480312656 2.953e-09 5.18726e-06
30751540.041067760438 2010 1.8478895095077862987 0.28980811434265835169 0.17816690166362594838 1.2202395387578683916 4.5349675836408120944 1.7707969262059710669 1.4739387897009228467 1.1854890133209186054 1.54172e-08 8.99881e-06
30751540.041067760438 5455 1.7317665345070178962 0.2482222438757180627 0.15025393861525854211 0.34723258874701595778 1.9228130702636729854 3.746746613049160235 3.9064582860512362394 4.0783373119754777747 1.18753e-08 8.24895e-06
30751540.041067760438 6780 1.9886182379211672089 0.45030975454225741217 0.50228968946798746575 6.1924768832666359231 5.6455415794209473646 4.0495106891915684244 4.4819955335876171532 4.9204065835473880242 3.2776e-09 5.37076e-06
30751540.041067760438 5170 1.1601424734173475528 0.39627087139800498683 0.12915779617010025859 0.58670723287639758858 0.083544962894321436742 3.0743023932063473502 3.0393102214389386972 2.9988493074198587784 2.19546e-09 4.69921e-06
30751540.041067760438 5540 1.9837269662597600828 0.388458452636422924 0.071527132156538761332 5.8999120670374889386 4.6305650438136689573 1.5705107328057892335 1.1715751033343020371 0.8136634755877723002 2.31531e-09 4.78321e-06
30751540.041067760438 733 1.9215466348153849019 0.18681450633627780245 0.10259442384072628429 0.39792655840090984665 2.0638543305808281225 4.8048514623676155111 4.9903671945785932351 5.1700103040630684959 4.51209e-08 1.28719e-05
30751540.041067760438 5469 1.4275811625229908319 0.44868125705177741569 0.19387669011244507145 2.8635363830846336519 3.7710358802863312988 5.9772627683278480859 6.0935462227676921998 6.178124641759154656 2.51139e-09 4.9146e-06
30751540.041067760438 93 0.9687720987104153636 0.061287137204014338621 0.039964821322773111389 2.2965340813685357624 4.2461443325352545841 3.1157600421672189128 3.1141254008492031957 3.112442223226055571 9.74894e-07 3.58511e-05
30751540.041067760438 5525 1.7395301578106774354 0.37848530017846199192 0.11145063549477261799 1.2908156415430684927 1.6751344048235654594 3.2116775753178279373 3.2459165122739461751 3.2853299758378380346 2.22151e-09 4.71773e-06
30751540.041067760438 5178 1.7857989728358960591 0.24059376373557955775 0.21230153925914108104 0.38557688598464334717 5.674823043361176822 1.2367404051979347113 1.0158401365647418135 0.81135383686520645696 9.33283e-09 7.61239e-06
30751540.041067760438 3770 1.3503217816120383077 0.16902906132272732531 0.23494635781551423404 1.255663125600379626 4.7138927272474262509 3.0133406067362953351 2.9895581236444810358 2.9639587557792048678 1.55823e-09 4.19174e-06
30751540.041067760438 5688 1.0573912007339447694 0.093899854878911670486 0.1626102921299799331 0.01994723273561448823 1.4067997564088521312 5.631129088671143812 5.6861630542351084827 5.7389518937188910286 3.26046e-09 5.36138e-06
30751540.041067760438 6103 3.3180029573430478429 0.047732062159245927657 0.13517900632166937602 0.43009944841280300931 0.85660827167644215674 1.1764533419084870491 1.1327674380522934072 1.0895417847429924585 3.07621e-09 5.25842e-06
30751540.041067760438 5181 1.2411979865097608755 0.0091157899729376185016 0.20895414350847149598 4.1412085582107103221 4.3159853534245993245 3.9690239746498319207 3.9757558572484752446 3.9825082384083243525 5.47157e-09 6.37119e-06
30751540.041067760438 5623 1.3846506450761357776 0.43751094183313621322 0.176241399492915507 0.28512218549299073178 0.73688083350262378879 5.6764595102824317863 5.8964623922940955225 6.0614719949109439057 2.3084e-09 4.77845e-06
30751540.041067760438 5316 3.4712903436026141257 0.12415971424091348796 0.22287402600847419643 0.24381190145220352217 0.42405832897036688234 2.2304506531898611321 2.1281363218115934011 2.022766309252512773 2.96988e-09 5.19713e-06
30751540.041067760438 6874 3.2676680994251263712 0.060882768069603285244 0.26264685373579854666 0.74684455237425373397 0.99844520466261676983 4.5619014330520517575 4.6224100150980982349 4.6830464894400458675 2.61974e-09 4.98428e-06
30751540.041067760438 1959 1.1093588383745212056 0.40581952935756460121 0.14696518481736478567 3.989691485073324273 2.0806691723342316536 3.1942130070226557592 3.2225064447716116334 3.2553070229456499973 2.04943e-08 9.89451e-06
30751540.041067760438 3953 1.6048454337392787927 0.33285992350565063447 0.33321688648091335461 4.7070484780997770002 1.3205508434040793553 0.93510583579351780337 0.68615306082174010172 0.47526448264414022926 1.87457e-09 4.45811e-06
30751540.041067760438 6642 1.9251864561697296097 0.44596285169153854211 0.061961405021378507252 4.1687798804652373974 6.1850730352260896439 3.6479131791962378095 3.9333602647894143622 4.250705774149057703 1.26355e-09 3.90884e-06
30751540.041067760438 4189 1.160987477239411314 0.082537659517664396791 0.036640964326657726735 1.4441355080893911733 4.4102206738285083532 3.502257930670169106 3.532606620239136852 3.5640638720952981799 1.29564e-06 3.94166e-05
30751540.041067760438 5324 1.8443392035149785979 0.057998028340799881453 0.29641402378072317925 3.9612342502083905948 0.92875759744954400343 5.9098894354198510115 5.9305005806634696341 5.9505341742105812841 4.64884e-09 6.03437e-06
30751540.041067760438 5380 3.3701103326325139165 0.17460426442138607395 0.21550652188162308653 1.6530067026757262472 4.5705896716188956219 5.2407960710280123706 5.3860437359069397445 5.5225051547208590108 2.14422e-09 4.66237e-06
30751540.041067760438 5451 3.2754512717961015156 0.0486483449590791317 0.065248243175800038629 0.46959723207717513072 0.35545869583702077721 0.46837683769667637357 0.44687000976631896521 0.4258468698857977297 2.58702e-09 4.96345e-06
30751540.041067760438 5538 1.6905355552396923446 0.16667237466486214958 0.17169331537453672021 3.262608862593353809 0.47426831186497819814 5.1807898210986822463 5.3248407334681315817 5.4612189083534037337 2.97954e-09 5.20275e-06
30751540.041067760438 6532 1.8618712527148923996 0.11501073478593813737 0.16200106618398879554 2.3258154777301203175 2.9018411821139831197 2.1956844496088452345 2.0989033539886219337 1.9995613959147862104 5.62757e-09 6.43118e-06
30751540.041067760438 5853 3.1196419239601493878 0.094359652874075883311 0.19762039486398047528 5.2191029695180484183 3.0123411523059919759 1.0408808938839106961 0.96122757212357579082 0.88386256565912169059 2.34516e-09 4.80368e-06
30751540.041067760438 3751 1.0202486684007781026 0.13482593813975654595 0.23936969504331884195 1.2772727031505073381 5.0966554167139328513 3.1046813549509897356 3.0993202599393598895 3.0936225420896845684 2.30157e-08 1.02847e-05
30751540.041067760438 6233 3.1121212133170899072 0.16586902979997697472 0.22464850333701630314 5.9489906558002747516 5.4848796286151104695 2.9565279548233296403 2.9230481184534147232 2.8870862186465524601 2.38928e-09 4.83362e-06
30751540.041067760438 5382 2.0948096135452480837 0.33530670842600079906 0.33290738503779948587 2.4147460874364816696 1.0620689599698980299 2.7866782013727586786 2.6437476204855006046 2.4836275130663270083 2.55203e-09 4.94097e-06
30751540.041067760438 6255 3.2514078909157797526 0.13654581124092005084 0.17779232137830167093 3.2556892779145774064 1.7255312554713351236 2.1109460596404727717 1.9891377008327595366 1.8643670533365168662 2.45838e-09 4.87977e-06
30751540.041067760438 117 1.3221236050815876606 0.084649585439986421709 0.20291143411359688353 4.2269221669733489932 3.6893577219423847602 4.9646534012349077258 5.0458665419419128639 5.1258527602000985013 1.39228e-08 8.69812e-06
30751540.041067760438 5708 3.1489786909649977176 0.15617208356244210998 0.19157458471791449783 1.4549333800855190901 2.4330981059475504935 6.1572026890947917366 6.1755185920416817424 6.1923006600762908747 1.65544e-09 4.27716e-06
30751540.041067760438 6956 3.4777790782431767802 0.21030239792403135346 0.39479145584585606521 1.5366412780871943067 4.6701661850625377781 4.1845807823384211233 4.3781093291248147636 4.5767708359228524984 2.20649e-09 4.70707e-06
30751540.041067760438 2850 1.5959542318012400752 0.19880116978784567738 0.39666456278651163192 2.1496295956688631357 5.7438086926458762349 2.806756505520795475 2.7338883721408713257 2.6550631460809239748 2.86233e-09 5.13362e-06
30751540.041067760438 6683 1.6586068438750589671 0.23049673173054552322 0.19064349726674337249 1.8814016933386703556 4.6073904004866657047 1.387315354412892443 1.1633301125318800118 0.9517046395601707065 2.07491e-09 4.61158e-06
30751540.041067760438 6722 1.8284879490833276794 0.27876942136068932898 0.21084086135367791082 3.280887245250697859 4.998021767491958478 5.8477706243271869724 5.9539292367831659902 6.0440663045002631648 1.78527e-09 4.38616e-06
30751540.041067760438 5002 1.1058637179035080145 0.19135578726154800489 0.28698119723541859472 5.0480444482415203211 2.1128854247530632904 2.3017444012496341976 2.1483355283958358584 1.9880159864928264035 2.79003e-09 5.09002e-06
30751540.041067760438 6473 2.0310015407349673033 0.088911909220200202597 0.30203603592892636076 5.4087081836453103634 4.5002153664407584799 4.8330788168849911912 4.9209906623256429725 5.0079750904276485457 5.43469e-09 6.35685e-06
30751540.041067760438 5815 1.4742100951428878108 0.35912458072845632184 0.27589064303062987848 6.2238092333763006536 0.70893897359973467864 1.5404346909413253464 1.1752837539712295278 0.84388387785074769898 2.67562e-09 5.01947e-06
30751540.041067760438 6211 1.8447007453786337106 0.21611872461944295343 0.14976341935945153283 3.403132674359689247 1.1708410952903949287 3.1218788954185630047 3.1170385257907127219 3.1117324522206888382 2.33777e-09 4.79863e-06
30751540.041067760438 2174 1.1530336301667227783 0.25066467741632020294 0.38006944118207081074 0.8750874453030748068 3.8372020450032566785 3.3110187954808218969 3.3601272260640486778 3.4144711482225020838 2.03153e-09 4.57921e-06
30751540.041067760438 6225 1.868959063860300196 0.21885928379206340266 0.14347888025560509573 1.2860127487204902064 6.0484089953980371135 2.5948277059031736869 2.4677734214764694975 2.3312106894490920439 2.38341e-09 4.82966e-06
30751540.041067760438 5873 1.8051266634071734263 0.38680509624526171475 0.12031917980527902234 4.7169501053165534543 0.66715928694254489351 2.31929965818249606 1.9808812550543624109 1.6261473427845016815 6.23622e-09 6.65514e-06
30751540.041067760438 5741 1.70931706734950839 0.27096403932371865286 0.010167855349491992586 5.9132889128502901244 3.0376071773822865829 2.6285994773411576197 2.4748510439878121936 2.3072791059355397536 4.83963e-09 6.11581e-06
30751540.041067760438 5780 1.5122252226696755173 0.22812678007854225726 0.092099104773070081253 2.4979373383657632601 3.2916992118814052404 2.8367835361405160377 2.7588473989954289678 2.6736492350564078357 1.95079e-09 4.51773e-06
30751540.041067760438 5080 3.2250207789255602719 0.17501391117907125206 0.24659794008545535271 2.9484862178665749433 3.491708659741671994 5.0315275819404501334 5.1941286064340133066 5.3492242295259622153 2.57476e-09 4.95559e-06
30751540.041067760438 6155 2.199393219848480463 0.23976087606093585136 0.20304488516127494613 0.20321134156296705164 1.2033761384080854384 2.7804183669540067925 2.6834739386019665908 2.5774369118059667905 3.03729e-09 5.23615e-06
30751540.041067760438 5782 2.0099340773446927599 0.37553731063023654269 0.066608904135134552882 2.868258531903932429 2.6451053643946202953 2.6858901312554963603 2.4786927313718942756 2.2475851225842640169 5.0598e-09 6.20718e-06
30751540.041067760438 6417 2.1691939489522700235 0.3927002606348555247 0.34054799623294290667 4.1803351554738350515 4.723484393728696773 0.21110861154206078671 0.13969752494448164915 0.085016529828166945149 1.63097e-09 4.25597e-06
30751540.041067760438 6237 1.3017128248496507847 0.15829819524940635933 0.28522366170350932357 6.0304515659791926296 4.0064841148615997213 2.2856413742362469144 2.1588796867764297183 2.0271747183196722197 1.89473e-09 4.47403e-06
30751540.041067760438 5750 1.6800754422077863737 0.36462036072344172766 0.15853334534399995959 2.2043348951470203012 1.7826456309094118602 1.9362009344365977981 1.5624105233599789866 1.1978029829230818493 1.52873e-08 8.97346e-06
30751540.041067760438 5661 2.6995096219726879561 0.15625455224705861457 0.13002449822470568686 4.9413823162960435198 5.0799760311828823234 0.36818560379900155954 0.31547725122854525237 0.26699611932269085024 3.01386e-09 5.22265e-06
30751540.041067760438 5643 3.3131197289869862566 0.035961177342238463683 0.07400171576061713441 3.7526533905372443378 1.5121393004888836753 4.600852651695884532 4.6366698209056504965 4.6725279577456841906 2.47115e-09 4.88821e-06
30751540.041067760438 6335 3.0926147627553826069 0.10532906906942220149 0.23747646648941395098 3.4920665724586092971 3.2074271767490696305 4.0522465309454283044 4.1384175864332384265 4.226867803859491346 2.80706e-09 5.10036e-06
30751540.041067760438 6290 1.7972338851301290497 0.2838272413654834847 0.043185409638070514082 4.7576006979156630905 1.2659177348203702884 2.9390705748441989797 2.8711677251862246507 2.7953458473637478043 4.66797e-09 6.04263e-06
30751540.041067760438 5215 3.2220119128285231724 0.40807292732240768585 0.218892069765198094 2.4704115889220803481 4.2731371242928997134 4.5264493433068810901 4.9562130657149774393 5.3522159629045464868 2.09099e-09 4.62347e-06
30751540.041067760438 6358 1.9193825435867368778 0.32709242325212845026 0.1106313436813872314 1.2862659678527639251 0.53643596834774442961 3.366509069530495335 3.4561704023204748992 3.5573776942041117621 2.40091e-09 4.84145e-06
30751540.041067760438 3761 0.98059667547472217919 0.11170680060725968197 0.15248549582480955267 2.9686331628719848652 4.5771979610996123 3.6560710365636301944 3.7140236193524178709 3.7745326334422548697 4.38307e-09 5.91711e-06
30751540.041067760438 5048 1.811628810647346155 0.066884727865162987848 0.20461469344790750302 0.069433680143892562153 4.5048941108373297126 5.4981393480308886623 5.5443671232669755611 5.5894082826799369457 1.54672e-09 4.18139e-06
30751540.041067760438 5673 1.897043771358518871 0.18440602778140627316 0.27847460653437716704 1.1929488265808829706 4.143414223188145229 1.2960929063333492817 1.1219128794171322472 0.95577555058544461097 2.67237e-09 5.01744e-06
30751540.041067760438 3324 1.3396789813126257496 0.078670665754738550168 0.049889147974852172951 2.3950819944892249858 2.4129940971778696124 5.8822210251445161688 5.91189573319253725 5.9404388224332826951 1.99813e-08 9.81126e-06
30751540.041067760438 5034 2.8247073120986403438 0.14622560114756610883 0.17419146016543832212 4.766411549306951656 3.5652323071650733333 4.799755248423753784 4.94502088878732593 5.087307612009814406 2.20492e-09 4.70595e-06
30751540.041067760438 6957 1.3758233297667026296 0.092107300323822305366 0.32169786542056627576 0.39090826952410639983 4.9427901367002649025 5.220974096542260412 5.2997823275355528949 5.3764513477447675172 6.68595e-09 6.81142e-06
30751540.041067760438 4112 2.1197583643564259503 0.30795570927516130455 0.10617127583265328905 1.4527685752982895107 3.5252327206381393054 6.2265109707582082521 6.2419554709564044614 6.2546488374594666482 1.99037e-08 9.79854e-06
30751540.041067760438 5344 1.9372497053195048 0.13615800542711500865 0.21863780396690749019 2.1339459798601128071 5.6587402854476769321 3.8664305735242394668 3.9619494453228485398 4.0615339391785081347 5.14004e-09 6.23982e-06
30751540.041067760438 6577 1.7927208143421142772 0.33907628047273230543 0.31643916564611174191 0.58997041257325899544 4.9338988007877357944 6.2136461939833571577 6.2343211073818816104 6.250883205746387894 1.63583e-09 4.2602e-06
30751540.041067760438 5446 1.4236103022340698132 0.1012366363092202376 0.14979288682184291326 0.65518883245207071298 3.2167653747762479099 4.0470925921590934493 4.1294797572673385133 4.2139986602308141528 2.99275e-08 1.12255e-05
30751540.041067760438 5123 1.2177307367984051556 0.33307676176953715519 0.16745695458283180179 5.7630300612497364909 0.26725523838842024649 2.7884623228890785818 2.6473916811608253497 2.4894039201870934441 2.85229e-09 5.12761e-06
30751540.041067760438 5200 2.3145216442505121002 0.3447499414528623074 0.22752697319003059584 5.2548510514836479501 4.1703185987652240385 3.0810208334829209953 3.0548469015376480407 3.0249788002157664835 2.18438e-09 4.6913e-06
30751540.041067760438 5511 3.158525172511659207 0.042117405793135109793 0.16474014049665125503 1.0514483043827473896 2.0737443170308234031 3.7556087139598197666 3.7803097329840515961 3.8054186951678037332 2.90982e-09 5.16185e-06
30751540.041067760438 5957 3.1833542258401994474 0.046302704996624637068 0.096413526576992439332 1.4420301574183735926 5.2117347755191296699 1.7164220504615563812 1.6704383752818730002 1.6243653392468158092 3.45473e-09 5.46581e-06
30751540.041067760438 5962 2.9041840782309411573 0.094620170606890652287 0.18298275799256885632 5.0608745986046272947 5.117582444478435022 5.7472630464202145717 5.7937827001777177927 5.8382635198234922314 2.88829e-09 5.14909e-06
30751540.041067760438 5160 3.0003661641659959969 0.033566757483118644934 0.21451403385738840313 3.9836305889314056472 0.33591761980821310818 0.052176760896705844106 0.05045453145194672695 0.048761654892098861558 2.48083e-09 4.89458e-06
30751540.041067760438 6891 1.9558156851217294303 0.16543459745665134442 0.09920512130404360307 3.5092595653025728808 2.5706806334439180617 3.6606542638955357205 3.7496733216590674154 3.844184987074626747 4.39964e-09 5.92455e-06
30751540.041067760438 1399 1.6598178723765668607 0.26693920929988929069 0.21968923646631349778 1.5780332124985561038 4.2392549148372626888 2.1025078298981711988 1.8521402868892591354 1.5956962839002815091 4.64728e-09 6.03369e-06
30751540.041067760438 6752 2.0377295076513455285 0.35699830131616105966 0.3322413493099503623 1.2460271388885417743 6.2493432362808585268 4.452719972543137672 4.8229671168607231024 5.177785038560016595 4.12549e-09 5.79885e-06
30751540.041067760438 5597 1.6648984892880445141 0.091318932374331279744 0.41321830911592022373 0.82839671572473960737 3.4084973441618533485 1.0935657248174848188 1.0139951726235705287 0.93646996899737322551 2.41109e-09 4.84828e-06
30751540.041067760438 6928 3.1902119781480293703 0.1206286626168577153 0.20732748923884763981 3.7888605287845771308 1.2924700191673166305 3.9165917915290027196 4.0050784044271043882 4.0967697211860958362 2.08658e-09 4.62021e-06
30751540.041067760438 1123 0.74709948310408236249 0.10289244145344042525 0.023798425462164783661 1.1228553193840367097 4.8492018860286769666 5.817626626878174001 5.8618923136022482723 5.9039692237229814964 2.24683e-06 4.73559e-05
30751540.041067760438 5640 1.3823276888502968873 0.20437834038524749225 0.16910199552369598042 5.2810565761620615888 5.3296509531496560896 4.6859078751317611022 4.8922250421215407457 5.0933073790128711167 5.24602e-09 6.28242e-06
30751540.041067760438 5842 1.9675867023643760501 0.65780134736917494909 0.65818693121850035954 0.71742715520405064833 5.2951057308394231526 4.3902815594402069266 5.1579694028007683215 5.7515434646867582558 2.75394e-09 5.06798e-06
30751540.041067760438 1444 1.9983220721774699324 0.30017954826814546854 0.16260209240096676342 5.8328883405341471757 0.036749828346309000582 4.1047606726469698657 4.3795383864747741143 4.6632425159926214064 1.72307e-08 9.33865e-06
30751540.041067760438 5176 3.0775713020424091404 0.172722628835073444 0.097751719915749851753 5.5380950122978731542 6.248641272429316551 0.10307587217310745786 0.08659606997539216755 0.07165765569707853444 2.68297e-09 5.02406e-06
30751540.041067760438 6404 3.1019535294172864148 0.18255889504948494273 0.24954151134921992439 2.3797597598849287159 2.2098698503999409937 4.9573590752140805904 5.1316255674205137893 5.2983748555545373549 2.07676e-09 4.61295e-06
30751540.041067760438 6140 1.986826315933186482 0.23387407628281428607 0.19350499442883795087 0.92452077332765192352 0.62742061998145859381 4.1741275525320897799 4.3900921784396222947 4.6119241762659539674 1.67728e-09 4.29587e-06
30751540.041067760438 5534 3.2541357428633386206 0.17268368603635042557 0.12723870472209594662 5.8760685985433447343 0.60881901158334583712 5.5200593021434194441 5.6330848672768620844 5.7376044935734933361 2.18919e-09 4.69474e-06
30751540.041067760438 5929 3.2430479535056870866 0.16182896147530051456 0.22319135244073656787 5.2712233363800482522 6.2003262224027499983 2.9843820766477917594 2.9566479412683044359 2.9268888593016835209 3.18574e-09 5.32011e-06
30751540.041067760438 6162 2.053331023114460141 0.048801596541179978472 0.26175623774355383233 1.986475532392976584 3.2739280656355753685 2.5059327433081919345 2.4763627047107101831 2.4462404039897194252 1.62993e-09 4.25507e-06
30751540.041067760438 6775 1.7290925729383281872 0.26052946395736725771 0.20597864094844783867 5.6007872173540427241 5.2869408916398388243 1.4125650185306990458 1.1575175546891605105 0.9189223408134783444 6.39874e-09 6.71246e-06
30751540.041067760438 6061 1.7371209694608136243 0.31871964377732453499 0.22302343621074577351 4.6630932339291328859 1.666405775613079232 3.1332226234178959245 3.1299476948097844087 3.1262363015775656017 4.03777e-09 5.75746e-06
30751540.041067760438 6895 1.8805517550382586656 0.54254909944573459502 0.29985056760401651577 5.9264790906003694815 0.76612744962484158329 1.7044966798774550121 1.1139141593305261768 0.62701307536058203951 2.5437e-09 4.93558e-06
30751540.041067760438 1810 2.1331639350747715334 0.43500269793709972488 0.51164072113694003541 2.2899865719626779637 4.0889757851688006696 3.6929887261463960613 3.9887270340330669427 4.3147119929943578143 7.36354e-09 7.03416e-06
30751540.041067760438 5072 3.0985732971557147231 0.13311000063582786868 0.22705311788763946068 2.6039233488128923355 2.6634506262118957665 3.5246079116844444279 3.5778666466748063613 3.6341143280336791754 2.73643e-09 5.05722e-06
30751540.041067760438 5231 3.1539588433771275078 0.081489465261937524265 0.24476374401498821043 3.1727166916955606979 1.6760704567487787475 0.070590590685441254037 0.065058629879770235593 0.05976077607155217547 1.89135e-09 4.47137e-06
30751540.041067760438 4786 1.6355098316485481291 0.1544199816465978703 0.28338927174606837189 2.6427824968310078546 4.8780286730687612007 2.4665598990900887699 2.3633017290551436851 2.2548891135981374845 8.41208e-09 7.35334e-06
30751540.041067760438 6756 3.2031254435253986301 0.098847420352453807535 0.2890048340099727886 2.2442809782920853934 3.3591400322596376427 1.7836230147027025694 1.6858223678540738 1.5876281514348038471 2.22448e-09 4.71983e-06
30751540.041067760438 5182 2.015147145898018799 0.17984772585916433685 0.13119419612081706372 1.2078179174913088456 1.9340425814231820834 0.88083520466378728564 0.7488060429821769004 0.62637206535940315177 9.37786e-09 7.62462e-06
30751540.041067760438 5372 1.8599936678383601762 0.15226525651240485626 0.22285864126831805843 2.8868218831516534451 5.1171542815595900677 3.1775254480427284065 3.1834836268910509105 3.1898603012827035919 1.39548e-08 8.70479e-06
30751540.041067760438 5855 1.9549746225095541163 0.058201006718144786267 0.23562335376955884092 4.859733566920118264 0.99838492297342351645 3.0104029945509367394 3.0025565217108121097 2.9944905249529729652 1.88487e-08 9.62226e-06
30751540.041067760438 6156 2.0891279389394190602 0.31322195827968968285 0.071464646606826956465 3.1174927601886288642 0.24995767787764877621 3.1926411298733943234 3.2121687538606211731 3.2342563911656165843 2.69058e-09 5.02881e-06
30751540.041067760438 1410 1.9132220502859713651 0.30030921634754792482 0.10822948798767936807 1.8427883315077466797 4.4690215986663943681 3.6690785420386671234 3.847040662559474633 4.0417536426895690482 1.96181e-08 9.75145e-06
30751540.041067760438 6507 1.9450542533416146362 0.54494433596541547171 0.59759727856257149892 0.68801671215057447206 2.5969291332990707133 2.0831063762849733045 1.4960174780051793686 0.95259606281440400988 1.72019e-09 4.33221e-06
30751540.041067760438 6653 1.7057797437572848054 0.11754711747451804249 0.26369083586311081735 0.94163209003350012427 1.2186478095397395016 5.4779493113071895394 5.5596102886162377388 5.6374344938030080954 2.19009e-09 4.69538e-06
30751540.041067760438 6914 1.9774970430047158487 0.19549557696041564014 0.1658578944855016446 5.494812634470167545 0.5741414647523774839 2.7220559546756697422 2.6337388650983366567 2.5386687737318522906 4.41745e-09 5.93254e-06
30751540.041067760438 6633 1.0214628451455900482 0.14043627407105022109 0.22345291675011885735 2.9086321798695191632 3.8303002902973535271 3.3255934653482346341 3.353339515764658163 3.3828547359003211525 3.02269e-09 5.22775e-06
30751540.041067760438 6942 2.796362519620875009 0.080490021708661013689 0.20680492150247697936 4.4078576984591553156 3.6382256910279413553 2.929067440166775782 2.9113650850490935262 2.8929973350617377292 1.34834e-09 3.99439e-06
30751540.041067760438 6832 1.7023298874066514763 0.16589595215310579124 0.21582201489485849932 4.1512962911240629538 6.2371756603344552516 5.8622975841742004377 5.9256946537696313371 5.9837457346287132864 7.86044e-09 7.18895e-06
30751540.041067760438 4502 1.2501901531539589829 0.32439754422102057285 0.28132277242292735853 1.2405789872405359464 4.457504991721764398 4.5102319220740465511 4.8450043769475472644 5.1665535349464821735 4.58456e-09 6.00643e-06
30751540.041067760438 5426 1.3360611471279868478 0.18922373245912674222 0.071594124686625196241 0.98365234767065401478 3.4199599007389744898 2.1766554768797483632 2.011048135729114783 1.8398679497535976868 2.09851e-09 4.629e-06
30751540.041067760438 6089 1.9149000387721497596 0.3523805410233709634 0.30287467429907860561 5.1394638627551874066 2.7387684380628845027 2.9632075241828292889 2.8845521598699832566 2.7949701926204482128 2.91473e-09 5.16475e-06
30751540.041067760438 6690 2.9126435428147758877 0.12370397182537370973 0.10953241333759662635 4.3864455636991879217 2.7412249226502778399 0.85710280610653621913 0.76695608705458018228 0.68111211667703741579 2.63564e-09 4.99435e-06
30751540.041067760438 5386 1.662708187422957673 0.34434858212153268697 0.411556059468758062 0.41072810217427896395 2.374994903447629202 2.8193325299649534266 2.6842477830321542775 2.5321946716458052506 2.3788e-09 4.82654e-06
30751540.041067760438 5291 2.1647018305912997249 0.22333104474551004892 0.50432442848259328994 0.62807539785703458968 5.3578783527571536283 4.2794476015382052481 4.4941644300951768543 4.7121988143537638649 2.6037e-09 4.97409e-06
30751540.041067760438 6457 2.0113011745945219566 0.35263705493444713612 0.26327044303316604612 3.3170889401541292507 0.88173988124388325005 4.3437873847583112763 4.7035976037162665619 5.056221031378579589 1.33039e-08 8.56728e-06
30751540.041067760438 5818 2.0034824698734006176 0.35536949784116622642 0.42653564292670936853 4.8598083355058001587 3.178502546785967553 4.1073825286753109509 4.4416360852209635368 4.7840594020414686227 4.47796e-09 5.95951e-06
30751540.041067760438 6055 3.2276147899116875983 0.03970614787956115721 0.072331435864166418459 6.1671639395980211162 1.5586091556394565671 0.081815649759605826863 0.078632421550308098657 0.075513447444971959488 3.0525e-09 5.24488e-06
30751540.041067760438 5142 1.4380076628482463263 0.23953187456058966376 0.1247941631806279289 5.6167555033080898141 0.11579777219093190244 3.7217366560034519374 3.8697791471027493948 4.0291917201166809193 1.02472e-08 7.8533e-06
30751540.041067760438 6415 1.7324207367013648717 0.37405938932067084313 0.33937290550249110677 0.81072723236796584434 2.6459929130257267005 2.6555127085433762879 2.4374915787716719962 2.1953446310948994125 4.5356e-09 5.98497e-06
30751540.041067760438 6291 1.6192684061214230873 0.30027877084589688073 0.21056271502193565914 1.7309067713422179313 3.615359712893090105 3.9327711991363432098 4.1766308614112777065 4.4348351299840285122 4.97801e-09 6.17355e-06
30751540.041067760438 6390 3.247024956605247592 0.12833461572628110381 0.29790393236209794514 4.640582968930551111 1.5119528171830400876 3.2572615285523394135 3.2731509203777697792 3.2899857400978076427 2.74624e-09 5.06325e-06
30751540.041067760438 6126 3.0168207632390848794 0.296286505317616633 0.215642016693387506 2.9253354729989822225 3.3653417367883924349 3.2679508755679358423 3.3128978663555619377 3.3634054128310131304 3.04059e-09 5.23805e-06
30751540.041067760438 6332 2.1916709885820102599 0.18358800769643421336 0.2469459316973892371 1.2442687273320036656 2.8772289487722315648 3.0517387024015718566 3.0334364436579028812 3.0136189500836154664 2.19525e-09 4.69907e-06
30751540.041067760438 6732 1.4572634635564105654 0.23933395013807676199 0.16067082591778630851 4.3882597808069601086 2.0719204467132330549 3.4969488247834989991 3.592230139968357161 3.696469521394046609 3.70815e-09 5.59632e-06
30751540.041067760438 6286 2.0905871694574265085 0.5459145283700298501 0.46746727367842105805 0.55434434998439086062 4.2259221519518819221 3.2950273933012499405 3.4233750228847292796 3.5751764737037050601 2.66284e-09 5.01147e-06
30751540.041067760438 5405 3.1780832436335773039 0.080872933291830179092 0.15181359992312554175 1.6277774358987115999 4.3490279496163886108 5.4304356636057686814 5.4898394611959293599 5.5474779444596906686 2.93677e-09 5.17774e-06
30751540.041067760438 5098 3.2020006073717950379 0.10980644922343241188 0.097877555029013574295 4.4174914053166665084 1.8151271163195086267 2.5398990450949820996 2.4746140864056189734 2.4066861817188809347 1.90652e-09 4.4833e-06
30751540.041067760438 6153 2.7793479623309416127 0.11856120152354912567 0.60683573192308526423 2.6239110072613645031 1.5356903187375618991 1.3427772423865698137 1.2285384528731153608 1.1168538850644575966 2.21408e-09 4.71246e-06
30751540.041067760438 5367 1.1277208033708978618 0.068985878657946198 0.31876266597279573345 0.57945576738699777763 2.6457648895086820495 3.0945045193872569023 3.0911372781553048128 3.0876580463925882292 2.85701e-09 5.13044e-06
30751540.041067760438 5796 1.6770369283876744859 0.28514158608531692263 0.26099099169430650669 5.7322760997491721824 5.7053444772374133365 4.8154245281153720271 5.0988794786756308497 5.3629883464834611217 7.64873e-09 7.12382e-06
30751540.041067760438 5895 2.0880974502335241105 0.35642668668552129896 0.34925038774333178049 2.4154486954662108822 2.1077283507510951033 4.4859853040443837813 4.8563130544469990113 5.2090545730009116809 5.57854e-09 6.41245e-06
30751540.041067760438 6730 1.9276882210744994417 0.41169615031137424266 0.27306908411729957642 0.29187588584321932927 1.5124665387750579892 4.2236652513774988194 4.6406743437138135988 5.0513122732672339765 2.57888e-09 4.95824e-06
30751540.041067760438 5548 3.204001716908718489 0.098355132303530587445 0.3266358387540809205 3.8188202568777391832 1.0779882115698622425 0.12618064927742009274 0.1143516068151351206 0.10312903502912411369 2.11518e-09 4.64123e-06
30751540.041067760438 5131 3.5452322164953753436 0.11007508225743239949 0.26045198954823162163 0.56188966316479194152 5.0816993314232963286 2.2501212069597453791 2.1611944296703748947 2.0697529537261796229 2.25296e-09 4.73989e-06
30751540.041067760438 6295 3.2474744762602520964 0.035728101944867300677 0.25995271019223337161 5.8895859347736063683 0.012123535124534371918 0.3348081542418407941 0.32325962141597491817 0.31191026713410152649 2.30061e-09 4.77307e-06
30751540.041067760438 6725 1.5743217697632025942 0.25961038953355586312 0.11804410754231461911 4.4195397206380899746 1.3419504144749931918 1.0677761138643437899 0.85106033267861347369 0.65583856793648798167 6.2698e-09 6.66707e-06
30751540.041067760438 5278 3.1401419576500888553 0.11166321304973794715 0.31018820265229568589 3.7405460460258002087 1.9637413339917844102 1.8676758851061212585 1.7588857925858381037 1.6491919541398862847 3.13887e-09 5.29389e-06
30751540.041067760438 5669 1.6931626445904843781 0.37897205847566739489 0.24343393481467168193 2.2955763097522199345 2.9258640355953646761 2.062757239266435505 1.6847874558280868662 1.3082749095841597065 5.45549e-09 6.36495e-06
30751540.041067760438 5118 1.3116533235774849864 0.33929755106173142831 0.30323727617705986681 6.105211440751443952 4.2702434332882637236 5.1816221094513768008 5.4686595672591167272 5.7154646862375599881 3.95744e-09 5.71902e-06
30751540.041067760438 5053 2.9969750059211874849 0.21629274240001439278 0.24787614483461864467 3.9249374260556897376 1.400660074687930301 2.9952906429515180342 2.9595111479368232388 2.9203454939749762254 1.90259e-09 4.48021e-06
30751540.041067760438 5116 2.708993199653120687 0.2537653410588700531 0.12005597236155851615 6.2021532129405114731 0.21048262079160034999 4.8063794177864282986 5.0588072546714171196 5.2974976277394318913 2.56354e-09 4.94838e-06
30751540.041067760438 6595 3.0541607370730203819 0.0036017179741493952037 0.2167818111724554575 2.7262254839918189653 5.6601705469884011634 1.4474266300114921879 1.4438530706570709139 1.4402803338379839282 2.5233e-09 4.92235e-06
30751540.041067760438 5290 3.2011126599039925189 0.075169420008111262343 0.11252590437453892369 2.3727286183493729865 3.4049240830327245355 2.6464665946017644771 2.6094789281244779033 2.5713412757903872929 2.68653e-09 5.02629e-06
30751540.041067760438 5762 1.8661438026586110173 0.11318330261400524894 0.1289179176931275761 4.0627028539770488891 6.0845638500249812353 4.3264113000827748579 4.4337999341264122677 4.5426193873437981097 4.50081e-09 5.96963e-06
30751540.041067760438 6628 3.3074438374771539806 0.14885541742075322769 0.1920348126389109511 3.9539748356897286286 2.2435783326459954878 5.5723156965606337465 5.6646788967040704321 5.7509880829620660947 2.5094e-09 4.9133e-06
30751540.041067760438 6808 2.3395391606250215411 0.71279531235648641019 0.17914878781965579146 3.4929427761111018214 2.6770789517915423161 3.2816319064053209864 3.4808457181131564617 3.7180517538617721129 2.07842e-09 4.61418e-06
30751540.041067760438 5481 2.3190972517884862469 0.31012840397125013281 0.78333472774401169403 3.4759553022760973917 4.094061443043349513 3.4588203081717261433 3.5755199915947666334 3.7059095695925567959 2.0621e-09 4.60207e-06
30751540.041067760438 4662 1.3139386407801445511 0.26882513948196518072 0.040279855755765307801 5.2237054352610030605 2.9461507350454048115 6.1298824707606272 6.1667136359211891516 6.1979534059487484399 5.28399e-09 6.29754e-06
30751540.041067760438 3089 1.3173286969238569011 0.136705826022418514 0.095968941092752418909 3.1038920636752269644 4.8287982436445666679 5.3707906736096990841 5.4749558280742895988 5.5738030628588024484 1.46985e-09 4.11094e-06
30751540.041067760438 5878 3.2530019147644688715 0.093505058699059090399 0.073294833307246690102 0.69194169917322045915 5.6317491091376439272 4.2714987823994547966 4.3579231174726285047 4.4456151551747877804 1.44428e-09 4.08696e-06
30751540.041067760438 5489 3.2227077649239088686 0.023457618418812380134 0.30766322436477511193 6.0074927876647450375 5.6316577354897177088 1.6017990059626818766 1.578341979570006437 1.554885028949778869 1.80848e-09 4.40509e-06
30751540.041067760438 1298 1.9493538578166194064 0.61894381748446214431 0.10261717348342007383 5.2362180930164328174 0.83587654939540689814 2.116712002226498246 1.4232880823988875996 0.811065764963000424 2.27299e-09 4.75389e-06
30751540.041067760438 6292 3.3575515872110139881 0.015514260752358144738 0.29634339223074834813 5.7037602532249884746 4.2185857349932476268 4.4606166158446409753 4.4756714644463544417 4.4907530789408456329 1.7586e-09 4.36421e-06
30751540.041067760438 5358 2.0557391368296400458 0.63196105349524522854 0.39392437278790720656 4.4516838453699092426 2.1137588930442818835 3.8396871526762224036 4.4494071344071333129 5.0596408034150863742 6.59336e-09 6.77983e-06
30751540.041067760438 5535 2.351362723624581097 0.26415414947531490331 0.46523663032253609328 5.8153453973733002513 4.2642966044746462018 3.5174549914854114085 3.6301656568218008125 3.7541507187424629777 2.07392e-09 4.61085e-06
30751540.041067760438 5713 3.0488370381886622518 0.13113613818038827308 0.19546190875127084086 2.3500557467135845258 5.3863000434118459836 2.4887875209788785646 2.4044218757172388656 2.3162726981219865507 1.49134e-09 4.13088e-06
30751540.041067760438 5569 1.9525743007431561882 0.20568537422963437122 0.28821131871745864217 1.9666635592066790128 4.1822417330868919549 5.3846280815058324976 5.5371147116882237782 5.6767253879364627522 2.77052e-09 5.07813e-06
30751540.041067760438 6450 2.6502407265878131781 0.15453282468021140028 0.20799119736575208406 3.5668274373434569746 5.8386014898602827117 4.1601109730846728141 4.2978732971286959241 4.4393189663363390451 1.74846e-09 4.35581e-06
30751540.041067760438 6407 1.7743295461895676191 0.38868014687908591931 0.1510726720630395925 0.78073192748017949949 4.6144606558071989966 3.4601264362670947072 3.6166430891689231863 3.7944188968451935118 5.15346e-09 6.24525e-06
30751540.041067760438 5576 1.9752608307866226234 0.43651199372148197231 0.65478204665518202621 0.77676587187194412465 2.8349398116245594359 2.5878151379065696958 2.2896519722200445734 1.9611505906553308165 5.46785e-09 6.36975e-06
30751540.041067760438 5647 1.9705230842422374327 0.45404424479840360673 0.42743805836485676553 4.5843210358988066844 3.524139828895921589 2.2596020319593250747 1.8288821323746176084 1.3898756924380131217 2.57441e-09 4.95537e-06
30751540.041067760438 5992 2.087287643326549702 0.23597504530043619808 0.13818479954820667155 0.35306508577795908677 3.3867565597976225789 5.4363073256147842471 5.6020845839666630894 5.7506659255995922209 8.41385e-09 7.35386e-06
30751540.041067760438 6761 1.0919447530462340623 0.22473538466172210404 0.13173050646134171204 3.1748253843948082142 2.4441771989595988401 1.1741414871876609816 0.97368765010037205965 0.78783941412576108387 4.88068e-09 6.13306e-06
30751540.041067760438 6421 1.7644030745291594542 0.095948202821311487365 0.028344578033492606739 5.8945270638848334954 2.88184830241471035 0.3099647557766082584 0.28191681542759261525 0.25522428392201723657 7.66894e-08 1.53613e-05
30751540.041067760438 5394 1.6065736115504209991 0.32308183698076725632 0.24620188590662586692 1.4661489126146156625 5.0023154820507276241 3.6256862557456099871 3.8063104339309377089 4.0055992730115885792 4.23442e-09 5.84945e-06
30751540.041067760438 2895 1.6196915419385529145 0.1897600447596062001 0.097438855768112966893 2.3218919618822591033 4.0254920694710492057 4.6812253342015601731 4.8726184855766936366 5.0599478356705152038 1.06911e-07 1.71603e-05
30751540.041067760438 6189 1.5830734488990747533 0.17411010998723638887 0.19036823601645455617 0.48687141010358142568 3.8869848255230543543 0.2999387785506701376 0.25211770910491115849 0.20868502328279467384 2.99935e-09 5.21426e-06
30751540.041067760438 5234 3.1158958023274490046 0.15804297355167060135 0.10371316370709583732 5.1698523588168505682 2.376612371845471916 1.5665320964066880016 1.4078787041943121583 1.2519284959125198675 2.35138e-09 4.80793e-06
30751540.041067760438 6129 1.5466036805747491734 0.46243984079007910415 0.41476563973233970817 4.9011181955066138727 1.5211793438895300223 2.0810428872903528053 1.6043266633035386803 1.142146754892549243 7.14833e-09 6.96495e-06
30751540.041067760438 5351 2.9697299693255736486 0.13542422534364934039 0.11912975370189676783 3.6230159549793357066 0.93524432477949426268 4.592995819421441972 4.7289717285903316579 4.8643773343735059456 2.44807e-09 4.87295e-06
30751540.041067760438 5321 2.1887934793636190101 0.62510411385252084848 0.56076957591327358799 1.6325184987092107303 4.921486775692054394 3.0329133559758121308 2.9160579094500143071 2.7762673794417684903 3.33881e-09 5.40398e-06
30751540.041067760438 6337 2.1577875149664378363 0.38958448874490908542 0.42665658787273413877 1.8197606555084551161 0.10856400046719411057 3.0929087512153063955 3.0681572241888583896 3.0395736269002138208 2.57504e-09 4.95577e-06
30751540.041067760438 6557 2.1218624019990217633 0.031901172424786211623 0.20900664650062572569 6.0521420581855016607 5.821140286683522902 0.64389440786593410415 0.62498070269596983639 0.60631591294436681938 1.93092e-09 4.50234e-06
30751540.041067760438 1239 1.8207346057560018782 0.37278995670389070138 0.26898579193323818304 2.0789206920519891497 3.7101378009834200533 4.0627856929394257079 4.4080651502925665142 4.7637253278546989321 1.31823e-08 8.5411e-06
30751540.041067760438 5775 3.0267541511165236834 0.074952046042683281857 0.093517239231315635317 2.2095590275525314183 1.2413422629873513969 4.1966115746540157971 4.2631117360687955653 4.3306256340740647559 3.02463e-09 5.22886e-06
30751540.041067760438 6935 3.4976541236149434333 0.018465871336094508148 0.42555276774530681472 3.459742726057011275 2.3171038974703508373 3.362206750755188267 3.366284697592079489 3.3703990074361103169 2.603e-09 4.97365e-06
30751540.041067760438 5807 1.5182652491614516688 0.15938562080201640336 0.22097540132347409658 2.0600343809577061904 4.5675146701808317928 2.7584896181756084488 2.6937314655752460091 2.6247113309325111885 4.88354e-09 6.13426e-06
30751540.041067760438 5927 3.476305629944229203 0.11375439330418811446 0.18039319785724586276 0.20849734215685769567 4.0455477473823941992 1.2367425153421218731 1.1310051812176953323 1.0280755874060309996 2.21586e-09 4.71373e-06
30751540.041067760438 6445 1.1854496904613984753 0.22044025455460961038 0.088748580739436339071 4.5700041908150828007 1.2147366263988377266 0.38781020565042839676 0.31134985882626714515 0.24381933726015181385 2.3322e-09 4.79482e-06
30751540.041067760438 6807 1.8786847236165962194 0.12379309502062293968 0.068151294984929444709 2.372575419108392758 2.6631705604243856023 3.5402812222669481912 3.591443647939775996 3.645272767506281042 2.57067e-09 4.95297e-06
30751540.041067760438 5494 1.2485401181075814758 0.30012744867598978304 0.2928155724791540182 3.5282174062044751039 5.0982706795685146517 2.8733659254442467379 2.7778660817484590595 2.67109290091174989 2.97785e-09 5.20177e-06
30751540.041067760438 6123 1.8464428863852750951 0.35980442872916085228 0.34859994578780334473 1.9734940900420383514 5.9774611742188641372 5.4615800819681350475 5.7023337987770261748 5.8997714392628619606 1.87233e-08 9.60087e-06
30751540.041067760438 5407 1.8926823215998749284 0.49652631431475319213 0.38900086792074495268 4.3342812521807534409 5.8072550964204134871 2.1230507309715109798 1.6087781705754049533 1.1126099627157979288 5.11323e-09 6.22896e-06
30751540.041067760438 4750 2.0650138724224240683 0.31467197670022017952 0.32096736784565427225 2.3766481616923598175 4.9739586570473450777 3.6719368431579058054 3.8611131248404140237 4.0684895359551784821 3.28876e-09 5.37685e-06
30751540.041067760438 1127 1.3932581158957602074 0.35672737504504209438 0.19819930202394772656 5.7071466852189862706 2.6634962942197435432 2.9254420794037758746 2.8290246339212758997 2.7193298105816432475 1.29908e-08 8.49954e-06
30751540.041067760438 6005 3.0462452979687242305 0.23461699834125385178 0.41137762293701418681 3.7928019355276285651 1.4221530585170789607 2.9665447760656813436 2.919616607320384194 2.8679638886976683843 3.36675e-09 5.41902e-06
30751540.041067760438 5209 1.4217804634394541896 0.17239357927477283461 0.22856433540079587607 0.66271692143391747187 1.3487791552313064258 3.7733819109906514555 3.8835830791461005695 4.000079150840988973 4.75685e-09 6.08074e-06
30751540.041067760438 6996 1.1152488819658361585 0.17679496520783852254 0.045647491214463875586 5.3252269989518978832 1.9337896059335777377 3.2473144581631427918 3.2679461886518397229 3.2902254646396418281 9.30536e-09 7.60492e-06
30751540.041067760438 5406 2.0379531268531598798 0.24558057877373867806 0.21786665904151333861 3.7214567361186623451 0.83418938155664057454 1.0122972983502218636 0.81455059492146042466 0.63591103524797443214 4.61584e-09 6.02005e-06
30751540.041067760438 5938 1.7406801947719816592 0.20011232090739444756 0.29039008871960653169 5.8952393066081523187 5.5109163349024283818 2.9015701501069388613 2.8482931070153920672 2.7904381470277530575 1.88863e-09 4.46923e-06
30751540.041067760438 6827 3.1209248884717943895 0.15171939886135749065 0.16311057784798049797 1.2677008852332758426 5.8224152232695107756 4.2414361316393218715 4.3820705851663062091 4.5255879000892740294 3.04652e-09 5.24145e-06
30751540.041067760438 5420 3.3847401554157787729 0.15436200830090610059 0.27924934761205483236 1.7378044759056208157 5.9997564002891099477 1.4938815908343370253 1.3402691372016120042 1.1899906103035973182 2.55489e-09 4.94281e-06
30751540.041067760438 6167 1.9632134700810175421 0.18114211810810124104 0.048209572795360589037 1.2216662677215175403 1.8862238391620964606 6.007016802901577357 6.0527903940162710583 6.0941563739101747288 5.7681e-09 6.48427e-06
30751540.041067760438 6401 1.6120893760656891391 0.075292562675635041347 0.081083876244741781569 0.064546722339239318011 3.9397381918136127332 2.0523889633765404206 1.9844040338486685915 1.9154603816082580447 1.93159e-09 4.50286e-06
30751540.041067760438 6586 2.0638132452763366942 0.13764768333940094469 0.27342803983328528572 5.8806679803290773378 4.1687405128934180709 3.914299994569300889 4.0157905206393786912 4.1213702980233097861 2.89513e-09 5.15315e-06
30751540.041067760438 5195 2.7536300796531589796 0.16964167212877986901 0.14963093000517871389 4.847326072347124537 1.8849585786238893803 2.2309860888401322754 2.0887887768035433567 1.9414015572794069975 2.26107e-09 4.74557e-06
30751540.041067760438 4963 2.0109282236420584766 0.21879115464994927653 0.352619661760908365 1.291463361943705479 0.17323613020502434678 2.7948722195481807695 2.7109119114073649826 2.6195689066543876855 2.1769e-09 4.68593e-06
30751540.041067760438 6056 1.5488586892786153637 0.23246192772687798711 0.23043483136813169843 1.7566895982960668565 1.8769389324928114071 0.81528584085659316916 0.65688016982139985078 0.51492747252702641969 5.38932e-09 6.33911e-06
30751540.041067760438 6170 2.3198406613815700794 0.2779050366811935957 0.16948479594785839653 0.40131919279378519549 4.7443937998931655642 2.4054360775625327484 2.1935447970477350843 1.9678085310621451498 6.44558e-10 3.12323e-06
30751540.041067760438 6886 2.7753718891479333131 0.1025247836561480469 0.47261349417659553884 0.75988316062698069153 0.67567574242531414086 1.6517094974034296495 1.5489133874957146109 1.446413150524398894 2.88448e-09 5.14682e-06
30751540.041067760438 2992 1.8901986571513715862 0.27958800789745857918 0.099362654974549158293 1.1347137402752920377 0.12990436950184683362 1.1896975458408913795 0.93954174150842884039 0.71383377041190820833 2.26492e-08 1.02298e-05
30751540.041067760438 6243 1.4006791887781919748 0.16495744306412801761 0.16521925847881027694 0.56085233691602143224 3.3876196673638800938 4.1434620981178396093 4.2896865327970523651 4.4401250248329651171 6.87089e-08 1.48088e-05
30751540.041067760438 5776 2.3149313953586738712 0.54194681392513310847 0.12436422212275714816 5.9381369409203781373 6.2823092166499563405 2.7363163974225366282 2.4206097905659662572 2.062858084656710389 1.75506e-09 4.36128e-06
30751540.041067760438 5846 2.7681286861427492063 0.13214610533063467224 0.10031988472217352737 1.3399375958467585335 5.8100716122227948901 4.8453978021445562874 4.97562150021556171 5.1032156892537896553 2.37403e-09 4.82332e-06
30751540.041067760438 6333 1.6117412043512522324 0.31228747810467077928 0.054685212223474326254 1.5037026396232882064 4.6808525671561813652 4.2610717956249324345 4.568498208711522679 4.8775583744201895797 1.94245e-09 4.51128e-06
30751540.041067760438 1147 1.0924810780020695056 0.12069340686795322626 0.12351049453075206574 4.7540711353417570706 0.58437366027006953928 0.72464344142870762422 0.64786729483536287244 0.5750303664127458525 7.2768e-09 7.00643e-06
30751540.041067760438 6244 3.223236619644575196 0.081181852116711444856 0.31929964551052386623 3.2583796718036306395 3.2249648862972657426 2.0068513172755730878 1.9318916827690453264 1.8559452160967926382 3.08558e-09 5.26376e-06
30751540.041067760438 6192 3.1977989863360032352 0.17734008657814875898 0.32302896287719767843 2.0200756891284656902 5.5976091783855332906 2.3469103687267263147 2.2110310493361899908 2.0688121807949473308 2.79503e-09 5.09306e-06
30751540.041067760438 5914 3.1863382464890950274 0.12088262506918355521 0.11650267573435298119 2.4897281480868147518 3.6786861462610609408 0.19715533251361744282 0.17472498160324070882 0.1537110708608976084 2.63408e-09 4.99337e-06
30751540.041067760438 6739 3.1775868617478915112 0.14578343572545185425 0.21249554195575695581 2.0311509397577358627 3.316313948188909233 2.9876374413294106702 2.9634083349639142035 2.9375692512861721895 1.84353e-09 4.43337e-06
30751540.041067760438 6164 1.8986774891681659216 0.26929158279303516688 0.19161178598688102803 5.6427188940345933688 3.0004444318193388419 5.1115859443104447735 5.3504351363930373608 5.5667465767149213463 5.09634e-09 6.22209e-06
30751540.041067760438 5361 1.6180104170367841654 0.41431150974194541625 0.20131041491414958244 4.6138080604200650825 3.3228628323709283876 3.9329505533647655113 4.2930802194645725223 4.6715001642916478275 3.09083e-09 5.26674e-06
30751540.041067760438 5650 2.060884250284050534 0.20510070840764946243 0.1430627797629183684 4.6322170277040921604 4.5524220564743194117 2.2458372546356737409 2.0732193690494082894 1.893465351066055069 1.14639e-08 8.15256e-06
30751540.041067760438 5401 2.1201608893535932587 0.31448460393755517384 0.16721718624985112966 0.020584981800412790326 6.0182562105533818908 0.90777493566940414826 0.67746237988947322073 0.48033782684108361494 1.17442e-08 8.21848e-06
30751540.041067760438 6655 1.7203460044208567226 0.35979946435832976803 0.10851512919188149864 0.53006729707142596908 5.6704972904624302288 3.8893860039558600938 4.180468763858864456 4.490556444177215667 6.32791e-09 6.6876e-06
30751540.041067760438 3400 1.1994607791824081211 0.2472184843712232627 0.22628672392881798991 0.68234510104325185598 3.1541624413807394234 2.1921831209902107318 1.9727910020969905425 1.74528018221214265 2.20416e-09 4.70541e-06
30751540.041067760438 5798 1.323647748072767083 0.053912948527710280455 0.13088993006161608879 3.5548399746529133481 3.5991316518631180088 0.34790003830214638603 0.32996182859744199733 0.31249366039118003924 2.01067e-09 4.56349e-06
30751540.041067760438 5551 1.9990938998742298072 0.31237305211507782055 0.11643128285303716574 6.24939577128362167 0.78833612239553296774 3.8122925799964342275 4.0390254309888398154 4.2832163543669761196 2.00606e-08 9.82423e-06
30751540.041067760438 2928 1.7203036611765663011 0.33880635089204219623 0.10655057499018183442 3.1290254290625938438 3.5056758557567788692 3.4961659807576310754 3.6408559510481350863 3.8030692800798591158 9.69793e-09 7.71039e-06
30751540.041067760438 5185 3.5318032286723064495 0.033933721939229471998 0.2536301099328931441 5.3039864482875538343 0.18767755567387170434 5.6649814579666895042 5.6843851876566313663 5.7035119898555368678 2.64564e-09 5.00066e-06
30751540.041067760438 5885 3.4928629784951645831 0.081401806399047829665 0.26520169792987513535 3.7192159929634081017 1.5801826336488506985 1.1793882093673739853 1.1052058418259964601 1.0324687186043302045 2.25928e-09 4.74432e-06
30751540.041067760438 519 1.8266237800991500517 0.12311958960593347157 0.12899606030362298359 1.3383598181341203048 3.9814325783460930985 3.3471820644267360478 3.374035110300349416 3.4023963208007468317 3.92741e-08 1.229e-05
30751540.041067760438 4406 1.7491996900037225515 0.041102084420769680051 0.1645348922196888386 0.40960784726113941279 5.6750630250784874775 2.7960460172250676258 2.7818439041880078655 2.7673743643042985063 4.822e-09 6.10838e-06
30751540.041067760438 5578 2.871672360233071597 0.12823737868022014319 0.20524478175259641688 3.4164491403801640068 2.5936869911361117857 4.8124541612194118301 4.9395886455645463542 5.0645304505530335248 3.04211e-09 5.23892e-06
30751540.041067760438 5134 3.5149646350558878538 0.083809025976394793678 0.33580900748415193346 4.2045195422701988619 1.7123794924974284903 5.1340225176308429411 5.2092970689749247271 5.2829702905203275165 2.31886e-09 4.78566e-06
30751540.041067760438 6863 3.1059378638546717433 0.12813976422882836226 0.084579068666532003506 5.5732475930631082406 1.5402514530014890237 3.1014262208134040222 3.0959044459623039636 3.0900520063805809734 2.72515e-09 5.05026e-06
30751540.041067760438 4313 1.9941630269314714052 0.34259679876536125454 0.2911766889267634606 1.0767046173293528533 3.540181292268940183 1.0986976527287783956 0.8094835522593040178 0.56146711328191467594 1.98502e-09 4.544e-06
30751540.041067760438 5577 1.9674721835090283051 0.59810221639648497582 0.36743832996148367842 1.8367147474892693282 5.0341056162705974941 0.13546737365048056034 0.068012330608916413133 0.027365358477012761973 6.01747e-09 6.5764e-06
30751540.041067760438 5417 1.8457596564022316077 0.17337911970704694697 0.20612171750962024475 0.66434976554347990874 4.9907235687028883575 2.7546398922669226295 2.6829412501787079925 2.6061795017696876009 6.2485e-09 6.65951e-06
30751540.041067760438 5880 1.5123743888710667882 0.1781629590732986268 0.083010754823542295955 4.0886615740787703999 4.3542437334728383291 1.8824220178444297513 1.7070830710062212532 1.5305721586816074531 2.24295e-09 4.73286e-06
30751540.041067760438 5030 1.5223677153720931443 0.36138801343417248368 0.22212843752680436205 2.7915020739321576571 1.5430758912792226223 3.1391236909797926025 3.137987807794300199 3.1366850625550450893 2.14686e-09 4.66428e-06
30751540.041067760438 5240 2.1082849478626806139 0.077981725258804202028 0.21914237196052821499 3.5924157890919898861 0.51523009854314150147 5.324599667679099646 5.387092413629951615 5.4479877377905552294 1.54708e-09 4.18172e-06
30751540.041067760438 3887 1.0796629640162540564 0.41773261807991940442 0.26581372633853578291 0.72459577608232517143 4.783639055774435711 3.4114321167711008087 3.5590535164144023739 3.7284193144078621174 4.23017e-08 1.2598e-05
30751540.041067760438 5625 3.021175433507837127 0.32016617484937609506 0.093423895805665208014 5.9347981953493995633 0.086198501716265377159 4.8239546751113913103 5.1421448789698338544 5.4331975371523295593 2.295e-09 4.76918e-06
30751540.041067760438 6997 2.9088599213858299386 0.30477186653014753936 0.23195481777647447563 0.36503306047737754669 5.93444754120880269 2.0070385407639377284 1.7063831684872303729 1.4044084440881714482 2.77488e-09 5.0808e-06
30751540.041067760438 6029 2.0853190959226099999 0.18364524750902663786 0.14034749641431892853 1.4208360741816274952 2.7623342433735555979 5.2342236938798620827 5.3874067345685876518 5.5307778183588380827 1.2969e-08 8.49478e-06
30751540.041067760438 6282 2.8062197476580257316 0.032774722768578880283 0.055855426995359142017 2.7247147486270386629 5.0787292462396518289 5.4959220793509393488 5.5188801060108181318 5.5415613814654776093 2.68214e-09 5.02355e-06
30751540.041067760438 6604 1.1839529831736226306 0.2186825570970937771 0.1996963624247498903 3.1535025856584057991 2.9283641508848141655 0.8841665981429656096 0.72453283147332758762 0.57959316089638157621 1.33847e-08 8.58458e-06
30751540.041067760438 5362 1.450598703162055525 0.28235698113755486327 0.26107029865225933607 4.7958527091649365559 2.9256032681764181369 3.6509717141757143111 3.811401308548270972 3.9866986859571214019 1.49782e-09 4.13686e-06
30751540.041067760438 6068 1.4356879996612545991 0.41779061925632382524 0.027700889735041020479 0.012254824082436605384 2.226912654323801366 3.711204912150304569 3.9986852978090960953 4.3145109808381887362 2.08722e-09 4.62068e-06
30751540.041067760438 5877 1.2074188658239897176 0.33233879613471806191 0.070706214814130682877 5.0206674702086875328 5.9143303662197679316 1.9676751217555652484 1.6330287078113057131 1.3013332563554524945 2.13222e-09 4.65366e-06
30751540.041067760438 5479 1.4317214429754390181 0.1026942435360258532 0.20327007642894126538 4.9416722345923629334 2.5738982669459673502 0.96628347325225349973 0.88401975052575587632 0.80460692524230248424 2.12255e-09 4.64661e-06
30751540.041067760438 5257 3.1997931912313388736 0.09089368690301440068 0.19359219288767803846 2.4785736292405076142 5.8464331586827311682 5.4272372027449939935 5.4940031468767989153 5.5585174318502792445 2.20895e-09 4.70882e-06
30751540.041067760438 6565 1.4082091439490025397 0.25803672456143611491 0.16085924772510956648 1.5746313155545250684 3.7715884759509092916 1.3904550531418016224 1.1394949555844924305 0.90508859523814133574 1.41094e-08 8.73682e-06
30751540.041067760438 6327 3.0180731002799325857 0.18745268949468801845 0.15061078318822515576 0.47561288331512130423 4.405889700455136726 2.6936741473708263328 2.6041917857798706493 2.5082338243932573718 2.25041e-09 4.7381e-06
30751540.041067760438 6313 3.2438939239446504814 0.061037053748719892476 0.36533364377755656038 5.1426627894536096619 2.7268509656073596226 3.2408195755238469182 3.2470615179207689138 3.2534870984986294928 2.33149e-09 4.79433e-06
30751540.041067760438 5890 1.9151578699633360348 0.39679503930099846443 0.48359848071673983139 3.2076697003522927076 5.3330162229769442206 2.7678490462916203185 2.5812810451724099714 2.3704042485447187616 4.73576e-09 6.07174e-06
30751540.041067760438 6709 1.6464912127932134212 0.60596192836003115456 0.26741380413467247257 6.0840189384151406315 0.57908700032137072622 1.0764841890741734254 0.57508382160160642638 0.24549801944510590834 7.37402e-09 7.0375e-06
30751540.041067760438 4581 1.6979994413312331503 0.35031524322455870335 0.23054544894110573505 0.23198316303717911313 4.1410652746827167903 0.82739332506530161027 0.59121654038228099726 0.39596081344885236675 2.62777e-09 4.98937e-06
30751540.041067760438 5923 3.0354338051772811191 0.067615413141138669406 0.18713571740731088644 2.7864799621143578889 3.2434655764773827613 6.2804488784946590485 6.280628050663288775 6.280800960430687141 2.22479e-09 4.72005e-06
30751540.041067760438 5864 2.0392778862387621608 0.24043869414142990393 0.62181843724495500236 1.4359855532059220273 3.24765298499385624 4.0180624101984196983 4.2207691463837644363 4.4327325334361349363 2.76427e-09 5.07431e-06
30751540.041067760438 2182 1.341010141353438323 0.044622028133229171831 0.24991578222263619025 0.81948412908485734896 5.5546460991937038898 2.4866088376027306595 2.458925613430883228 2.4307751553722978244 1.98345e-09 4.5428e-06
30751540.041067760438 6842 3.1507303755403959222 0.096263303953750198327 0.11202120985837965561 1.0105542514525638342 4.6752584885137604687 4.8650158256941784529 4.9596165215958007977 5.0529529026669157687 3.94698e-09 5.71398e-06
30751540.041067760438 5437 2.1015868186134234463 0.22500304810957888479 0.19761235791293080277 2.8884884082930568638 4.9460012325791442578 4.0660689572948349735 4.260813698118846915 4.4632626188676383094 4.54448e-09 5.98887e-06
30751540.041067760438 6001 1.8001062343915537056 0.095672335199405572626 0.38342082039248565062 6.0490156570880388998 1.9129385328147747725 5.8406472733975096645 5.8800012363963727324 5.9175381897375789464 1.89847e-09 4.47697e-06
30751540.041067760438 1517 2.110298896666480406 0.50395676012645607145 0.51853379527356346923 4.9468713501522225684 0.19948220401365246435 3.6151135502495956864 3.9370796297294123889 4.2970078369086639469 2.17631e-09 4.68551e-06
30751540.041067760438 5753 2.0878835475671269073 0.30282459993697663503 0.35071851635295575589 0.91398248071241239288 6.2673952693423373717 3.0230688072341558303 2.9797336319502449875 2.9309324764690973808 1.44813e-09 4.09059e-06
30751540.041067760438 6121 1.8805874431190543472 0.43206061438912873873 0.17688655912071302168 5.6680055837986973444 5.9226254752054199315 1.5017355696244274466 1.0626486072495631152 0.68518003916538550158 1.90564e-09 4.4826e-06
30751540.041067760438 5717 3.169508687013538939 0.040336644026038891153 0.22434184354139391493 2.8817318972630370233 0.38719300536822592873 3.0598710846232290983 3.0565094413761104697 3.0530816093947543699 2.31886e-09 4.78566e-06
30751540.041067760438 6197 1.9347696453493616886 0.1732320628389916739 0.2809714591066901912 6.1837652236854712129 5.4954535491231846223 5.4924492111557121632 5.6092238840345665096 5.7173356161728436931 8.02678e-09 7.23931e-06
30751540.041067760438 5211 3.2105536966023979772 0.042847871253838355765 0.24960670285106420496 2.3527866209356820271 2.7393167520132299941 0.41782655480897434863 0.40076659939969933033 0.3840506030796105863 2.07199e-09 4.60942e-06
30751540.041067760438 6154 3.13061231883960156 0.041402974944144417535 0.23733468802877330517 5.9550048263891568467 2.3127108375644893634 2.1231261731249611024 2.0874809263126499204 2.0514826226898872363 2.04677e-09 4.59064e-06
30751540.041067760438 6204 1.7599218181608891065 0.21424660468019243731 0.20964509706396844413 2.2327692423806078104 5.0415017308582967814 5.0245711778179193985 5.2235525670140443566 5.4104132880817594753 2.26769e-09 4.75019e-06
30751540.041067760438 6392 2.9913386148540084264 0.27664027552390851872 0.18843419130186739308 5.945864049302985066 0.86503696056212986409 4.4387662879259339732 4.7193268142232200901 4.995960431936175894 2.75286e-09 5.06732e-06
30751540.041067760438 5076 1.5585843260780793962 0.32989616586602221737 0.15282604870296775945 2.2939179490763019764 0.74695519066798998775 3.8761173209154282659 4.134914715230498139 4.4113162857842640463 1.5547e-08 9.02399e-06
30751540.041067760438 5288 3.12723301458603542 0.20168630101950396627 0.23479894698921940921 5.0149605794402338788 5.7439118271890210465 5.3029408918235274584 5.462778667391380516 5.6102967045696159332 2.94866e-09 5.18471e-06
30751540.041067760438 5459 2.9537742151358230558 0.26404624558945061219 0.1955517724012222347 6.2693278939269800887 5.3707704234364372908 2.6407172991104514992 2.4946409326304364029 2.3354852329500985775 2.51526e-09 4.91712e-06
30751540.041067760438 6816 3.0927904826417171869 0.055350606814525235566 0.14884395817941553641 1.0627103498415733096 5.9527914340993888231 1.4964405581476816209 1.4413279266227241315 1.3864405674632589438 1.76213e-09 4.36713e-06
30751540.041067760438 6572 3.0042021195640740139 0.12011221878161605636 0.15568041720960695828 2.1716545159794899966 5.4471578602061505592 5.1134222426202899925 5.2217488804360225885 5.3266136711349831856 1.66053e-09 4.28153e-06
30751540.041067760438 6740 1.9423594970801276727 0.30243441303544604803 0.31694298186544617169 0.32847404418092074341 0.078688873084276952929 0.28830487327318637947 0.21167211436120270118 0.14813216022602634925 1.33102e-08 8.56864e-06
30751540.041067760438 6480 1.6996243009540381586 0.21601253807775269711 0.15450686647540173846 5.7225605335571350096 0.96471293317565598446 2.7680790231796943424 2.6793389516410575091 2.5830046148559806518 9.59462e-09 7.68292e-06
30751540.041067760438 5642 2.8619596825669515461 0.12177125206965941362 0.095994260914811280205 0.96581842512916848964 2.3466566879237387155 4.6998796875627943948 4.8220375334697056502 4.9430775026317661514 2.80041e-09 5.09633e-06
30751540.041067760438 5478 2.2628949341346080715 0.44729358284721948413 0.24681137433298558359 3.5671913081524406763 0.8428754015456050297 3.1603965268009837075 3.1720195508779474025 3.1856272069016546844 2.28234e-09 4.7604e-06
30751540.041067760438 4732 1.5246103680555884718 0.17805079885166144593 0.16942487118145155289 5.0437972415536425075 2.4582198875331222609 0.078620829459997015887 0.065681901319583180232 0.053995593224614016337 1.92787e-09 4.49996e-06
30751540.041067760438 6815 1.6781822183637515877 0.4002527482266569625 0.18816216599588153624 3.3557962159019627535 2.7956195667883321221 3.0904258797125745417 3.063433343606762449 3.0321817064169085398 3.57143e-09 5.52668e-06
30751540.041067760438 6617 2.7750973835035490644 0.24833488665212979929 0.02888313902057979346 0.096149464480106056063 5.1806480168019213295 3.3145152987176782489 3.3640735588415942026 3.4188686660133962292 3.93262e-09 5.70704e-06
30751540.041067760438 6667 1.8122589365458974253 0.24596320958036049786 0.3333094793732680472 5.0834012491337023931 3.5704781905264684205 4.1173365329762843245 4.3388640285213835313 4.5678673071608821843 1.85586e-09 4.44323e-06
30751540.041067760438 6040 2.2596349890136049332 0.4198337753826384966 0.40270758962370217793 4.5277038848878561339 2.3579692584179836601 3.5624372420847305598 3.7865214682209513697 4.0389009958636226116 4.48499e-09 5.96262e-06
30751540.041067760438 5950 1.715048291106945566 0.19662569726179948693 0.13507598568673678807 4.9128625356040469541 4.732574345509246605 3.8831966149822272349 4.0276637739628489143 4.1799686375790727766 6.81029e-09 6.85339e-06
30751540.041067760438 5158 2.0842215006835695945 0.28798259888645122428 0.16956103409530837167 1.7130006788940070894 3.4135313364555721627 0.28525964670490822073 0.21273914886657238621 0.15193505392402134602 5.85576e-09 6.51695e-06
30751540.041067760438 5252 3.1419833846022160451 0.10950901018277026111 0.16734516666610241287 5.0614940675353352617 5.4462070195438565534 4.1044465257154563176 4.1974580441505828787 4.2927666636040200387 2.42859e-09 4.85999e-06
30751540.041067760438 6104 3.3373965452940428378 0.099846207426702221488 0.14588427097732492577 4.2793457741460159127 1.8297999855640774136 2.1140245796578871484 2.026118755524958015 1.9364449509797601046 1.75259e-09 4.35923e-06
30751540.041067760438 5196 3.5663824704284339262 0.079643043336480007222 0.20614785958605888472 0.92197766106954348597 3.6232791040802405647 4.4547351993532178227 4.5326243779081130114 4.6109840380043785046 3.02458e-09 5.22884e-06
30751540.041067760438 1284 2.3118468569231325205 0.19146389464699206662 0.054662837700475780389 1.7758672038112268687 1.3535775706261568008 2.0394152666652782813 1.859615671707474549 1.6760820548610066982 3.64405e-09 5.56389e-06
30751540.041067760438 6952 3.2099354191768965094 0.16592937291136369837 0.11135328678986004813 2.205026659546271528 4.1914080944115434946 4.8964009069540086472 5.0578427377698362832 5.2139693180130137762 2.57429e-09 4.95529e-06
30751540.041067760438 6978 1.4670421665025414892 0.26064697974706879657 0.31944069531476088075 0.92687596098355207186 0.24527642744995503676 5.3504758188109589057 5.5472843381629743931 5.7222449916884974286 2.46129e-09 4.8817e-06
30751540.041067760438 6692 1.8273706579529567229 0.2971793326634589727 0.16053465495533331131 5.4732110641590034916 1.7078261513010291051 3.9919843322264805252 4.2446063910543152531 4.5098598461900776257 1.32225e-08 8.54977e-06
30751540.041067760438 6425 2.1296896274043541908 0.2840520591185528021 0.15710531392825843877 2.0046573168573158519 2.4949756884179228322 2.8616046160566397383 2.7685465708811825003 2.665022748040778211 5.02719e-09 6.19382e-06
30751540.041067760438 5767 1.7041218837239981987 0.54135692147842662258 0.25569227469147087772 0.35111616702907411103 5.8984461382168484889 4.4184272708727805323 5.0154253720466765998 5.5321152416820256192 4.97944e-09 6.17415e-06
30751540.041067760438 6836 1.6335688712157832025 0.3071407929341459786 0.2206512896611899921 5.8132002328352960774 1.7304331334033558054 2.1597132010957698078 1.8748587050969958145 1.5818070455474597669 4.61039e-09 6.01768e-06
30751540.041067760438 6180 3.0675197994090810383 0.20701244808740923431 0.18383832926473378522 4.1614514602687115996 3.2440323120997809347 2.1495409068928887919 1.9642387143787880532 1.7730430883110595008 1.88472e-09 4.46614e-06
30751540.041067760438 6809 1.7774358814797479589 0.05435206232461351622 0.29199415794268229751 1.5517276179499253086 2.4175602877944069036 4.0328173190284157812 4.0758549593865378569 4.1195627574600033327 1.72631e-09 4.33733e-06
30751540.041067760438 5678 1.7491734482902265846 0.32879809654269565034 0.24876621155177758293 2.4924031324097706275 3.5831259318872104025 6.2803624519899026168 6.2811790535589082651 6.2818387054880462372 1.85255e-09 4.44058e-06
30751540.041067760438 6119 3.1128833191498515021 0.085571180017999362577 0.1621740386264479139 2.492788255751535953 4.6791514911654257247 1.4742325847750819001 1.3893058300896214963 1.3051400919214271035 2.96829e-09 5.19619e-06
30751540.041067760438 5063 3.4794079344273782795 0.12601959191185002629 0.43458974037219966213 4.7572055721202266554 2.1224890663754361064 3.4577418897881528892 3.4995897452010615858 3.5437468857412603995 2.23728e-09 4.72886e-06
30751540.041067760438 5289 1.9150418404206057676 0.11689171094678499352 0.2090858419781512767 5.9581755322123290952 3.5070603426579607387 2.5460029708521334513 2.4768714741811126423 2.4047680262515882532 2.13423e-09 4.65511e-06
30751540.041067760438 5310 3.4954756439557730374 0.032581824471648188069 0.33665996482212062757 2.0099716040857731336 5.1486736414249758553 4.7136912376588488982 4.7462781105451856689 4.7788412271322169289 2.51895e-09 4.91953e-06
30751540.041067760438 6054 1.8730994493835180226 0.31749541147509852124 0.043434979462184913901 4.4985993371984145384 3.2811035470414093851 3.3952063472078948259 3.4922229690512649469 3.6012794172808675341 1.3494e-08 8.60789e-06
30751540.041067760438 6960 2.9966566583356430975 0.13015734694664946036 0.12488033995518876829 4.233633119225491015 3.5197434475287616706 4.8939785025410937891 5.0208723294267230131 5.144885617278594836 2.28045e-09 4.75909e-06
30751540.041067760438 5360 1.6889682993788892595 0.13766735137100843955 0.10006891605248900701 5.9926240210953860554 1.6283530291028820436 3.6042447884121564528 3.6700322598356431847 3.7394422671594771401 3.7029e-08 1.20512e-05
30751540.041067760438 6823 1.9146724693478243129 0.19029263372486873718 0.24178818328025536433 5.4065535616597690804 3.1974563856208142454 3.9644252526860204178 4.1147637194333155364 4.2720737235211307947 1.69817e-09 4.31364e-06
30751540.041067760438 6677 2.284213401852068781 0.15010074460889835657 0.23041463942702106182 1.7159774944779804251 5.4403025908802122856 5.7419982500705808448 5.8150061597969386895 5.8827409401806400879 2.33048e-09 4.79364e-06
30751540.041067760438 6017 1.9680242027275542949 0.38276168580847108602 0.066830343563832980691 2.3103616957943766685 3.4137666678973874745 3.9359224534158827602 4.2628373045700529431 4.6075685614685912839 1.07446e-08 7.97837e-06
30751540.041067760438 6791 3.0204003138894814917 0.41519005632779537596 0.10668283402294902185 0.70924563745592872355 0.88797262773155538618 2.1853387909670112244 1.7846135858515623784 1.3788782185736288 2.20531e-09 4.70623e-06
30751540.041067760438 6266 4.7534255133490646017 0.15731206314064419272 0.62139468175530720995 5.9155383139805701731 1.3894490282100493417 3.6098005507486483623 3.6866296465495431711 3.7681880422413907006 2.89198e-09 5.15128e-06
30751540.041067760438 6897 2.186846649385825625 0.42896417559701072175 0.48254879143014245413 5.2039171751394608378 2.3138351936822028065 2.3043341405843666969 1.9150039017519095985 1.5112014123314942982 2.6229e-09 4.98629e-06
30751540.041067760438 6969 2.0399576606411784496 0.25036052452723778217 0.27801248771337860877 0.76544110687228361645 3.5773721454646389972 2.4241685514760891174 2.2396999172550322577 2.043291572628653352 2.41679e-08 1.04535e-05
30751540.041067760438 6230 1.8214612549381232753 0.22566360073124772101 0.26468032309328493046 5.3679500038931040606 2.1245133117450336613 5.8113513733507513592 5.9055884741941842009 5.9887878600584700806 6.03494e-09 6.58276e-06
30751540.041067760438 6186 3.2116710960856305057 0.055183304997473717202 0.21903015955303375972 5.2400461926181778338 0.30151070332055662782 2.8469367295792600281 2.8304637969659927066 2.8135703392227440212 3.14704e-09 5.29848e-06
30751540.041067760438 1465 1.4588425860494165232 0.35212644588181202243 0.23086509466859764239 2.8276479955692264134 0.63591677203921592731 3.353377696837319899 3.4463171887399139948 3.5519658315541242644 7.44584e-09 7.06027e-06
30751540.041067760438 5931 2.684982032168242938 0.32889540674159778444 0.58855894321803658986 2.8677625893814417957 3.911220051311396162 3.968804971852919472 4.2481824629585025477 4.5422732039181150654 2.66585e-09 5.01336e-06
30751540.041067760438 5323 2.8032680676951930998 0.068467027739741462278 0.12526795812634908267 5.5667656009203838607 3.3927577597315643487 1.3483917419418252059 1.2820586113799834482 1.2164258402641814349 2.25995e-09 4.74478e-06
30751540.041067760438 5788 1.6970462397702366086 0.36352484040124860565 0.13143584828455207036 5.7559431420488600395 0.86108585323866171368 5.0575575074213032778 5.3875259531292583048 5.6713012047685671391 1.43499e-08 8.78617e-06
30751540.041067760438 6138 1.9538737463336766087 0.16198062854219372197 0.12371775016207944842 2.1268907643046430778 5.9226165606480911663 0.94059794703609389543 0.81506645180011327856 0.69718161957119950678 1.45536e-08 8.82754e-06
30751540.041067760438 6726 2.0968343556518629356 0.19835586880318872849 0.10207728024300156966 2.3152074767911536846 0.60271714479232196826 3.2163562387979451884 3.2329812826161452577 3.2510835309789554159 2.92983e-09 5.17366e-06
30751540.041067760438 5559 2.3594623708540765072 0.47441992630842100276 0.46926073488215896967 2.998150479321494366 1.7980215369121221869 4.2692286888869723782 4.7696950237811641671 5.2433361698557865438 5.44342e-09 6.36025e-06
30751540.041067760438 6737 1.7722089577843507247 0.22671500457708207432 0.20951964146957180457 1.3693387022728542579 2.3392197178713747263 5.0749006617681402531 5.2805443165755043822 5.4716412562560696742 2.16814e-09 4.67964e-06
30751540.041067760438 5663 3.1273777005697827036 0.28406751485840009419 0.31889670547818149693 1.7293427145651951715 4.1703531588933611118 2.3923969602638832654 2.1722889687522148883 1.9380776074592436231 2.69499e-09 5.03156e-06
30751540.041067760438 5227 1.7292283233572409706 0.12604339672406025818 0.1348171082238775742 6.1832796356242551994 0.32892371853119223291 2.6294064964232926052 2.5637905776153586679 2.4949476742298286602 5.94474e-09 6.54979e-06
30751540.041067760438 6118 1.428014399438950921 0.20276129623582611616 0.11011776137745507564 1.6560004286739267165 1.2994747027639752535 1.262838479174446471 1.0740315886113802613 0.89577824621334500854 5.68798e-09 6.45411e-06
30751540.041067760438 6356 2.1341757466906274843 0.42368834930133841832 0.39361343210126537029 5.6562792789343170341 0.95575652382806364216 3.1965836138952252732 3.2279917605120247437 3.2645525293540846867 5.8318e-09 6.50805e-06
30751540.041067760438 6272 1.767699790632259349 0.36312208603987206068 0.064372959209065966357 2.3700840317330138518 2.5546904923088473716 2.787936181484403253 2.6301838246429709578 2.4524695845309407716 2.92426e-09 5.17038e-06
30751540.041067760438 5138 1.762729087359362401 0.30043114486833877308 0.23374146832353517866 3.2777303136087261315 5.3343740488454622906 2.4135140408705155757 2.1833557630582145492 1.9375492742135886903 2.37553e-09 4.82433e-06
30751540.041067760438 6501 3.0567617039689110037 0.33400235566406960563 0.40187546319921158 4.3671743566213097054 5.2384855983154441361 5.8111161310537760016 5.9465141822201550426 6.0568508376016323425 2.93548e-09 5.17698e-06
30751540.041067760438 6132 2.2293047346197889524 0.34147830394873163184 0.6582870668355019772 1.6013683308311181808 3.5434293892392076941 4.3770365571091334189 4.7263327174878941861 5.0677778255360372839 6.69157e-09 6.81333e-06
30751540.041067760438 6702 1.7970869034181384816 0.41413725748278584771 0.27172929241642868048 5.9651697134280787793 5.4459717460880225914 2.2677001424396179274 1.8861485924807397385 1.4924336101154667134 3.70623e-09 5.59535e-06
30751540.041067760438 5256 1.896985013587548341 0.32754292381396715728 0.39948821789432659157 1.0254634963509172696 0.30143299397544204288 2.8444469532795451094 2.7270296830170157598 2.5950986821195547449 4.61883e-09 6.02135e-06
30751540.041067760438 6023 1.9143128892417304865 0.12162064906712159729 0.15376198012417335859 5.8595562105680087939 3.913457582186429029 4.5967312515286868901 4.7186981724721990261 4.840316400937361152 3.26695e-09 5.36493e-06
30751540.041067760438 6920 2.2709149673395372382 0.034294308886724945984 0.19041446699309150237 2.1245865059325828028 2.1923627263576834778 5.5395855427144500283 5.562517105037002807 5.5851474696304137524 4.48089e-09 5.96081e-06
30751540.041067760438 5667 1.9227701303307802583 0.10395412307274733144 0.25530869450171150836 0.30158390673756180211 3.0284765373618265372 2.2641656838220627357 2.1812827474795097871 2.0961059339277126057 3.20823e-09 5.3326e-06
30751540.041067760438 6362 3.0224559681318639015 0.049708142854375220177 0.20677322362732980521 1.6309617950985433321 2.8015801661644865739 1.1375163602389479767 1.0928475803397543764 1.048709717945590203 2.92709e-09 5.17204e-06
30751540.041067760438 5964 2.1594641668420546665 0.12972524867948664884 0.44007081012473042714 3.689823999428085699 5.2186289003768129291 1.3201239836050857601 1.1960860017426182544 1.0753619103108404964 2.1711e-09 4.68177e-06
