92353182.751540035009 0 5.396850464587089391 0.038369727268762247874 0.033468652966387159309 0.22629264832087561676 1.0975375172510399846 3.968250268414923454 3.9968581427632416947 4.0258175067318822116 0.000954966 0.000356051
92353182.751540035009 1 9.0297447665489087854 0.070332917127118227407 0.033469367290107292223 1.8216524211300155756 4.6084247446030524031 3.5963140822745414127 3.6282510507116061405 3.6611439878868994313 0.000285285 0.000238018
92353182.751540035009 5775 3.0659546880260468704 0.10553069212481638872 0.13901289749414591501 6.2367261844476997723 2.3402136816775129802 3.9837178942901108059 4.0655083116619721295 4.1497183952662002326 3.02463e-09 5.22886e-06
92353182.751540035009 6920 2.4301734368880345549 0.21688728454762981612 0.42042491982293339614 0.93108486124875267098 1.1325022994031037626 0.13429677612803450626 0.10779166362917221023 0.084458269018943446516 4.48089e-09 5.96081e-06
92353182.751540035009 5134 3.5337395415246577457 0.056291057105444068653 0.35137765121857827966 5.0912986075234130112 1.8471911564710024045 3.7252962187827383111 3.7570884830040962576 3.7895888809055269242 2.31886e-09 4.78566e-06
92353182.751540035009 5278 3.2105119095332126378 0.090624129937354608311 0.24491803736372633193 3.6273702153132494352 4.4984605018654448827 3.7335593377328741838 3.7862032172141493191 3.8406580963985796906 3.13887e-09 5.29389e-06
92353182.751540035009 5451 3.3019620158421925105 0.10871339130002276308 0.084087774439594809017 5.9620858514407641948 1.9116779481582801825 2.1096062829485622281 2.0133989527250979457 1.9151611795561533924 2.58702e-09 4.96345e-06
92353182.751540035009 5063 3.4829554015169312819 0.093944469140249342587 0.42855137503550638778 4.8734701988739397294 4.0249486399872367315 5.8576931821698599023 5.8949542835625710069 5.9305171200729533965 2.23728e-09 4.72886e-06
92353182.751540035009 5878 3.2427686400162261116 0.074249034287748941208 0.054032382870355846749 4.5785670960554414322 4.8729414455231916392 1.8566260957496987238 1.7845665921077551452 1.7120076131386874341 1.44428e-09 4.08696e-06
92353182.751540035009 6255 3.2112730929721102768 0.13110629504778789634 0.19011727600317160358 1.3441961691797912337 0.67514307262785755448 2.0028508292516047362 1.8800408048921970483 1.7551536973529304753 2.45838e-09 4.87977e-06
92353182.751540035009 5548 3.1769356549785991994 0.10942981591053935198 0.27591366556500046547 3.7750368376049490138 5.193002162098429686 4.2903885803347785455 4.3927319981448853525 4.4966184567770914882 2.11518e-09 4.64123e-06
92353182.751540035009 6443 3.1929001956667200091 0.19946610110287929518 0.24853413101097318605 4.1289217186507150004 5.5464938509906671626 3.8147223592574777129 3.9508690755801287864 4.095240261703882112 1.88164e-09 4.46371e-06
92353182.751540035009 5990 3.0889477074531708212 0.056310936405840672503 0.11982855165433575761 2.7926754458546767523 3.0861026245802740675 5.0012588392925270142 5.054836480035591606 5.1078777575713303349 2.30118e-09 4.77347e-06
92353182.751540035009 4189 1.1045104427403202862 0.02667391290096664952 0.064375708408873549837 0.98641718238008258002 0.61422387020331969953 0.71948094177361276991 0.70207493695039790982 0.68484883601186630209 2.51666e-06 4.91804e-05
92353182.751540035009 5098 3.1256434131281753963 0.079536284094477105455 0.029830033452334411836 3.6996472831487667854 4.4318768544745381632 3.2588644225066492055 3.268568999987417012 3.2786411103239450071 1.90652e-09 4.4833e-06
92353182.751540035009 5929 3.2533525944383656636 0.12132816495082938968 0.14389996268387267309 3.0768592356213009253 0.12015087274109648163 6.0750179012419414093 6.0987692606071153278 6.1210175111367037815 3.18574e-09 5.32011e-06
92353182.751540035009 5467 2.9715637148059692585 0.12715154043023771391 0.11712004642997697612 2.6894622890059376452 4.0760895536775976211 2.1454732153577578124 2.0345731953309837969 1.920852751343691267 2.43648e-09 4.86524e-06
92353182.751540035009 6282 2.8336920507288474447 0.079579778705118925375 0.035778164964922802571 1.3880797237755713169 2.9913600759144083341 3.8851187375198259488 3.9406870902147290714 3.9977238979375337991 2.68214e-09 5.02355e-06
92353182.751540035009 5694 3.1249065669606572726 0.18461620331070496825 0.32915087995692887679 6.0090823643636630536 1.261733338253829162 4.7888266308624345413 4.9726691869317836137 5.1510671296597214663 1.21025e-09 3.85309e-06
92353182.751540035009 6392 2.9695782222830544583 0.1837227208706043724 0.21782708632709546492 0.086770950426370799247 0.90323439928606630289 4.0471864142886202487 4.2015145844676649034 4.3617790948348300617 2.75286e-09 5.06732e-06
92353182.751540035009 6484 3.1203076074041629084 0.13801335752369345289 0.24930140566199110452 1.4447519588509210031 0.539660080778755602 4.0383310753004995064 4.151459111419485204 4.2683234139971277799 1.88476e-09 4.46618e-06
92353182.751540035009 923 2.0177920592038747216 0.38099968909126274985 0.34282229060620494909 2.3552393566242315615 4.5154211276504963024 2.1434031164870304131 1.7748715550822369291 1.401778059501774587 2.53731e-09 4.93145e-06
92353182.751540035009 6739 3.1854518304963495012 0.21858797409443850301 0.25602846959149833106 0.0020547763108300998516 0.81544370604265536961 1.0268157386128393682 0.8482199319846642771 0.68425613069752933004 1.84353e-09 4.43337e-06
92353182.751540035009 5885 3.5091449446255311706 0.048324683028998102752 0.2474342513150878109 4.0269685319055898987 4.5375942682198751044 4.3950851876029082277 4.4413652433397352581 4.4879259463400789087 2.25928e-09 4.74432e-06
92353182.751540035009 5405 3.1711271764305268839 0.082484615089646051711 0.099575816691666679814 3.827625749196317706 4.5984251518345331533 0.28370031154803426743 0.26145583897280377794 0.2401346228350129397 2.93677e-09 5.17774e-06
92353182.751540035009 6764 3.2817809635368666576 0.023913326074096838414 0.29168994634256939502 5.4357629528454056711 1.7619916816185992037 5.0305588783336556702 5.0531896017217796668 5.0757276094382088871 2.4069e-09 4.84547e-06
92353182.751540035009 6362 2.9955723605934263531 0.060275432792355629341 0.32085380135180641137 6.2075950579919219052 2.8869290199302990452 4.9403313410868943123 4.9986866244229331002 5.0565086061491069103 2.92709e-09 5.17204e-06
92353182.751540035009 6775 1.5384211216603849159 0.17250816555351516923 0.22326484614989541844 4.8071238090757413275 3.1365895695892214157 6.0055956844201858758 6.0495456298278726948 6.0894846922326282268 6.39874e-09 6.71246e-06
92353182.751540035009 6055 3.2483720123665817958 0.065540531577105543004 0.029375914715236092073 1.7868350628917324396 2.5315369638422606791 1.6731067411406588263 1.6076427383873905796 1.5421466925919615765 3.0525e-09 5.24488e-06
92353182.751540035009 6498 3.2401214877424417971 0.047709162959207247756 0.1090270619710061728 1.9959066926140376363 4.6968155530925237429 5.1984654061516568646 5.2402010814330681754 5.2814175549966222434 2.50157e-09 4.90818e-06
92353182.751540035009 6313 3.2498881681478888339 0.062763446254931645751 0.29909133146808236647 3.4662051611376707427 3.5832778683645849505 2.1451297193797520535 2.0914814859582073758 2.037035543610375754 2.33149e-09 4.79433e-06
92353182.751540035009 6300 3.245207618095348856 0.12445693537508532855 0.22913999806717016972 5.7984301711684835823 1.5563552500808772727 1.7552187765842310885 1.6311309662894435402 1.5069004905486247381 3.26125e-09 5.36181e-06
92353182.751540035009 5323 2.8325635567859506203 0.13938817246910731318 0.18760802012963634366 5.6464103074086917644 4.1968241338499101545 0.98112740520545504985 0.86919123780965190651 0.76272555145898868201 2.25995e-09 4.74478e-06
92353182.751540035009 4755 1.8611645763415933796 0.031318491124499164835 0.063504591807908919443 1.736624877146512036 5.0545589317399208795 4.144419720253281092 4.1710503474741180696 4.1978909105193560336 2.45943e-07 2.26531e-05
92353182.751540035009 3800 2.1300573373214075623 0.41582960221807657719 0.43865221478458576998 2.3524138938080469963 3.5037605574673524877 0.74104037521689836154 0.4890614319244990793 0.29370570294036651982 2.3176e-08 1.03085e-05
92353182.751540035009 6956 3.5014597258052031492 0.24535736994612256101 0.35934254357166212079 2.670657399231695095 4.8940036673811970758 0.0069438655576555532653 0.0054053729159654539602 0.0040791312921152674681 2.20649e-09 4.70707e-06
92353182.751540035009 6197 2.0563914506096039325 0.48339379974080265434 0.43465650412383277645 0.84705420911637296921 4.5058733925005185483 3.8843573881996631414 4.3082561814716644477 4.7527095870249951304 8.02678e-09 7.23931e-06
92353182.751540035009 5080 3.227121584739222282 0.10052463818139940888 0.24659231500159414785 0.089834920972378093373 4.6991023347841229807 3.9467773837270470061 4.0220289434749645352 4.0995351271340254584 2.57476e-09 4.95559e-06
92353182.751540035009 6233 3.1654937744679307876 0.18000782487454519698 0.14326749594457582893 3.6477670632814320761 4.9779173474211519945 2.5429083618737666761 2.4324524562556439911 2.3152346928938811743 2.38928e-09 4.83362e-06
92353182.751540035009 5489 3.2119527378804448858 0.10343668579208627201 0.27972750831530995841 2.441243336521687457 1.5090564597350559772 2.6643779387733936836 2.6144510738243429415 2.5624156960248880566 1.80848e-09 4.40509e-06
92353182.751540035009 6756 3.1754223657177402806 0.099473298896713385764 0.3360502404626895534 5.9098086137072067814 1.0868799146311178827 2.6841266645840984317 2.6380281194018557755 2.5900272134404578317 2.22448e-09 4.71983e-06
92353182.751540035009 5116 2.7429024437258755498 0.18794959353184068074 0.13820430260400454192 6.169541652007588084 3.8750616469278331699 2.5416397666222541041 2.425608126324993119 2.302245435501184101 2.56354e-09 4.94838e-06
92353182.751540035009 6951 2.9748985789137676328 0.043241599124570463675 0.040447420663319869072 0.23194054789299603514 1.8521491159351723965 5.1456271988280022356 5.1845338547524946193 5.2230446004086337197 2.54062e-09 4.9336e-06
92353182.751540035009 6295 3.2673032839141273875 0.037850911610068718738 0.20697803676531276174 2.4312066932703171318 0.21283780810808133888 5.5185965770122269447 5.5444531603383753193 5.5699401133161625665 2.30061e-09 4.77307e-06
92353182.751540035009 5923 2.9926895385012555195 0.058016218218169227083 0.19409056439075769718 4.8903544336947266657 4.2234608414730256953 3.8919986641071595557 3.9324488984520034052 3.9736958580872849822 2.22479e-09 4.72005e-06
92353182.751540035009 5234 3.0118253651025503892 0.21067192916009896964 0.1086329236110538804 1.0268199290773312171 0.78868901330177287878 1.3909174834047206559 1.1859337645697429764 0.99067247861517770957 2.35138e-09 4.80793e-06
92353182.751540035009 6863 3.1576614223852108587 0.11437472299255622976 0.079772315328068041373 6.2709878644908148004 5.0353142610598968787 3.9168924139348861857 4.0005932967232915587 4.0871967122929806493 2.72515e-09 5.05026e-06
92353182.751540035009 5146 2.7810989096456468772 0.032329063013928391324 0.11138983919818110091 5.3348091213011272771 0.078470753072482440915 4.5830753668881198948 4.6152071203045137437 4.6473836405202666455 2.55901e-09 4.94547e-06
92353182.751540035009 6969 2.1943197580994544538 0.25800595403274956263 0.20613322445833393015 5.2681848627018545983 2.6517834640368809218 2.4211835481904033784 2.2296927265358221781 2.0256955752313423602 2.41679e-08 1.04535e-05
92353182.751540035009 5853 3.1376950026197176769 0.1555467488386097219 0.1812935182918991861 5.1304000197650250215 0.08012945978796598423 0.014142676558278654067 0.012090036278637585412 0.010209516255217326516 2.34516e-09 4.80368e-06
92353182.751540035009 6657 2.2401279629414490024 0.23977706160541706337 0.24386918898222487151 3.3047386636152924488 2.0341282015772561564 1.7383113498217099835 1.4946365094598981216 1.2555545033715318493 9.52311e-09 7.66378e-06
92353182.751540035009 5962 2.8411305627514242822 0.17788627947591903466 0.25165442698758805351 0.045565778697564840449 4.608457906062308318 4.6216704912581043629 4.8012277583765268218 4.9784125309370699242 2.88829e-09 5.14909e-06
92353182.751540035009 6628 3.2551959673961774477 0.09370713493060253696 0.2637813283395170072 5.9642342761316564648 4.0592316777610539802 0.31675042453362151074 0.28874947935962352874 0.26206602615108809395 2.5094e-09 4.9133e-06
92353182.751540035009 5290 3.2105990071528349716 0.035712199538064662296 0.1779474577842913019 5.2958600835439622045 4.6489831543454025464 4.0204821311630318803 4.048305700698432652 4.0764284194804467631 2.68653e-09 5.02629e-06
92353182.751540035009 5185 3.5316873406955995307 0.030112858024544334606 0.21790228694429070178 4.1938793881317746326 2.2984337755422465932 2.7284620367556167153 2.7162006614092986112 2.7037737512966373288 2.64564e-09 5.00066e-06
92353182.751540035009 6827 3.0897109339452284438 0.099523167391372777124 0.20007072929159927521 0.23725107275043127997 4.1495007550790656836 3.086504748930798403 3.0807234103466436537 3.0746692505880086621 3.04652e-09 5.24145e-06
92353182.751540035009 5324 1.9823264370129800582 0.074566566511431425779 0.1023139097895928995 3.940584365781640841 5.377138035402411198 3.0008421705574996885 2.9899649429973549353 2.9787018594628391632 4.64884e-09 6.03437e-06
92353182.751540035009 1410 1.7132301933106046654 0.44900080736555536554 0.32386114415878708428 0.88380439954514999901 1.1233403849957463994 2.0541285902100585581 1.5906773375142715388 1.1417652620404070696 1.96181e-08 9.75145e-06
92353182.751540035009 6244 3.1777094498866507166 0.043340875066377140823 0.3140684516129156334 1.160043895476635889 2.6131715413961935646 5.8141834885378536057 5.8334101648387246541 5.8522531759021214626 3.08558e-09 5.26376e-06
92353182.751540035009 6327 3.0105189418563953474 0.1444757788979341151 0.20649305485537802762 0.19313622788183654189 5.5862900483682427222 4.7724159206840610636 4.9165133075301721277 5.0579896056190412068 2.25041e-09 4.7381e-06
92353182.751540035009 6874 3.2694209034678172188 0.089996795224183454009 0.2436555514043705073 2.9216784426771744698 5.9973327402983818146 6.0617709776379902209 6.0807402868678144259 6.0988354940531381843 2.61974e-09 4.98428e-06
92353182.751540035009 4112 1.8073873791758685581 0.60285363954131077069 0.70107648919098730644 0.653944929537561781 4.8025693507348812261 3.6882986360617109334 4.1675185915646872914 4.6830756941648612468 1.99037e-08 9.79854e-06
92353182.751540035009 5511 3.232149178277203827 0.10740417078128131068 0.15528945634316870805 4.5193046617563661371 3.931484263528084 2.6252410732670896643 2.5694619838726686645 2.5113107198678807919 2.90982e-09 5.16185e-06
92353182.751540035009 6186 3.2415593763520527126 0.011292691342739991436 0.24984832034836720882 5.8827617650019279338 4.8721176691892500443 3.2085640249120306322 3.2093240526729345241 3.2100883377790232487 3.14704e-09 5.29848e-06
92353182.751540035009 5195 2.7457258559005279785 0.092806953669860595135 0.067004107744305541061 0.72443702957454381153 0.54067749494617123318 4.1907894970101233767 4.2732953276796363795 4.3572983669170888277 2.26107e-09 4.74557e-06
92353182.751540035009 3953 1.2300027654465381932 0.1063833744573723511 0.31282082588051007832 3.1953360058160926727 4.6961385298872313498 2.2300957327665544838 2.1429753461875855614 2.0535363849031140759 1.87457e-09 4.45811e-06
92353182.751540035009 6667 1.4617388634663968094 0.073109894102350039824 0.35792147604927054827 4.8150499111170432798 2.1235872627558864956 4.7672779133014486774 4.8401966877365527608 4.9127102760972620743 1.85586e-09 4.44323e-06
92353182.751540035009 6816 3.130582275619306909 0.15505662551406981797 0.16707959789189208433 0.27342408590417494052 2.7721223238868741845 4.8806018692830113181 5.0321268886812564602 5.1793249080599741418 1.76213e-09 4.36713e-06
92353182.751540035009 5762 1.2042055449572937054 0.38524579142100862095 0.28351860449933674602 5.30479748864409828 1.8205834643804157391 4.649971761403179471 5.0495600647839573583 5.4131143217803616707 4.50081e-09 5.96963e-06
92353182.751540035009 6595 3.0338416835197175025 0.086214126538869520489 0.28539888507618005331 6.1996356291829508578 1.3687022190194122473 4.167660928511722318 4.2431898106354450917 4.3200868357742043813 2.5233e-09 4.92235e-06
92353182.751540035009 5950 1.7779462993967316553 0.28799060506872670162 0.2263283967506785066 6.2287028074800678823 1.3648491688387167642 4.325548396129288875 4.6120652758848308395 4.8986078056202693176 1.07677e-08 7.98408e-06
92353182.751540035009 5351 2.9696923582602048342 0.16752259577545700053 0.14767335967710584765 0.57057242384228568088 2.0216046620440017989 1.004450350391430824 0.86845259189105028508 0.74057753325691355606 2.44807e-09 4.87295e-06
92353182.751540035009 2768 1.5693532892564701076 0.069772522845310186446 0.032143377789863522564 0.061407568677181306738 6.0467088466963092586 4.6943994034184388653 4.7642612320190913522 4.8339399063833683456 1.06163e-06 3.68842e-05
92353182.751540035009 5194 1.806666657371422513 0.53798937805450131044 0.18174743330276721398 0.07816933613650452195 3.8545708084992496012 3.3083506185681974543 3.4442233082146938017 3.6045615422939238925 4.75382e-09 6.07945e-06
92353182.751540035009 6928 3.1827836329412901861 0.25897597287132440025 0.26018523630851508877 2.2656419392970534865 2.4557635762490011011 4.9707983481894633115 5.2159892846744888573 5.4428135977220195585 2.08658e-09 4.62021e-06
92353182.751540035009 5914 3.2149455731924323487 0.040978524397640492261 0.10542101186707601712 0.24491936057278126948 3.4119903721621351878 3.1701412747897936839 3.1713359662399378536 3.172554623600643886 2.63408e-09 4.99337e-06
92353182.751540035009 5072 3.1065101808825641427 0.077010421659891858948 0.24478481362575144065 5.6068645384684936417 4.6588367006478144106 3.3925632302071035973 3.4124593405907224231 3.4330647591359206849 2.73643e-09 5.05722e-06
92353182.751540035009 6154 3.1484265868062588645 0.094633385152699145415 0.26683541650336384254 0.13293750345269966795 5.4836018230062899548 4.4136048156231613149 4.5054674677671950889 4.5980821354825742731 2.04677e-09 4.59064e-06
92353182.751540035009 5312 2.9981378270586747092 0.12038739679517033998 0.19747600274751486715 0.21534061967851717001 1.2802590978210861561 2.2312949606863696772 2.1322880261693715198 2.0303846937558347463 2.46345e-09 4.88312e-06
92353182.751540035009 6126 3.0316158892077988973 0.28970470633662848137 0.12677764155962789605 3.7010278645447867163 4.1207648414188824404 6.1083342379331249106 6.1532761732157332801 6.1908056920886451735 3.04059e-09 5.23805e-06
92353182.751540035009 6952 3.2819551273715936723 0.13267641551308478887 0.1430261658687917159 0.58612198539676430009 4.7977246079270523538 4.8925989649520031932 5.0219782511097328381 5.1483470687689294465 2.57429e-09 4.95529e-06
92353182.751540035009 6073 3.2174525689252009286 0.061568817538002452994 0.25328372394932469058 1.9027885015623775544 0.43267788653939170951 5.2503709128944144879 5.3024586164976392766 5.3536162660804649249 2.87152e-09 5.1391e-06
92353182.751540035009 5578 2.9091164910434370583 0.20039894415100478753 0.25326310645284882961 5.3336066071675602984 4.795308050034945424 4.6320050980965161713 4.8347599866563868432 5.0336603489269062806 3.04211e-09 5.23892e-06
92353182.751540035009 5231 3.152116945133386583 0.086161953503269314569 0.34400758418986421283 5.980447055106234977 5.968821837808785169 3.9767168526968941222 4.0425997286265555886 4.1101466092189227197 1.89135e-09 4.47137e-06
92353182.751540035009 6029 1.7956558183651352145 0.30538486990955049372 0.50061399655707183864 6.0083947834695692336 1.7365159797311162659 2.6490529475863620057 2.4778814410375589183 2.2897507861822896658 1.2969e-08 8.49478e-06
92353182.751540035009 6192 3.2150993121957518461 0.24202022140324114252 0.26981210775779890243 3.4115298014427213324 4.1236906477058621334 3.0744356207931371472 3.055647212511286348 3.0348722759804136473 2.79503e-09 5.09306e-06
92353182.751540035009 5211 3.117928858208590448 0.10993109299560012426 0.31025876337397217952 5.2939251620562473022 3.4103698512681472899 0.7697705560223518928 0.69598512075003571287 0.6255037069333552191 2.07199e-09 4.60942e-06
92353182.751540035009 5717 3.1345155294494557729 0.083563900545249591989 0.20080695194471415155 0.52225605420979115401 5.0254153398364858063 6.1890603843748976942 6.1966132169959822207 6.2038384853968571164 2.31886e-09 4.78566e-06
92353182.751540035009 5643 3.3092959467237199611 0.097892947614474840057 0.089104268927816865364 5.8112572358952903073 1.2803113978919387073 1.4002619347923914717 1.3044287540214083432 1.2099881560198859631 2.47115e-09 4.88821e-06
92353182.751540035009 6842 3.1868659786203661355 0.060485382466752057873 0.10973867170335710464 4.2634274465415877842 4.8140609433911514259 0.75818543070414134988 0.71745816173928311787 0.67769074204379720072 3.94698e-09 5.71398e-06
92353182.751540035009 6572 2.9561557436821228606 0.082825393242855982479 0.13096892855073830053 2.3997834951266909798 2.2684990630665007316 2.8799663486614335284 2.8576116286769348562 2.8344056568620792369 1.66053e-09 4.28153e-06
92353182.751540035009 5131 3.5408843162372485303 0.13339547071162116687 0.2319469311675784462 3.6842293912222046082 4.0404046065184298087 0.95778948949716047334 0.85235812241365538355 0.75193339178845175486 2.25296e-09 4.73989e-06
92353182.751540035009 5534 3.2317456325656359617 0.10542218943387653141 0.13608797697847149766 5.5361733860343935731 5.9597361679964535597 1.8147445277250944251 1.7109245308478073788 1.6065356793747320729 2.18919e-09 4.69474e-06
92353182.751540035009 6119 3.146020670990834045 0.088251873327274590886 0.25138023639240852924 6.2103665280464177556 5.1484674202704177048 5.0947234355756529922 5.175388185425112475 5.254348634833544196 2.96829e-09 5.19619e-06
92353182.751540035009 5257 3.2263965581677243044 0.17422067030988291902 0.19991641956350003628 4.159399146675109904 4.3547671489054238236 1.935905353912201976 1.7670109153874984376 1.5961332611008078874 2.20895e-09 4.70882e-06
92353182.751540035009 5240 1.696213428853968308 0.21643749602021844503 0.34517363291370956047 5.3490454626966732476 5.3735522739539254289 1.8206260559303424351 1.6033449849619378913 1.3870221274013641022 1.54708e-09 4.18172e-06
92353182.751540035009 2850 1.6418983180938506727 0.15779476688861390765 0.59667371774757538283 2.7542733053401429189 3.3232724445942820601 5.7575155096919985453 5.8320399681331176467 5.9008379446004726177 2.86233e-09 5.13362e-06
92353182.751540035009 5957 3.2118613770468309454 0.053749384376464745539 0.11033628779708373746 1.3323888854553813665 4.6716666272929190384 0.65065908913510539513 0.61876423755924292447 0.58758803821537963774 3.45473e-09 5.46581e-06
92353182.751540035009 6103 3.287203494934149095 0.046975530656087317871 0.12748808815044354592 3.9953017321913417703 0.88843665355155287955 2.1610341335058573797 2.1214725621710499581 2.0814413834575589135 3.07621e-09 5.25842e-06
92353182.751540035009 6335 3.0985268555100580201 0.050543491780379173894 0.28438931329968336614 6.2479433327318227853 0.35696141994905633554 2.5990880381925394182 2.5724001960138282996 2.5451596799256739345 2.80706e-09 5.10036e-06
92353182.751540035009 5252 3.1205586473894690869 0.077510452893247247519 0.16626876486749392337 1.92297363245202102 2.995749347168454424 4.9486968715548735887 5.023452313659066526 5.0972429354770483201 2.42859e-09 4.85999e-06
92353182.751540035009 5034 2.8349880758729546493 0.21891609557093508198 0.099726451894839557299 2.7761685346621565174 0.61448073568416761159 1.4674856592901834862 1.2504101526233473152 1.042633849989136996 2.20492e-09 4.70595e-06
