35679671.457905553281 0 5.3984711865990124835 0.051393562469396560088 0.018034045026443505655 0.04902300802581754241 4.3503319263894955071 3.2295360434767856894 3.2341716588790063724 3.2389228300312402631 0.000954961 0.000356051
35679671.457905553281 1 8.9975009599625686008 0.051335400806062747581 0.058139653371692009975 1.0339652405444108574 4.70327548069721324 5.7103748182420979163 5.7376268048887357764 5.764264518500315404 0.000285285 0.000238018
35679671.457905553281 6992 2.3791341204970732903 0.29211573768846199606 0.40871654603440216169 0.2858467589961479205 1.9746727744047216646 0.42025233418232810223 0.31313380113706329455 0.2231500142889803473 1.98059e-09 4.54062e-06
35679671.457905553281 6617 2.7675242304354950029 0.23706849983550640215 0.046091909891134853761 4.5411391203105351266 5.0779373232765649959 4.0888639756836973049 4.2980821818384775668 4.5150936416962847986 3.93262e-09 5.70704e-06
35679671.457905553281 6751 1.2844244802228301783 0.38835213552356484534 0.17472061671380509362 1.432021523817089248 1.4941795463197626859 0.25983129947841088203 0.17300564280503258341 0.10615319310481330373 2.66624e-09 5.0136e-06
35679671.457905553281 5931 2.7381036159538147956 0.67993356813303784669 0.64360842578632715405 4.5493260739942069648 5.0663510909403814964 4.6983073316865793245 5.4496855629472591431 5.9530327271617275997 2.66585e-09 5.01336e-06
35679671.457905553281 5740 1.6946231631347317137 0.22772650134415239886 0.096054386654492437958 1.9673175757265080055 3.7310412760119251452 2.5841580139095388091 2.4490405798360619372 2.3036364381263649825 3.09097e-09 5.26682e-06
35679671.457905553281 5588 2.7116291641869700868 0.15490001346250217851 0.13516485835591920961 2.3735938482691172347 6.0758710601373371318 1.8186689162883524773 1.6649503900039352988 1.5107364628219095426 2.40685e-09 4.84544e-06
35679671.457905553281 6582 1.6523432311299188768 0.48461997342552842749 0.15216395372856025836 5.1590779685204921634 2.3048958665937693269 3.6899644245990805835 4.0323746408160738852 4.4091975414403323796 1.86721e-09 4.45227e-06
35679671.457905553281 6171 1.7174295009310776017 0.23656772074623672042 0.099815722643223150912 3.6750778938015966624 1.1917361454702910528 2.3259646876862483111 2.1361402743389032999 1.936381451103894813 2.39216e-09 4.83556e-06
35679671.457905553281 5921 1.5598078403537227743 0.44655449391306367701 0.29504535481670191022 2.4998594593688800991 2.4105073512053696305 3.5533699012235304693 3.792844731308885553 4.0635383356104197716 2.32801e-09 4.79194e-06
35679671.457905553281 6443 3.1944294014818712668 0.15072700492696916585 0.26075990869763104874 2.303164629256725604 5.8261038998609695483 0.47671591307638638835 0.41156747883411093358 0.35126968234886801756 1.88164e-09 4.46371e-06
35679671.457905553281 5990 3.1098902489717863418 0.072106001829646645951 0.20126122419640579686 5.1258991836540541698 1.0803965446228538383 2.5823790715939995977 2.5428715766405991516 2.5022336095197412753 2.30118e-09 4.77347e-06
35679671.457905553281 6883 2.3702617095525884139 0.24009408598231138376 0.14660895569725171383 4.8815121354248853791 2.3515253159302851316 5.5637252611962670912 5.7105478080540406083 5.8406429523592100495 1.23696e-08 8.36184e-06
35679671.457905553281 6035 1.952629884146568795 0.34053297595561249356 0.17155389744197793722 1.4330302735109672341 6.0579318615194051034 4.2603652466560983925 4.5990742863347939817 4.9374233414816002252 1.91047e-08 9.66563e-06
35679671.457905553281 6793 1.4570076885568843394 0.37883356837987808285 0.36922550133746717682 2.3303007967326299088 2.9597429570414219846 5.2139788057791580655 5.526615123604177171 5.7866583588804303417 2.0508e-09 4.59365e-06
35679671.457905553281 5467 2.9661659936203284005 0.20479724818043482104 0.16568892421649994429 5.8938044660045383338 4.8587950093466307777 2.2475165403450776402 2.0753821903964539963 1.8961078480857280759 2.43648e-09 4.86524e-06
35679671.457905553281 2413 1.9145685205727229761 0.40448170240720937585 0.52347058851537608959 4.1372888103410510041 3.7797023113256620341 3.7422241289418516352 4.0294412782373303372 4.3432041453223417804 6.11801e-08 1.42469e-05
35679671.457905553281 5694 3.1155058681056062575 0.12337328178591729089 0.31813901156573431983 4.3238486132964393249 5.1301147785440708304 2.7350923168008938191 2.6831823129449445808 2.6285867823283144418 1.21025e-09 3.85309e-06
35679671.457905553281 6392 3.0170312105227554689 0.26868208593909936877 0.19876515221751198115 0.41961924276999579275 4.0127811194119384908 4.54111523911592041 4.8155311264364808466 5.0827853182879199068 2.75286e-09 5.06732e-06
35679671.457905553281 6484 3.1314700561880952634 0.14940758760105601888 0.23755110579508781354 4.0281879924946162319 1.4175274992620447989 4.9628346554167777072 5.1054948437134566319 5.2435061864116603303 1.88476e-09 4.46618e-06
35679671.457905553281 923 1.7439306150671489704 0.12177023061322803099 0.25150782098767709982 5.9337515310378963207 1.8616277985277620566 1.0825446939440261929 0.97770544047366370055 0.87673148736955008875 2.53731e-09 4.93145e-06
35679671.457905553281 6411 1.3236875584676743856 0.55724072536403879141 0.10924921950912358515 0.35188319440413390327 4.5100239233817127626 0.47123595254558203749 0.25464268958345187555 0.11427395349687377579 5.10394e-08 1.34117e-05
35679671.457905553281 5448 1.9271308338935024818 0.2420876610202743473 0.12591817826658802115 5.4033513624538489495 0.77458959178298936177 4.8509782436606823097 5.0891696680006477393 5.3142758310173201508 2.56033e-09 4.94632e-06
35679671.457905553281 6528 1.8710537634495132409 0.19910214292001532366 0.071735647459786902602 4.4255002985573677066 2.4999617461277421349 3.6445074256971530247 3.750707129458160427 3.8646217117333647728 2.31313e-09 4.78172e-06
35679671.457905553281 6764 3.2612577836043836754 0.051245190765730801175 0.25823338575291021613 2.9342099897326887614 0.99936564731635824099 2.1442191927212004288 2.1005417338307066366 2.0563204268170149902 2.4069e-09 4.84547e-06
35679671.457905553281 5259 1.8605172208218820895 0.25999537113680820655 0.12055096566797353363 2.2132040109098354286 2.6789696354521157495 2.3787401968530739182 2.1773017281523450173 1.9636778442359075214 2.21606e-09 4.71387e-06
35679671.457905553281 6809 1.7519427986368689698 0.16237824666533831608 0.33696280603416195465 0.63058658212846685487 5.0169605264540129141 0.56770456669881708134 0.48552349643048609007 0.40974620952693302511 1.72631e-09 4.33733e-06
35679671.457905553281 5328 1.5393877745260311496 0.40292328186556070069 0.61065933278808193219 2.9833139022241601523 0.15286556057621303317 3.3037696277142023504 3.3894563750907815702 3.4883069659559202691 2.1043e-09 4.63325e-06
35679671.457905553281 6498 3.2368179011297919523 0.064737104443362461503 0.11894177424991048131 0.81422620739332551842 4.5332614830424073915 5.8184637933551091038 5.8466882522638004005 5.8740570001377161446 2.50157e-09 4.90818e-06
35679671.457905553281 5668 1.4417725221923580747 0.6134596881586389383 0.28949433091760479186 2.2342904118206172726 2.8381560195150949966 0.34274652650459130898 0.16901946534566930636 0.065825811496907901677 5.17696e-09 6.25473e-06
35679671.457905553281 6300 3.2537784400604352619 0.077682862443028438681 0.2319280385126599453 2.8478496640668211626 0.30597134450612262224 3.1816990555532087548 3.1849446643821299752 3.1883113178955420075 3.26125e-09 5.36181e-06
35679671.457905553281 5204 1.5058412078142158208 0.44166257271960546182 0.35444159335048108783 5.9018251706932423062 3.8958261124876281123 0.91639309831923787542 0.59561044441813715267 0.34783147452183166282 5.21728e-09 6.27092e-06
35679671.457905553281 4755 1.9710691723964186561 0.10233351511575561332 0.036580734356693178633 5.1532430006705087777 5.2480381812288401377 2.1783536780025141155 2.0916250060781442777 2.002860185686806016 2.39615e-07 2.24572e-05
35679671.457905553281 3800 1.4630861605674407855 0.51375695408200783287 0.17959177100139955829 3.4489192016550407338 1.0323792227501551455 3.1241880086349240742 3.110885230171743121 3.0951115570747891326 1.79108e-08 9.45995e-06
35679671.457905553281 5861 2.1699119443275987074 0.28894359459223989406 0.25151320724723902345 2.6980851540480936812 0.021154144286668542796 2.8244152722347393158 2.7174142650226174034 2.5984931364206738102 1.95257e-09 4.51911e-06
35679671.457905553281 6719 1.6977038701523483599 0.16890621914459505448 0.34712413904502353867 0.66738216046250020685 0.097294428420140785518 0.41772377276980943162 0.35370679685036909845 0.29520148165664539253 2.09817e-09 4.62875e-06
35679671.457905553281 6815 1.9219669553724163524 0.4383841746509592463 0.54184339840844697456 6.1954680984952528178 3.3115751194218412401 3.5037515916525174831 3.7116411112441687337 3.9482251458262176413 3.57143e-09 5.52668e-06
35679671.457905553281 5480 2.1557581452672467393 0.53893394387585791261 0.20254577203808266095 1.7805564206169333108 0.57838466233000840333 4.6905195599869990986 5.2630289199919175758 5.7223029617729972429 1.6026e-09 4.23115e-06
35679671.457905553281 5093 1.8997282822046694939 0.33126532138862535559 0.12807746846642362182 6.2614801475914898532 0.18568829393316163556 5.276283863213991232 5.5388224397601701909 5.7632557962686643549 2.98948e-09 5.20853e-06
35679671.457905553281 1517 1.9437992314036334207 0.50032758536600252519 0.52046011070488695793 0.35417597021264524138 4.5950364603103084349 3.740068845646174811 4.1234381447187420378 4.5394725076955859677 2.17631e-09 4.68551e-06
35679671.457905553281 6526 1.2812230825312960203 0.28870867121493393181 0.30310036586310273865 0.54504591435732840932 4.0151175469355244729 3.2080889975059974084 3.2310717429497182174 3.2568706732011176719 1.74858e-09 4.35591e-06
35679671.457905553281 6951 3.0036414370994539702 0.033729382265432802934 0.099635100156117401005 5.5722324032401981952 5.4128263339570370505 3.3116659516486586234 3.3174729609316031542 3.3233747573006326981 2.54062e-09 4.9336e-06
35679671.457905553281 6202 1.7013034576084440364 0.28060166634607353053 0.16780713747747982856 2.9051185601009379411 3.6223861178134240113 1.9986480859591677639 1.7234019038877310681 1.4460612920644435597 4.75227e-09 6.07879e-06
35679671.457905553281 6083 1.511953871359155599 0.19080445084928251975 0.10993991124992090469 6.0012483440510342447 5.1429494846031884592 2.3775228798492391569 2.2345770800002928702 2.0842864153602524979 4.91269e-09 6.14644e-06
35679671.457905553281 6402 2.97461405248622901 0.15440378733637452613 0.23907358549278714954 5.9915020089781876322 1.8546101728354886795 5.8453951821749274842 5.9069006074463441536 5.9636390042362243946 2.16272e-09 4.67574e-06
35679671.457905553281 6242 1.9409450478671526064 0.43393235017352632665 0.28669540158049017231 3.1472974012001149191 3.9005247768776087902 0.2058901304946551547 0.12963865300431010041 0.073541685558447436599 2.33848e-09 4.79912e-06
35679671.457905553281 5146 2.7798499144892452328 0.015056525101952078147 0.14017271635084385673 4.2541851918768784913 3.8985000626931110013 5.0172234570987281899 5.0315540124605977468 5.0458501490194151984 2.55901e-09 4.94547e-06
35679671.457905553281 5492 1.9704126360039373456 0.22903114045730771364 0.31814098612342017747 1.0989056946755177968 1.8460402372304023366 4.2792223193266512027 4.4997905674471905257 4.7236652890646277925 4.51271e-09 5.97488e-06
35679671.457905553281 5047 1.7682467245251662913 0.18407546272896846418 0.13698061489773452615 3.6629529391113928583 1.2146991192369047674 0.37697581588524142759 0.31408279296005581216 0.25721373462554597555 8.23744e-09 7.3021e-06
35679671.457905553281 6657 2.392102276295887453 0.2186554903517743953 0.32103143913809650822 0.88378200641567195017 4.1422064306208969953 0.16674264643216019088 0.13362523058631137207 0.104494213665178734 9.52311e-09 7.66378e-06
35679671.457905553281 6413 2.7129367670104067578 0.2817331071778811924 0.17422250235660496909 6.0363506257508392494 3.9781003520100464144 3.3406757932637143327 3.4068522327129122651 3.480711321317126572 2.71272e-09 5.04257e-06
35679671.457905553281 5928 1.9356498913455448818 0.0494402620519407629 0.13516631890490160561 3.581090132924678926 0.051889095592365014342 3.2978936654173511833 3.3057873434973967797 3.3138687451629014191 1.85148e-09 4.43973e-06
35679671.457905553281 5018 1.5179289757266065664 0.47777073458553975804 0.28946472870573858316 5.0604352697735706101 5.3884965566840001827 4.2052372407803524368 4.7020773015470851419 5.1798226355044896252 1.65949e-09 4.28064e-06
35679671.457905553281 6118 1.4883404410542138141 0.53413993123073622016 0.26307262279614673783 0.35556537802294835293 5.434186579942659634 4.6280832153685489416 5.2029537186247667435 5.6741008919552680112 8.21375e-09 7.29509e-06
35679671.457905553281 5788 1.3879757006507882355 0.085117200790809838251 0.26342917464051729404 2.8936682472752592865 2.639388763597255938 5.6737582644548458788 5.7209102257623607457 5.7662872606089887739 1.43499e-08 8.78617e-06
35679671.457905553281 5626 1.3207130346080320216 0.17307958904753137364 0.10403144683744700028 5.0359367737265126053 2.1667948030514549984 4.348873265572436253 4.5166929427495468019 4.6864688860652972124 7.93289e-09 7.21097e-06
35679671.457905553281 753 1.6155093248307812459 0.24766875214697256502 0.12541292509451387738 2.6422031747290297687 0.91445980754194133855 2.0644795744025348228 1.8299699976952812364 1.5905728663930231992 1.27811e-08 8.45356e-06
35679671.457905553281 1124 1.6640189926605595261 0.51519961190849650201 0.27518755872841194066 0.12442732763955130504 5.9131457386407966226 4.9858086707232267543 5.4729499673273753757 5.8461860277557695653 1.32419e-08 8.55396e-06
35679671.457905553281 5020 1.7361770093750221733 0.53901613955547300616 0.30055210984599251001 4.0431800053155821928 1.0505996516072038105 3.9399709394269706308 4.4549150969156015023 4.9761632752626905329 4.40916e-09 5.92883e-06
35679671.457905553281 6161 1.9822326231168443389 0.37567680704857658869 0.28553601699346975451 2.0119651611629469912 3.6883977175522062453 3.3355834212156336704 3.428476757729914226 3.5347801656047801444 2.19638e-09 4.69987e-06
35679671.457905553281 61 1.8175421352661511598 0.14581592398968640234 0.027497045196307808024 4.0664735801831914941 1.9967135777685913745 2.6434588085403283308 2.5686298347924076957 2.4895795116464620733 2.97121e-07 2.41265e-05
35679671.457905553281 6451 1.5819727611367282449 0.16655136174157422757 0.18318548163835710052 2.2771367351440217064 0.0068231190190356913114 4.2747204676581187499 4.4319079565972963053 4.5919508897608274367 2.57122e-09 4.95332e-06
35679671.457905553281 6702 1.8834479686110296992 0.29192054955804730421 0.30830381790089844696 1.0377703271587161993 3.75647776754388385 0.96448206906716671405 0.73942606732156146432 0.54271132705898073034 3.70623e-09 5.59535e-06
35679671.457905553281 5132 1.5896618369114607905 0.5109026109827362605 0.27591763304392608047 2.1066186072604895507 5.0915719529054044301 2.9620004204258263414 2.8276929289395118516 2.669941455109855255 4.5221e-09 5.97902e-06
35679671.457905553281 5437 2.2318768779279025694 0.26053616533890977536 0.12132562450566973522 0.14983790767246657483 3.1422854327733875657 1.7209002225295417787 1.455042920346185209 1.196250249610352645 4.54448e-09 5.98887e-06
35679671.457905553281 6270 1.9378355981370511962 0.22718598262985720271 0.24107054331830102267 2.5874727785497766419 0.043974604957987301068 0.26064025921300809641 0.20726858788402605094 0.16051650248931034759 2.07589e-09 4.61231e-06
35679671.457905553281 6816 3.1048381247181682241 0.11581722893687741716 0.15640938371506404869 0.90014492023431980083 3.5973276110967238317 1.7629587176121204184 1.6477370914432638571 1.5322625055443550579 1.76213e-09 4.36713e-06
35679671.457905553281 6040 2.3368091372334980349 0.70458894077162637082 0.31839123121548568163 5.8960693308694400727 5.4066391246566700701 2.8168211372026452644 2.3917480724002633252 1.9115530708824306494 4.48499e-09 5.96262e-06
35679671.457905553281 5518 2.161568221895224351 0.07770676352357136496 0.13191257777929935036 2.2202915679018038198 2.8427178811832236605 0.56105770524010623035 0.52097486747459043066 0.48229819786392097436 1.73658e-09 4.34592e-06
35679671.457905553281 5950 1.5335629014839777806 0.38683334530270296892 0.292815908301593264 4.9738528146977838418 5.5603337391962108782 1.8481674364246134523 1.444063854800130775 1.0603328422007414211 6.81029e-09 6.85339e-06
35679671.457905553281 6726 1.9683122015250955616 0.32994416179112545651 0.51089102980020195677 5.8253805928226096711 2.8694775419662419402 3.2539946046226346787 3.2997850613235848449 3.3517623010973851549 2.92983e-09 5.17366e-06
35679671.457905553281 2768 1.4987445058808028797 0.17141203794590900711 0.03395671972010435441 6.0655576218556603862 5.660094226994818456 3.5307849371435904295 3.6019697642777770419 3.6781257306312120647 7.28036e-07 3.25263e-05
35679671.457905553281 5194 2.0526478802847845095 0.26411573291954465459 0.12049311382118291225 2.3768512310182723368 5.7909767523300992309 2.2327656544390803717 2.0025852366796876858 1.7627104283418104647 4.75382e-09 6.07945e-06
35679671.457905553281 5310 3.4895082616830142008 0.094384295781870755637 0.35851324493174063779 5.6296885353206258529 5.0082196344845648639 1.0717934267477442489 0.990615954848371838 0.91167634768498440057 2.51895e-09 4.91953e-06
35679671.457905553281 5888 1.5261533086934684356 0.034725629435690637259 0.38238039619333796804 3.8406305720385982561 3.9112401002536518746 4.0628670970919795735 4.0908218381617942327 4.1190526252276447039 2.79797e-09 5.09485e-06
35679671.457905553281 5964 2.1735297626151375283 0.27615367895415932065 0.49354636030584703166 2.8460174349465123811 5.1169491048394117882 4.2217958240350546006 4.4863069610508814478 4.7554331173842667724 2.1711e-09 4.68177e-06
35679671.457905553281 6639 1.3371325319741345083 0.36288475746710396885 0.23303522803793991214 4.2766247115979965088 4.8245897668886303933 4.2601819756577690157 4.6242504714117442788 4.9857266247283433813 2.07227e-09 4.60963e-06
35679671.457905553281 5312 3.0050463500870261413 0.14430720744970820801 0.18773907209363538406 5.3616913318235566166 5.0596979642913666453 2.4340760542542945188 2.3343724531273237766 2.2301295859969694213 2.46345e-09 4.88312e-06
35679671.457905553281 5289 2.0189503092261036343 0.10783222510590720344 0.1918885393474051293 0.31101481660151114594 2.7448086438515773011 4.269094624457316911 4.3690253943069805587 4.470563196017182328 2.13423e-09 4.65511e-06
35679671.457905553281 6734 2.09925391740502576 0.18837431324510597874 0.091343421106104688567 2.42004400828551125 3.4979923077625278971 3.4575885735809852584 3.5224999824097507073 3.592530567306574607 1.24231e-08 8.37387e-06
35679671.457905553281 6073 3.2329183611013934119 0.040574974848370470859 0.25587297650771684276 1.0623646861900071237 1.2337821558705013292 3.218000222430025925 3.2211627132856053279 3.2243878606608857851 2.87152e-09 5.1391e-06
35679671.457905553281 5364 2.5932812413043415667 0.16513387484182742715 0.15039389744153477957 4.6080745508819376255 5.7332393518576001412 3.8967863644516476107 4.017951736701802723 4.1448429115816738388 2.91675e-09 5.16594e-06
35679671.457905553281 6028 1.9265355264380936706 0.35346218123379119502 0.16533057452352672989 2.5303679096016540306 1.0236925599219974803 4.4664506848423597418 4.8330342297378683369 5.1839271597521410229 2.1303e-09 4.65226e-06
35679671.457905553281 6691 1.803332269644078556 0.4577478383046912902 0.22076914324886875995 5.0658471525690478288 1.9528617598718935877 1.9001095356712509599 1.4124360234885702248 0.96041589706663565984 1.99622e-09 4.55253e-06
35679671.457905553281 6521 2.9694007901883523459 0.11287034215360230993 0.16173707862959965653 4.5017223258797649521 5.4093238126836258317 3.1114126211411963219 3.1077908362985429136 3.1039763400959139439 2.953e-09 5.18726e-06
35679671.457905553281 2010 1.9381999566335164076 0.24005682675836562123 0.11016907116011753764 2.5387545188344264879 2.9814486104945472356 3.7094223186192785136 3.8551774243304244294 4.0123061714859034055 1.54172e-08 8.99881e-06
35679671.457905553281 5455 1.9217303079190395376 0.67187309382909388145 0.46674468465843066411 4.9492136803703292713 0.37655182710258616741 3.6676025922318840067 4.2337860113010563623 4.8301668912097559527 1.18753e-08 8.24895e-06
35679671.457905553281 6780 2.013082751522770053 0.35313346448634541641 0.27452461847886816537 5.7627580259901751703 0.51726059448989236689 3.7339778221950177262 3.9729027581328750784 4.2338030217501785302 3.2776e-09 5.37076e-06
35679671.457905553281 6017 1.859267687473095787 0.2206068731377981984 0.029470933517060496354 4.2340741064161786511 3.7336821344935762212 5.5046911421070099379 5.6497279113658516181 5.7803128192211277181 1.07446e-08 7.97837e-06
35679671.457905553281 5540 2.0135390011171909741 0.44334894687723008788 0.35589834314503965285 1.6706485528791461537 3.1568892888596442603 1.8092376466450474926 1.3372897074085630109 0.9059728164851601484 2.31531e-09 4.78321e-06
35679671.457905553281 733 1.8171880993346205546 0.12905214116018173809 0.24331911701259192893 0.9273958938872943758 3.7627662857632127036 5.9815282757276575509 6.0177836374770867778 6.0516336134518393663 4.51209e-08 1.28719e-05
35679671.457905553281 5469 1.185797400420008918 0.25249126283447215213 0.075513824768992487968 1.6494373923510921021 5.0432304324180918798 5.0801253850823417935 5.3080625416858424614 5.5170674297513162543 2.51139e-09 4.9146e-06
35679671.457905553281 93 0.98389385632972614637 0.1298085628149356352 0.061765148462248065098 5.4954897078534319377 5.7658006189872121894 2.3680635927220161641 2.2726032327339513728 2.1734714320739207949 9.80253e-07 3.59167e-05
35679671.457905553281 5525 1.6232335191621434234 0.10211526049983805919 0.21502910721404935868 1.5855085100274739496 0.020235732705443092161 3.5297637134524739722 3.5704371172574722593 3.6128987034020263458 2.22151e-09 4.71773e-06
35679671.457905553281 5178 1.6819268723950271394 0.12835871850175192832 0.22854699420152918554 1.1297731605090806095 6.2432741605636294935 6.2029776416238782133 6.2126812449995529875 6.2217235604321903253 9.33283e-09 7.61239e-06
35679671.457905553281 3770 1.4973343650074191213 0.62382603622129406684 0.23683224586990481164 1.1622042754885781868 2.4835792967043319734 2.9870515258312284601 2.8226002615416860841 2.6269622132959438154 1.55823e-09 4.19174e-06
35679671.457905553281 5667 1.9762832986683100955 0.27705753287618040126 0.18383711169907585026 4.3183722300212838974 2.7047807975320607987 2.8960570467316077981 2.8164987883064154239 2.7280072395767116511 3.20823e-09 5.3326e-06
35679671.457905553281 6103 3.3051119195925315886 0.05578876850424342726 0.13736401256197447451 4.178565163091860768 2.4355677525560026631 2.58159160358170503 2.5512181203969954701 2.5201620639682240643 3.07621e-09 5.25842e-06
35679671.457905553281 5181 0.97897153897745581297 0.18892027158098012585 0.11189748202334851013 5.7134110582383241805 4.7601173888294150416 1.238245866335559997 1.0639341613232402572 0.89876645235156171765 8.5624e-09 7.39688e-06
35679671.457905553281 6480 1.7779619742804513294 0.12513148626888945247 0.14163566260852236689 3.249040479878742449 6.2453960248388087351 4.2651479020610931769 4.381448687142279752 4.4997901923371301791 9.59462e-09 7.68292e-06
35679671.457905553281 5316 3.4752197231893355855 0.069763919347202274501 0.2223466532551127417 1.0772853933816981531 0.84577506409192670933 2.1497457174670127067 2.0901580988914165715 2.029593520237204185 2.96988e-09 5.19713e-06
35679671.457905553281 6874 3.2688236945705999581 0.11108232261677963848 0.26729001854748496436 0.48608045335707716905 3.815803125860978362 5.9574154719642073985 5.9912852435347545565 6.0232516736865937546 2.61974e-09 4.98428e-06
35679671.457905553281 6823 1.940619074236603403 0.25747493560915390987 0.32280115838038259124 1.5910217089355722653 2.2342849974007585878 4.091098039542075071 4.3206056016168243872 4.558571550501866021 1.69817e-09 4.31364e-06
35679671.457905553281 3953 1.5288099213067298798 0.19090098893004589509 0.39293508199873883324 1.5330731099226893033 4.1905691787099943468 0.80123880135149894155 0.67173230334933620167 0.55292643372563043958 1.87457e-09 4.45811e-06
35679671.457905553281 6204 1.6083008331600743279 0.20773255065546819553 0.31954340002662379172 0.91044844065057140003 5.0702321995873376181 3.7872369209742946516 3.9249624948822905424 4.0715533497719693656 2.26769e-09 4.75019e-06
35679671.457905553281 4189 1.1965657423292737072 0.071367810960917293928 0.047000660792211663985 1.9332900223650768545 3.3692801142264792169 5.1419844968015233633 5.2059757977306295729 5.2688250852145461778 1.38545e-06 4.0307e-05
35679671.457905553281 5324 1.8647019396179680406 0.1928556896570688961 0.36460504619202899201 0.86011479796418233157 4.3989286668480875875 1.8160232977991543901 1.6231932667710817775 1.430602253347947217 4.64884e-09 6.03437e-06
35679671.457905553281 6836 1.8164674075201121539 0.37821028244720272804 0.22959246004535863173 2.1516680976462292385 1.5678943212715059641 2.8312615995170786753 2.6839845094815837356 2.5168898411091080725 4.61039e-09 6.01768e-06
35679671.457905553281 5451 3.2623043346021933786 0.07150430333937135563 0.079769852659210827017 0.022424269079447105291 4.9440471460108756929 1.070184414943103457 1.0084546533797917878 0.94796137460600471414 2.58702e-09 4.96345e-06
35679671.457905553281 5538 1.5286131116254626505 0.56456611599205919205 0.28428944513569992525 1.3399753724476615169 3.5454053539381229498 4.3416874939942493583 4.9695225257314561418 5.5155273544830851762 2.97954e-09 5.20275e-06
35679671.457905553281 6532 1.2548319050765173177 0.36016044444654404799 0.065667629225790780101 2.1281936385914375087 5.3594299179161790647 4.2928433031978610046 4.6570628931434230324 5.0166722569562720579 5.62757e-09 6.43118e-06
35679671.457905553281 5853 3.1230561626318409374 0.18950402090724954851 0.19363555770533794065 5.2121602539299196621 4.7578528320356605619 1.5386461450273822837 1.3486674855642772908 1.1638194529807781574 2.34516e-09 4.80368e-06
35679671.457905553281 5360 1.5289293925342444247 0.24927527469024857165 0.1614618689976251853 4.6945582686582287835 1.0987260480910507887 5.2904607618664325486 5.4882065127481673983 5.6661513571976769299 3.7029e-08 1.20512e-05
35679671.457905553281 6233 3.1132847163810137836 0.1186329273546838925 0.19311799717145358701 3.5671583167340061848 4.8484622635031291438 4.9631091600687566867 5.0766395382226212618 5.1874890792296337594 2.38928e-09 4.83362e-06
35679671.457905553281 6709 1.9785905109032704274 0.54890155310181454329 0.38886488116741135812 3.8556399839480546277 4.4082306534028043998 4.8776902968722239962 5.4257107715105243884 5.8407859764599940888 7.37402e-09 7.0375e-06
35679671.457905553281 6255 3.2486548200545581899 0.08275871491882742792 0.18369092548082710525 3.4615905236665627243 5.1075414938594558834 1.8544522516168568949 1.7739735325146335221 1.6929171296969180993 2.45838e-09 4.87977e-06
35679671.457905553281 5459 2.9772723242233483099 0.16908867392114576567 0.19026435110954922902 1.0488304490698823201 5.5197190544315173355 3.9743600085042469772 4.1078179062001556332 4.2469349327127279281 2.51526e-09 4.91712e-06
35679671.457905553281 5708 3.1592858140346691265 0.21719559924751766222 0.2158897724905050608 5.1449554303610964823 5.6602350049643535002 3.8702654785839638585 4.0293768563690015583 4.197850094437113988 1.65544e-09 4.27716e-06
35679671.457905553281 6956 3.511119594090874152 0.10723800682477765966 0.39975182706307788028 2.8792955337588947984 0.48950584950170655807 1.7776796992058021551 1.6713496589996394981 1.5646533358069454334 2.20649e-09 4.70707e-06
35679671.457905553281 2850 1.5396747104477865875 0.26031381795467234408 0.42489548966761264692 2.0125407722799941723 3.3348136772659371374 3.982461228050358848 4.1981368470950695126 4.424781891714167692 2.86233e-09 5.13362e-06
35679671.457905553281 1284 2.2993981120965489851 0.24004321702706413189 0.20223291985104074886 3.4607788803109009734 1.6028609991022240155 4.8858120972838587903 5.119750308970591135 5.3401506522124968512 3.64405e-09 5.56389e-06
35679671.457905553281 6722 1.7119302015073669665 0.17425205205047977763 0.29474578472349671765 0.71380903287872343732 3.3130330802728753525 0.87192680632886754299 0.74485492103337258563 0.62673552632061646506 1.78527e-09 4.38616e-06
35679671.457905553281 5002 1.1236722719277600913 0.37350425287000632579 0.37261566919351768457 6.1785503052895647258 4.4732474196367277841 3.3093630944116245729 3.3893136680772451008 3.480895111081247606 2.79003e-09 5.09002e-06
35679671.457905553281 6473 1.8015562996352509906 0.08812934891908683066 0.3411943982749049975 1.1747508816909351115 2.4435433085123179353 5.6455473260966941851 5.6963011392461773141 5.7451044631231598103 5.43469e-09 6.35685e-06
35679671.457905553281 5815 1.3551556460195672837 0.30261144189987498887 0.39287929081358263783 3.3667646235788986075 3.5016175811629350889 2.6365047590438894787 2.463473461925238972 2.2736363932796699316 2.67562e-09 5.01947e-06
35679671.457905553281 6211 1.7599011094028276236 0.24118004680845372967 0.36609902209120642746 1.6641347694324604145 4.3155636345395977926 1.7986135235769726837 1.5545841778978202186 1.3134358255258602455 2.33777e-09 4.79863e-06
35679671.457905553281 2174 1.3703628943981054356 0.29777954301414910621 0.21671058478595389696 5.9477220288954537608 1.1767390244696371848 2.4514366486167147308 2.2325086158866733754 1.9975780537926566272 2.03153e-09 4.57921e-06
35679671.457905553281 6225 1.9152734200242349516 0.21010233338647174572 0.15736173850025292342 5.9931339024720573505 4.9892519955456515746 3.8231380065683615577 3.9687738757464172679 4.1234146803975422202 2.38341e-09 4.82966e-06
35679671.457905553281 5873 1.9141087500370057572 0.40475676916006220196 0.25896757657087793314 4.2381837842453773391 6.159787365252129554 2.5643580368365630484 2.2857371554452527995 1.980092353212961287 6.23622e-09 6.65514e-06
35679671.457905553281 5741 1.7751914812246112341 0.16834929375156548748 0.2093692400535307474 0.32974623309544420779 2.2448941776090705069 2.235576477842527332 2.094991777936088706 1.9492472637412558978 4.83963e-09 6.11581e-06
35679671.457905553281 5780 1.4622853545957383847 0.28957149513135460595 0.15952699961185815014 0.7884670097443270409 3.4213980045357308413 4.2678425055650919262 4.5512334254252282406 4.8370528046690450807 1.95079e-09 4.51773e-06
35679671.457905553281 5080 3.2175125422944068632 0.19743929908385099425 0.26803295052274700438 0.93562192736264149229 3.2716724510855446084 5.5757600245250387161 5.69607382876774615 5.8054470097199164513 2.57476e-09 4.95559e-06
35679671.457905553281 6155 2.138333752661034648 0.16743709055021949172 0.18782721937491600461 2.4130495535757181536 4.7112526799312490766 0.91454632377522782072 0.78765249117156910241 0.66898998692035804847 3.03729e-09 5.23615e-06
35679671.457905553281 5782 2.054750054144524718 0.24662095593446872743 0.19615844894022016476 5.5368197924174591407 2.2642276049018512651 5.9755184175001847535 6.0432606667519328525 6.1018650629842090538 5.0598e-09 6.20718e-06
35679671.457905553281 6417 2.0925359495825262002 0.24353023955558514291 0.79875002812514284134 0.19244844557142179453 5.7766106974401187912 2.9178658472016882897 2.8555103456787791494 2.7867871018272802885 1.63097e-09 4.25597e-06
35679671.457905553281 6237 1.1067672916232760283 0.13211535991438422277 0.17633004073866803685 4.0322331681457477259 4.6808714478034989526 0.67749739737172753884 0.598446807432154948 0.52401831310816693321 1.89473e-09 4.47403e-06
35679671.457905553281 5750 1.4756959781541583165 0.49862985572969603654 0.16944372186848249973 1.8801217040879176778 3.876523571073946961 3.6532296567887878602 3.9909402691861664003 4.3653363380883654088 1.52873e-08 8.97346e-06
35679671.457905553281 6023 1.7233916413651133581 0.030849227912934013007 0.45593576116625866845 5.8158158113990010563 4.7398505995714259598 0.96673664362925748605 0.94156250227931892471 0.91662155985360294075 5.48103e-09 6.37486e-06
35679671.457905553281 5643 3.3257831011584801928 0.015260638042456474081 0.081802411720387713245 4.3794246505953910997 5.1345200080001740517 2.7209376663199846824 2.7146617990399075637 2.7083426878451857256 2.47115e-09 4.88821e-06
35679671.457905553281 6335 3.1160051374065380614 0.14193738800229399599 0.2053298899781203779 1.8047135218024061842 2.0506282760892089456 0.82413442084879973137 0.72434914744044942569 0.63029460135835502221 2.80706e-09 5.10036e-06
35679671.457905553281 6290 1.9340099368830703241 0.33922083984335488216 0.27619918627911399511 6.1092174176417719522 4.6155682231229526735 0.53166824354683905884 0.37794785138490671894 0.25277063550076939169 4.66797e-09 6.04263e-06
35679671.457905553281 5215 3.1121974640226088837 0.30320771139413732476 0.23250989976980040996 1.0727502101070411911 5.0009140634692990091 2.6809950658969938786 2.5210211314194745924 2.3447057819934995493 2.09099e-09 4.62347e-06
35679671.457905553281 6358 2.162816077871989151 0.5743183560698067458 0.25146279315181913061 5.6035783868723489931 5.6983891353705864447 3.7377463521913316669 4.2089025981189536196 4.7119513606716427745 2.40091e-09 4.84145e-06
35679671.457905553281 3761 0.9912125191505365418 0.18661151894197081091 0.10799803471282140577 1.399909059768220887 6.1130472132214581649 0.19315623968596198901 0.16007662381930912177 0.13033189512353229866 4.38307e-09 5.91711e-06
35679671.457905553281 5048 1.8410404286079355973 0.082836513049303603373 0.37053805269279538326 4.7374938585287491577 0.07785940461473900287 6.058458584705513239 6.076230356727142734 6.0932516684883699654 1.54672e-09 4.18139e-06
35679671.457905553281 5673 1.8249688260661254269 0.13572879369485513212 0.44019965707908542685 0.25926103060085886609 5.9007911246511079995 1.6898157677381424602 1.5535270143686321642 1.4178184593122908908 2.67237e-09 5.01744e-06
35679671.457905553281 3324 1.5141286587121889351 0.39561738461229534192 0.24836280474111252503 3.8276308176704483266 3.2793688947446502091 4.0211555802725236219 4.3830227124573690745 4.7573746775601133407 1.99813e-08 9.81126e-06
35679671.457905553281 5034 2.8666471974283975754 0.27047290016191916084 0.15694786012489564397 0.66901609805192019387 3.9400588035447103863 5.5871193731568364882 5.7466015172898305963 5.8848680439442002665 2.20492e-09 4.70595e-06
35679671.457905553281 6957 1.5359594048872073913 0.31657103602230662887 0.19953900021124423847 2.3652124411277126725 4.4270157390854354418 2.7907182073775174125 2.6591184071513485065 2.5122381825788999699 6.68595e-09 6.81142e-06
35679671.457905553281 4112 2.0857352607851860071 0.61928706360261465136 0.61793887973999961361 2.4194858253363928924 4.8306252071909039358 3.0407187654779925801 2.9341258250552821885 2.8065640144522570054 1.99037e-08 9.79854e-06
35679671.457905553281 5344 1.84477579591590235 0.23353553247901134848 0.21645522818636350748 4.1482352025807447404 2.6973743688225066961 6.2505338409303163871 6.2574465555493770097 6.2634568049503771547 5.14004e-09 6.23982e-06
35679671.457905553281 6577 1.8198282036190955857 0.25935745555416833685 0.22572517235135816649 1.7752477008497564714 5.8201056576668799281 3.272869402151271423 3.3126028956042752327 3.3567398135563788486 1.63583e-09 4.2602e-06
35679671.457905553281 5446 1.4811445099441831186 0.51017294707915950003 0.12419324903819477235 6.1262001977602489333 4.125529949256171669 3.3798320067997060789 3.5558708864102235303 3.761230458174585678 4.99881e-08 1.3319e-05
35679671.457905553281 5123 1.629465110333653266 0.49046947688868314241 0.27593712506674772378 1.9083849629463480735 5.9244505961398603588 3.1353218144019914249 3.1308676026268105197 3.1256073933368471174 2.85229e-09 5.12761e-06
35679671.457905553281 6154 3.1248889115967459773 0.099347616756447862385 0.25217686889506546466 5.2628977893724382398 4.1173667404501941292 5.5158587087046999642 5.5825810518024221452 5.6466284465097773548 2.04677e-09 4.59064e-06
35679671.457905553281 5511 3.1547321194058395299 0.13612006628486739146 0.18343160859278689889 5.3597503178620664599 4.9723355114094127671 4.6568687774299295512 4.7937206635292408663 4.9293907715175313555 2.90982e-09 5.16185e-06
35679671.457905553281 5957 3.1807928981918816014 0.057231626406805083396 0.11161644328590458741 5.1614261945820452127 4.6482208805723193024 6.0030041173972357171 6.0184187832794480144 6.0333953804828848178 3.45473e-09 5.46581e-06
35679671.457905553281 5962 2.907967866944813462 0.15206536541906756632 0.1506418224720647292 1.5222049307008456154 1.0105846462592931179 0.23930621929981957252 0.20556211359433732011 0.17452291574726219725 2.88829e-09 5.14909e-06
35679671.457905553281 5160 3.0152612799740849958 0.11817277459115424487 0.22054964736081203447 5.6484302936816721541 4.2938798116209069278 0.76198309126845520378 0.68352256346828821343 0.60889312780802395952 2.48083e-09 4.89458e-06
35679671.457905553281 6891 2.2668712078425268253 0.32559635608986398081 0.60236380499473973771 3.0582621265571217073 6.1737516077281391347 2.934370553019483463 2.8520643343300013939 2.759106506899526412 4.39964e-09 5.92455e-06
35679671.457905553281 1399 1.4332803448154660675 0.16263773799615371951 0.32083444264355298614 2.0755464007805422 4.757746237727005223 1.3733757586618526858 1.2156930317046736878 1.0632021679434533468 4.64728e-09 6.03369e-06
35679671.457905553281 6752 2.2475196877562861886 0.25961608801463975649 0.56791321124696914069 0.31058222027882420591 3.4883118282840563928 0.80113487754480627867 0.62784234804981664535 0.47534387202226169311 4.12549e-09 5.79885e-06
35679671.457905553281 5597 1.5767533790847072517 0.082294395162997732718 0.42263161803597193433 5.017008579563556836 0.17820986311922631939 0.82791242031342948682 0.76886187210494627564 0.7116411214032735133 2.41109e-09 4.84828e-06
35679671.457905553281 6928 3.1850684322156839201 0.12536500025168817452 0.22947203671992449925 0.75028532524451196917 0.97406983585239614865 4.5330821081879379975 4.6581681101783001253 4.7833488751172863473 2.08658e-09 4.62021e-06
35679671.457905553281 1123 0.75148584575295607202 0.16196055006125417708 0.037821958631533050821 1.8354969836945038697 1.9394172784396284115 3.1571415704941072633 3.159901467934306929 3.1628666079112806031 2.24876e-06 4.73694e-05
35679671.457905553281 5640 1.6414055494844117522 0.13896520120706387647 0.19056303919668743374 3.1813111415468919851 2.4707777862540303282 5.3177064770876754096 5.4280376711628921527 5.5329102323610239722 5.24602e-09 6.28242e-06
35679671.457905553281 5842 2.1486846500032470431 0.32398928752764166727 0.73342768731187357734 1.4577832715252008189 5.7240461835587232997 1.9659868631280297269 1.6405397018358840455 1.3173380593239054637 2.75394e-09 5.06798e-06
35679671.457905553281 1444 2.0716384016332978213 0.42887981430198995891 0.33568569716017415683 5.5426279783725664885 2.3405803091891059786 4.4322973448756570747 4.8862029197404179826 5.3086205226964642279 1.72307e-08 9.33865e-06
35679671.457905553281 5176 3.0930744425559386634 0.12701066206835054384 0.12382879045054316636 0.2907186377189002191 2.1681339901382741253 3.2565960835719534039 3.2722191284304833481 3.288762941047852717 2.68297e-09 5.02406e-06
35679671.457905553281 6001 1.7901056089527063175 0.26342077882061670779 0.39117396704533669016 0.5637817454734393996 4.60563059375582462 0.64876008170715637746 0.50263992025943837749 0.37573943271509613329 1.89847e-09 4.47697e-06
35679671.457905553281 6140 1.7260658626736777865 0.28367643894989041931 0.16314962911890582009 5.5351658135564791863 4.5237097148876852515 0.92597973295455293652 0.71384148210378561838 0.5281065498138360903 1.67728e-09 4.29587e-06
35679671.457905553281 5534 3.2537977229861620998 0.13429479732413787674 0.13677504188256264794 6.0083258831827661695 3.2539937442066459994 2.4580142058948979411 2.3681702442133198971 2.2743534913824170474 2.18919e-09 4.69474e-06
35679671.457905553281 5929 3.2533511814548372598 0.12927656809877377531 0.18717351689645922441 3.2904747445122608518 5.9742592466455421985 0.52267461788332469919 0.46133806300014762458 0.40379102740813566097 3.18574e-09 5.32011e-06
35679671.457905553281 6162 2.0368798615674328367 0.18001041489623684222 0.17028565687398716788 1.813064824032947886 2.910812326066023914 3.1979516875094566863 3.2091934536452306759 3.2213530354894821528 1.62993e-09 4.25507e-06
35679671.457905553281 6775 1.5504729079734109742 0.10711160727525399772 0.13034478088239237481 5.1680802831079812876 4.6555477479584066458 1.6306449352240564021 1.5231746281208784488 1.4161844531479024223 6.39874e-09 6.71246e-06
35679671.457905553281 6061 1.3577030335395952054 0.25362617915126572932 0.25265811422648293272 2.8367563166820728426 3.6254663331502188228 3.6349606135418297548 3.7724972605905744416 3.9221051207331454336 4.03777e-09 5.75746e-06
35679671.457905553281 6920 2.3029198506261217005 0.054049529966873836873 0.21711668202463457744 0.60402102124570566932 5.0488985753835731174 1.0506400764044294682 1.0043355423380508906 0.95872824776264042868 4.48089e-09 5.96081e-06
35679671.457905553281 1810 2.0331213384515161025 0.29937128230971044029 0.38651864737329816313 4.2424764513069952443 3.9264888347866557794 5.2916300834657334917 5.5271139593236853216 5.7325031681309708276 7.36354e-09 7.03416e-06
35679671.457905553281 5072 3.1002605158440053046 0.11425253604298231391 0.25244101518244049798 4.8883560275835771236 5.9284593780896033266 4.383248628539316627 4.4936584991874823913 4.6051888211106186688 2.73643e-09 5.05722e-06
35679671.457905553281 5231 3.1660416999593428145 0.09798703357671577352 0.25740356318595264407 3.920758361077818055 1.2119813855612586728 1.9381628882478030285 1.8449149731843692557 1.7505863685333724611 1.89135e-09 4.47137e-06
35679671.457905553281 4786 1.443312097665236271 0.15194936327914554397 0.3879901738947347245 2.2680653436665840772 1.7792571160785948248 1.1826042778020566804 1.0453322742417880953 0.91388220821502841318 8.41208e-09 7.35334e-06
35679671.457905553281 6756 3.2155117659184830892 0.01652112404793433173 0.32607184962780799697 4.7231355898487521472 4.7155459730726061451 1.1427681021430871056 1.1277880375677460378 1.1128617600386707664 2.22448e-09 4.71983e-06
35679671.457905553281 5323 2.8009119851290460446 0.15262067935733963919 0.08579441641819404718 2.0907076397020145642 2.7322523552366191346 1.9931145090942663511 1.8487849080172595873 1.7020234341023408042 2.25995e-09 4.74478e-06
35679671.457905553281 5372 1.6447832039763572443 0.10049091604221346841 0.15938504315848983639 2.750991512521788529 4.641080457995805375 2.4710849042846447787 2.4059338147187281365 2.3384967971642560691 1.39548e-08 8.70479e-06
35679671.457905553281 5855 2.1689601691317208498 0.26548058269961560818 0.079363332274410669509 0.90618905910892910693 3.5566854268089502789 2.3109978340875292346 2.0922599458349657731 1.8620641199914167441 1.88487e-08 9.62226e-06
35679671.457905553281 6156 2.3276122723884045129 0.43326425942741170205 0.53856068698029380126 1.2564513786916093885 2.3127008910313295864 4.5808224890201429957 5.0384154977958770516 5.4488564580351193101 2.69058e-09 5.02881e-06
35679671.457905553281 1410 1.8791663617798757269 0.13833166989213036002 0.20928833453931394715 0.54717369111435520956 4.1616808906097588761 4.4792865476114194223 4.6165179040019692636 4.7542143392690663362 1.96181e-08 9.75145e-06
35679671.457905553281 5256 1.7927949346771401284 0.25265034834644611861 0.28131038741811148496 0.54970333305249952094 1.7776160419577098359 2.4361934754771246148 2.2521690306182042818 2.0559332716694447285 4.61883e-09 6.02135e-06
35679671.457905553281 6653 1.5408715160300934244 0.33672002021435371022 0.21383142567168184067 4.4948272270097140435 5.1358254361326229898 1.4902424759954144839 1.1525250240709956628 0.84483280509710367845 2.19009e-09 4.69538e-06
35679671.457905553281 6914 2.0164113436759745213 0.19821811513308049135 0.23675937969037549879 3.486674534537261394 1.6507046083247030044 2.2303087365597273894 2.062147764296266228 1.8873796387940902086 4.41745e-09 5.93254e-06
35679671.457905553281 6633 0.95820553359542093297 0.22908604944089880351 0.20085944657881740771 2.5588323278507112413 1.6226531407473145929 3.6074940460186128988 3.7237307194827820034 3.8496847711967219219 3.02269e-09 5.22775e-06
35679671.457905553281 5196 3.5807669017762564501 0.11405568965750648158 0.21441594559359092309 0.23788131853447502806 4.9545391037683454982 4.0887618046159239782 4.1847884557007448691 4.2833345789823367156 3.02458e-09 5.22884e-06
35679671.457905553281 6832 1.5721683090772458069 0.099862696098107855969 0.21982948046763203798 2.0719348363334617602 3.1469473352223826801 4.7810985833040415827 4.8805511567503812032 4.9790051926133829241 7.86044e-09 7.18895e-06
35679671.457905553281 4502 1.2935564819018756655 0.33195203642458726012 0.21444431889172319017 4.9231684105833330989 5.8838532035339197179 3.1389802374635271676 3.1379038750607080033 3.1366793802930312829 4.58456e-09 6.00643e-06
35679671.457905553281 6425 2.2596074698005352843 0.24586496023653034437 0.31330482966544287438 5.8047379690042824052 0.59353253983547560324 3.2582592916263899419 3.2914358181316072383 3.3281392908257365626 5.02719e-09 6.19382e-06
35679671.457905553281 6089 1.8712812463507761951 0.40104496642784981386 0.31874202548638336241 2.967708168538596869 1.1334608224967144263 3.9625716669444122076 4.3161579742226425793 4.6861308444679385943 5.81535e-09 6.50193e-06
35679671.457905553281 6572 3.0187570647820698433 0.15696888972788983208 0.15698578074875052524 3.4034943881398214138 2.0965770664906306919 0.47582042932727081075 0.40824125635998209649 0.34592527709428705363 1.66053e-09 4.28153e-06
35679671.457905553281 6842 3.1602576646500648572 0.067507230303608140032 0.11683120289717878471 4.1747848321668321603 1.3990526350047560733 1.900122265687956391 1.835485775101292516 1.7703295657288988796 3.94698e-09 5.71398e-06
35679671.457905553281 5291 2.0181155000063935034 0.54220782894004460051 0.55345786360439019891 0.0031178140342191457482 1.0302038119075132006 3.6332334225512727954 4.0046932470274398952 4.4166962965198539592 2.6037e-09 4.97409e-06
35679671.457905553281 5063 3.4785598614154089603 0.12019003313632356522 0.44893764072553565825 5.5867639928514059022 4.085509532783938802 3.6497500716941879695 3.7116883935698323782 3.776556474838583366 2.23728e-09 4.72886e-06
35679671.457905553281 5818 1.8495343401141577377 0.34771293295020661018 0.10100503946100133912 2.2235013437965869265 4.0810091269212369625 1.1682302919947062936 0.86211599853506082347 0.59812489113576317035 6.74885e-09 6.83272e-06
35679671.457905553281 6055 3.2098698635903732956 0.099487132708371242562 0.044246923627423682956 3.227080372191859059 1.5953292084233017256 1.9185451333518603878 1.8232317365162582501 1.7268976476261379549 3.0525e-09 5.24488e-06
35679671.457905553281 6197 2.048764796259551435 0.073074144447643457623 0.15834212570647809848 3.0696201359802213204 3.836224426803873655 4.0706803812418659305 4.1305910037448718697 4.1916426950342797753 8.02678e-09 7.23931e-06
35679671.457905553281 5642 2.877070094837591796 0.25341450745758326013 0.12674402459834760437 5.402782051355877968 4.5668617158703019854 1.5311847231042001738 1.2764603977614765729 1.0339439803785983596 2.80041e-09 5.09633e-06
35679671.457905553281 6291 1.5481864009118861958 0.20312393735424061347 0.3715810517198839813 5.2858915417052179109 2.5440379641324835092 3.2392680989015261162 3.2615617380745227649 3.2858719184350828613 4.97801e-09 6.17355e-06
35679671.457905553281 6390 3.237418158899946441 0.041861435967404228564 0.3161286439015187355 6.1540461714103313895 1.4621991965271805558 2.9236036490061416693 2.9143574791981392558 2.9049267407574808075 2.74624e-09 5.06325e-06
35679671.457905553281 6126 3.0291972761491581245 0.2967467583768468864 0.21782605517995087818 0.56298816087479297554 3.5114111565251757696 3.3240369965307583477 3.3887595088766757634 3.4613609478808253783 3.04059e-09 5.23805e-06
35679671.457905553281 6104 3.3503109712413343679 0.071086208278939855276 0.13311060747372849278 2.2111310113822426615 1.5835538026054980509 3.1300736628485181789 3.1292235506934509282 3.1283443004892426131 1.75259e-09 4.35923e-06
35679671.457905553281 6732 1.4064235347673297305 0.23690507965319665407 0.1990624140196625147 2.1007528563661090892 6.0594618129685073882 4.9621278516372591127 5.1873250376920996274 5.3980099282348064094 3.70815e-09 5.59632e-06
35679671.457905553281 6286 2.0750501374034620028 0.32980378808028465443 0.85379961956712802085 1.4802618547678925154 3.8785770340188046035 0.36339859190340489947 0.25939535738957636424 0.17480194415446029255 2.66284e-09 5.01147e-06
35679671.457905553281 5405 3.1853607211355852158 0.075338483465425029606 0.12796897716020069757 1.5370492968040101456 2.8949361640996387202 4.6701527508251503562 4.7456155807060405039 4.820912480891975882 2.93677e-09 5.17774e-06
35679671.457905553281 5098 3.2142544653237821173 0.10142427461882257134 0.094983855591400268015 3.8993189109260044667 0.076097838354219030088 1.7755093190194628505 1.6749910531427536498 1.5741168390053297266 1.90652e-09 4.4833e-06
35679671.457905553281 6952 3.2180166226044293332 0.11551739371181973803 0.11300380890718197957 1.4366173453368387136 1.3015166462618681376 5.3442923315006787277 5.434659833914745164 5.5213332767282459201 2.57429e-09 4.95529e-06
35679671.457905553281 6667 1.8996670523166072631 0.26925299237430505572 0.21700450156886313957 4.5540417894505331731 4.9023022721612141694 3.2136870906399317427 3.2365773857212158937 3.262113869838522362 1.85586e-09 4.44323e-06
35679671.457905553281 5796 1.6310641571799540106 0.19878739181800814118 0.27591552653830003772 2.1430719192981118049 5.894661328797764277 1.9453194922103362874 1.7519268210969969335 1.5563914573774937367 7.64873e-09 7.12382e-06
35679671.457905553281 5895 2.2826222219978191674 0.60254913610843896521 0.21635332339284454872 1.2013554975726974394 2.9586504965560775915 3.7376765511849066037 4.247015603344330259 4.7854860927259617043 5.57854e-09 6.41245e-06
35679671.457905553281 5138 1.9613993120708115292 0.40769024738809300779 0.37441716783359502152 5.6149256630863408901 6.1630292921932419148 3.1694012351792313353 3.1844592917589866765 3.2019302503088202805 2.37553e-09 4.82433e-06
35679671.457905553281 5548 3.200381648375849597 0.11661994045929634234 0.33167956425796613074 4.4597396581304051821 0.71775403277816973713 2.2966002815008823568 2.2056003404634019205 2.1116993713439882185 2.11518e-09 4.64123e-06
35679671.457905553281 5131 3.5389509132681542525 0.080004344829628329383 0.26198788923564192421 4.7864726344476506981 0.64860816581627678268 5.3399609570941732883 5.4033127565439977857 5.4649687183707591487 2.25296e-09 4.73989e-06
35679671.457905553281 6295 3.2564510947898535065 0.035283744035677681861 0.26249721715104151754 5.6014539629570281321 5.6549500381857882303 2.9720885183893597237 2.9660291411691415142 2.9598663760357584174 2.30061e-09 4.77307e-06
35679671.457905553281 6356 2.222185958055001187 0.5164105016359279432 0.26115893316984972738 3.8110489559474611809 2.8235355418135856809 2.8315236540500330342 2.6015961017594899651 2.3360924036994110686 5.8318e-09 6.50805e-06
35679671.457905553281 5278 3.1403729507082411843 0.086562776973482039033 0.30620386214485295628 3.5557301737047595225 6.0955300350631320683 0.83302840702062375122 0.77069290100625620354 0.71039045619410712273 3.13887e-09 5.29389e-06
35679671.457905553281 5669 1.2984819524988779893 0.17680711775889607074 0.30025299938708116532 1.4081480736735385584 4.3209591626775241124 2.9054602127500070985 2.8598223058198652957 2.8106599168013701728 5.45549e-09 6.36495e-06
35679671.457905553281 5118 1.2112425603514456185 0.25395951645344949643 0.29246496651192399607 0.11442132708095542615 4.3664927342398884846 3.5873244113190754234 3.7131446750152030667 3.8505210397701992164 3.95744e-09 5.71902e-06
35679671.457905553281 5053 2.9994322923257432656 0.21870030053231870326 0.27414661509723597943 5.923418849842090772 5.1442241182160923785 3.1644380700645142745 3.1701243856035459245 3.1763634373957883028 1.90259e-09 4.48021e-06
35679671.457905553281 5116 2.7037148553817056396 0.12664745524499898544 0.13088136246530496232 5.2094678274302417265 0.53168374130436468761 4.5922647720426130746 4.7193059463192046366 4.8459503718894056945 2.56354e-09 4.94838e-06
35679671.457905553281 6595 3.0436640933950838139 0.11725603042551195621 0.25303939861905250241 5.0077034354693497065 5.697862427267990526 4.6141753012687507507 4.7318136951039946325 4.8490476047292263573 2.5233e-09 4.92235e-06
35679671.457905553281 5290 3.1869438694283305225 0.023814031268624916843 0.11747778669421918285 3.5256659633509701557 1.2023035457753086241 5.905566712540148977 5.9142521785069641638 5.9228400076332379243 2.68653e-09 5.02629e-06
35679671.457905553281 5762 1.8028877888182732736 0.22575352676107945937 0.33732619468484797975 2.1311603290358211993 1.0481267028697176524 2.8794826405113664869 2.8128872943454878985 2.7400099986196799762 4.50081e-09 5.96963e-06
35679671.457905553281 6628 3.2961178886349955519 0.072120262148179348216 0.20563676963375479567 6.1511016944133105611 0.72438272996338026744 5.4479253560218934282 5.5001916882515464735 5.5510656434719205521 2.5094e-09 4.9133e-06
35679671.457905553281 5227 1.9471069730249803698 0.035733752262406250078 0.10396660474980995437 4.3742892065602445584 2.5288841912638475584 3.412936747304329721 3.4226851816005430251 3.4325979197062750359 5.94474e-09 6.54979e-06
35679671.457905553281 5481 2.3266834712792436868 0.24689547698120298258 0.8698024078487263111 0.34460054855213145819 3.97763347125591471 2.7849301870646216983 2.6857952454279869769 2.5771171759011792801 2.0621e-09 4.60207e-06
35679671.457905553281 4662 2.0585504211554241927 0.4315722802710073025 0.12970508155617876955 4.3510985406449789181 2.2552457751239138872 3.1434573709283148979 3.1445519048004260121 3.1458290337292864614 5.28399e-09 6.29754e-06
35679671.457905553281 3089 1.4921193634633242997 0.28811500622501756697 0.31683415040084883518 1.8104097473345672764 3.4075325347186713465 4.566599765638021502 4.8620283690261860698 5.1469236620324618769 1.46985e-09 4.11094e-06
35679671.457905553281 5878 3.2108091346945903943 0.099487168918548501972 0.064724909080220036084 1.2434586143580337314 2.6944760429724374795 3.4700503080478033446 3.5038136580785224083 3.5390671347376505551 1.44428e-09 4.08696e-06
35679671.457905553281 5489 3.2190344327609765607 0.073831827992402260241 0.32882016783437906238 5.4687708317907830491 4.5131183899976630158 5.4397399009214826293 5.4936252918146157853 5.5460491030383423094 1.80848e-09 4.40509e-06
35679671.457905553281 6960 2.9771849957213611937 0.17643610194302250527 0.11029428281180381211 2.6141649893301202034 0.30941930709915416164 3.8397151589374427516 3.9622229374170339078 4.0912992982253424401 2.28045e-09 4.75909e-06
35679671.457905553281 6292 3.3584418886476377075 0.080337065253695910672 0.31332276023966476597 0.23708326166977236604 4.643059780600754749 0.30407701147935012331 0.2808758618224732051 0.25860664470830824202 1.7586e-09 4.36421e-06
35679671.457905553281 5358 2.1857108833683676075 0.36648985377472714786 0.25608628200230271199 2.2101678269811340094 5.1756372490816255905 2.9679559538526398832 2.8873127193171446159 2.7951227235664153348 6.59336e-09 6.77983e-06
35679671.457905553281 5535 1.9837272367388500971 0.46027093482862896368 0.81012100603400150067 0.25765736380381382142 3.4326679869530227762 4.7964061320510626985 5.263872695824638015 5.6559075738733461947 2.07392e-09 4.61085e-06
35679671.457905553281 5713 3.0571235761551989185 0.19943703598653189646 0.25607645647436683145 4.4744674465749518788 6.124798586897221675 0.47947099444308999283 0.39421132883457349338 0.31761152643880036228 1.49134e-09 4.13088e-06
35679671.457905553281 5569 1.9321485127050355146 0.21150666199869333495 0.29366186298557878098 5.7430471681091344038 4.0627212400682308768 3.8206259038023397956 3.9669176912464974016 4.122326081723315383 2.77052e-09 5.07813e-06
35679671.457905553281 6450 2.6552406591043800077 0.22416368059802480039 0.04073461697966328926 1.0771272172344330542 3.4823153907703350285 3.2139643931218668804 3.2324780759172386801 3.2528232506170629001 1.74846e-09 4.35581e-06
35679671.457905553281 6969 2.1011852211070389806 0.062101606798578457003 0.12306111166971189785 5.4301830314935548571 3.7364138892259317615 1.8728562647388700135 1.8129730357610385205 1.7526836616141603375 2.41679e-08 1.04535e-05
35679671.457905553281 6677 2.1768558162464817229 0.19006696538674194841 0.070814248846836277962 6.2827843359063155759 1.6765480373478973686 2.484786228184713508 2.3582079228530101744 2.2240811555817163736 2.33048e-09 4.79364e-06
35679671.457905553281 5647 2.0733490168025885403 0.23961637015517212035 0.36307914735667717876 1.460313682849755601 6.1376042537430306467 4.6705571268178367461 4.9135415920546972046 5.1483265625509737617 2.57441e-09 4.95537e-06
35679671.457905553281 5992 1.8063241378932795023 0.22653096819086102065 0.26199498047653202448 6.2699129008692020548 0.75080505903533756307 5.1055880596014473483 5.3079652771312808568 5.4954933533393921508 8.41385e-09 7.35386e-06
35679671.457905553281 6761 1.452505071507866008 0.38271270733656642671 0.12554782171192360729 3.4130009893353019379 0.20612593611069229826 0.044921353619469084339 0.030017253597824571781 0.018530994309191351627 4.88068e-09 6.13306e-06
35679671.457905553281 5252 3.1402504403694360136 0.22591760236639815695 0.16359066615827072555 0.95815716957471852577 4.2962640809320618018 4.356907212076667868 4.57945135111549817 4.803375637019358102 2.42859e-09 4.85999e-06
35679671.457905553281 5394 1.6914318496536766556 0.14011833123207045881 0.16012855114731378015 5.9165868839260147283 6.1991347518060013755 5.9125666774838814277 5.9604179778577348614 6.0048624195703173001 4.23442e-09 5.84945e-06
35679671.457905553281 2895 1.0923787880396993444 0.14269348250885607876 0.15022919665854023163 5.5350027720700474276 3.799910196766831838 1.1515726990199535162 1.0244526663083073359 0.90253108244534141491 1.06911e-07 1.71603e-05
35679671.457905553281 5890 1.9327959177169196092 0.70640263468679342918 0.46609177901742449013 4.0423808681079744787 1.2109670751099388397 3.3032524620413710181 3.5273213966710410538 3.7930943927512301705 4.73576e-09 6.07174e-06
35679671.457905553281 5234 3.1067287774632914577 0.19412581126359826356 0.077353707042646754899 2.0358825057279150705 1.2046912255926325308 2.992310251229994833 2.9600359242047553643 2.9249843863583588899 2.35138e-09 4.80793e-06
35679671.457905553281 6129 1.2807611632107227528 0.4067268988317660483 0.57246308584755201121 4.0481489910644423702 0.87843819051789917562 4.6763079805411198464 5.0980513197460570751 5.4749039170937265908 7.14833e-09 6.96495e-06
35679671.457905553281 5351 2.962674774100989783 0.10843972946979164862 0.081829697622688643555 1.5144642905959089241 4.4116732528171578309 6.1573030293663544299 6.1702587559071799816 6.1824784700920467628 2.44807e-09 4.87295e-06
35679671.457905553281 6272 2.2828956423004300724 0.50132547366482249629 0.14657714046722714052 1.8278457950735824689 1.0415405755877222838 2.103364602561914154 1.5794114938151084804 1.0781046244999710204 2.92426e-09 5.17038e-06
35679671.457905553281 6230 1.7967534845489561146 0.1679081076252907645 0.16054332548598529429 1.7405537757958373657 5.8660055337679724019 0.032644796589585502178 0.027555377492293593733 0.022929191697436842462 6.03494e-09 6.58276e-06
35679671.457905553281 6557 2.1792921497233148642 0.14545727511735959125 0.18701895018598921339 4.5079403394717880715 4.1434414420052210204 2.8468858552417612984 2.8012231458838554587 2.752664354701329863 1.93092e-09 4.50234e-06
35679671.457905553281 1239 1.6773236862499965039 0.11791816298496865523 0.1246249229810509479 4.1712927990357080432 0.80658357991087248351 1.8519799074990122012 1.7365268953322194889 1.6202244358695365722 1.31823e-08 8.5411e-06
35679671.457905553281 5775 3.0146361082556101252 0.1481150836216971467 0.13792050731408844744 5.9960130893560030785 5.6497365777995911529 2.9489248017088764975 2.9181604066743203063 2.8853413845805184756 3.02463e-09 5.22886e-06
35679671.457905553281 6935 3.497083279890367713 0.018402754052611464131 0.41975693319247359137 3.9054790653378890219 5.2862320721536448787 3.9954721695868542497 4.0094301577234254808 4.0234702208587238559 2.603e-09 4.97365e-06
35679671.457905553281 5807 1.6743570870463033717 0.15331120691464608652 0.16919405968661063722 2.8794245659228328016 2.4031521409316085602 3.3567230288471918698 3.3923242128279440522 3.4303626718215678437 4.88354e-09 6.13426e-06
35679671.457905553281 5927 3.4822585323700567805 0.080653041534841624083 0.16598522311573984944 4.383402069657719835 2.2661617760305277081 0.17663870793088529143 0.1629862010414307727 0.1498989908150828998 2.21586e-09 4.71373e-06
35679671.457905553281 6445 1.8089908937952721146 0.36025182489824436605 0.026772938985216643976 1.3329278409580209708 0.59248804343130212491 3.9060067132604290308 4.2019283265156968099 4.5162550810128045953 2.3322e-09 4.79482e-06
35679671.457905553281 5478 2.1832721267450030389 0.29498302830674710817 0.31396079706558788214 1.1132100859127831427 3.2748614190284279779 2.5514433870265342819 2.3600833378212895397 2.1523115666868952722 2.28234e-09 4.7604e-06
35679671.457905553281 5076 1.5550291633303257033 0.26030733387234722409 0.16842140525744050961 5.2983050504116677715 1.7476553490289892245 2.6835076869098859476 2.5507787055201949222 2.4057778420397548658 1.5547e-08 9.02399e-06
35679671.457905553281 6119 3.1101929730686381781 0.10345499563775149843 0.16569068403979356208 3.5357190229088337752 0.98727917131067255418 1.4074235119915889936 1.3060146955874243346 1.2061651406173101719 2.96829e-09 5.19619e-06
35679671.457905553281 5559 2.2515613960653650949 0.25896196052896125472 0.24731521072607898226 0.020533924258912230471 4.2052239552205676887 4.2837116665407446447 4.5358644649599000331 4.7908021473363513465 5.44342e-09 6.36025e-06
35679671.457905553281 6737 1.6751432194906907824 0.49613400330325674314 0.23026771819979752198 4.8604611398632764363 1.1528321573943913769 4.6610395398157882241 5.1863678477844921133 5.6278076719710696807 2.16814e-09 4.67964e-06
35679671.457905553281 5288 3.1271827449284725908 0.17094437225228156785 0.23671784252308597507 3.8301398880271824154 3.669816580935890471 4.0437670215251957373 4.1862755753916065515 4.3341023456891187848 2.94866e-09 5.18471e-06
35679671.457905553281 6005 3.0371488234920773763 0.24058451892654289517 0.51842106769864959581 3.5766344434004260222 1.8790079415193221557 4.3111761323108224175 4.5461234619724129047 4.7833902484867136806 3.36675e-09 5.41902e-06
35679671.457905553281 5209 1.4288611868562854923 0.49504216369806558484 0.095248796559783327487 0.22631064845447509959 3.9705280414446262327 2.5804242321171688701 2.2209060115430605542 1.8268438285543979749 4.75685e-09 6.08074e-06
35679671.457905553281 6692 1.8748541306668564665 0.21876005473216575403 0.31649843590122422876 1.3542901399051923139 5.4031840468859320126 3.324670490675390333 3.3699031224950362073 3.4194155580478611256 1.32225e-08 8.54977e-06
35679671.457905553281 5406 2.0345553472688093777 0.30285942579378682948 0.28189463589382984798 4.3345639109899032348 0.10563294940470854821 5.1712606880050175917 5.429995110014457893 5.6581639665673604256 4.61584e-09 6.02005e-06
35679671.457905553281 5938 1.7476582674050427091 0.16414422651141458154 0.29702897205303607775 0.39977982426415731299 0.27538492262352465278 3.1514770593583034675 3.1532577114624484871 3.1551724199399391324 1.88863e-09 4.46923e-06
35679671.457905553281 6827 3.1095068520562043624 0.17486673175582218009 0.14507758170604459491 1.8252132662728619561 1.9499958816499931569 4.7591867330640216238 4.9340486161866570214 5.1046370451585119099 3.04652e-09 5.24145e-06
35679671.457905553281 5158 1.9705929193498281649 0.44643396620235398231 0.22949624590868406004 4.2186867780023149521 4.4157709362884007831 1.9114835225357615922 1.4384225011212985468 0.9958942198838571791 5.85576e-09 6.51695e-06
35679671.457905553281 6167 2.1812946735695075695 0.16199560405868526636 0.10389703721243372103 0.54062836890657928191 6.0864370910803620163 4.0318794997341544928 4.1652838749747544966 4.3036336403754038571 5.7681e-09 6.48427e-06
35679671.457905553281 6401 1.5672966881799896832 0.23875829942060899924 0.20666060786855627862 3.7246786245839249574 1.6468053345358883988 1.7938163648035017061 1.552232581929145816 1.3135154208890817973 1.93159e-09 4.50286e-06
35679671.457905553281 6586 2.1371896624418842414 0.13385269307152652951 0.25808165822607476159 3.7195527822580651822 3.4354083198725597903 4.5505511176133719431 4.684504398588968499 4.8183050564581053621 2.89513e-09 5.15315e-06
35679671.457905553281 5195 2.7517288540469611036 0.17174038678180764128 0.15083350576563092638 5.3477282941815511563 5.1466190006641978627 3.031013268045935849 3.0101236654372089951 2.9876101159656576201 2.26107e-09 4.74557e-06
35679671.457905553281 4963 2.154591552681450306 0.14431074059753376537 0.40912448506579041085 0.59808048032772287428 0.86498644129657986657 2.5836528397473492724 2.5018565389493963025 2.4157053705281450462 2.1769e-09 4.68593e-06
35679671.457905553281 6056 1.4321602049172414972 0.40248683975341881247 0.21614731320677388338 6.0177130989764684443 4.3003378436674575269 0.33314576198436757215 0.21860855760820269156 0.13132063005094651853 5.38932e-09 6.33911e-06
35679671.457905553281 6170 2.3433700446487111257 0.29818402048385150849 0.21710146541968847189 0.31979802434762560903 1.2240879833654818576 4.0627219103118834553 4.3288093611507738601 4.6053246275396002574 6.44558e-10 3.12323e-06
35679671.457905553281 6886 2.7824093798036204639 0.20102391457941556907 0.54705325205453037007 2.3384525720675708449 1.3097634325388423093 4.4409589844267047809 4.6414223548708175571 4.8419402773181010602 2.88448e-09 5.14682e-06
35679671.457905553281 2992 1.9877877924640270368 0.18611715729423505827 0.072254845555971766724 1.0651681740066121229 1.3688564357690851114 5.9838029181958578562 6.0346088911019482026 6.0803982494966666295 2.26492e-08 1.02298e-05
35679671.457905553281 6978 1.7098753102742483279 0.45041503063162802167 0.25108469741233718775 3.9050344817170352663 1.8974450092510410926 3.2963511954720168262 3.3921864302851316708 3.5038800042132098866 2.46129e-09 4.8817e-06
35679671.457905553281 6186 3.2471834843358462486 0.026209727310194618627 0.17618395109731319059 1.9522448367517566403 2.5608895980663715086 3.2002332277707354891 3.2017899329466090741 3.2033667345080343303 3.14704e-09 5.29848e-06
35679671.457905553281 5846 2.7957272504387868928 0.061548083554232954628 0.10840018434046801155 0.39458253258012737641 5.9465301355130213423 2.7162023513162942834 2.6900463795679616652 2.6631894208367619115 2.37403e-09 4.82332e-06
35679671.457905553281 6333 1.7193953169853151142 0.23960629129281438288 0.077162079033693084518 3.8140435982855538377 1.9763513096628260168 5.7159788254688610465 5.8343290815382511383 5.9383027193791946274 1.94245e-09 4.51128e-06
35679671.457905553281 6138 2.0570044629968688987 0.46844174711925823384 0.12253862193014240789 3.8828797727896429137 3.9490166712028114127 3.5440327713084887051 3.7953351399962582668 4.0802233724944292348 1.45536e-08 8.82754e-06
35679671.457905553281 6244 3.2088872407321646918 0.035378512138174965374 0.29746112704810223626 2.1801560269114323987 5.4520257330683188357 5.4567146450701482507 5.4824355060065901313 5.5078329714743876622 3.08558e-09 5.26376e-06
35679671.457905553281 6192 3.2025040461250982027 0.20245766971566986347 0.3401421811574644738 0.087048230990983591071 5.3675092374320207966 6.2695828400476090181 6.2721072930900048092 6.2743500761337172023 2.79503e-09 5.09306e-06
35679671.457905553281 5914 3.2049726105105995622 0.036010023971792426423 0.12562621917742172739 0.38391833573850758787 1.6659789045758395254 2.9886237698532607254 2.9830355753774591143 2.9773498248749761252 2.63408e-09 4.99337e-06
35679671.457905553281 6739 3.1746524536473939015 0.11690409765410512966 0.22440423318974528355 0.921786303432523213 4.1560167368806784083 4.0004531364007824834 4.092738720167201194 4.1879081971354796821 1.84353e-09 4.43337e-06
35679671.457905553281 6164 2.0999627923109338568 0.30168812290474583682 0.56695166425054321913 1.7407179089068458566 2.7068967367358114373 3.4698175088683878009 3.5863083878210004762 3.7160950049374066317 5.09634e-09 6.22209e-06
35679671.457905553281 5923 3.0269505593374907981 0.023612651117374112292 0.17720277607143641863 3.8822438960367349203 0.36107583209713312034 2.7931359353802469592 2.7849818745183432256 2.7767386919922123489 2.22479e-09 4.72005e-06
35679671.457905553281 5650 2.0747145050838979863 0.25521397096083525691 0.34218038428202407486 0.8645387555760793985 2.7963722983248842091 3.2098173060232575438 3.2301386789679962241 3.2527073434982356481 1.14639e-08 8.15256e-06
35679671.457905553281 6897 2.0826017350828145425 0.55303456276195939179 0.29049567278143378912 3.3834673653656066605 1.4216878551185458956 2.0022345386742412821 1.3944564139922830392 0.84999810921725893476 2.6229e-09 4.98629e-06
35679671.457905553281 6655 1.6683334766803239457 0.14866861653527060905 0.051378164597530771862 1.5597015246704803992 2.8674023472351932718 4.7346910358022000764 4.883628505937927855 5.0301227404801416299 6.32791e-09 6.6876e-06
35679671.457905553281 3400 1.0597405823636953937 0.28466116345096198481 0.24384890469640568833 0.01817284258762187979 0.52952429895090957768 1.2348676128589199941 0.97446901988521594795 0.73893929084382348194 2.20416e-09 4.70541e-06
35679671.457905553281 5798 1.6122014023159056961 0.46721444301707593105 0.35930532981219853728 5.1582167623531258727 0.1097467112936243161 3.8645805109030724189 4.2623295053842724656 4.6830193093930310155 2.01067e-09 4.56349e-06
35679671.457905553281 6362 3.0249478923231980509 0.04635216816906249232 0.202721841503683331 1.3177337226774343826 0.59859835192580257424 3.1669209681790642108 3.168123369010272139 3.169352980931601671 2.92709e-09 5.17204e-06
35679671.457905553281 2928 1.9710697155024237137 0.30729537112129529097 0.20296582932497533869 3.8467989643654707521 2.9846961493873180871 3.6573123492456116601 3.8367819937010212428 4.0336141594042436154 9.69793e-09 7.71039e-06
35679671.457905553281 5185 3.5266806367388650045 0.057053830182726555931 0.24470240387702221763 1.2097223135354009393 2.4851034712202904053 0.031930994130492433569 0.03015861001614244738 0.028438206625865023597 2.64564e-09 5.00066e-06
35679671.457905553281 5885 3.5039156840539669169 0.010619568205040133546 0.2871743079053749037 0.132133261255287765 2.2383017811517893492 5.3514860181302985609 5.3599829292599414643 5.3684524342234407612 2.25928e-09 4.74432e-06
35679671.457905553281 519 1.8593111384107214867 0.16901178534818744881 0.091133030256119629264 4.6454202043726304794 5.3313371090555836673 2.408659849618356219 2.2872205015527398153 2.1597587827538857752 3.92741e-08 1.229e-05
35679671.457905553281 4406 1.4954685537173968424 0.21920443743322529095 0.20100314828055051986 5.203265156869647079 5.7763860684338794727 6.094432095516205905 6.1319726231983509024 6.1649929415809596733 6.27014e-09 6.66718e-06
35679671.457905553281 5578 2.8980098485211356341 0.13551967896508190781 0.23039403604170158313 0.078279485338197785094 5.3135454997963744717 2.7576623937735069703 2.703243680895802914 2.6457230151034107912 3.04211e-09 5.23892e-06
35679671.457905553281 5134 3.528486621978109028 0.022875374009852032786 0.32331313082538853942 3.2809509972731456529 0.81431125265558856885 1.0943044964230517202 1.0740813613155957285 1.0539704132718048513 2.31886e-09 4.78566e-06
35679671.457905553281 6863 3.1233385663536359367 0.10110824311741527237 0.069585997958838144428 1.3028856347009007965 1.2309645402919278112 0.38538069113126544041 0.34898867361704588586 0.31441495053534640469 2.72515e-09 5.05026e-06
35679671.457905553281 5211 3.213275614501527766 0.022600227921091845668 0.2448347950932610595 3.5221771320337862399 1.1390561008026969247 1.2695852295294731693 1.2480727170421248573 1.2266392226815372446 2.07199e-09 4.60942e-06
35679671.457905553281 5577 2.1154482303488117978 0.47759835782179094199 0.44829680600202231888 4.213739414105484471 4.9918445089697707218 2.5653835851040276417 2.2168546939103848104 1.835510061593873754 6.01747e-09 6.5764e-06
35679671.457905553281 5417 1.459086243252356585 0.4517153463727200946 0.031231675341003142798 1.9334060848902647756 4.8639306866407299168 1.2108388744425848671 0.80433216615511293757 0.47893106659095652233 1.15634e-08 8.17607e-06
35679671.457905553281 5880 1.557103830789054344 0.42007955746140929199 0.30675033172688326299 5.053850845303306194 5.7209751811142934841 5.6535166654473085757 5.8728156657209371616 6.0404056938172958624 2.24295e-09 4.73286e-06
35679671.457905553281 5030 1.3179332287855061168 0.3200784804619712931 0.3448699740821008497 3.3595259291929555623 4.9652742476725268972 2.8822278352579759897 2.7820814002563327705 2.6694724215881842078 2.14686e-09 4.66428e-06
35679671.457905553281 5240 2.0546923235775822469 0.18153081567680370845 0.17797664816962682766 5.9779115732281589146 0.30861886331266069616 3.7652148451404565677 3.8805648246215711517 4.0028310091823273709 1.54708e-09 4.18172e-06
35679671.457905553281 5678 1.5607857400683253779 0.38483778036742255502 0.29188342263241651153 4.8188459942114629797 0.024818929327806257823 0.79451059683782476739 0.54533995269901358594 0.34572122354534451372 1.85255e-09 4.44058e-06
35679671.457905553281 5625 3.0506111689834898293 0.28976129318914800592 0.070408107649617218682 4.8523329553325469377 4.7474441037109897934 4.214840409548106237 4.4930287503013959238 4.7758464548948929007 2.295e-09 4.76918e-06
35679671.457905553281 6997 2.9702813576429445419 0.22304764355788736507 0.21534519515922406763 1.5424373302786256179 3.4313961108497150754 2.3261553790068849601 2.1483666416589302095 1.9614991760115774166 2.77488e-09 5.0808e-06
35679671.457905553281 6029 2.0805834298925152126 0.081133491642612451389 0.0073801091521652180741 3.3719798444870967558 5.4422976783178711457 2.2542726935353187834 2.1896223959308516172 2.1235342997244299745 1.2969e-08 8.49478e-06
35679671.457905553281 6282 2.8184062500976279075 0.073191561039716718229 0.11426759852781084859 5.0701750497526028028 0.913016536425722669 0.41963175112953976509 0.39074063045194046273 0.36286391711951276884 2.68214e-09 5.02355e-06
35679671.457905553281 6604 1.2077537018679509462 0.15927457977476233708 0.18240074800267166988 0.93384770921324411486 3.3285750685662813808 2.7525691937566056922 2.686924261458795371 2.6169765331349474913 1.53681e-08 8.98925e-06
35679671.457905553281 5362 1.3957148503178919974 0.2730427491097764392 0.31505641606266815424 3.9128777789524571418 0.28027766227690215084 3.1465117816258816319 3.1481022569358660945 3.1498796443762500097 1.49782e-09 4.13686e-06
35679671.457905553281 5717 3.1683920370644833575 0.056963285622295647959 0.21363073187114819951 1.3383593527828694381 5.6121225161529837422 1.2454968646159347845 1.1919776090094635901 1.1390528979073932803 2.31886e-09 4.78566e-06
35679671.457905553281 6740 1.7699190772709370023 0.37289367744127388526 0.3096780870754660131 4.6539465324040047989 0.59443535316442597249 0.71616875712612859672 0.4954422815837560834 0.31816087160515860166 1.33102e-08 8.56864e-06
35679671.457905553281 5479 1.2084453968631523324 0.25427579544502315612 0.1674091807757691619 0.33956210565307959337 2.9248097661731717878 2.8158248800253842248 2.7216111332892340968 2.6179318103045887689 2.12255e-09 4.64661e-06
35679671.457905553281 5257 3.2149513866403243156 0.12357959472040488946 0.17167257031888336072 4.0488244480957575888 1.8014282274087030089 1.6208174225974871785 1.4966916909031000582 1.3734512594211574221 2.20895e-09 4.70882e-06
35679671.457905553281 6565 1.976311819239723766 0.63840821292702953915 0.34307215859929918178 2.4497210160502067566 2.6493668992261318884 1.3902149088913016151 0.74680138774983195749 0.31313395220421719189 1.41094e-08 8.73682e-06
35679671.457905553281 6327 3.0039668730155413279 0.14926058368175798563 0.15899494614593234765 4.368684135726013551 1.7865788220094671601 4.4085768851029936144 4.5548323519486615396 4.7022441357785753624 2.25041e-09 4.7381e-06
35679671.457905553281 6313 3.2410860461853880921 0.14708937494667811974 0.35724049151911763111 5.2500058940654188433 4.9086160989819971334 0.3649656471747301234 0.31560053319023739782 0.26994584451675412984 2.33149e-09 4.79433e-06
