90381930.184804931283 0 5.3966694451061885118 0.024773468259910284145 0.022128831816389821913 0.05375140804837708064 4.6690215886258279454 0.51931613402431486826 0.50715050464641864281 0.49511831880878753864 0.000954966 0.000356051
90381930.184804931283 1 9.0591987505241462486 0.088689608426029964416 0.052646959904959746146 1.2013163178499550732 4.2073757107586633452 5.2975300099501323459 5.3698047394352101946 5.4400091305072377779 0.000285285 0.000238018
90381930.184804931283 5775 3.0466468118615850358 0.13140332541964722113 0.11573234302159177145 5.9497181400732577217 4.8876226894473546736 2.8944166531244595042 2.8599228444668951532 2.8233979706562410961 3.02463e-09 5.22886e-06
90381930.184804931283 6920 2.4290579386202737489 0.23955034134620187269 0.34822341776371135147 3.39751701496590508 1.6771718338027832296 0.46697308447827468036 0.36833221486531253497 0.28207971702456574592 4.48089e-09 5.96081e-06
90381930.184804931283 5134 3.5276377570177821497 0.04059882126989333706 0.34303075807292116028 1.1914212067675782336 0.22003749051336091158 4.9800029015978788394 5.0189585925729547355 5.0576644708200007017 2.31886e-09 4.78566e-06
90381930.184804931283 5278 3.1968631214009630703 0.054443403132906582897 0.30545827513899631578 4.7414337708229572499 1.1940798597996005181 3.254616462357692086 3.2609322636258935013 3.2674141068490434314 3.13887e-09 5.29389e-06
90381930.184804931283 5451 3.3011291349860845123 0.062728679645571758239 0.05441890332675579367 4.5944697521380124527 3.3374706818280546194 4.997054477276170914 5.0567735724067244263 5.1158190374693628399 2.58702e-09 4.96345e-06
90381930.184804931283 5063 3.4795545794168951659 0.070933355185030730339 0.4357085321691582247 4.5435568004519311103 6.0248489150534991765 3.0269163743134699374 3.0184924501096839222 3.0097825763499304053 2.23728e-09 4.72886e-06
90381930.184804931283 5878 3.2584526361783381354 0.085357766994435133046 0.057686518710979073354 3.3482605084917147487 2.7229322724694737801 2.5776388723253860213 2.5302242017147658082 2.4812298189093815459 1.44428e-09 4.08696e-06
90381930.184804931283 6255 3.2061275474305142019 0.090373052921931901205 0.16138409025327929425 3.2126371513867533203 3.5463720614390679131 0.85897309729458415362 0.79239923047005211831 0.72805000969199140659 2.45838e-09 4.87977e-06
90381930.184804931283 5548 3.1790853573689830114 0.055283988481078953636 0.31831502590210730697 4.2292859972442062855 3.1852233778642156103 1.0634338988915794655 1.0157274925433266155 0.96874361175157841508 2.11518e-09 4.64123e-06
90381930.184804931283 6443 3.2065039752077408863 0.18931332470908984744 0.30283450861143579314 5.2509552060978323951 6.1743026067848640892 2.9160709720631206032 2.8689745969290338934 2.8180012787743384806 1.88164e-09 4.46371e-06
90381930.184804931283 5990 3.0903753107431684022 0.062734834445877227238 0.18561631447858198407 6.2219667933612061717 5.8919509343189906403 3.3033347798265975115 3.3137707246377514636 3.324518997231474593 2.30118e-09 4.77347e-06
90381930.184804931283 4189 1.1046446136804983773 0.055081860038622684761 0.026628427850685656986 5.4375905734649991885 0.061558840901502258347 1.788704291768004051 1.7345747711148660208 1.6802300020573563977 2.51666e-06 4.91804e-05
90381930.184804931283 5098 3.1205449090790682298 0.062131234368599914941 0.065567020697985131661 3.7449314380765157395 5.2943911690700922179 4.7081714610642872998 4.7703503358222238973 4.8323772338831041395 1.90652e-09 4.4833e-06
90381930.184804931283 5929 3.2546942933238987017 0.13194288353246078072 0.17469084477335194983 4.0550046053617609942 6.0657614290545218694 4.7220986792866996851 4.8543363752159613966 4.9849522264700567575 3.18574e-09 5.32011e-06
90381930.184804931283 5467 2.9556945017441549339 0.11503808617724363417 0.18901608114253745652 5.8191653700068091126 0.82694480532872416401 5.2735907026960768818 5.3683254173291388156 5.4594904709974150236 2.43648e-09 4.86524e-06
90381930.184804931283 6282 2.8358672948111358636 0.12811946053746664509 0.029710478335532145705 2.6366165391096343384 1.0513777270874953285 5.9308680353316516332 5.972727900273514301 6.0118676534597108585 2.68214e-09 5.02355e-06
90381930.184804931283 5694 3.1201256004465540705 0.18543228050531071482 0.2715753078141022181 2.2355002790649658451 0.86275917560274995033 5.9815086511501256439 6.0325190646885555878 6.0785154370844702854 1.21025e-09 3.85309e-06
90381930.184804931283 6392 2.9699045053100943115 0.17125836310379707883 0.19745892644699963858 0.54088095272302239014 3.3812886771132895092 5.8145257705839163975 5.8868563816899026619 5.9529680083823945935 2.75286e-09 5.06732e-06
90381930.184804931283 6484 3.114790906918847746 0.10845561023659669453 0.23028644870391060118 1.4258522949250644896 5.2017849846734485197 2.6985517006066159773 2.6495205547596221152 2.5982803592645993263 1.88476e-09 4.46618e-06
90381930.184804931283 923 1.9865543371832372621 0.30779619702517291291 0.41114840088703347165 1.8819599019188057998 2.9236340857736742294 3.2925571805997688735 3.3487483457903719497 3.4120550178952075981 2.53731e-09 4.93145e-06
90381930.184804931283 6739 3.1963679017611283939 0.22719827865554900748 0.22295933621603414299 5.2820004567052869504 4.6882050711229883433 1.0858145946014008398 0.89312349554544856467 0.71612833005455933666 1.84353e-09 4.43337e-06
90381930.184804931283 5885 3.5085045412128041953 0.03006281513047592488 0.29625586346320564868 0.25754763406875302856 1.3279474427721693619 2.6085244915404413035 2.5930436183582510346 2.5773673725441734739 2.25928e-09 4.74432e-06
90381930.184804931283 5405 3.1729389126207974137 0.058851494464257372852 0.12409805365478131234 1.374321684701145907 1.4262868334860951958 1.7131249289029464311 1.6545901014953154906 1.5959450960124219598 2.93677e-09 5.17774e-06
90381930.184804931283 6764 3.2814923552735599799 0.026504349131868026879 0.28145355432877178226 4.8860390629490302317 4.4438594970496900771 5.3693404490079155167 5.390162503513788117 5.4108086171212930182 2.4069e-09 4.84547e-06
90381930.184804931283 6362 3.0075706300234101853 0.083542235460438388217 0.29203158291482184117 5.1585807255003421901 4.5887449286081078981 2.3819106976316857249 2.3224893336662302268 2.2614589067918706711 2.92709e-09 5.17204e-06
90381930.184804931283 6775 1.4853128955940042566 0.046313793544973974603 0.22483571762003573546 2.6542342340670552758 3.8750701873379962414 1.5325419676657958679 1.4862864576911829495 1.4401379503966600382 6.39874e-09 6.71246e-06
90381930.184804931283 6055 3.2530772205457774149 0.076431422025686049371 0.026986230040186114792 3.2040339586481740852 3.1829096170988750991 2.1764586853963674429 2.1121509808750444925 2.0466483794918475247 3.0525e-09 5.24488e-06
90381930.184804931283 6498 3.2358810514394633628 0.046318204636686302611 0.14220130190506091727 4.9972417372003823388 5.534569962025825518 0.64101798886607852523 0.61381127483613862061 0.58713258203648654998 2.50157e-09 4.90818e-06
90381930.184804931283 6313 3.2527899037613954292 0.083569292520471696872 0.36085040879764651578 4.8433908504676121964 4.9498213293865749307 0.26437578926994043105 0.24335060243173398109 0.2232140922318597287 2.33149e-09 4.79433e-06
90381930.184804931283 6300 3.2430646957349420489 0.10259813093125315364 0.21643983601381228121 5.3111738928776999202 0.94456257735964654909 3.2383822180757002585 3.2488596712059676364 3.2598439737916482528 3.26125e-09 5.36181e-06
90381930.184804931283 5323 2.8309303747583265398 0.14519586095281367122 0.1320670527925233706 3.5030816590278308631 0.48265630481198318336 0.63249919417325783932 0.55104994890924563489 0.47502800269150580181 2.25995e-09 4.74478e-06
90381930.184804931283 4755 1.8613482597994739365 0.05044100036792813907 0.027470762070063863697 4.6603321092910734436 2.0410311931722104895 0.32093254335424925561 0.30538340576063366383 0.29021787191393266792 2.45943e-07 2.26531e-05
90381930.184804931283 3800 1.9937510151173960526 0.23568573839404538539 0.37675933005992812141 3.044573113479884352 3.9282052757052055014 0.42047855549382767704 0.33255449817475335461 0.25561285445042625231 2.3176e-08 1.03085e-05
90381930.184804931283 6956 3.4981651616495388346 0.19832088671966582871 0.41546771805975812875 4.7303750884009376776 1.9125037814633913946 1.2198807046788975317 1.0385369623567191066 0.86765125456737568488 2.20649e-09 4.70707e-06
90381930.184804931283 6197 2.122510799381451374 0.44150137763984559358 0.24914385532756405661 1.3535106649143096025 2.0860974945649259915 5.015010276597166694 5.4246334211160567307 5.7588044738174941628 8.02678e-09 7.23931e-06
90381930.184804931283 5080 3.2140816194135797268 0.13134975898271383787 0.20875482904285996844 4.5567708260629906647 1.5735617365752612162 3.4234719354800349223 3.4626444923298804746 3.5040938565631813972 2.57476e-09 4.95559e-06
90381930.184804931283 6233 3.1597762902348551783 0.15779081215894993906 0.21179146104112567262 5.1540724261335242318 5.9689992604771626716 2.1924524418606465836 2.0573218551424621303 1.9178406618614842749 2.38928e-09 4.83362e-06
90381930.184804931283 5489 3.2154222008307096203 0.1432286657575225497 0.30425247296859891932 1.7372859848386539294 1.9727936381733599536 2.8848784740408559557 2.8455931301262245015 2.8038138939456058729 1.80848e-09 4.40509e-06
90381930.184804931283 6756 3.175429026789456266 0.083523176466258397532 0.30461247248314043956 0.40025280421736636471 1.0845914466396249232 1.6150396490290310769 1.5313461110241324281 1.4478879205041121914 2.22448e-09 4.71983e-06
90381930.184804931283 5116 2.7493447074702226374 0.18650942088080588177 0.11135071267547259899 4.9419836554329075184 0.062501826047168168587 3.2607812909946995994 3.2854588527546937371 3.3121987894564499655 2.56354e-09 4.94838e-06
90381930.184804931283 6951 2.9721970172781921882 0.030519081266450160533 0.035784240180026648248 5.5071041711306998323 4.8254445852228791125 6.0228457620401076866 6.0305892225066619616 6.0382165055611283222 2.54062e-09 4.9336e-06
90381930.184804931283 6295 3.2631969757876211347 0.046087989985749186483 0.24555362317820800255 1.0946344673958849913 3.8190340336514858599 1.4634523876232727879 1.4177262546472877425 1.3721771423520328081 2.30061e-09 4.77307e-06
90381930.184804931283 5923 3.0074999327756062328 0.062000555019488950981 0.22747691116668991573 5.8595082747947921931 4.9903826589038624562 3.1963268355695104717 3.1998305101610773349 3.2034392488556444611 2.22479e-09 4.72005e-06
90381930.184804931283 5234 3.0172723447176830192 0.21008156019345819443 0.091313518398892082328 1.2633275207994294487 0.097862130740234143378 5.9201830871688283509 5.9887796145070160136 6.0497392254238340215 2.35138e-09 4.80793e-06
90381930.184804931283 6863 3.1598566470002258377 0.14370139160168307613 0.031906902067304787618 4.0533972118112915339 4.8774258608300424811 2.3824431221734170272 2.2776155381896829866 2.1683404904365164434 2.72515e-09 5.05026e-06
90381930.184804931283 5146 2.7770917518193609652 0.066807935952454169937 0.043130563578940163405 3.497341042345348594 4.6340536753218968258 2.613184613184694971 2.5784658122462675856 2.542801542785387614 2.55901e-09 4.94547e-06
90381930.184804931283 6969 1.8577085851053514176 0.45527379937516476716 0.23295071636591233033 4.3132864205098755406 5.7082209036796331958 4.1250739631234285554 4.5797933349612378606 5.0310707725958119241 2.41679e-08 1.04535e-05
90381930.184804931283 5853 3.1350121953523899521 0.2035368446738613224 0.14467999851757998298 2.6148148210335953046 2.5620256833107544203 1.8009911844892154686 1.5966291553396196878 1.3931602205223165836 2.34516e-09 4.80368e-06
90381930.184804931283 6657 2.2411407928011288782 0.24407751946256986408 0.15589083078174481578 4.0770619174462510159 0.56401017244667073225 2.5255212698962430373 2.3665436778217459057 2.1957501739217373249 9.52311e-09 7.66378e-06
90381930.184804931283 5962 2.8331873805064926586 0.25793467954092214045 0.22396941286569849172 6.2223326222258039664 1.8825611138553675072 3.9302022541042824777 4.1345720911559267208 4.3506328945953400833 2.88829e-09 5.14909e-06
90381930.184804931283 6628 3.2441247765220855293 0.10745731894020051078 0.20230049489064549917 1.8987863506466013952 5.2549709495435301676 4.9169989915944487535 5.0212828762010337513 5.1236542847098975884 2.5094e-09 4.9133e-06
90381930.184804931283 5290 3.2177147193402735326 0.04790934396137273843 0.12640381407782436129 2.2859569933562413624 3.1721123491795766292 2.2024489512525788903 2.1632110042360079838 2.1234656603912860362 2.68653e-09 5.02629e-06
90381930.184804931283 2992 2.1633049435537206051 0.53002429020755870148 0.6635178788885662815 1.0656581464841281548 2.3902911101530373017 0.85045306565404588106 0.49181211455282469736 0.24152192265041960706 2.26492e-08 1.02298e-05
90381930.184804931283 6827 3.0960937352847799353 0.17441484148796757014 0.16135838479190797723 0.46873009888299488335 3.9950254264153648442 4.8608833011901229071 5.032060599935043399 5.1976393526064095241 3.04652e-09 5.24145e-06
90381930.184804931283 5324 2.0747339172231789028 0.13339382611710412507 0.12879361573723127621 3.664971020302364213 2.0398960927525813247 4.3342297751298515252 4.4617405118383812734 4.5909660189061574087 4.64884e-09 6.03437e-06
90381930.184804931283 1410 1.8537811093734695156 0.17604592360210050139 0.124836901201617681 1.6172517087035687133 0.85593290883393702284 5.926214754717451072 5.9834421119938543399 6.0354240477752467697 1.96181e-08 9.75145e-06
90381930.184804931283 6244 3.1798119099921677844 0.058750870094992517501 0.26527947972161869394 2.4335929939322573645 4.3335313223989579967 1.8769345118200082556 1.8203807000549894202 1.7634502159336351568 3.08558e-09 5.26376e-06
90381930.184804931283 6327 3.0052469571833873019 0.14735906755323996409 0.17886213279565149614 0.25832603575847212785 0.5769174289218602647 5.8328585698155359651 5.8932991541488393139 5.9493078475040537256 2.25041e-09 4.7381e-06
90381930.184804931283 5650 1.5852335008642495229 0.55949581403810089153 0.33566040025261967283 6.1233728206504327574 0.32171040677992729373 2.7029836518604448692 2.347393417824413131 1.9483035916372646312 1.14639e-08 8.15256e-06
90381930.184804931283 4112 1.7215281578285750452 0.59132954704515028332 0.68036543437840379944 2.4290769894259556239 4.7494488962226917295 2.778356044303302852 2.4462692853314313979 2.0674436081576690327 1.99037e-08 9.79854e-06
90381930.184804931283 5511 3.2247332894486473442 0.10433779131209598712 0.17657165227175880551 0.85840946356534020278 4.7639562731187323763 6.2226095902052618314 6.2286290193067461729 6.2343184785650045399 2.90982e-09 5.16185e-06
90381930.184804931283 6186 3.2447047649308426998 0.029005681413536845564 0.18883449464487653269 2.7193978124961466492 2.5864847286740375587 2.2073581504203629855 2.1838266589554105046 2.1601026720055154229 3.14704e-09 5.29848e-06
90381930.184804931283 5195 2.7386467064688799766 0.055420898362060440345 0.081315452733741910851 5.2242563057263895487 5.1000706365346220039 2.670115209454063443 2.6442867895447497162 2.6178477248787359599 2.26107e-09 4.74557e-06
90381930.184804931283 3953 1.2089757356200325766 0.18428537251814719466 0.35452626289465438703 5.5548246290104570377 0.021617315902253395055 2.4677269805080936926 2.342816961784113694 2.2107760188082790087 1.87457e-09 4.45811e-06
90381930.184804931283 6667 1.5304253896679180791 0.048992877330737413799 0.40747913611153374625 0.20082060794626122036 4.6147910383344719065 3.9872466042085576987 4.0245371215760901151 4.0623895872242101746 1.85586e-09 4.44323e-06
90381930.184804931283 6816 3.1355515947496503948 0.16265602279034072075 0.10886589619142612861 1.6218735559918313616 3.1572943379182549783 6.0801295905990295765 6.1106973680785507952 6.1386146552724376591 1.76213e-09 4.36713e-06
90381930.184804931283 5762 1.2308402842561119162 0.37469508985779320653 0.29119811549337720757 0.014858622687716531441 4.552494197346539373 3.4042820260943842392 3.5284433228416576256 3.6698059220134351399 4.50081e-09 5.96963e-06
90381930.184804931283 6595 3.0375189276865666166 0.062839046731665737511 0.26378662674525993337 5.4806418403369869807 5.2273252478940142041 0.42959171478174001946 0.4041230246748880317 0.37941392105809462754 2.5233e-09 4.92235e-06
90381930.184804931283 5950 1.8657333471228261246 0.27501988136678889862 0.24510271186550819378 1.8117870340193493739 4.251219211051040503 3.2020674788971450475 3.2217733235833088123 3.2438009818030804077 1.07677e-08 7.98408e-06
90381930.184804931283 5351 2.9777421385159366096 0.13557793333622264464 0.11875405118947635064 4.419292856874766251 1.7582852771012877913 2.1650794703133242614 2.0478857029839461212 1.9274470485051167223 2.44807e-09 4.87295e-06
90381930.184804931283 2768 1.5714619026246876565 0.048800641900245536609 0.05041027054485019282 0.43914655253413781288 1.6180710801725342041 1.4755239997597902057 1.4270378445620459651 1.3787406040656029482 1.06163e-06 3.68842e-05
90381930.184804931283 5194 1.8406674684059496361 0.5791387392881104379 0.20982362594737438699 3.1327817032030527145 2.7665940565543065688 3.7255327171336980463 4.1960474177967892473 4.6996845189722247227 4.75382e-09 6.07945e-06
90381930.184804931283 6928 3.2110664535432960065 0.30870824413219716265 0.30592445431469567074 4.2787765445295882216 6.0071084844499376132 4.3730203548872985664 4.685432254094169302 4.9940283412659667306 2.08658e-09 4.62021e-06
90381930.184804931283 5914 3.2186931186383040959 0.047142946114987246964 0.068337787803664937214 4.7793773211679173585 4.3192733380306531643 2.0563782783491286743 2.0142036487393433219 1.9716196564606198738 2.63408e-09 4.99337e-06
90381930.184804931283 5072 3.1163473880728540522 0.10140058653033455494 0.23123775672378163448 0.47579038560244241163 3.8878246509052667435 3.6035007067903181976 3.6509583795152358299 3.7004036974973115726 2.73643e-09 5.05722e-06
90381930.184804931283 6154 3.1515866287097265008 0.098585825306441554616 0.19899984472477988406 2.1806475604962676229 2.815987055374643333 2.7701286222357617284 2.7325296148802502572 2.6933171180042752013 2.04677e-09 4.59064e-06
90381930.184804931283 5312 2.9959096767465669409 0.096269674500602586686 0.13672314254182998949 2.1021135633852372493 5.9008556128491553849 0.92328321358272380515 0.84853239480082065516 0.77630019889163348612 2.46345e-09 4.88312e-06
90381930.184804931283 6126 3.030528394842726847 0.24026357015585936283 0.18746702306370835456 5.4731976785568221544 1.9936343122912405512 3.2199519329164125736 3.2416791532014124222 3.2656861650946189535 3.04059e-09 5.23805e-06
90381930.184804931283 6952 3.2767838269305959997 0.1351158102336982858 0.13592119222277734836 5.4324942160548745917 3.1789936154594209405 5.1640830698911335261 5.2825554020768485941 5.3962973986220852396 2.57429e-09 4.95529e-06
90381930.184804931283 6073 3.2087792826092451648 0.03452066433808866075 0.29655002737087682307 5.5651768725211709921 4.326849413306068648 0.64633726494498189297 0.62582389132945837051 0.60560288679697427128 2.87152e-09 5.1391e-06
90381930.184804931283 5578 2.8986824600132941043 0.19364319742894381404 0.22154781107836407639 1.3894789232623470099 5.7981606880268872217 1.7310378267975106148 1.535615737821689919 1.3420923615936086737 3.04211e-09 5.23892e-06
90381930.184804931283 5231 3.1567314030897692945 0.12452002891111409177 0.28890155341589041083 0.89376871843231386894 4.2819085337594140483 4.0445931565729758006 4.1466103024802407617 4.2517265530940449025 1.89135e-09 4.47137e-06
90381930.184804931283 6029 1.7759655996454646321 0.28275648563169503147 0.53773048825151326113 6.036815025162407089 1.9876663746510199182 4.1473663807053089414 4.4100453553703395926 4.6799763680583925662 1.2969e-08 8.49478e-06
90381930.184804931283 6192 3.2214452817379459759 0.15566252820950018942 0.34661219295032630328 6.2345562480231082603 5.9220170398526539302 1.3927248055546352923 1.2409849323840909108 1.0937120784946430252 2.79503e-09 5.09306e-06
90381930.184804931283 5211 3.1229942952724405458 0.058376620640442841714 0.28423963035271149202 4.0444497274508419693 2.8036199188923873749 6.1464183363744488986 6.1541601636904337269 6.1616713346432456788 2.07199e-09 4.60942e-06
90381930.184804931283 5717 3.1326512196530540422 0.086739996829296187042 0.15783557767091666024 1.8117002085343552054 5.3937648143635463782 1.0368835870724582016 0.96372596770830576407 0.89248443116434272859 2.31886e-09 4.78566e-06
90381930.184804931283 5643 3.3208028480194111687 0.11502166896755491865 0.074979466614634976418 5.8204276918695283527 0.089802186800054098481 3.2890814248327986391 3.3070667417119596898 3.3260131066235754105 2.47115e-09 4.88821e-06
90381930.184804931283 6842 3.1842590058680313447 0.050253887616190894005 0.16543403591557101495 0.2467402298916398784 0.6506395693591543461 3.5682536091181278337 3.5895501603813464442 3.6113163991251551188 3.94698e-09 5.71398e-06
90381930.184804931283 6572 2.9641092472187051676 0.13015833686422295656 0.14593073684284049718 2.1536734548949922896 1.514440778384973818 4.3039201013882806279 4.4269224361260812728 4.5518133140142724713 1.66053e-09 4.28153e-06
90381930.184804931283 5131 3.5084364543959525307 0.12548658497365861031 0.26885529949604042299 1.6025860551695330081 2.7765188225831081148 4.7035519064485118435 4.829435173916342805 4.9540631684973854831 2.25296e-09 4.73989e-06
90381930.184804931283 5534 3.2394850529266254746 0.11454918178173645327 0.12385148138833632081 0.43515063939715081798 0.35086394062999076704 0.9125277200390439214 0.82475784990354006343 0.74063482681217918113 2.18919e-09 4.69474e-06
90381930.184804931283 6119 3.1466836051001418895 0.12077832538512921212 0.21793081231290448163 4.9028161994154473291 5.3423496729981891917 0.85744255051973750081 0.76933188362791105064 0.68531178509273149579 2.96829e-09 5.19619e-06
90381930.184804931283 5257 3.2341654645177326799 0.11349068375596076119 0.20976565806568953088 3.295564737954978618 4.0356095199071759794 4.413713567164759155 4.5242724030872789598 4.6357609062533997601 2.20895e-09 4.70882e-06
90381930.184804931283 5240 1.7088319743694326824 0.24343320648368707571 0.35645240076386841555 5.8675604959720377707 5.4283696808902011099 1.743054667969301974 1.4955636511084571261 1.2528190303093340585 1.54708e-09 4.18172e-06
90381930.184804931283 2850 1.6641586352212038857 0.14306276460218825264 0.56839199891992575608 4.523481183034325781 0.22748627422849865276 1.4489156232556597015 1.3076523388743808152 1.1695142316719453479 2.86233e-09 5.13362e-06
90381930.184804931283 5957 3.2209130941486598942 0.058151172739478652896 0.096462536755676273059 1.4057605242760948805 1.4689676718939712607 1.4364499968743029701 1.3790137478274178129 1.3219287175724629968 3.45473e-09 5.46581e-06
90381930.184804931283 6103 3.2892211616525988127 0.081999255156196659833 0.18238216114515845567 0.19558192784853922763 4.9432532184140569598 0.3256521521495830962 0.30035968966415349524 0.2760990774362323541 3.07621e-09 5.25842e-06
90381930.184804931283 6335 3.0951696819651917103 0.085856977309318335823 0.26767360413294233323 5.7039094917275416918 4.4334377810131027076 0.48753182849470411142 0.44871789354058233545 0.41147221743726702936 2.80706e-09 5.10036e-06
90381930.184804931283 5252 3.120298147591392901 0.11710769064661745442 0.20012190756104100697 0.26542757902224267674 1.7962866671860506784 5.2792770239324475767 5.3753013404658318564 5.4676060047874139869 2.42859e-09 4.85999e-06
90381930.184804931283 5034 2.8385874010999225803 0.20654043069034855318 0.12756242127769792938 3.4542849930050394391 3.6473363871769355349 4.0756759686103141149 4.2541897396307799539 4.4394256256711148723 2.20492e-09 4.70595e-06
90381930.184804931283 6874 3.2776635987219524537 0.081887756496331357003 0.29963209654953060213 5.1127526636301272589 0.18117645733489340376 4.3799292511764846836 4.4584747177620922542 4.5377368741661623375 2.61974e-09 4.98428e-06
90381930.184804931283 5185 3.5369069316272385706 0.022554308673129498664 0.22106763609733690035 3.4583447145092693908 2.8077448652635532689 6.1646168949824522443 6.1672556474125022064 6.1698645078566620725 2.64564e-09 5.00066e-06
