41494866.529774129391 0 5.3974947556923247305 0.060159544779035102613 0.02982994570757728503 0.12341410528963837889 1.1097162467893491034 5.8323396718746129963 5.8578829436792734242 5.8827045449183508197 0.000954966 0.000356051
41494866.529774129391 1 9.0043472875115107001 0.013480153303509961882 0.042436446748804111662 1.5791698047739881616 0.93284616388421193189 2.1335756578531412941 2.1221329299096032273 2.1106501964970521001 0.000285285 0.000238018
41494866.529774129391 5775 3.0404227484401440407 0.10528411508896903803 0.12827124520235849703 0.95489402014378066408 4.4760636089225798173 6.0782765830772591542 6.0987027976414491803 6.118015889224740711 3.02463e-09 5.22886e-06
41494866.529774129391 5394 1.6923407491744306697 0.21017990926366020288 0.32295198122551760367 5.4026322117584273386 0.85138234834171166998 4.5553758229321976714 4.7680574621081817099 4.9779117838146929031 4.23442e-09 5.84945e-06
41494866.529774129391 5134 3.5250423774293579982 0.085127317550340031449 0.32381465657118957413 4.1029860806079447855 3.2964425412294873219 2.9746038340994429561 2.9598068472888159341 2.9444169995181446176 2.31886e-09 4.78566e-06
41494866.529774129391 5931 2.6969567137485874753 0.62138443189202219319 0.71140545086318862644 5.0609623829249192895 4.6550090228206721932 2.2111482688288570664 1.5327637096774426873 0.91182863368173050489 2.66585e-09 5.01336e-06
41494866.529774129391 5740 0.93693576735145456258 0.047631533844814652467 0.11577603300088848415 5.2227597435737767029 0.24677646932498020771 3.6683753474640234948 3.6928386463543128038 3.717785617541754295 3.09097e-09 5.26682e-06
41494866.529774129391 5588 2.7927602246323171009 0.28489331075002699567 0.21925791894312737784 5.4913956414562461461 2.7199299271643191389 0.3825198730024101379 0.28691512858390449958 0.20629180022915100112 2.40685e-09 4.84544e-06
41494866.529774129391 5846 2.8176910382736557459 0.079686865537051121411 0.13577645641344629479 0.41070688685702722021 5.0134785801543131356 0.10650741445593381318 0.098346593350444294623 0.090522288684528384728 2.37403e-09 4.82332e-06
41494866.529774129391 6171 1.7267487745339022975 0.20990572553895922581 0.29196429623858416447 2.1990783051622053712 4.0994948467041281148 3.7545422630123561625 3.8880680217453873482 4.0306056796137701426 2.39216e-09 4.83556e-06
41494866.529774129391 5921 2.0658406100689541418 0.43141233727972616574 0.61804667045374117595 5.6958130318477300236 2.452003686610903177 2.5426896404521164285 2.2305906493426443937 1.8897238585726519045 2.32801e-09 4.79194e-06
41494866.529774129391 6443 3.2119915863690584601 0.15221315172025540186 0.3166090429209204582 6.2063759305795489496 3.3712805644374554959 2.370497715144458617 2.257717044133626505 2.1400254648370840016 1.88164e-09 4.46371e-06
41494866.529774129391 5990 3.1107521895181537985 0.064670730625409608705 0.20848876366458618525 5.4570219027060993255 3.289240057442119447 4.782131934829326525 4.8465454143193476 4.9106350470289346077 2.30118e-09 4.77347e-06
41494866.529774129391 6883 2.3374829425036041108 0.37333778015063567857 0.28170438738122627331 2.6342595832704720493 1.3428202453309610043 2.537277317681751132 2.2769460566968615645 1.9928860389858473745 1.23696e-08 8.36184e-06
41494866.529774129391 5478 2.1896162348314183177 0.44720034537266806218 0.17109680138862545795 1.2478076843987764288 4.5219667069025080153 3.3759566270274112831 3.5180313105510814253 3.6824270010693966881 2.28234e-09 4.7604e-06
41494866.529774129391 6793 1.2458276465421456169 0.41405106556963999775 0.39203289865492441102 1.1547631735722649893 5.2115437155878945319 3.653776448091018203 3.9142372039689643515 4.2032578295158122828 2.0508e-09 4.59365e-06
41494866.529774129391 5467 2.9755895077484497691 0.19661619367892502197 0.17340917061509780739 0.88389342335044196464 0.91867415433802646074 1.6788336895132121018 1.479959429887398592 1.2841538523018714013 2.43648e-09 4.86524e-06
41494866.529774129391 2413 1.8900256377624078397 0.27895159651073231366 0.538068883916127505 6.1170078857927219218 5.7082300917187769329 1.8059042437137622361 1.5215756671882345596 1.2429619067606090255 6.11801e-08 1.42469e-05
41494866.529774129391 5694 3.1174871657122036339 0.084087689610756619074 0.35279462007917866684 5.6449745065016676548 2.4779657298071922078 0.37479480164023187827 0.34512249848837617261 0.31667462782216948547 1.21025e-09 3.85309e-06
41494866.529774129391 6392 2.9703565948012449205 0.25842231425356332331 0.18104942053074166153 4.2571467946318399811 2.7673123621494846169 2.7524363033491465735 2.6390070134262244572 2.5145267816706091679 2.75286e-09 5.06732e-06
41494866.529774129391 6484 3.1164431940237626861 0.080687216070179354488 0.25570314443899821999 4.7679761754207863333 0.62629144443823769883 3.6724230079041260133 3.7148085318172143765 3.7585681706907094757 1.88476e-09 4.46618e-06
41494866.529774129391 923 1.6951181814419937766 0.13958146278405472729 0.28436623819686596137 1.1986182650959158469 2.5965727414698283049 3.1659856803869548258 3.1696648578464885482 3.1735827025575233939 2.53731e-09 4.93145e-06
41494866.529774129391 6739 3.1744507790523073254 0.093846663791125897736 0.25892400961471662146 5.3115725768926536077 0.84070516165207620496 2.157088696694553942 2.076692119144987636 1.9946006197325782949 1.84353e-09 4.43337e-06
41494866.529774129391 5448 1.5521121258036569834 0.3611350059269904933 0.1705561428615859354 5.4330501008824789722 3.6313195437152137046 5.2832806303093216016 5.5669954648414394782 5.8040861556552725276 2.56033e-09 4.94632e-06
41494866.529774129391 6655 1.5102796834188487729 0.19841554412924866657 0.19723275461103967343 0.54552914790474349438 4.6948632097061047119 1.7692206065377416024 1.5694530159067083819 1.3710376507962842574 6.32791e-09 6.6876e-06
41494866.529774129391 6764 3.2806339928790202443 0.046164578635984429567 0.25744278829907574213 4.1361557030763620446 3.3571359631514292587 4.6651498183986124246 4.7113296549184084938 4.7574942076521322676 2.4069e-09 4.84547e-06
41494866.529774129391 6362 3.0289055888250837612 0.15277388069337990983 0.26922293840365335571 6.2809328903095407171 1.9906135673358189564 2.5735073720676857612 2.485158315883156277 2.3919210100428673904 2.92709e-09 5.17204e-06
41494866.529774129391 6809 1.6459989874454410419 0.30759252062755992885 0.39372767380368878243 4.2948762052797206934 2.4111797867528035333 1.6414725760108996866 1.3261256560833756257 1.0276941163549353497 1.72631e-09 4.33733e-06
41494866.529774129391 5569 2.0351754411376457021 0.5382982644361132829 0.40116048482889132831 4.8932609050039390652 1.6644922892732418873 3.5290840712770661369 3.8294101013295684943 4.1711500371329188752 2.77052e-09 5.07813e-06
41494866.529774129391 6498 3.1889696621529468601 0.057550279895263102559 0.13064796183048388301 1.0571299663188515883 5.5095930013093834532 6.0618124704079976439 6.0741134471684672391 6.0860581263480222347 2.50157e-09 4.90818e-06
41494866.529774129391 6313 3.2581171121886258746 0.064728437383419781814 0.29953759943650964948 3.3578647456390271486 5.036529620739454316 0.54511100976473914059 0.5124218150962879248 0.48068614584321867067 2.33149e-09 4.79433e-06
41494866.529774129391 6300 3.2858703000383697734 0.029178843899409778739 0.23956510307736617049 1.3457220245174175144 4.1083012272173045076 1.0283108706956813894 1.0035041320086424133 0.97889588832229701421 3.26125e-09 5.36181e-06
41494866.529774129391 5204 1.6171852282781709054 0.33650931886822504913 0.369767074745783908 0.22995513225568364746 4.7676263291941234357 0.40322509159390079736 0.28605147404244268827 0.19109986611279977664 5.21728e-09 6.27092e-06
41494866.529774129391 4755 1.680478469774836503 0.096726981066650993824 0.12784817299601136664 1.2821101121164220071 4.2134499160889014036 3.2873153192433455239 3.3021028081002539167 3.3175618906745159009 2.39615e-07 2.24572e-05
41494866.529774129391 3800 1.2850644028342648184 0.096683663475356312889 0.26748462037728859553 1.8443701707739059703 2.0043011278211726456 3.264335863124250281 3.2768004203743816838 3.2898330093128298479 1.79108e-08 9.45995e-06
41494866.529774129391 5861 2.3713345518501651732 0.31518889928375121157 0.45902829263745609234 1.4082675325357889573 0.27270732710858130998 3.2726318798936406829 3.3229517758878297506 3.379801317046013498 1.95257e-09 4.51911e-06
41494866.529774129391 6719 1.6991202625728136777 0.33021905370680038061 0.11437448787800826022 1.8526129227882257577 2.2874521138128156572 1.1885639975628865539 0.89426012153236744684 0.63677311554742377364 2.09817e-09 4.62875e-06
41494866.529774129391 6815 2.1739573749052691909 0.20354333053796550002 0.26853593506556883153 5.5821241740531437614 2.5659880011119136078 2.6282744221880585123 2.5174360869533218832 2.3984827039587308661 3.57143e-09 5.52668e-06
41494866.529774129391 5480 2.0748104809736669374 0.30958461042522472662 0.9128451235502781369 0.85408478806204368716 5.706390365852001878 5.0750253586841873599 5.3541248662026825755 5.6021200600251850332 1.6026e-09 4.23115e-06
41494866.529774129391 5093 1.6946883390063827157 0.4016464924318499663 0.34923132320539623796 4.6925281736396540211 6.1915567181264785646 2.5489174978937003679 2.267278953212266579 1.9591745610166613201 2.98948e-09 5.20853e-06
41494866.529774129391 1517 1.8820260798671322178 0.44823041029917032319 0.4539087268724483204 2.8724613475330369461 1.4112615698128949671 4.1723773526309777537 4.6266285671188391859 5.0732116540638187985 2.17631e-09 4.68551e-06
41494866.529774129391 6526 2.2279112770951861044 0.477376638106152551 0.27714792900234569428 2.2953707094919644227 3.5182333815614286188 0.28311196043644903941 0.16911598431706759138 0.088768239880945676301 1.74858e-09 4.35591e-06
41494866.529774129391 6951 2.9835889393333641095 0.051036042237394635412 0.099602410713428832234 5.1359226779355857673 2.6689038667503015567 1.5235185688467915988 1.4725788181691732426 1.4217887422649788665 2.54062e-09 4.9336e-06
41494866.529774129391 5559 2.2411828530218627087 0.18283461806202760958 0.37240344778770961831 2.5983667094074132109 3.273755856819910548 3.8742490096125825616 4.0064583503295603251 4.1455969833663859347 5.44342e-09 6.36025e-06
41494866.529774129391 5923 3.0324218463907208765 0.072583324641910682007 0.1876662612934561214 0.91355157312765666866 0.16074170794922260086 5.8695646893139059586 5.897833826127367729 5.9251167993574451742 2.22479e-09 4.72005e-06
41494866.529774129391 5234 3.0903877516125999314 0.1593049073140205274 0.12733823734600360766 0.34848125082782782647 2.5137806803408104805 3.9095156904224608319 4.0275649463791243221 4.150951434233999926 2.35138e-09 4.80793e-06
41494866.529774129391 6863 3.1311958364589198567 0.13364021823007143919 0.066316243015437995045 4.7857703891750533742 1.6091496772424045414 6.0570348019995350342 6.0852856966221802182 6.1115607497210415744 2.72515e-09 5.05026e-06
41494866.529774129391 5146 2.7638362692793125852 0.11615697548600714684 0.045934832772426853476 2.7729733646340264386 4.4200709424945108239 2.4122241519087346262 2.3310709035299796987 2.246898120435215418 2.55901e-09 4.94547e-06
41494866.529774129391 5492 1.8781750911711001528 0.26044177214557084898 0.34862236500133986228 4.1521407661374141185 3.9527521523725579478 0.70481398964310604249 0.54916979504178831117 0.41322458664831329678 4.51271e-09 5.97488e-06
41494866.529774129391 5047 1.5039319390318202085 0.15363236055243512101 0.34722252537365350111 1.7107335557592604491 4.4579940804916136088 4.8347054598918237645 4.9863763366351365747 5.1342781616574342252 1.0218e-08 7.84583e-06
41494866.529774129391 6657 2.3868266583532848912 0.20537935234450235833 0.32453061891425394325 0.20353797762882658295 2.3386424227945594723 4.8618168018445722112 5.063287483861419247 5.2561518890432159523 9.52311e-09 7.66378e-06
41494866.529774129391 6413 2.7516147580388121696 0.16438331570688941019 0.19963735835047477507 5.969315353979869343 2.7911381282757266042 3.0575977410009396174 3.0424644982666411153 3.0261961571710327412 2.71272e-09 5.04257e-06
41494866.529774129391 5577 2.1228081792161597185 0.23659691944663635566 0.62158064112442512616 1.4362338860456969059 5.652622601515368217 4.3768602593701206871 4.6117180725908255567 4.8471170929220441792 6.01747e-09 6.5764e-06
41494866.529774129391 519 1.9287174438272391974 0.17757431866892886552 0.14591788599841315488 0.79443029983246238324 1.1415752341744751508 1.6690668464705407104 1.4898370734414534411 1.3128443836022922753 3.92741e-08 1.229e-05
41494866.529774129391 2992 2.0948973366383256689 0.25207541061088434287 0.059536575783810663509 5.1358072571460882116 0.66193803778439785912 2.9234710869592994698 2.860123350457290492 2.7901050111033933732 2.26492e-08 1.02298e-05
41494866.529774129391 5788 1.7955304332307915338 0.2962986587969787533 0.23332805613473781015 6.0303496718829237011 3.1395846592787846063 3.3596634705279226907 3.4365887126371070792 3.5227334230300075824 1.43499e-08 8.78617e-06
41494866.529774129391 5626 1.0660848699248910432 0.13388014070451279003 0.038493356535751199754 6.2158060638494987415 3.2761343685773631762 5.9733135179524792235 6.0118500940988184311 6.047732386744379518 7.93289e-09 7.21097e-06
41494866.529774129391 753 1.5048255993548493858 0.25832525884594498278 0.20170237423529430165 1.9566824452942226387 4.6680790566050953672 5.0802559478369264667 5.3133351368246932722 5.5264020700544085329 1.27811e-08 8.45356e-06
41494866.529774129391 6244 3.196174292893342983 0.14605253508963245146 0.26571128558946188747 2.8702092818100211069 4.8382282084302881131 6.1958421729436476966 6.2077781714045077166 6.2187811402467394473 3.08558e-09 5.26376e-06
41494866.529774129391 5020 1.7739900283043228413 0.49457445710657610416 0.38518575885879968723 1.9868511104908872511 1.3124400000245759479 2.8122790866809914689 2.584959615147743861 2.323660836506181937 4.40916e-09 5.92883e-06
41494866.529774129391 6161 1.968994738023062796 0.27169179834728018896 0.20015125079115117512 1.9221699933677323102 2.0083826262371919924 1.3948449295058198416 1.1302261666938842044 0.88447858156258352125 2.19638e-09 4.69987e-06
41494866.529774129391 5647 2.0548978835518698638 0.5297664771839107889 0.39849410561850717727 3.3297990646237360934 4.7570668595521405919 3.5527913904479433427 3.8611450244244145402 4.2102866018096349876 2.57441e-09 4.95537e-06
41494866.529774129391 6451 1.6402050704333404063 0.3450786494779964908 0.094717086352194682086 3.4965644117925336332 2.4527683522042669217 2.8690968017578022398 2.753584159369580675 2.6230251359463103711 2.57122e-09 4.95332e-06
41494866.529774129391 6702 1.970617640758889344 0.22080881361786511285 0.15661957049744534842 5.1737964068929152006 3.5688560460698166565 5.0585384541983113849 5.2604720881244562136 5.4489379065360026289 3.70623e-09 5.59535e-06
41494866.529774129391 5195 2.7680509576799008364 0.088159292686804779926 0.12231580357515278723 5.9123335738891569235 1.7132983923690372485 5.1519549316092572155 5.2303742825644174985 5.3069687053304903657 2.26107e-09 4.74557e-06
41494866.529774129391 5437 2.1226282051161073916 0.3548995182330175191 0.46896693333296257666 1.3323771440271527933 1.8408191449372910409 3.1682515004029156991 3.1802251633599949443 3.1939324122603105494 4.54448e-09 5.98887e-06
41494866.529774129391 6270 1.9934242718255559268 0.42322882517203613828 0.20336473314427538917 3.8695108895677794436 1.3329066704740593075 3.4351508045818270887 3.5979795357132355882 3.7844997263711008806 2.07589e-09 4.61231e-06
41494866.529774129391 6816 3.0993969355109913799 0.15237493312455940853 0.20564735042068782445 0.95099825414647409794 0.3557903192546106319 0.35603456768362162776 0.30620132485237744335 0.26026960202612486883 1.76213e-09 4.36713e-06
41494866.529774129391 6040 2.3061805995953128523 0.075975048807079670343 0.87572891463113411437 4.6501501206119328913 3.1473092293285924725 4.3011467008194248507 4.3719355007136035951 4.443549835398389547 4.48499e-09 5.96262e-06
41494866.529774129391 6230 1.3398401736687011176 0.20237339482333016605 0.075962507146082589027 5.8213808645343085857 3.02609498465711102 1.0419768682589136688 0.87447384875839806462 0.71921173874637234213 6.03494e-09 6.58276e-06
41494866.529774129391 5950 1.5693221030286639284 0.26875049987761245873 0.30895801750356066684 5.5696558823292647844 0.31906546607119917747 3.5344887296320042225 3.6543439403478537031 3.7861866378535409261 1.07677e-08 7.98408e-06
41494866.529774129391 5351 2.9784253135370519772 0.17346945164731217282 0.080472607716172289694 3.0682382590265189215 3.3785210358991006885 3.5305818545050517976 3.6026745114677001247 3.6798540625809055271 2.44807e-09 4.87295e-06
41494866.529774129391 2768 1.619004722639088234 0.016859613506268165267 0.018410126595641833347 4.9459736942291652184 1.6679520366681666044 4.138838367617023728 4.1530659513529144533 4.1673564044692916752 1.0565e-06 3.68247e-05
41494866.529774129391 5194 1.6659520658009310257 0.27933413482733687738 0.23652285619720478382 1.1612106847536565191 4.8425279668482108519 2.633804507916639448 2.4758393349861664845 2.3033081159209212174 4.75382e-09 6.07945e-06
41494866.529774129391 5310 3.4808574428111240806 0.091090473280478340135 0.36589110840381167122 1.0923552380603851475 5.9637736226480093649 4.7633165401667341143 4.8542044831236541569 4.9443805012875587934 2.51895e-09 4.91953e-06
41494866.529774129391 5888 1.4919910496485002671 0.32853504547999223817 0.37076332128360894869 3.6724179192650510117 4.3674969816506035158 3.13987651084938868 3.1391787043394110412 3.1383856381828700854 2.79797e-09 5.09485e-06
41494866.529774129391 5964 2.1142048886708399991 0.41321761820209268468 0.68173134991570472074 0.9936457387214956416 4.0347549783766574194 0.26149656975109986101 0.16906298867786090367 0.099535500147102454194 2.1711e-09 4.68177e-06
41494866.529774129391 6639 1.3828664517779885035 0.15449189568652246796 0.321890621653157738 1.5941195204727187651 5.438252046885102331 2.5376899483602275431 2.4434687283251297352 2.3441641721999797454 2.07227e-09 4.60963e-06
41494866.529774129391 5312 2.9962062738243995241 0.10124692768253157338 0.18898647676875993118 0.16298939652686927904 0.57236615006698066122 5.0314299577701246946 5.1262338638332671792 5.218933671801543106 2.46345e-09 4.88312e-06
41494866.529774129391 5289 2.1358754450669312774 0.2576227646211310951 0.14291018017583032029 5.7030584407757558552 6.2204764813949067204 5.1693736387426110213 5.3907689165648449148 5.5913515234692683364 2.13423e-09 4.65511e-06
41494866.529774129391 6734 2.0451229705591562613 0.11421660893123428138 0.072533849412900933129 4.4506451875105543792 1.394000631847566396 4.7751452817819544094 4.8889787024709603358 5.0014190730832357445 1.24231e-08 8.37387e-06
41494866.529774129391 6073 3.257702742947295782 0.045800518828151531858 0.28761686122054674897 0.53178953872163192695 5.3422712334098072517 1.6549389052579839277 1.6091963442980830035 1.5634295891580449744 2.87152e-09 5.1391e-06
41494866.529774129391 6692 1.7884845581411181747 0.29071835365522985528 0.29196824587379716087 4.1420296744329618832 0.24738338990857289268 3.2080213468853289172 3.2311768193841121644 3.2571857596212403507 1.32225e-08 8.54977e-06
41494866.529774129391 6028 1.7868853290948218948 0.31975417567056729773 0.23649248323454422072 0.70889926777070388919 0.25947858314152982828 3.5731968616294396135 3.7342919609869840158 3.9129072694725435255 2.1303e-09 4.65226e-06
41494866.529774129391 5030 1.1592606594242362839 0.36031985766787361092 0.29733721686483549629 1.1329679701831563143 3.3184642348623438757 1.5277718760084255667 1.162358986932693572 0.83167810619172966025 2.14686e-09 4.66428e-06
41494866.529774129391 6521 2.9592010885067647763 0.1292596990632405296 0.1589028910741807632 5.002467421375210499 2.5885829541208393856 4.5569869705266867754 4.6863475203422728654 4.8155633926560792446 2.953e-09 5.18726e-06
41494866.529774129391 2010 1.4721594159872570806 0.24541328070624934821 0.18329967417955270181 2.5156763874322436436 1.8696107491980009652 0.4193569049941521798 0.32831189272513466859 0.2491794733150125285 1.54172e-08 8.99881e-06
41494866.529774129391 5717 3.1665181393695056578 0.15485665384856700522 0.20840076875867638573 3.8077204064758620738 2.9779740742725753222 0.13555250889636044631 0.11600774364045139675 0.098083439458792720522 2.31886e-09 4.78566e-06
41494866.529774129391 5479 1.1947956100208225738 0.25300741297140694197 0.25192383410473179195 5.8806427193727506264 3.7353424822179306375 4.9112918674211405445 5.155937316490953215 5.384462364498808995 2.12255e-09 4.64661e-06
41494866.529774129391 6005 3.0275938775139876746 0.14291306788505514502 0.60181213832461133428 2.5642005736164241725 3.3948185570588513826 3.3585215178906415723 3.3917687669840379527 3.4271504117247140186 3.36675e-09 5.41902e-06
41494866.529774129391 5540 1.8869261610492396031 0.56880863514924118185 0.30257866292924490148 1.8713765355232034882 5.1090221840867604541 3.5294611677018368212 3.8584774414580484958 4.2322071496554078962 2.31531e-09 4.78321e-06
41494866.529774129391 733 2.0623545837739629683 0.32025902721468479939 0.071888974381226891652 2.5497849953120801381 6.1078902569127313527 4.8871360542579243003 5.1994794521326070935 5.4824918489111826858 4.51209e-08 1.28719e-05
41494866.529774129391 4406 1.8847082665894501208 0.5162761152174472068 0.23772215351313408238 3.5673549848077286129 2.1482307423214699327 2.5678366048616907413 2.1789066104833660908 1.7551837735692228382 6.27014e-09 6.66718e-06
41494866.529774129391 6119 3.1023675508823549407 0.060680796363178850228 0.19546910749758644732 5.5500283754147110571 0.80640738727790195473 1.9749406824550648221 1.9184370273400201956 1.8613862110527668037 2.96829e-09 5.19619e-06
41494866.529774129391 5525 1.5789840295541062165 0.32373961453948957301 0.2296395297591785345 0.065834106745264034388 0.13596740108568811101 3.6877604820059781687 3.8885272618059953942 4.1084735757707360193 2.22151e-09 4.71773e-06
41494866.529774129391 5178 1.6337944475835446401 0.15850765860794224782 0.038757475333257809802 3.3240693029610866027 2.8821833764612865281 4.5907542375551351199 4.7502996290348855624 4.9086933963112899804 9.33283e-09 7.61239e-06
41494866.529774129391 6997 2.903534319927196794 0.14675729553992428178 0.1923261496053584596 1.6745590368306804141 0.20295943833686913571 4.742377350728664176 4.8892768434850841786 5.0337441516835861322 2.77488e-09 5.0808e-06
41494866.529774129391 5667 2.1006452602259213513 0.31527594426263960692 0.73053612579058868626 0.53738888254033201353 2.748352969640321497 3.2726110060106803346 3.3229403923650728814 3.3798021034338283641 3.20823e-09 5.3326e-06
41494866.529774129391 6103 3.2835263075107290476 0.063872844519659882634 0.11697320319610583772 4.1732599543779267393 4.8806131212090244631 1.8689050203245305415 1.8072272093274268645 1.7451312961702594162 3.07621e-09 5.25842e-06
41494866.529774129391 6333 1.1999758541909588683 0.23691478167492105444 0.36703792724987555074 0.95880519183876689038 3.4462269558617508736 5.2227839303826852912 5.4202175109345871462 5.6002195633380340567 1.94245e-09 4.51128e-06
41494866.529774129391 5252 3.175441065537014218 0.21467716687288324051 0.20736963172581807102 0.062013921220284505542 0.69556974248754577239 3.3848108161905079427 3.443267677544583627 3.5070525579768307978 2.42859e-09 4.85999e-06
41494866.529774129391 5316 3.4793183227931629986 0.13123309781862987911 0.20177554248257811853 2.1869888745404568731 5.4395164792578460933 3.3400637682799629857 3.367844656746676435 3.3972837356202414405 2.96988e-09 5.19713e-06
41494866.529774129391 6874 3.271484615742310087 0.096730638466670806896 0.24308864169879035311 1.4501994129606130546 6.1431965828525223472 1.0632319187647858438 0.98049523055686493844 0.9001340159263019336 2.61974e-09 4.98428e-06
41494866.529774129391 6823 1.9322010087696113168 0.29398668154907608985 0.22997267019943234967 1.5847911556636171682 5.6412491439029182061 2.7203477815945880103 2.5781186017243911124 2.4210925554042002084 1.69817e-09 4.31364e-06
41494866.529774129391 3953 1.2976357738342043646 0.18486771668300044924 0.32865753898369753916 5.6592455932113976402 5.3587576952771307504 2.4116467533720120642 2.2782132737120437405 2.1377058476318686608 1.87457e-09 4.45811e-06
41494866.529774129391 6204 1.6109099040375356449 0.21990022319741794887 0.32743859121560620062 1.1305111511081664677 0.8494554340674292936 4.3641968642608297557 4.5808721778720169482 4.7988733699565226942 2.26769e-09 4.75019e-06
41494866.529774129391 4189 1.1127065308364953999 0.020211228030247049142 0.032954952025015436801 1.6637818508073896062 5.6814662678082026304 2.6385704122411666184 2.6287391017717127717 2.6188221458745903902 2.40401e-06 4.84353e-05
41494866.529774129391 5324 1.9337703271027109064 0.070068063119972906483 0.34865424348850104774 5.761947132799215332 0.64534052945962283587 4.5792270573807893896 4.6490572118555864023 4.7189848034872534654 4.64884e-09 6.03437e-06
41494866.529774129391 5185 3.5189296059848875764 0.052440319782335986787 0.22470712214582566624 4.1363492615814880793 2.4510054285678539721 5.5963312145906050077 5.6289423396587920934 5.660855352796932749 2.64564e-09 5.00066e-06
41494866.529774129391 5451 3.2891753499047213793 0.055965294812738951291 0.037677376758038991222 1.6737271453562074797 0.67734221168046060413 4.937875656038589689 4.992114006887633515 5.0459040086202131548 2.58702e-09 4.96345e-06
41494866.529774129391 6192 3.2127221707266611084 0.18533266635102105258 0.32838267056279352163 0.89862445470055107855 4.4483246940395346769 2.9907740381107288385 2.9598272543549231095 2.926325378000972588 2.79503e-09 5.09306e-06
41494866.529774129391 5992 1.7640155179481942227 0.085258196101672470424 0.33748072022122405089 5.3749066182394455993 5.5370742678152957694 1.7023781024974764531 1.6172770233902784565 1.5321109089633000444 8.41385e-09 7.35386e-06
41494866.529774129391 5853 3.1346041867205522991 0.18836858090932845355 0.16914049123828983623 4.7881049997874995938 1.1889184276300297505 2.7798266861893234925 2.7060268769098256847 2.6265497610671362239 2.34516e-09 4.80368e-06
41494866.529774129391 5360 1.670115433945812855 0.19343594086080220795 0.080146573913767851782 5.4981099427643833621 1.0570776734534252927 2.9930501188595575179 2.9610629025278107918 2.9263313361027925019 3.7029e-08 1.20512e-05
41494866.529774129391 6233 3.1344592625451341839 0.076288356995467127009 0.17936963082244558598 2.2289502724430008129 1.6665689893808952604 3.1893474797029615075 3.1931392209284243933 3.1970698826598300535 2.38928e-09 4.83362e-06
41494866.529774129391 5650 2.0022088416333203575 0.25681306495840083848 0.36458510248180603375 1.0975091644125423151 1.4705882544367405718 5.107462642887701243 5.3359984338312314023 5.5444731010915111469 1.14639e-08 8.15256e-06
41494866.529774129391 6255 3.2482228570922786481 0.069637241936879437643 0.18436840660895770228 3.9925843557490376945 5.9140975764380643298 4.0461430489196885674 4.1021470159994262161 4.1592153889870182581 2.45838e-09 4.87977e-06
41494866.529774129391 5459 3.0272082337446213351 0.26321144619338859849 0.17665164364365679162 3.6923443285369783595 2.9481715353216486619 2.9539869822293893797 2.8964569795330077362 2.8325787345499957581 2.51526e-09 4.91712e-06
41494866.529774129391 5708 3.1581428467397425486 0.20898892052585624213 0.20706939952172945252 1.1643028294839821157 5.309984789627041124 3.9994813458709761456 4.1707858794905048327 4.3498650095273774241 1.65544e-09 4.27716e-06
41494866.529774129391 6956 3.5143538535025657943 0.099448837074759308119 0.37267557663584505168 2.3669236357362546386 1.0452162542437706261 1.3586290555655871071 1.2622556755618521418 1.1675030370714596373 2.20649e-09 4.70707e-06
41494866.529774129391 2850 1.6299403933750897799 0.1163765368359338942 0.37500510320824759214 0.54087233266880174742 5.0518355955467484364 1.1293129723163526368 1.0263967686632760046 0.92684380827005363734 2.86233e-09 5.13362e-06
41494866.529774129391 1284 2.2767353280815134653 0.2609183224643757959 0.13529101058641790356 3.1038355468475993248 4.0936458322286668476 3.5391330983975568536 3.6561325368349630871 3.7845394086429591241 3.64405e-09 5.56389e-06
41494866.529774129391 6722 1.700917863135004815 0.13107116834043031073 0.49290928394232436105 2.0444253525229800772 3.8327412714320820974 0.42632544738455202538 0.37497814922895938983 0.32697304590160292115 1.78527e-09 4.38616e-06
41494866.529774129391 5002 1.1708551252963137479 0.18031685706441483164 0.6465598781051340449 2.6478069047154875193 1.3082687058185462625 5.4608817168914383089 5.5861694627060796137 5.7019206980731445 2.79003e-09 5.09002e-06
41494866.529774129391 6473 1.8947632640541292037 0.16358707834764235622 0.15958489871738557042 5.3127786184656242696 4.6409326484206321339 0.43336981153763437513 0.36904017559396073977 0.31003098007710522266 5.43469e-09 6.35685e-06
41494866.529774129391 5815 1.1666641187805166791 0.42792768418761489846 0.4661782025058170964 3.6036569757456673457 0.2678248405754534156 0.2262997851790704007 0.14360455741593061707 0.082363188577989354666 2.67562e-09 5.01947e-06
41494866.529774129391 6211 1.8414114125346077167 0.12177944594557187086 0.48566484963456335588 1.7481876267466316399 3.739129467794105377 5.8068305460102163096 5.8599802940846572596 5.909993263408829911 2.33777e-09 4.79863e-06
41494866.529774129391 6969 2.131742482830053298 0.063427670014873926974 0.13143539486454625109 2.853581409708322969 3.9195678731869101341 5.4156896133857816977 5.4631322541619935507 5.5095094262117445538 2.41679e-08 1.04535e-05
41494866.529774129391 6225 2.0202919874434246417 0.18356911544390228097 0.16316978431236106584 5.746525212428530871 4.1940176126135568779 6.1453818317348680722 6.168677211766499191 6.189651455261334867 2.38341e-09 4.82966e-06
41494866.529774129391 6450 2.6758135446323794149 0.27850851860523434533 0.13426393172646158836 5.244105742948093507 2.419806478636951752 3.9513321612860399235 4.1784394217026523677 4.4181805885221097085 1.74846e-09 4.35581e-06
41494866.529774129391 6886 2.7848721200003132559 0.60118433406527482799 0.64294763581849345702 5.8559431227925937691 4.8797012672481461237 4.0368254569506181184 4.6736763942744188327 5.2744102978409772575 2.88448e-09 5.14682e-06
41494866.529774129391 3400 1.1167243134853632736 0.44554067293515808856 0.15888188381958770479 4.3690795457836060223 2.1355720625248038047 2.2045465206600018959 1.7713189216622968747 1.3347057162989768297 2.20416e-09 4.70541e-06
41494866.529774129391 5080 3.2228763495840913045 0.23209346978214911994 0.21363424991384794005 3.7960790894464535583 4.4744023500796608062 5.3897040316594395648 5.5600634024954569412 5.7136462709213544642 2.57476e-09 4.95559e-06
41494866.529774129391 6155 2.3797975506125856882 0.44352206016631223751 0.2525498078780121225 3.5494415108073980036 3.0294338233029729501 4.6141933147956644135 5.0819320184757179604 5.495513009943964633 3.03729e-09 5.23615e-06
41494866.529774129391 6186 3.2336569924165856627 0.026178188656336857931 0.24092873340432557905 6.2093782832095056889 1.338208415506696447 1.7528706216895848513 1.7270609895250814692 1.701201768956866367 3.14704e-09 5.29848e-06
41494866.529774129391 6417 2.2249128016076817893 0.32958159051174634735 0.77148308254835373798 0.33630317972311152275 0.49821030781933833831 0.19366856334842139087 0.13773606382649869473 0.09248419072074548497 1.63097e-09 4.25597e-06
41494866.529774129391 6237 1.0160397367145641567 0.20133256671698804285 0.2667824038472187409 0.5537158442730828467 5.8631109024554008968 2.5785869162044061653 2.4599406997863630941 2.3330857446395167898 1.89473e-09 4.47403e-06
41494866.529774129391 6029 2.0878601924427400149 0.086164757475396702713 0.19658851960691794969 2.7298278686989125852 3.7110882849974342612 4.0490268184063928913 4.1188735337226614064 4.1903023677582273976 1.2969e-08 8.49478e-06
41494866.529774129391 6023 1.6499247268158450108 0.14609568456915261736 0.44142871586692294938 4.4133167114611895343 4.2220443916549035279 3.6489662545109076142 3.7251930241586217463 3.8056964146787097825 5.48103e-09 6.37486e-06
41494866.529774129391 5643 3.2840932218583107627 0.09530509942119302913 0.049708882262677618613 3.3974469532518756232 3.1486946049157418237 1.8855194645317083779 1.793390990921277961 1.7004372653570507534 2.47115e-09 4.88821e-06
41494866.529774129391 6335 3.1164948207819334058 0.051438913756260168375 0.25373278410967486929 0.44688526251632626485 2.1996154364534090675 3.2293996904086439415 3.2340323357303510932 3.2387805634772566243 2.80706e-09 5.10036e-06
41494866.529774129391 6290 1.9397357392616114691 0.40586096181661912574 0.29195080835217845916 5.6320040850617534289 1.0635471193827170655 2.4516854146791979829 2.1317275037943028693 1.7880606289335390091 4.66797e-09 6.04263e-06
41494866.529774129391 5215 3.1732632393727673303 0.33966018399412067907 0.25908022554614784649 1.5355130714489861887 0.4989498819521954176 0.97432259479340366237 0.7121438459103895946 0.49019015325894288448 2.09099e-09 4.62347e-06
41494866.529774129391 5257 3.2082303591015008948 0.084922681424177970388 0.16383845589247916785 4.1992867611567241681 5.7433537445044642311 3.9829401745536787693 4.0481956330850330517 4.1150649652592656835 2.20895e-09 4.70882e-06
41494866.529774129391 6327 3.0133924889903012101 0.22178097131322016544 0.13713069563046492716 3.0822749409286660516 3.7038947264422379391 5.2058368680901470071 5.3930857613880522905 5.5654393832380710805 2.25041e-09 4.7381e-06
41494866.529774129391 5048 1.7456697656221851211 0.36707597471996511462 0.44875244266560287976 0.91366742202941986228 4.7922233764615462803 2.0425188693603040235 1.6758214542995424345 1.3107680943023525266 1.54672e-09 4.18139e-06
41494866.529774129391 5673 1.5821420185906984734 0.51895242577504197001 0.46612580062435426953 4.9432258328955622773 0.86518547714977966923 2.7745350182227190849 2.5043946216679455752 2.1956461316849935628 2.67237e-09 5.01744e-06
41494866.529774129391 6129 1.4393246911495296558 0.11588594838390479935 0.70907870993018018435 2.1490917186521922844 2.4833675339362257795 3.8000126823413005184 3.8745541289820040198 3.9520903487450058655 7.14833e-09 6.96495e-06
41494866.529774129391 5034 2.8876413257910078514 0.23778990747199374445 0.15002988335562250644 4.4505691269255542863 4.0925469325089629535 4.1726729232439812023 4.3924183792758162426 4.6181391804724389871 2.20492e-09 4.70595e-06
41494866.529774129391 6957 1.6928215748613215652 0.64310224414089822709 0.044245370061874948753 3.0176713962349994702 5.235529483509197668 2.8137903202121230528 2.4595986001736647175 2.0542240560625528722 6.68595e-09 6.81142e-06
41494866.529774129391 4112 2.0009529632089591011 0.5279822713632547071 0.61267809243361170957 4.4276833177883005987 1.2985112211829692441 2.0631999946855854589 1.4971196199219460876 0.97056971221228671709 1.99037e-08 9.79854e-06
41494866.529774129391 5288 3.1192058921499077329 0.28150890144382345603 0.22148379049491426218 3.5241862180436904772 3.6849241610161072025 1.9384878325175276537 1.6576350509783419618 1.377186906936895161 2.94866e-09 5.18471e-06
41494866.529774129391 5938 1.8186896155670257968 0.42835675164126713055 0.11286455408171897075 4.9625623800126632545 3.3452056041884232762 3.2259792770980735277 3.2748661393135498621 3.3317858871774057583 1.88863e-09 4.46923e-06
41494866.529774129391 5446 1.3912719162606002055 0.36842794990982163927 0.27405826718037173961 0.71651697001150960187 0.27209447857110369284 2.1892794695681083716 1.8429321795157396213 1.4880627467976650369 4.99881e-08 1.3319e-05
41494866.529774129391 5914 3.1940643825798318289 0.082507557205715190141 0.14750406821305375726 5.9833143208173718008 2.6038919948913235025 3.8929749534086459661 3.9511352735697711225 4.0108684129778406913 2.63408e-09 4.99337e-06
41494866.529774129391 6154 3.1465038475323248157 0.071026751721413247664 0.25502721247521370485 0.74348260252292475148 5.2379338005258899713 2.985617172150123011 2.9741675906113402839 2.9623314105647327033 2.04677e-09 4.59064e-06
41494866.529774129391 5511 3.1775691234617418068 0.15278827688846155497 0.20837515397205258472 4.8359352807354838433 2.4925361293171075516 3.1855627850072161245 3.1928801297177393792 3.200712819909031559 2.90982e-09 5.16185e-06
41494866.529774129391 5957 3.2118483507538857502 0.073895777775478302396 0.13339296121971924713 5.4467942700933260625 2.606886048058196792 0.31464273147452087587 0.2925216020146798046 0.27121245221885742493 3.45473e-09 5.46581e-06
41494866.529774129391 5962 2.9116793348006129172 0.17145795000043306811 0.17332015210698908936 4.7041465605900265601 4.1947100515265098863 1.8542638592273148479 1.684722596796090377 1.5143761369112067605 2.88829e-09 5.14909e-06
41494866.529774129391 5160 3.0388330076465903673 0.089078028123932312399 0.244375542187440703 5.8856509745251024412 0.65214315444863080184 3.4573721741636496141 3.4863170621225401113 3.516419851508847394 2.48083e-09 4.89458e-06
41494866.529774129391 6827 3.0988264141933052898 0.13385178310780232458 0.16058880830886310132 4.6323346103933955575 3.5999257262029185078 0.29570347375753086583 0.25889278590767939026 0.22462533818630717186 3.04652e-09 5.24145e-06
41494866.529774129391 1399 1.2844412180878270746 0.13996416810191561475 0.31157923773946316626 1.0054271948867017361 1.3862365889862382495 0.11083134331820004848 0.09629071319199160317 0.082834280592774728325 4.64728e-09 6.03369e-06
41494866.529774129391 6752 2.1623743228863876453 0.36366638686869334762 0.38723957712154249977 4.5445415688366166407 4.1537105055995766634 5.525525793299588706 5.7521937910338083455 5.9363502961684444514 4.12549e-09 5.79885e-06
41494866.529774129391 5597 1.5232289712494244682 0.33351449481139461284 0.34438765987742497865 0.11929508405872904508 2.5724398118543283509 3.9526526296800006399 4.2331088767971740694 4.5290453349840182895 4.51539e-09 5.97606e-06
41494866.529774129391 6928 3.1991964651444542156 0.105693199071808977 0.20544195650374369455 4.1788222491271937997 4.4252332081699261579 3.6774831493067572374 3.7341709276492527358 3.7932007446491780023 2.08658e-09 4.62021e-06
41494866.529774129391 6056 1.6409099636789334919 0.59842008334752572196 0.24234430059684222702 0.72274916158459123761 5.4247125908152700191 2.7362412948217249564 2.3634281233321976501 1.9433531577637674914 5.38932e-09 6.33911e-06
41494866.529774129391 5640 1.2408014730334757658 0.3644923529257508843 0.071537999224124945719 0.45099301538175567972 4.6395459516048456194 3.087601475080252289 3.0625016631099302167 3.0337036475983221173 5.24602e-09 6.28242e-06
41494866.529774129391 6292 3.4140582816047220227 0.21807950147597091051 0.39955246789237047755 5.2168189564074332054 1.8430878988253744932 3.6651102359660465702 3.7869746062128251118 3.9181502142511228648 1.7586e-09 4.36421e-06
41494866.529774129391 1444 1.9739024458552498764 0.62345539727586651857 0.71966955809096433416 2.5380029490406719184 4.6356331980213845156 3.0244185434584069938 2.8992067591782779701 2.7495653329396705367 1.72307e-08 9.33865e-06
41494866.529774129391 5176 3.0550940756457962699 0.16503358972695597595 0.15048522617405388213 6.1960101124489197488 5.4282214860259463407 3.6203826634964024755 3.7029874752240568014 3.7908459866466834853 2.68297e-09 5.02406e-06
41494866.529774129391 6001 2.1051084059179783203 0.35343427361608614756 0.27662684219818806097 6.2709921450772405649 3.4565223608900685903 1.0301388359845120579 0.74584265617650147284 0.50600534040864986185 1.89847e-09 4.47697e-06
41494866.529774129391 6140 1.8435675418125214708 0.29819713299848477073 0.184977659570632752 4.3594691793715263373 2.9514047461887771284 0.25352518761919640156 0.18686458144727560726 0.1314658230143744555 1.67728e-09 4.29587e-06
41494866.529774129391 5534 3.2664223705988040258 0.10307687730910972124 0.08207767594753452578 3.3570179494878824578 5.8286376765720779858 4.6471167574243068543 4.7505054075406167868 4.8535074156748869711 2.18919e-09 4.69474e-06
41494866.529774129391 5929 3.2540371964813430417 0.11948882568196195209 0.23290419445579779723 0.26282609979211651874 2.6793753459415339258 3.7483534456836817839 3.8202436548377081138 3.8952519893868928769 3.18574e-09 5.32011e-06
41494866.529774129391 6935 3.4856084711601673654 0.047400254636012356668 0.40779385518082217343 1.6490482001033877069 4.8867312030896732367 3.6809627931450545901 3.7058256755653991021 3.7311738091394408556 2.603e-09 4.97365e-06
41494866.529774129391 6775 1.5787304348837072343 0.073899025466089104941 0.2655911612999619642 4.4311111666248734764 4.8209676594632879798 2.8591307372509211504 2.8377462532588113575 2.8156362103537859731 6.39874e-09 6.71246e-06
41494866.529774129391 5211 3.2165332921154825563 0.1090620366175975714 0.29435082075592589046 0.63462035957237084016 0.51914043847906432561 4.7075637596544401831 4.8168706888998888971 4.9253379829484051911 2.07199e-09 4.60942e-06
41494866.529774129391 6920 2.3482094291645263517 0.055235480010805124151 0.059055354161055152729 4.5193073513530919172 1.1327013521584865519 1.8419813457004736712 1.7883394635807643436 1.7344058471695473767 4.48089e-09 5.96081e-06
41494866.529774129391 1810 1.9948528091944885965 0.41167818744962214605 0.24366434759520308462 1.6002885430233795283 3.3959394982445645361 2.4241072239854091208 2.0891720201439376581 1.7315780050782789701 7.36354e-09 7.03416e-06
41494866.529774129391 5072 3.090841999184442912 0.13639138619821325471 0.26212880014027190034 6.2540733722902119851 1.3482273090444987229 3.1461641177573191896 3.1468366280146247149 3.1475518576775560753 2.73643e-09 5.05722e-06
41494866.529774129391 5231 3.1676307424432601501 0.024598152381256486315 0.25502023954338526313 4.3368548461291673846 5.2266611880121436329 5.085335350246392494 5.1081428230650418598 5.130839691201183328 1.89135e-09 4.47137e-06
41494866.529774129391 4786 2.0345870705199420314 0.40734190530957736787 0.40442707247138476312 0.10275930679498752884 2.6742145021212366807 2.6343204795339776325 2.3815258244520420838 2.1008795193094025322 8.41208e-09 7.35334e-06
41494866.529774129391 6756 3.2136217371810782417 0.034331742226487889369 0.34396087388480095504 0.29738132152835389244 1.86744809086271224 3.2428418346207017464 3.2463733070189881857 3.249964030560313244 2.22448e-09 4.71983e-06
41494866.529774129391 5323 2.8169569222863244384 0.17328772722946333973 0.12893824256968397513 4.7555401669093990691 2.640788866722451278 3.7337583922040051831 3.8387325098989912853 3.9499879956173762352 2.25995e-09 4.74478e-06
41494866.529774129391 5372 1.6528473174108198052 0.23272060341986638976 0.25174686831494874628 4.7165430068203750835 0.15454670681242563268 1.2460831272895693811 1.0313944347606682772 0.83171642494145081592 1.39548e-08 8.70479e-06
41494866.529774129391 5855 2.1561410936946954209 0.14725977731055620024 0.45817068833366159097 0.42334787649548233368 2.3835116889701239984 0.080102374876108189961 0.069068891817081604079 0.058905907128280490803 1.88487e-08 9.62226e-06
41494866.529774129391 6960 2.9805736636536592776 0.16043431325410870136 0.16058146402009682019 0.14070110056720183667 5.8625222893535777757 1.9179316016646157372 1.7621107736793788501 1.6046035617107796689 2.28045e-09 4.75909e-06
41494866.529774129391 1410 1.9615265924458327174 0.12495034514205421994 0.29300792004253439771 3.2833185832648332791 1.2909175220243491733 1.5774401650316176582 1.4521130508974255946 1.3280416810647091008 1.96181e-08 9.75145e-06
41494866.529774129391 5256 2.0584304584575274788 0.18274056619262918355 0.080025211907591195515 5.689745991982211315 2.0312011408528700684 2.2364512554946220924 2.0830583208531523454 1.9237746952331529204 4.61883e-09 6.02135e-06
41494866.529774129391 5158 2.4954214009953017417 0.6377902382891178501 0.28114049396430884631 1.9943368202493330088 3.118655970949613998 3.5517477561334565017 3.9744554116573902469 4.446331121021122712 5.85576e-09 6.51695e-06
41494866.529774129391 6914 1.8383978253750992149 0.34723666747768833218 0.28008027752216985151 0.37291219133448394452 2.0836785216543529664 3.1136653344066806959 3.1014742822593714955 3.087547449230739538 4.41745e-09 5.93254e-06
41494866.529774129391 5578 2.9024558569057852253 0.055874983429671988555 0.23828949148051981055 0.42156778445436310365 0.43886317974289273947 4.404448616604111244 4.4581793708960351097 4.5122586645466098432 3.04211e-09 5.23892e-06
41494866.529774129391 5196 3.5667048418305253854 0.14231464707390184543 0.16629895374921524476 2.5401494096789081212 0.11179264568877142483 6.1177809689592210773 6.1397802137491073182 6.1601189801984865824 3.02458e-09 5.22884e-06
41494866.529774129391 6832 1.6032652003149336917 0.25678606042787643915 0.2814552406668660578 3.2598120165568382767 4.7603938411838457867 5.8832195785434144852 5.9739332368056174971 6.0520851171767127141 7.86044e-09 7.18895e-06
41494866.529774129391 4502 1.3059332105244396693 0.10366335842414479973 0.23902960740373102588 4.8222010805638211295 1.2782727693092323928 5.6626320461359949121 5.7206054324130812816 5.7758963827601057517 4.58456e-09 6.00643e-06
41494866.529774129391 6425 2.4339710655742945455 0.40426846016527573369 0.53383082076007304373 2.4069371555334675428 4.0932835909240417038 2.2778941393232901014 1.9100147562878604379 1.528783525740252891 5.02719e-09 6.19382e-06
41494866.529774129391 6089 1.878422481837183966 0.28784167048597386618 0.22832252428014512824 5.5655968544180964841 4.7578273518146172449 1.726894050069327502 1.4317705372803466446 1.1467061155983315768 5.81535e-09 6.50193e-06
41494866.529774129391 6572 3.0116404342052360832 0.23519276663695987128 0.20487066667923917174 6.2242024619648068651 1.2893857757104076889 1.6234921911060535837 1.3849170726148061217 1.1537757048379617686 1.66053e-09 4.28153e-06
41494866.529774129391 6842 3.1659881858275582545 0.094446581429166232002 0.14939451248385360316 5.3484124042155753997 2.5178684494913072811 1.1187101906630061432 1.0353347652299338399 0.95410756819357112057 3.94698e-09 5.71398e-06
41494866.529774129391 5291 1.9218406529322091814 0.34692670684872667364 0.7187183922947375514 0.14941913779849802513 5.8484015950563401631 3.2627531067271768883 3.3153682613649242406 3.3753526924165990764 2.6037e-09 4.97409e-06
41494866.529774129391 5063 3.4944252709321399486 0.16616283598783510023 0.38589169146504920249 2.549299663411127792 5.0797503856666130773 6.123201574841026229 6.1478220820288367321 6.1702457937010768418 2.23728e-09 4.72886e-06
41494866.529774129391 6557 2.1154720557582935569 0.31586489839923642675 0.2969479613342461688 3.0319275539135359665 3.1429784680352677029 1.4973310009959799327 1.1805201351208152172 0.88840700739688149845 1.93092e-09 4.50234e-06
41494866.529774129391 6055 3.2126214184384753736 0.10602182406682358895 0.082882959692845536992 0.0022598905926841609398 1.1007398082721884247 3.33572021644990091 3.3573586540784869925 3.3800574739013429237 3.0525e-09 5.24488e-06
41494866.529774129391 6197 1.9616363615741807536 0.15058803441820090008 0.32414723052004124071 0.20509408849956281551 1.2634122563330756339 1.8966308001845846309 1.749847736604736026 1.6016671416756425028 8.02678e-09 7.23931e-06
41494866.529774129391 5642 2.8883733952590571192 0.25836889380166744301 0.095702373259419909468 1.3109233144355985079 5.9803831359778758525 1.4284178082415341926 1.174384148355662294 0.93605118704242007421 2.80041e-09 5.09633e-06
41494866.529774129391 6291 1.3306853315787410263 0.056801382283701747078 0.33116248276572501918 5.4276921840150667009 0.46213476707247214126 0.51588369390647215162 0.48851904967660547685 0.46186109984010215168 4.97801e-09 6.17355e-06
41494866.529774129391 6390 3.2199650918320470439 0.12236804512398169464 0.33320585767389343523 0.64212166553192284724 0.17205227950737314591 1.7421037311909299827 1.6199436355153122857 1.4977233480798477494 2.74624e-09 5.06325e-06
41494866.529774129391 6126 3.0427383108102064035 0.29442462767512544985 0.18735826349269626978 4.6855986820810979765 3.0901988186865021468 3.0208282007031721506 2.9781873309895932067 2.9302905964366838809 3.04059e-09 5.23805e-06
41494866.529774129391 6104 3.3408379107259276175 0.011799425895707118389 0.15309540473689478568 1.1825675393368197952 4.3638051025208648426 0.30221380919412005328 0.29872144616351303803 0.29524889262900910758 1.75259e-09 4.35923e-06
41494866.529774129391 6732 1.6825715908880161109 0.38597184302180242987 0.083455595322461176289 5.6909785116547837447 0.64111584453197567601 4.0360883537809932875 4.3904878880639772731 4.7566345509992711271 3.70815e-09 5.59632e-06
41494866.529774129391 6286 1.9335694105757668115 0.58697660091255221548 0.68666868328401309274 5.9684869406846399187 5.1343045583277087118 3.8683363236908245852 4.4226632279851667562 4.9851759714359555886 2.66284e-09 5.01147e-06
41494866.529774129391 5405 3.1972624077998421654 0.066762088972961278199 0.1415829371247088464 1.0075277495982757348 5.6300605090732993574 2.8649571435725751378 2.8460969030361531473 2.8266548380724669798 2.93677e-09 5.17774e-06
41494866.529774129391 5098 3.1791013701993851015 0.026072895674351871664 0.13787205858774739808 5.5387172913714532996 0.55103865427652998221 2.3580974771566780568 2.3395220885052672166 2.3207809659572040673 1.90652e-09 4.4833e-06
41494866.529774129391 6952 3.2261299564314946942 0.14580936865304600092 0.1180740279999177994 4.6837107188414091041 2.0224077151344346248 3.6672178024806219021 3.7457100679237673724 3.8285350277055583135 2.57429e-09 4.95529e-06
41494866.529774129391 6667 1.3954928669673545283 0.18590647296387013965 0.1707934383377006371 0.93517571066310622996 2.4686165966756892232 0.42446376209749558939 0.35333845934398039335 0.28900888028575488775 1.85586e-09 4.44323e-06
41494866.529774129391 6282 2.795341010946791549 0.16449484460259006235 0.058458830892710915428 3.8166245163026606413 2.9963897783672437392 3.3347722190286730459 3.3693778113384937889 3.4065241109478177073 2.68214e-09 5.02355e-06
41494866.529774129391 5240 1.8411188489861216588 0.28131181684930217646 0.38017396212142973155 3.4250027375669813701 3.329805741414226361 3.8375778513091876043 4.0437124250210469967 4.2644417222313366622 1.54708e-09 4.18172e-06
41494866.529774129391 5138 1.6801044015669130971 0.34677911056705756909 0.27573006853967813035 5.0457862324453968128 0.9215706176947514594 3.6835548588364224187 3.9007228716865425255 4.1394077207039661204 2.37553e-09 4.82433e-06
41494866.529774129391 5548 3.1863585495737556386 0.048001561010966364851 0.27117583790212523853 2.5073485247952560506 3.9637310911438459193 4.1109527119728079825 4.1510940942995855352 4.1917306114127539374 2.11518e-09 4.64123e-06
41494866.529774129391 5131 3.5420228743524364567 0.14359161227859071341 0.24817109526749839277 1.8948143512810395883 5.2793923358054799522 4.6526163397772659636 4.7970702144492758379 4.9401472929462437733 2.25296e-09 4.73989e-06
41494866.529774129391 6295 3.248150735304467851 0.012739279368834129091 0.19653554194119743359 3.3409023375016126955 4.7257116018747229447 0.062410175101414153143 0.061620617885215403509 0.0608361123135420373 2.30061e-09 4.77307e-06
41494866.529774129391 6761 2.0999167311629682864 0.30176639284935141694 0.11278980418528332386 2.1066478597987221555 3.6190834901965862613 5.9031475390784242663 6.0032974870400499512 6.0866597999699356691 4.88068e-09 6.13306e-06
41494866.529774129391 5278 3.1433229670600058014 0.16957601669818336831 0.34154102983865908261 5.3194309386186136024 1.6731157914963579181 1.6380731344576082709 1.4670802956314632493 1.2984155275220039538 3.13887e-09 5.29389e-06
41494866.529774129391 5669 1.0434071382811944684 0.032402134393641826571 0.40124228641110054605 4.3307329185450642584 5.5926991019402834127 1.4187810873009611967 1.3868253509521863975 1.3549700020705592873 5.45549e-09 6.36495e-06
41494866.529774129391 6401 1.8267986912551268386 0.51422663926038914006 0.33838974794111459365 0.37576507355101185226 0.86376852710549312242 2.2346430560420889044 1.7205514763991507365 1.2120802476902459155 1.93159e-09 4.50286e-06
41494866.529774129391 5053 3.0067865479569237941 0.27346637000980705823 0.26945444697417691993 4.752366152252703202 2.2053029554563545744 1.7312856368297913079 1.4516553619718839396 1.1801275659291372566 1.90259e-09 4.48021e-06
41494866.529774129391 5116 2.7141119558660973254 0.20885634238333966595 0.061545468263695876643 3.6352993501635215701 2.6585917265819989375 2.3652518218859017729 2.2055640427158063055 2.0373909399546548116 2.56354e-09 4.94838e-06
41494866.529774129391 6595 3.0319553288422818049 0.00060756873075150841148 0.22035912966908210997 1.6794430517386533808 2.9569167172705634883 1.0395992053496740937 1.0390754393841619141 1.0385517541275191 2.5233e-09 4.92235e-06
41494866.529774129391 5290 3.1999420400740650194 0.058735616759582817692 0.10675277773425860539 1.5932092623544698018 0.059829433825042223349 3.8341935569730258848 3.8725951115888355147 3.9118079670712742058 2.68653e-09 5.02629e-06
41494866.529774129391 5762 1.7175679517824316012 0.055447160540782552962 0.46920797492446891797 1.5425983803581277964 4.8050301995347766137 5.4108074993686727794 5.4525540152092766277 5.4934938291671286947 4.50081e-09 5.96963e-06
41494866.529774129391 6628 3.2674604498677006781 0.15115364170119827136 0.16074863853238513522 3.3796415141084024114 4.6747063876347318967 3.8772706593581229839 3.9852822021452358747 4.0982091910326996498 2.5094e-09 4.9133e-06
41494866.529774129391 5227 1.7157576409363719527 0.37554932041044941649 0.17224529394842222341 1.9799941953589605959 5.5331937850484527175 2.5586694866709969176 2.3037752579325849744 2.0246728089154082397 5.94474e-09 6.54979e-06
41494866.529774129391 5481 2.3419686460685351648 0.11225286048153021445 0.809390225884099479 0.4068825983559318793 4.8268275459510601166 0.97332465732544770631 0.88314372185271405868 0.79640166051299199346 2.0621e-09 4.60207e-06
41494866.529774129391 5885 3.4924210150791470397 0.057867080831922913797 0.3036663916113767625 0.41435183535342828831 5.6481849676016260275 5.4169495355293184602 5.46025606705570965 5.5026808011831906953 2.25928e-09 4.74432e-06
41494866.529774129391 3089 1.6417571608907424174 0.18443099796245718269 0.12603016007470449478 6.2453028069938625322 3.195365850133525587 2.1133297130746973025 1.9463680862199024268 1.774792288445266264 1.46985e-09 4.11094e-06
41494866.529774129391 5878 3.197725078161601342 0.031734791755056133977 0.094899471404537999453 5.3697313568504352332 0.2806623626220760559 4.74765813656110236 4.779360782220617665 4.8110244317754542465 1.44428e-09 4.08696e-06
41494866.529774129391 5489 3.2156384570958600477 0.11520130970282808913 0.32962675988539469341 4.6236466459414016228 2.4023613409563981946 5.0640229444687463456 5.1703183686675870945 5.2736504667115031708 1.80848e-09 4.40509e-06
