33609856.262833677232 0 5.3978985128706478136 0.028349314075959922837 0.015378680171977977473 0.12000789280742586718 5.9859052799874179485 2.2649318499017705442 2.2429394031518468111 2.2207563754100707598 0.000954961 0.000356051
33609856.262833677232 1 9.0221713745702949439 0.08637960809909149551 0.059851082333247977718 0.91241910658157154845 4.6586028447076550663 1.2123386024847202513 1.1325521222063412718 1.0543355485331837862 0.000285285 0.000238018
33609856.262833677232 6992 2.371779355322374272 0.3238634655577322663 0.50681703862388605142 6.1484360227855203718 1.3862513816846366854 3.898647426680143635 4.1572355557800353409 4.4324610714177783422 1.98059e-09 4.54062e-06
33609856.262833677232 6819 2.0713727276346598494 0.45890926145197297181 0.26011376990392376385 5.0814130702624122904 0.14626067254914718041 4.7136588697945303039 5.1902840945855110988 5.5977794337815414139 2.46721e-09 4.88561e-06
33609856.262833677232 6751 1.5440459395213932403 0.22062305687391606246 0.37793838549420910589 0.94678187434502780739 2.7969054637512669181 2.6663745732279040546 2.5530257934682616394 2.4305425797304027746 2.66624e-09 5.0136e-06
33609856.262833677232 5931 2.6744862824292772174 0.25894366275885938311 0.63345878964113155885 3.8671169648438281641 2.9229020665591343153 1.4744813359250974472 1.2169782965514508444 0.97407446523797114324 2.66585e-09 5.01336e-06
33609856.262833677232 5740 1.6404109493839627021 0.19680174808623035476 0.20499708039876804455 0.73704951283782216276 5.1461870680536510037 3.9068438307807715759 4.0548759162107153031 4.2106473670649808838 3.09097e-09 5.26682e-06
33609856.262833677232 5588 2.6917976287866514085 0.25628159038438597106 0.1848244420541365618 4.9283738205237010988 2.9556428486722214899 0.95378457796693949522 0.7567532787377314607 0.58079944248327608491 2.40685e-09 4.84544e-06
33609856.262833677232 6582 1.5646797489813386584 0.35505899328782830615 0.22125523380333850243 1.9796634600155049721 3.0110326533065592258 2.0606953258619777891 1.7098845009184242549 1.358254374971133327 1.86721e-09 4.45227e-06
33609856.262833677232 6171 1.7341358871295802224 0.018387119515674309189 0.12292711818590035255 2.4221380454819856354 6.2237070149335860236 0.99354299395288603325 0.97821116419935638664 0.96295905554118366165 2.39216e-09 4.83556e-06
33609856.262833677232 5921 1.4998300845262064751 0.15157956296030281051 0.30190530377856739097 2.299954449979806359 3.8801165920151814426 0.33663378278001981903 0.28966319599194867429 0.24636760598598245187 2.32801e-09 4.79194e-06
33609856.262833677232 6443 3.192533676692874689 0.17954013506141211498 0.25752189049360579842 2.6299390435297720359 2.6095354335103908561 1.2763540743435417557 1.1079654972179791006 0.94731439061794464607 1.88164e-09 4.46371e-06
33609856.262833677232 5990 3.113435417137575989 0.070026218912111429238 0.19074666027165446125 5.0762273348501878445 4.0447736277705192975 3.6075958028660548571 3.6401142366684422491 3.6735957034091351048 2.30118e-09 4.77347e-06
33609856.262833677232 6883 2.2391898943750407902 0.18725629081678443755 0.10806630960158217225 2.3152926033132539274 2.6305275957840543732 3.2073952865478863039 3.2211108503808927317 3.2359854456923429211 1.23696e-08 8.36184e-06
33609856.262833677232 6035 1.8828149203231325792 0.1929928057575960032 0.17021297389061823546 0.14714392182992172553 5.5523189014763074667 4.8135915499233181691 5.0049438584958547693 5.1897364338662690386 1.91047e-08 9.66563e-06
33609856.262833677232 6793 1.5079944667864071395 0.33402361566497634771 0.21410291153826463417 1.6733827965600767129 2.7225628697858272886 4.8180857249501070072 5.1508673772875290808 5.4532919334995986205 2.0508e-09 4.59365e-06
33609856.262833677232 5467 2.9683011841744169068 0.14850156948148127145 0.15234166034800636358 4.739677450006020365 3.9456503345504665425 2.024283227687212694 1.8857298900786547691 1.7445320792283469657 2.43648e-09 4.86524e-06
33609856.262833677232 2413 1.9576205863323332679 0.44388302100701959585 0.46225067957670967767 2.5529846685939876494 4.8667102457941631144 3.8803227011014733705 4.2570594880439021068 4.6557180112175107212 6.11801e-08 1.42469e-05
33609856.262833677232 5694 3.1230556904467663415 0.031560241497707641756 0.32850240634572014375 4.5440705597397403892 2.2465417298841385829 5.7414623732652483312 5.7575217594912899699 5.7733582808531416219 1.21025e-09 3.85309e-06
33609856.262833677232 6054 2.1744411617719059393 0.40902855692499417994 0.13487482829372884896 4.1858337590029650599 2.9060944821621674805 2.2546591539652829361 1.8758984984028110876 1.4857604074868262511 1.3494e-08 8.60789e-06
33609856.262833677232 6484 3.1441748294395170937 0.11272874239901095605 0.26219510165266929347 5.659505869713640891 3.0105400261554571273 1.3120269378170368313 1.2043663879789934246 1.0991214372901583207 1.88476e-09 4.46618e-06
33609856.262833677232 923 1.6066592329111937243 0.11186454424494600424 0.15333930404365747613 1.661863932842368774 2.324368240520928719 5.5077658741440940204 5.583257194445200966 5.6553161616537508394 2.53731e-09 4.93145e-06
33609856.262833677232 6411 1.2390264257000591641 0.26565858286532761934 0.078970564066057791219 1.1059469141921816071 5.3642240998275738662 5.3354873952229011635 5.538398503796722494 5.7184658965428241117 5.10394e-08 1.34117e-05
33609856.262833677232 5448 2.0852700933505752268 0.23838976067129669101 0.069085652765228253158 5.0285503616605353727 5.5484430157693838126 3.7543017214041372043 3.9083694572493690167 4.0737684830522047363 2.56033e-09 4.94632e-06
33609856.262833677232 6528 1.7555714765555896495 0.13471063811686587175 0.20209526827821019945 3.5856569376373150781 1.4849989827223326611 3.1370247054257589525 3.1363616765608104409 3.1356570115209110305 2.31313e-09 4.78172e-06
33609856.262833677232 6764 3.2671086744760837739 0.025526956540003812451 0.29718067963427752254 5.3920760009248551725 1.8268772380825717416 3.1877784701646159071 3.1889724518956650279 3.1901814614894830058 2.4069e-09 4.84547e-06
33609856.262833677232 5259 1.8685969670683229005 0.14689017681623203759 0.094724467646566570811 1.7198136084398480961 3.2456789613272984951 5.8623248082038639239 5.91883829417706675 5.9711810292856304372 2.21606e-09 4.71387e-06
33609856.262833677232 6809 1.7336758029713124074 0.034136541883647321394 0.24114177118699767211 5.9686095746695873032 2.855440376399639657 2.2148093519807185992 2.187221580989549885 2.1593678592262643967 1.72631e-09 4.33733e-06
33609856.262833677232 5328 1.7838694806690835737 0.40152666241108531109 0.6261045922160681787 3.3648011240487294415 0.065165144323189067022 0.65261926943234138676 0.43526842251120057004 0.26596317528164792332 2.1043e-09 4.63325e-06
33609856.262833677232 6498 3.2317103862557527982 0.050880856741241285712 0.11859497129229927548 3.763085020786494983 4.9863483941574182623 0.45286566620368884362 0.43108800690575349579 0.40982695670826563283 2.50157e-09 4.90818e-06
33609856.262833677232 5668 1.4597688285248213713 0.33510191890436358264 0.079568738119792356556 5.0088843273033880621 1.0636527756671521061 1.6125023281390193919 1.2686546954718793678 0.94873242320742579015 5.17696e-09 6.25473e-06
33609856.262833677232 6300 3.2650789049422166421 0.055062123660682436854 0.23295158298895962679 2.3110674863739446572 1.1327467673858890862 1.1064486533646282762 1.0577895902132559147 1.0098154626152981983 3.26125e-09 5.36181e-06
33609856.262833677232 5204 1.3161700678272434395 0.49474344861784635974 0.29738812928538688185 3.1926067826636259639 4.0300062422102822524 2.1719537566830999786 1.6693401228042261675 1.1769969279254661743 5.21728e-09 6.27092e-06
33609856.262833677232 4755 1.9151626435645630053 0.1359079076334707703 0.028452098367841658494 1.3196818132164691573 2.9158651350070039499 2.0986044230262863586 1.9765957903554107755 1.8517253580555581571 2.39615e-07 2.24572e-05
33609856.262833677232 3800 1.3803096120826381377 0.02935751232201294636 0.1200137090906678583 0.22828194671438659102 3.052716006605380894 0.23947789143798486888 0.2326108929176780582 0.22584343198986139845 1.79108e-08 9.45995e-06
33609856.262833677232 5861 1.6611142082396461728 0.21449850111159471377 0.09056958174655377336 6.0068244399842631864 5.9180998527607764359 4.6063689577786020024 4.8238205309775867846 5.0369886965860448669 1.95257e-09 4.51911e-06
33609856.262833677232 6719 1.6512416548708941377 0.15811295142127793079 0.21680446456834698288 5.4658488261695206134 0.86364837216621692662 3.4964123514266542969 3.5561304493950838257 3.6198131153343378053 2.09817e-09 4.62875e-06
33609856.262833677232 6923 1.9177227535517478163 0.60106744931178091029 0.47756106665230624309 5.6488450330614909944 3.9213916747598891455 2.7071697595900494626 2.3090226745021964483 1.8644351120592923543 1.67707e-09 4.2957e-06
33609856.262833677232 5480 1.8268920779673656352 0.53919767006439334178 0.092557891200564429424 1.7501145201194543422 3.9879281139252524824 3.4849577376087261804 3.7553565094825649417 4.0659065621200189966 1.6026e-09 4.23115e-06
33609856.262833677232 5093 1.966126743899240914 0.13418064413847435867 0.13337664212647676321 5.4854392883260869596 2.816550339919210888 4.0653424758455702914 4.1773243364189784899 4.2927513126406555699 2.98948e-09 5.20853e-06
33609856.262833677232 6676 1.8160662157757498925 0.24050531613692516242 0.13550285386217952865 0.23588656247495362606 0.095317548945448138387 5.0174877203035874729 5.2411325505277410741 5.4487948350421282484 2.23147e-09 4.72477e-06
33609856.262833677232 6526 1.1684428707935217151 0.31543105675326332804 0.18248098117449498834 2.2604224587081018782 5.348329880930151603 3.1886831484001261217 3.2068583188826238484 3.2274305244756913424 1.74858e-09 4.35591e-06
33609856.262833677232 6951 3.008858525383410143 0.022141895882630206749 0.060626408909280199433 1.9058831970536072031 3.9530169499974339153 2.8234879453336927391 2.8164882576950578397 2.8094159653262535947 2.54062e-09 4.9336e-06
33609856.262833677232 6202 1.8200275270131165417 0.41565056766661484522 0.26906510227842178606 5.7691493892230090168 5.2945238325265790991 2.027875710625171024 1.6022487840286470107 1.1868037920444614031 4.75227e-09 6.07879e-06
33609856.262833677232 6083 1.6738011408173676386 0.077280730490436919111 0.12961937854389493641 0.64439423886005942066 1.7813539863168637023 2.1912140339278574075 2.1268144007084446301 2.0611749664506389124 4.91269e-09 6.14644e-06
33609856.262833677232 6402 2.9731249279312121914 0.16998104508216760333 0.24820220773913881374 0.26257248328502624801 3.3735808607925128477 5.3686615440188267812 5.4974069631184239171 5.6176473998014824218 2.16272e-09 4.67574e-06
33609856.262833677232 6242 2.0023830358198821955 0.38392626530046347622 0.32650066181497700013 5.6730227166196147692 0.25799749793723170121 4.8799878971112562454 5.2564238519661827809 5.5849216198180560156 2.33848e-09 4.79912e-06
33609856.262833677232 5146 2.7824082305192621156 0.032053292477637801428 0.12057377279144383675 5.4623242999325647418 5.2545345747684173432 6.0360109484001700508 6.0437351871128139891 6.0513372174884718646 2.55901e-09 4.94547e-06
33609856.262833677232 5492 1.8979187940613719832 0.25190183406883870365 0.32251837496251933857 0.51312231233699090449 4.3473674023287642854 5.7578963497351125511 5.873355471383620241 5.9737265786402113932 4.51271e-09 5.97488e-06
33609856.262833677232 5047 1.7681077639028586201 0.15961043751132331092 0.33524582545539738376 4.9949950249192607288 0.23859024242965720664 3.1691195368083948658 3.1739268712435961817 3.1790868506324110321 8.23744e-09 7.3021e-06
33609856.262833677232 6657 2.3609219484225585362 0.24731052831805735992 0.13134820197502186656 1.5409314658551200861 3.7791112292926003491 2.7397390771325897951 2.6287547549647887202 2.5074113401799178469 9.52311e-09 7.66378e-06
33609856.262833677232 6413 2.7554246991539015355 0.20767530200784500849 0.15941406931970450445 1.0415934709753742471 2.743757727899068577 2.5404095217191469125 2.4105764474323856383 2.2719269038270746286 2.71272e-09 5.04257e-06
33609856.262833677232 5928 1.849164046379509152 0.22343346791217597036 0.17413060941082700306 0.93228536612243639858 5.2525491266934274392 0.40356492736161425627 0.32311843977832349628 0.25217269217955340377 1.85148e-09 4.43973e-06
33609856.262833677232 5018 1.4578655779005993409 0.24006515051548368844 0.20389151913768147062 0.55976924833365537815 1.9024823045395047316 2.879753300590452092 2.8083090665728485114 2.7297723075489366273 1.65949e-09 4.28064e-06
33609856.262833677232 6118 1.2502523520724539985 0.29578258786981387329 0.18986255366113610754 0.38463310119390742292 4.3485958539186135852 3.7199806202701188873 3.9088044169454416732 4.114116230286387399 5.68798e-09 6.45411e-06
33609856.262833677232 5423 2.0477955805459533423 0.41183374544906681258 0.68034086387123948736 3.8275952586187713678 4.6684611462669387549 2.159796013944902171 1.7582157300755245632 1.3535938798695594798 2.52578e-09 4.92397e-06
33609856.262833677232 5626 1.1359042560581611436 0.18183194257037116337 0.15395278468000397898 3.5383165990554181768 1.6120848299914298796 2.7722654864294340449 2.6999179006836202532 2.6221930908666926108 7.93289e-09 7.21097e-06
33609856.262833677232 753 1.4526038719990057579 0.33929876484238574719 0.1732571777862084994 0.91677520335559425924 5.1732337623296071882 1.5531622608356998594 1.2080864230608587828 0.89086285687035648984 1.27811e-08 8.45356e-06
33609856.262833677232 1124 1.7643509016656351296 0.28443482127619995614 0.23121807290723253581 5.9549839585301187483 3.4107253008062885513 5.8707077742447335567 5.9733756744049140153 6.0600934054982378285 1.32419e-08 8.55396e-06
33609856.262833677232 5020 1.735789781683266586 0.27822030331609809428 0.27448469637600686477 3.0233025312267218787 0.20586956810228176917 0.95729045386953526275 0.7435722400767924567 0.55523890977902334853 4.40916e-09 5.92883e-06
33609856.262833677232 6161 1.9150310925042606236 0.34876475756236358094 0.18080622072620827767 5.8944090938719231332 5.2597918322927146306 4.9545623960891029824 5.2865729118686557442 5.5794082983446067203 2.19638e-09 4.69987e-06
33609856.262833677232 61 1.8380308645913108201 0.079655283693819231572 0.078825777562806120802 0.77209812130598309832 5.490030416346845854 4.2623496160833838076 4.3354238153596531546 4.4094861861234022626 2.97121e-07 2.41265e-05
33609856.262833677232 6451 1.732984037285247636 0.49564712442902214562 0.16852759109512641111 6.1717970267443984511 5.2207809246959957505 5.5470215270878417968 5.8425516468945275506 6.0539514326043901704 2.57122e-09 4.95332e-06
33609856.262833677232 6702 1.8745879780144736326 0.31792722840321702149 0.18960338443294186273 3.8112899081884576979 3.9112547615516946031 5.7954287234683148355 5.9289199056967305523 6.0392093310599577194 3.70623e-09 5.59535e-06
33609856.262833677232 5132 1.4369818475017379633 0.24669787481851429556 0.31424931903878933204 5.7248591278131453208 0.70625772641096140614 5.4905339601216160972 5.6542019118322652815 5.7993399478897931232 4.5221e-09 5.97902e-06
33609856.262833677232 5470 1.5438081225287587639 0.15738997394078213521 0.22372467399780407438 2.5863982385381452112 5.7174784442734951639 0.59022055727402078507 0.50756497731317673505 0.43106547832931174646 2.3944e-09 4.83707e-06
33609856.262833677232 6270 2.0335035745362781689 0.2624065807903094294 0.15667948972818063202 4.4996939328448011253 4.2497185805003621084 4.7721960580008007113 5.0351675598738481199 5.2840228630625514228 2.07589e-09 4.61231e-06
33609856.262833677232 2778 2.0915181097318811254 0.45896495188831709644 0.40934612731686798037 1.6011494162275072828 2.5985526633136846186 3.6875529271581486412 4.0034543413488083985 4.3518343885127626081 1.15158e-08 8.16485e-06
33609856.262833677232 5605 1.4324569138929277301 0.21045264869459376356 0.34219852754686302942 1.7313516713982282091 0.35046179295810914178 0.83761275768134368924 0.69024704082786347836 0.55624601153866259917 2.44051e-09 4.86793e-06
33609856.262833677232 5518 2.0679197135010212172 0.072044615416061122404 0.20871693328028972925 0.32136135320469599863 0.70018655778035465698 5.2220448350578463348 5.2839066106032701597 5.3445019709547967324 1.73658e-09 4.34592e-06
33609856.262833677232 5490 1.5387188567387044547 0.13269720404552107218 0.25723123465343822325 1.8270824203597435531 2.3214411456705876802 3.0310758331059783899 3.015332940919274396 2.9986231094458193347 5.31486e-09 6.30978e-06
33609856.262833677232 6726 2.205790497607488021 0.61470971175348154691 0.19837284323216500259 3.5615247361971316131 1.7250222886640260711 2.0729856247261055913 1.3802377621540538044 0.77665516167492743005 2.92983e-09 5.17366e-06
33609856.262833677232 2768 1.4837768670894526668 0.026789892508114424713 0.051955162429152296211 1.1656509579580953684 2.739618061355521661 2.5994944944333697734 2.5855099152591138889 2.5713685165792097287 6.51346e-07 3.13416e-05
33609856.262833677232 5194 2.0344662973140299478 0.37816020714448389528 0.12013830826802826546 5.7870621491331757369 5.1155889122290902904 0.88150005307262790932 0.61368441876292423309 0.39590819833107004921 4.75382e-09 6.07945e-06
33609856.262833677232 5310 3.4780349581375915591 0.077439022467737442246 0.34331447072360149475 0.8331054068024876802 1.9372981736354479843 1.6589839597499707047 1.5815039072819232491 1.5040693240520104368 2.51895e-09 4.91953e-06
33609856.262833677232 5888 1.6023893320061068923 0.24737748625175656758 0.32077429559158937566 2.2878044823768739491 2.0852812775907598741 2.8643042997093233204 2.7861008720667226335 2.7000007816534341565 2.79797e-09 5.09485e-06
33609856.262833677232 5964 2.1717742277567495535 0.22153135329700396339 0.51735797801581406841 1.3466229115908150415 4.7847525978335676555 0.35677800761663042151 0.28591368639144237873 0.22343427645150726324 2.1711e-09 4.68177e-06
33609856.262833677232 6639 1.4154822548549015337 0.26617021594610290602 0.23869279229283185684 1.5511565819905177577 1.4653988502039585473 2.0785281576158758376 1.8262998644743473342 1.5687705563769678285 2.07227e-09 4.60963e-06
33609856.262833677232 5312 3.0094512004556905893 0.078576271880599027342 0.17599977123068996643 0.174317075411177691 3.3298146019044301269 1.4201559264699132878 1.3428445259736356832 1.2663009204327615453 2.46345e-09 4.88312e-06
33609856.262833677232 5289 1.9071981889864944026 0.04556257289356500928 0.14657297731180390921 5.1204230483149446584 5.3780895465971489955 6.2550833622697181724 6.2563357216985737708 6.2575589109156197765 2.13423e-09 4.65511e-06
33609856.262833677232 6734 2.0293988139691676587 0.2402149119850815473 0.19589014594238010614 0.21093307718344339596 1.4649532439169739018 3.0441250279815843527 3.0171279180309156231 2.9873067674965674279 1.24231e-08 8.37387e-06
33609856.262833677232 6073 3.2281147946596275844 0.059859119482081481201 0.25928289510658469874 6.0702778661225016421 4.3419564290288281683 2.9057844981861618017 2.8913674421134056836 2.8765449974614738515 2.87152e-09 5.1391e-06
33609856.262833677232 5364 2.6245276533931756191 0.044615969561904923746 0.067796189356317607122 4.2709580513716041139 1.43100083264682576 0.25530798478912514193 0.24427331740031257845 0.233482888102661712 2.91675e-09 5.16594e-06
33609856.262833677232 6028 1.653203349189385607 0.26268098357864355652 0.10445636487512623136 6.2196215896078674845 6.0581667479388787712 5.0805665096676531078 5.3174579870493818845 5.5335033367350847655 2.1303e-09 4.65226e-06
33609856.262833677232 6691 1.7048775550792196753 0.40760581920509919573 0.32274401474497887987 1.0895329913365523478 5.4669468324439893792 2.7674658941562535475 2.5738254149306181162 2.3546350019928281583 1.99622e-09 4.55253e-06
33609856.262833677232 6521 2.9793383698957360828 0.082383972898035520704 0.1689656193339372503 5.2555475990219537863 0.54198425854792686707 4.6738253382570977834 4.7563727067800574133 4.838677003817631217 2.953e-09 5.18726e-06
33609856.262833677232 2010 1.7934002615961659455 0.16180878425531031173 0.20601935950948777054 5.659596803033475787 3.128037917022609804 4.9838031742203519059 5.1370688359137881562 5.2845042572662936919 1.54172e-08 8.99881e-06
33609856.262833677232 5455 1.9969490563346314893 0.4196784116411394483 0.17479832892636992803 2.2856575764274142948 2.4607600958288600168 1.0697945497685168448 0.72423932145994707188 0.44617472390069157218 1.18753e-08 8.24895e-06
33609856.262833677232 6780 2.0156627487156137946 0.46978626048139282556 0.32684140194593236384 0.0021431368091053681207 4.4745724315346135924 4.1045728579863034469 4.5735153003126116644 5.0387787115536921689 3.2776e-09 5.37076e-06
33609856.262833677232 6017 1.82547593612994552 0.15198574387009519682 0.13627222759140464325 0.046462324166854182539 5.0504272867141626335 5.6644741245990610778 5.7478930029894055309 5.82541978766570967 1.07446e-08 7.97837e-06
33609856.262833677232 5540 1.9882443303915269261 0.48236164788272195558 0.54052828972499611382 0.71220949824381096782 6.2143540676729394079 4.9147656373552859321 5.3849115659074708873 5.7622402593245940494 2.31531e-09 4.78321e-06
33609856.262833677232 733 1.6936461519067733672 0.069214654831562485993 0.26795772402034295778 0.37170072707460949379 0.27447243853085895315 3.2412862942024971424 3.2484296521127289381 3.2558102787794758193 4.51209e-08 1.28719e-05
33609856.262833677232 5469 1.3175814514610397765 0.32075420351179378953 0.2168359689654013045 6.1181070176628837842 2.7403319148762355084 2.757776358260946914 2.6124222428758288039 2.4504999424415627729 2.51139e-09 4.9146e-06
33609856.262833677232 93 0.97196190332283127766 0.010679931984331767283 0.021252963989511073489 0.31667197657376422448 5.5457843270967730476 0.20517264914856508939 0.20300801623394468254 0.20085476590078416015 9.80253e-07 3.59167e-05
33609856.262833677232 5525 1.2250406530623134671 0.24998691516201285157 0.084479958549626060771 5.5222921381543539354 0.3312144628320134454 2.9389925945708483823 2.8806335009901262723 2.8161350397354403263 2.22151e-09 4.71773e-06
33609856.262833677232 5178 1.5250314395395156986 0.024401414778507619224 0.1471046793511917028 0.94279191616567925571 2.3589846858635534765 5.1408819153969691484 5.1629676949662526297 5.18493373217183251 9.33283e-09 7.61239e-06
33609856.262833677232 3770 1.464800600819750942 0.021547126915615368026 0.09806547385264417771 0.70666734203561942795 1.5502060185238857315 2.7691535859954519161 2.761232470692394525 2.7532329935014323574 1.55823e-09 4.19174e-06
33609856.262833677232 5667 1.8769185634470804125 0.21321617923309585385 0.23245311448603905857 2.5216086575347911314 2.7348356844527543785 5.9373195643828795554 6.003682830028246542 6.0625043695512905728 3.20823e-09 5.3326e-06
33609856.262833677232 6103 3.3097528915945484407 0.08723300256647112394 0.13181733627668809627 1.6607010796544314779 3.7089022269861868786 5.3718491568158546201 5.4390965269415652017 5.5042915068471067741 3.07621e-09 5.25842e-06
33609856.262833677232 5181 1.3307932118608056804 0.070809684931857408419 0.066968495466797173243 3.3551198180878314403 1.6103085319060932434 4.6764337358182235249 4.7473472529022719968 4.8181136746615020883 5.47157e-09 6.37119e-06
33609856.262833677232 5623 1.0894314769986741531 0.38437503871591099935 0.18072099475472347407 4.9873095227986432576 1.4250488077551413113 2.1393152766357017569 1.7662350705262930273 1.3891775480570363044 2.3084e-09 4.77845e-06
33609856.262833677232 5316 3.4945334953384490362 0.053510575171858310028 0.2182078081943312764 0.72785320652511842354 1.1341578564458487666 5.3730819452483604692 5.4146729692680564128 5.4555212732303797196 2.96988e-09 5.19713e-06
33609856.262833677232 6874 3.267129059406597591 0.072175126734361272351 0.25957777864787634492 3.8287778610274778579 3.2779098436993150401 0.022355726181661830787 0.020796553053464793964 0.019295667394647764842 2.61974e-09 4.98428e-06
33609856.262833677232 6823 1.9247314086676408085 0.26275617034636944425 0.22727997720768594592 4.0277481010818201312 3.4404399831868759385 1.8525989622975542748 1.5873371092713435271 1.3246168828191282607 1.69817e-09 4.31364e-06
33609856.262833677232 3953 1.5309277875826334814 0.19419191014107672899 0.35845634696464723223 3.8236213266757097529 2.9368480161228949221 1.9631123954651765739 1.7754481177230563294 1.5853086414351023059 1.87457e-09 4.45811e-06
33609856.262833677232 5767 1.6220624356725412696 0.34835525440922165963 0.39430079119164684887 0.60517113759275531493 2.6695265555093894427 3.7187510563365551164 3.9487685729650641164 4.2003984935622922237 4.97944e-09 6.17415e-06
33609856.262833677232 4189 1.1844875310801470381 0.073858945350511823191 0.05486226439141756589 0.19389866933636337731 5.5651204043634709961 2.229206204998077645 2.169369954698585623 2.1083521133765676936 1.37678e-06 4.02228e-05
33609856.262833677232 5324 1.887718576403265125 0.10567519868911798286 0.13391638301597635907 3.3071357094446298674 0.40933835218132652578 6.0883887242696683728 6.1078871289586071924 6.126317068949151512 4.64884e-09 6.03437e-06
33609856.262833677232 6836 1.7540479044297756506 0.37193531872849233677 0.17564055344388493363 5.0363926083261434385 5.3251113165090213641 0.071665692118692655987 0.048500638399540232926 0.030468609431275460453 4.61039e-09 6.01768e-06
33609856.262833677232 5451 3.2640488130593450222 0.040862920657536321023 0.050304982055544796016 2.4665668152971935712 1.9009825639953992216 6.073869549010977309 6.0821974725363752157 6.0903552388503054971 2.58702e-09 4.96345e-06
33609856.262833677232 5538 1.6208681833216722623 0.21557405118228339935 0.22529605700487551068 0.26663147582773649713 0.13955555042774830943 2.1929005385813717943 2.0041596078759091881 1.8085135329107406843 2.97954e-09 5.20275e-06
33609856.262833677232 6532 1.5661557037775331036 0.32992281099368397923 0.089978908726835976628 0.38540870063207516294 4.0777660875309944544 4.2760971560802278901 4.6045098180056465154 4.9325146835588435934 5.62757e-09 6.43118e-06
33609856.262833677232 5853 3.1198039985504908422 0.13977053642821954393 0.20110457655868479998 6.0632337978001382695 4.0648308624889022411 2.6256104030707363428 2.5518336228279010491 2.4740987328792307665 2.34516e-09 4.80368e-06
33609856.262833677232 5360 1.6202692656983936903 0.19945427885680863667 0.091340994206952991208 4.0872342504255740891 0.79916957149057210597 5.3950301907548077196 5.5417541778884382708 5.6764544413008799495 3.7029e-08 1.20512e-05
33609856.262833677232 6233 3.1248077371079072684 0.10281404569615805455 0.21934868117211175909 4.3020298917894006507 5.8411119399015483111 4.231574326355219462 4.3251370924987782018 4.4203377957844107726 2.38928e-09 4.83362e-06
33609856.262833677232 5382 2.0850824784055888017 0.36315601688625326338 0.35033247098630188043 5.1583418582220570414 0.63525252657372388576 1.9415686282509483362 1.5698513241196099255 1.2066954693879636817 2.55203e-09 4.94097e-06
33609856.262833677232 6255 3.258686872185333705 0.10371490406359981651 0.20163687256009529825 4.3315960489061620109 3.2884964482404619446 3.2042950118223729739 3.2111681511036409553 3.2183783467409634582 2.45838e-09 4.87977e-06
33609856.262833677232 117 1.3704760673196587639 0.26460014050496349913 0.056076944417618276861 1.2863164341630228815 1.9455045610862171657 3.7911278187221864044 3.9731405796483798554 4.168673506685976804 1.39228e-08 8.69812e-06
33609856.262833677232 5708 3.1679712861755042752 0.18098276631157020344 0.20177664553089463828 0.58202167213178379601 5.4535415700386327131 1.3170788888333226918 1.1448139530496785898 0.98000503012384110324 1.65544e-09 4.27716e-06
33609856.262833677232 6956 3.5071994368102421546 0.14978906296701038903 0.38677019309424298665 1.9275623762335885036 4.5708571335803895863 3.4378173424958511362 3.4851953684389576082 3.535656517192365289 2.20649e-09 4.70707e-06
33609856.262833677232 2850 1.6035792479366450802 0.30631576459530052148 0.38294486771967656269 3.3214767030894378763 3.3579023938572873931 1.358298259832237953 1.0634813937944840312 0.79574544159213200789 2.86233e-09 5.13362e-06
33609856.262833677232 1284 2.3068324570145684049 0.24701130105963797767 0.16256030548029853922 2.5944872451573641747 3.3735439764929529005 2.1135783371820009435 1.8848570027698836604 1.6499277710445969802 3.64405e-09 5.56389e-06
33609856.262833677232 6722 1.6851038965619158372 0.23867324542308132607 0.15186480414044709053 5.2222536195362527778 4.7157963360086014859 1.9804845661640129162 1.7481470490457768907 1.5132175035861354928 1.78527e-09 4.38616e-06
33609856.262833677232 5002 1.0478769716311444604 0.17702802886107371627 0.27098791532548316408 3.3727326055915489711 3.6196624859355233106 5.644089976006545939 5.7433284803925630513 5.8343232214260334345 2.79003e-09 5.09002e-06
33609856.262833677232 6473 1.9133374780514671443 0.13320390076896299059 0.29318334745920648921 2.2332741036883070329 1.6049883736846928262 3.8922096439194193707 3.9880942655365494431 4.0878595828717205762 5.43469e-09 6.35685e-06
33609856.262833677232 5815 1.397005606151696 0.32807100256073323807 0.35292260927986673913 1.4266730622881353963 5.4412822432636538394 2.0153032981921148448 1.6897620570158329301 1.364009886697993057 2.67562e-09 5.01947e-06
33609856.262833677232 6211 1.8393251525537592794 0.12115372502452857739 0.32822495690046094019 5.5542651572808061644 3.1355372150655980157 0.32902037196282041265 0.29187100837469737158 0.25700967751874104206 2.33777e-09 4.79863e-06
33609856.262833677232 2174 1.0918620841896435891 0.25651318643177006829 0.10887477176623587549 3.1981341395630265012 3.8978515866918974631 1.6808705315517238343 1.4193038836796414426 1.1657285558749159726 2.03153e-09 4.57921e-06
33609856.262833677232 6225 1.9729182876545425795 0.33942790449534127051 0.14762710113341906415 1.7493778689454200226 1.0846104357196157952 2.9511841072772431183 2.8712930671420839879 2.780658974653062554 2.38341e-09 4.82966e-06
33609856.262833677232 5873 1.9180447905723716495 0.40307680194265765872 0.47333063877316272627 1.1384280103667880901 0.11157118672600764564 3.1944606298758180252 3.2226211244833460334 3.2552460935449758495 6.23622e-09 6.65514e-06
33609856.262833677232 5741 1.6825657901662163241 0.27019333655925625859 0.15501335396854748483 3.0290369796368552535 3.5689466946926287072 3.1572976499476297363 3.1623113407801652919 3.1679089915028799673 4.83963e-09 6.11581e-06
33609856.262833677232 5780 1.3370353146280904433 0.28412481333815148288 0.10562918761043735283 4.4023216652910290847 1.0599587418901810221 3.464095980447502221 3.5706079357730295953 3.6887969043634982746 1.95079e-09 4.51773e-06
33609856.262833677232 5080 3.234417562523094869 0.1524897452050071045 0.26211689642201796424 4.6444937721669452557 2.4921486020488199387 3.9706767581965096703 4.0898092338157638892 4.213688369121562971 2.57476e-09 4.95559e-06
33609856.262833677232 6155 2.1812431829450611431 0.2140499452808625469 0.21281886879893455178 1.6619406639781602042 5.6186444951326839359 4.0428600815501489762 4.2244004437218647396 4.4134659912998674969 3.03729e-09 5.23615e-06
33609856.262833677232 5782 1.9559977747993271269 0.30972079308529654185 0.13259743257375219971 3.6412521777019319913 2.2173302393908920216 4.1990348163794966041 4.4968038273007735484 4.7993550133140310265 5.0598e-09 6.20718e-06
33609856.262833677232 6417 2.126231722454714923 0.12008277722882021443 0.75097597054357223545 0.072467225011926969525 0.057672783025785351319 4.6195985435103423811 4.7401265593362769124 4.8601631452862790184 1.63097e-09 4.25597e-06
33609856.262833677232 6237 1.0763545707551827046 0.049261005114173792019 0.18064590193277135777 1.9840516140226216457 3.264644037950623634 2.7636634397408208486 2.7450494024391236536 2.7260232187434678686 1.89473e-09 4.47403e-06
33609856.262833677232 5750 1.4195404350885185707 0.33716331164154017541 0.11343581575778632908 6.1890520137993503269 3.0750724880686663987 5.2608127705678064956 5.5309454521396101967 5.7613210260406475527 1.52873e-08 8.97346e-06
33609856.262833677232 5661 2.667798934970627478 0.273861277267730574 0.16255832704917305698 4.6713803349440352619 2.3120825226962367083 2.8419073184977317048 2.7468685814330799921 2.6415542704675627483 3.01386e-09 5.22265e-06
33609856.262833677232 5643 3.3272831775119233733 0.032164813290661349587 0.065264575231854318749 1.5197515998949069349 6.0045592258019606646 1.901481990090195362 1.8708946051520891629 1.8401673196684087408 2.47115e-09 4.88821e-06
33609856.262833677232 6335 3.1057546223893499615 0.094297518799570337333 0.23939018993930524792 5.8641432305269898251 2.4105845349671066735 4.8611942762226121317 4.9539411714537511244 5.0455010300700680048 2.80706e-09 5.10036e-06
33609856.262833677232 6290 1.9996802836574558704 0.31689094947966861548 0.29815813072271962758 6.1955911531397331871 2.8896157716738657406 2.512441577723332653 2.2929371410478647242 2.0551445849474485605 4.66797e-09 6.04263e-06
33609856.262833677232 5215 3.2050410073725208449 0.34816301813875932814 0.31080882076200749831 4.6574452637497225638 2.9251793431519663713 3.0689024918790499541 3.0371030120425390741 3.0007897458990857587 2.09099e-09 4.62347e-06
33609856.262833677232 6358 1.8880879879092848928 0.32639731829986434741 0.043608530517998116138 1.7161724148374812859 5.09859261945270692 4.5513413176286618977 4.8885135777723576211 5.209861566992056936 2.40091e-09 4.84145e-06
33609856.262833677232 3761 0.98366180506313505294 0.1070669126457287762 0.19965366092105962803 5.0001022800143637426 0.637848466037684525 6.2083093399272675228 6.2159334614476495773 6.2231284824569623737 4.38307e-09 5.91711e-06
33609856.262833677232 5048 1.8516021043511765587 0.12920404381528399762 0.4075581201287168942 1.0879751834722544146 4.2787145316725183619 4.3150175373790062849 4.4375828981656137984 4.5619389268288834671 1.54672e-09 4.18139e-06
33609856.262833677232 5673 1.89207871828174512 0.15407089598760648208 0.38608333970717761963 1.7958721595629216772 4.4709738287261693301 3.4864437567505750515 3.5429485101460658214 3.6031388956832834936 2.67237e-09 5.01744e-06
33609856.262833677232 3324 1.1310611431477965994 0.32555391745157424843 0.21843308937761504729 3.0878536272781391681 1.4864642526092404218 2.7859175140312846253 2.6479154917277911707 2.4936461749883389594 1.99813e-08 9.81126e-06
33609856.262833677232 5034 2.8257171558316733773 0.17290026140201170124 0.16246402274813179223 5.2718672188728863404 5.3984608657549610911 2.7677880650696735643 2.6985865465832921117 2.6244715844660371218 2.20492e-09 4.70595e-06
33609856.262833677232 6957 1.5109882661992262154 0.140306464230589234 0.27458417834243709077 0.51968953736771639207 2.5274448255934771623 3.5600640174469706523 3.6212890573426146368 3.6860418748394243593 6.68595e-09 6.81142e-06
33609856.262833677232 4112 2.1019922006826536887 0.21276092013634820277 0.8201218996903328895 3.340912820500116176 4.8058131248311806161 3.1953633027712227133 3.208322943558671092 3.2225100069771035471 1.99037e-08 9.79854e-06
33609856.262833677232 5344 1.7516235050699280329 0.17950925392091407473 0.1763601855594030543 2.3484040098480303271 3.7314582573316203984 3.4553237816404478444 3.5164167791387836992 3.5821367094087666061 5.14004e-09 6.23982e-06
33609856.262833677232 6577 1.6730387807591891036 0.23008683728413270586 0.26635061801434689599 5.7321442173881100857 2.9204651430676049628 0.26096545146035932117 0.20689855249363064971 0.15963282805922823782 1.63583e-09 4.2602e-06
33609856.262833677232 5446 1.3374974353180388853 0.18687518169132455448 0.04026192295777042407 1.0076426968651142069 3.4121363825803388004 1.3353963151458074776 1.1564830346587269272 0.98541880550144211881 4.99881e-08 1.3319e-05
33609856.262833677232 5123 1.5019183993541984634 0.38347649075454681711 0.13633420217492159265 2.2088845671988197594 4.2440288510966093227 3.1743267224322599951 3.1906227593767826356 3.2094171200516479203 2.85229e-09 5.12761e-06
33609856.262833677232 5200 2.2468604224299895122 0.4760447289184897568 0.20412486449607092354 4.534523466675853598 3.6818942902631843772 2.5469771674779817516 2.191625256280877565 1.804412120929996366 2.18438e-09 4.6913e-06
33609856.262833677232 5511 3.1504346777574481209 0.08601676531688795535 0.15163848264164200841 1.7151240847965660841 6.1083524807771301113 4.0443573013245277536 4.1138367171366390096 4.1848996573288328449 2.90982e-09 5.16185e-06
33609856.262833677232 5957 3.1694142911533940143 0.048477236561911302148 0.10996797093847900106 5.9901823680810188932 5.9354819196749959431 0.53434693374751662809 0.51015020840548208625 0.48647836973763486368 3.45473e-09 5.46581e-06
33609856.262833677232 5962 2.8919614419531409766 0.17521379785757296155 0.17000027120026803273 4.3833339252658563012 4.2971161258273866679 5.0095518441155117983 5.1737672626648176788 5.3306606639093301325 2.88829e-09 5.14909e-06
33609856.262833677232 5160 3.0076305755888825821 0.10377029320745839724 0.17736381218471028443 1.9593378571553419221 4.8900017003486828671 2.4635338258435002246 2.395534369202325653 2.3251003488196984037 2.48083e-09 4.89458e-06
33609856.262833677232 6891 2.146018568916419067 0.42686125847749445406 0.21376583074216470859 0.39353185389820893869 4.3715297079120833956 3.970950423418598163 4.3557379506083568899 4.7557373974193923871 4.39964e-09 5.92455e-06
33609856.262833677232 1399 1.5539233599622412907 0.080475164758474007631 0.19677854240315742484 5.4540071934962250921 1.9695678005580683489 5.22013161657416358 5.2891874274822248125 5.3566427477226072895 4.64728e-09 6.03369e-06
33609856.262833677232 6752 2.1395821908025238756 0.4061923399497309739 0.39635755155493579416 1.2851428267180402543 4.179169179982816118 2.7710558564973912787 2.5800127976832714083 2.3637055973966760725 4.12549e-09 5.79885e-06
33609856.262833677232 5597 1.6574390711106061769 0.21314749801676238783 0.37250743002741215637 4.3890543270324000602 0.056410321402778219879 3.7332475064347789839 3.8651371585110414486 4.0062504585062237439 2.41109e-09 4.84828e-06
33609856.262833677232 6928 3.1986558121108434882 0.086469987346606838607 0.21567929649983411111 2.1242799443650208779 0.084506102541734795519 2.2906037943653316802 2.2235724561382226305 2.1548806413530847692 2.08658e-09 4.62021e-06
33609856.262833677232 1123 0.75554754018485936751 0.088010702808343471704 0.060996321050082985549 0.44370491476337214909 5.6621924049024299208 1.8251429907992287038 1.7388942707513890262 1.6521240983205360831 2.24876e-06 4.73694e-05
33609856.262833677232 5640 1.1471627895878122594 0.032252720872524537343 0.082401440996737199129 5.4805647325553827898 3.9158912004839301346 4.1013510253667977423 4.1280198228571887142 4.154920535961990069 5.24602e-09 6.28242e-06
33609856.262833677232 5842 1.9925759110888590087 0.66675190268724715548 0.47963446017508876151 4.7432997904719567117 1.4980787020312915647 3.2964616065809555501 3.4852156513584384712 3.7098446967665132945 2.75394e-09 5.06798e-06
33609856.262833677232 1444 2.0922322299377298371 0.3440275169032231406 0.27847279322286616621 0.38017061692050263533 4.260642207334308651 4.7467922888818030458 5.0957055291918607054 5.4147667471493035052 1.72307e-08 9.33865e-06
33609856.262833677232 5176 3.0852962376447554682 0.13865282540683934731 0.11949803234408573616 0.029741882358062049496 5.0412996861409133942 2.4946313844822207706 2.4057664867243078177 2.312702737667265307 2.68297e-09 5.02406e-06
33609856.262833677232 6404 3.0864215656592666193 0.1867281242604963698 0.27427981530979933522 5.0857200535764217619 4.1471681285247719018 4.0089463993876766068 4.1616362750345849975 4.3207530704882737282 2.07676e-09 4.61295e-06
33609856.262833677232 6140 1.8977137704876461122 0.14369778464880794688 0.10302859551729126597 1.7691598935115038227 5.7438589362097989266 2.1052861372650251148 1.9764158812724388348 1.8443780072209521315 1.67728e-09 4.29587e-06
33609856.262833677232 5534 3.2641050964665336842 0.14462080147664571617 0.10658634559609291015 3.550317801027599085 3.9581518872052683378 1.2749751972741594219 1.1390011275281073377 1.0076542133740518103 2.18919e-09 4.69474e-06
33609856.262833677232 5929 3.2408301767689646766 0.12080510330661095586 0.20986533061078743723 5.8570342963604957731 4.3264874106272550591 4.8582782701201896458 4.9770515232265220007 5.0936502929938045625 3.18574e-09 5.32011e-06
33609856.262833677232 6162 2.1111958764241096631 0.26426430664191158382 0.075285640948448376286 0.26939710836190045029 4.9752922652150370908 3.3893924389457019686 3.4652421448965529116 3.5492857747014743275 1.62993e-09 4.25507e-06
33609856.262833677232 6775 1.6499234958981388033 0.28308205514755963028 0.19179117495531894377 1.733564926183470023 3.3073274617657988372 4.0880670024969987253 4.3427898756984770756 4.6067560339394724167 6.39874e-09 6.71246e-06
33609856.262833677232 6061 1.4354354318119368905 0.17261910520259340918 0.26306429336000042296 1.2247147320572935314 4.5400747890567121345 2.6744937464819051876 2.5896338126774485211 2.4991199172178788501 4.03777e-09 5.75746e-06
33609856.262833677232 6920 2.3008712156818091898 0.071997275845027020047 0.12159654603812374007 3.5747290612507178764 1.8089527394379871783 3.3486211790960767054 3.3639811920671771617 3.3798609088487521213 4.48089e-09 5.96081e-06
33609856.262833677232 1810 2.1417604046680036589 0.28481349303346814583 0.48989157412935008251 2.3840248880122860697 3.7577335636705204713 4.9600402349856587136 5.2306351371210357826 5.4780495694263171558 7.36354e-09 7.03416e-06
33609856.262833677232 5072 3.1066215145314339807 0.079646451631186485076 0.22570175729652666718 0.98025371652357962127 4.5354149429863497289 5.5494285323071954608 5.6013012100398293924 5.6514989381012812331 2.73643e-09 5.05722e-06
33609856.262833677232 5231 3.1557778099245421544 0.065298504452374575568 0.25842331579126137653 6.1436718698340397893 4.2221307555263001277 0.64700851852968088718 0.60861058251962119048 0.5712775943190718797 1.89135e-09 4.47137e-06
33609856.262833677232 4786 1.6338924225106405963 0.11950898148041053104 0.37737905051532444345 5.9735992447032648656 3.4449035247197588028 5.2828525345269667923 5.3805547134221329841 5.474364411906238459 8.41208e-09 7.35334e-06
33609856.262833677232 6756 3.2123753984669178863 0.059868943139647634588 0.32045163622067979192 5.0440676932152870293 1.9812622732686566707 3.2807678337810801672 3.2893348334887386741 3.2981478584014651823 2.22448e-09 4.71983e-06
33609856.262833677232 5323 2.8117901362688750844 0.14579205177108398028 0.10953949875668732294 2.7819955502430082639 3.5129880915170428324 2.7368110488703689676 2.67493742413785629 2.6093453371186634548 2.25995e-09 4.74478e-06
33609856.262833677232 5372 1.7687156498022480466 0.16182979753345763663 0.16367770964287059465 2.7951849630673000213 1.9792765151242048827 2.0458635688452728729 1.8956767963888785378 1.7423124957208104835 1.39548e-08 8.70479e-06
33609856.262833677232 5855 1.9718049656834499839 0.12041059752191855814 0.097882403443631277318 2.306171440160798447 3.440106311511988757 4.5986651512162888267 4.7194168097748709911 4.8398244337460871733 1.88487e-08 9.62226e-06
33609856.262833677232 6156 2.3175376844923296638 0.48992854723201506584 0.51660653105188636403 1.9908139258589061527 4.2871961421713624674 3.0975611613048621429 3.0663618168161059785 3.0295388395678046756 2.69058e-09 5.02881e-06
33609856.262833677232 1410 1.9068102410072276243 0.17753773804383735091 0.11931814131864397488 2.2350482101997481976 6.1476579483332507436 2.0782960586278984572 1.9151446464159305183 1.748029146080018581 1.96181e-08 9.75145e-06
33609856.262833677232 5256 1.8674472584195576097 0.35950338893352445924 0.27965421706213183795 6.0077725972516118347 4.8677638048283817795 3.6514307265768324307 3.8672798969719086593 4.1058642086196899257 4.61883e-09 6.02135e-06
33609856.262833677232 6653 1.5631136088298425157 0.12540336231214363472 0.27730737650063103095 2.8268804904685760349 3.6153424319232358997 4.0403602038676655894 4.1428138524242132945 4.248419807715230867 2.19009e-09 4.69538e-06
33609856.262833677232 6914 2.0632671610150761232 0.14308105064530582395 0.23917800633667171684 2.089899872852222007 1.3994065695930579807 2.3910986351087517576 2.2876601838204657646 2.1797956788655006299 4.41745e-09 5.93254e-06
33609856.262833677232 6633 1.237836686423880117 0.10972752715059717887 0.19095629772611286135 6.1548768960831230501 0.74759732767842190793 3.455712312963667987 3.4915927545308060864 3.5292180934127537206 3.02269e-09 5.22775e-06
33609856.262833677232 5196 3.5664121864606834755 0.083266769170842969139 0.1946882183341174799 3.3915323279513160948 5.7258684236331705009 5.1368092183731448586 5.2115022143008857824 5.2846110500680252287 3.02458e-09 5.22884e-06
33609856.262833677232 6832 1.6537367694692217679 0.16161860763222130055 0.29464186193748020948 3.9486847107412175184 3.2626825843277491579 0.73752874339939944459 0.63443134927392663691 0.538636830563993807 7.86044e-09 7.18895e-06
33609856.262833677232 4502 1.1681140086619767882 0.1471971699676841161 0.22251528085111338395 1.5391726174325959242 1.8365966876373696071 6.0871911063113817164 6.1140614155200205815 6.1388374672998153869 4.58456e-09 6.00643e-06
33609856.262833677232 6425 2.2293270081150433626 0.31590824225461072716 0.37435802327786821264 1.1471362776176508014 4.9916382994152472818 2.8928004865676570923 2.7981593871358270142 2.6917861799131110878 5.02719e-09 6.19382e-06
33609856.262833677232 6089 1.9853365522237673702 0.46474027687647773144 0.35589022690826255246 4.9919676740204232956 5.0507383624027362146 2.2834924348378780046 1.8459563098830815697 1.3986987524618301748 5.81535e-09 6.50193e-06
33609856.262833677232 6690 2.9148497976003588938 0.094494000070869887953 0.068662938356742558854 6.1116347627095635175 3.2779835559607302109 6.231758522069989148 6.2364069597354943042 6.2408256209947783333 2.63564e-09 4.99435e-06
33609856.262833677232 5386 1.753611457241784688 0.57208136187387259586 0.25527577007923918373 4.3636129464014166146 1.6522801036372278816 3.2574107256897129048 3.3629230665761360441 3.4885108157564852505 2.3788e-09 4.82654e-06
33609856.262833677232 5291 2.0797364834474971751 0.65923171747158992861 0.47757967061318218338 3.0606093087806764963 4.4819406930661598309 2.702061111157955775 2.2256955929353661183 1.7028527954976131475 2.6037e-09 4.97409e-06
33609856.262833677232 5063 3.4863098985746558967 0.14630671447219475989 0.40776628166445788581 2.4169117190656517202 4.2888647458226074605 2.649532676385356833 2.5752542395211559523 2.4967539943506285027 2.23728e-09 4.72886e-06
33609856.262833677232 5818 1.6765514586576910627 0.25369161022616648626 0.17895949628497928585 2.9076480821480039651 4.8280158613908650267 5.3302827318066094975 5.5252721567239388989 5.699661627225896865 6.74885e-09 6.83272e-06
33609856.262833677232 6055 3.2080469431779832234 0.095745807550885367321 0.074851971642622486258 4.7389432597961969051 1.9792439638142445002 2.6873763807565760331 2.6433801711615827479 2.5976274549602216268 3.0525e-09 5.24488e-06
33609856.262833677232 5142 1.3663232910218878757 0.37586618765969609379 0.11409000558395838987 1.2535953845110636706 5.4539586454024568951 2.9317637396484901302 2.8314150207599100284 2.7166902122071818759 1.02472e-08 7.8533e-06
33609856.262833677232 6415 1.619934193302834613 0.52312183714817572788 0.33041081782782172338 1.1258941190862270521 4.081355215023213745 0.97397843273278594811 0.57610871358307524925 0.29113030866821248965 4.5356e-09 5.98497e-06
33609856.262833677232 6291 1.5732703581525027126 0.25727126758508317428 0.36103379061569979003 0.94642540985795564623 3.9398649185809127005 5.5048351497374659047 5.6725069430844614615 5.8200322946958786829 4.97801e-09 6.17355e-06
33609856.262833677232 6390 3.23436551336149547 0.095078152876410124139 0.29586433603781187029 1.585818450149546921 5.7892972334556151992 6.2572819437017077604 6.25963788579592606 6.261876524232270036 2.74624e-09 5.06325e-06
33609856.262833677232 6126 3.0115579569241730518 0.25774268751989176662 0.19921281594211409649 3.8337089719932149201 3.5604868493701871124 3.5488095527404768248 3.666715640854569358 3.7959270566846359252 3.04059e-09 5.23805e-06
33609856.262833677232 6104 3.3413302433486413712 0.083125453509779775874 0.15865917555305278364 5.905805435937332426 2.3276836389706585528 0.28518073491166406885 0.2626553885995625004 0.24107221509764759082 1.75259e-09 4.35923e-06
33609856.262833677232 6732 1.251903926474837947 0.25239892105076894291 0.222873062237808367 5.0533488684050578144 1.7139606939870921654 2.999333397176525029 2.9576749252171632421 2.911515548747755755 3.70815e-09 5.59632e-06
33609856.262833677232 6286 2.0939690595463393841 0.32727144395556206913 0.77402150038536920995 4.2807509307766222761 5.7720222086094938874 2.9155610499420476778 2.8254055018483090755 2.7236420852527967185 2.66284e-09 5.01147e-06
33609856.262833677232 5405 3.1851525842929291343 0.042005676454868350056 0.15820892005366632427 5.633720439716434214 0.04334567200723461744 0.59973036197224915966 0.57641651286875073001 0.55352245427260426958 2.93677e-09 5.17774e-06
33609856.262833677232 5098 3.2193943117866807846 0.044309606769768680734 0.083811618665113399307 1.1818348198600761023 2.7050747996821593588 0.41102926315508186983 0.39366970766852094066 0.37667342899507949561 1.90652e-09 4.4833e-06
33609856.262833677232 6952 3.2125964610869885973 0.13497989766670798195 0.12486806041002405931 4.2245365225649553764 3.3322246763536012004 1.7465246673606493744 1.6116160644982429062 1.4767486064113208855 2.57429e-09 4.95529e-06
33609856.262833677232 5367 0.95540955124508630814 0.1753550560698723948 0.11129401823338128108 1.3817372741398890046 3.8203243694630142357 2.3351215390704944674 2.199452703435754497 2.0576223132774984492 2.85701e-09 5.13044e-06
33609856.262833677232 5796 1.5557909093790469601 0.3443677258668998431 0.2877094099514051484 2.4408324445476585751 3.6394461081415232506 0.46637207313544831733 0.32873122766114104554 0.21755470543335050926 7.64873e-09 7.12382e-06
33609856.262833677232 5895 2.0914968831067923816 0.36270561670536111132 0.45031847437307243043 0.030924281330402248608 2.155604324182215592 4.3950957182753489505 4.7696003903561559056 5.1317125748377971917 5.57854e-09 6.41245e-06
33609856.262833677232 5138 1.7852727412355213765 0.39626248389589457943 0.2409446848123545093 1.0031818148590241346 4.4042703315812188336 2.7754746517717179266 2.5927204482142389708 2.385980235727743981 2.37553e-09 4.82433e-06
33609856.262833677232 5548 3.2021488014658898713 0.1400698986554645975 0.31721220813187817056 0.20048598016187427207 1.7285324494133700313 2.298926969516021046 2.1888065746470486417 2.0746449904353032601 2.11518e-09 4.64123e-06
33609856.262833677232 5131 3.5345531436659656244 0.056092575533515931507 0.24649994129669239307 2.294933105216396374 0.66177310297385893989 2.7028002309997849473 2.6783301377601032023 2.6532640976379671116 2.25296e-09 4.73989e-06
33609856.262833677232 6295 3.2588513632828175481 0.034817111069202343054 0.25725116858193053382 5.6829201545831002917 1.4224187775980763337 0.185729850985025563 0.17940667685644381968 0.17319370945383452676 2.30061e-09 4.77307e-06
33609856.262833677232 6725 1.2223095351447337276 0.034986732092953366779 0.037815379939407707532 1.7903683303729212017 0.23006128075471210526 4.0270534474752377463 4.0544504458446075645 4.0821338540466998168 6.2698e-09 6.66707e-06
33609856.262833677232 5278 3.1326176183021088306 0.047106577012700670548 0.31155853805409111645 3.6422306261586787635 3.9143951739544400326 0.30122625535381375439 0.28755037099578123483 0.27419075603285980591 3.13887e-09 5.29389e-06
33609856.262833677232 5669 1.3313757525839176044 0.24665894428954376894 0.30861016661077006473 6.0287258704321935454 5.5282613068140422641 2.5802434777555371959 2.4313356452601064817 2.2705069456180031473 5.45549e-09 6.36495e-06
33609856.262833677232 5118 1.2806838177920101263 0.33441269895681430269 0.32534607268448578754 0.072056040833313655947 2.7852582048649696667 3.9970253290623776188 4.2879564632943001357 4.5926975833294463314 3.95744e-09 5.71902e-06
33609856.262833677232 5053 3.0045923555222127099 0.12574957620264229363 0.24034708160686737988 2.4252761801926396856 0.83666471596753555495 0.37691684218767729231 0.33303278786447426674 0.29192390846191129672 1.90259e-09 4.48021e-06
33609856.262833677232 5116 2.713181615044364392 0.14479991775416969912 0.10472722212343175963 3.7091327141737409079 5.6779667599332537264 0.20652746584217673842 0.17866398517228257448 0.1529308700652859121 2.56354e-09 4.94838e-06
33609856.262833677232 6595 3.0487845287788100102 0.093139779566053168547 0.21993408687340512686 1.2502040380934009711 5.504479662440083132 0.82440154326808856577 0.7580041085536480816 0.69397298949317309802 2.5233e-09 4.92235e-06
33609856.262833677232 5290 3.18519586893024087 0.037439605618670955545 0.12300993787580269401 4.3059326307419576452 1.9647710862927847408 4.420574380160354977 4.4566341224327086223 4.4928559154190068625 2.68653e-09 5.02629e-06
33609856.262833677232 5762 1.9635169548082069824 0.26007906897351029674 0.2136829489478267452 4.783090014634733933 2.8914511909125457656 5.5684182101178292257 5.7257852992061586406 5.8633623278370050613 4.50081e-09 5.96963e-06
33609856.262833677232 6628 3.2900605843163601705 0.12985632109333228312 0.18086640609691315151 1.5559570745504966993 4.8654622809815837314 3.3875623654658015838 3.4214569276936268594 3.4573265167261446607 2.5094e-09 4.9133e-06
33609856.262833677232 5227 1.8861976380535530051 0.096443053208266071863 0.13287230902043484226 4.3209854247664010174 0.72261456232581711134 3.244974133929978688 3.2554537901029969582 3.2664111939392395101 5.94474e-09 6.54979e-06
33609856.262833677232 5481 2.3341445221612766581 0.53331175945518882742 0.58628459122202780662 2.4460259305656704143 1.7246324733634716964 2.9477218042427666411 2.7926615875483471463 2.6103257718616355021 2.0621e-09 4.60207e-06
33609856.262833677232 4662 2.0331120674057285846 0.40125113307262239015 0.23836267182831713529 3.5306433241717174454 0.37324079701622131511 2.5236587823157647925 2.2331111202051308062 1.9166961621315437014 5.28399e-09 6.29754e-06
33609856.262833677232 3089 1.3169509829859540329 0.24138077840753327519 0.24958306836291119235 5.0751949098449022912 4.8670574367320202924 2.5682925432813457078 2.4204254522110457692 2.2610509615579812426 1.46985e-09 4.11094e-06
33609856.262833677232 5878 3.2420696221717886232 0.061246820703814930376 0.067490341939402759275 3.4129322790984955027 1.3679934535340345647 1.4602944466481684316 1.3995878996711652587 1.3392365318134527019 1.44428e-09 4.08696e-06
33609856.262833677232 5489 3.2200010944270718305 0.060485240049176484944 0.30758812392418394266 3.9760526324178977475 4.2353367336597358417 2.0591077744395192006 2.0048858249268595166 1.9500103875831960032 1.80848e-09 4.40509e-06
33609856.262833677232 6960 2.9801811480911397645 0.18551573452739630876 0.10439709750614518946 2.6910880816958009376 4.4148012949033494934 2.5233823598671958344 2.4061017010552752105 2.2816296817932615326 2.28045e-09 4.75909e-06
33609856.262833677232 6292 3.3720576487371412 0.035781518819163637968 0.30438742256795464636 3.9978891392215833989 4.621276823879438389 3.7325620454880770183 3.7528048385362691164 3.7733384425365237291 1.7586e-09 4.36421e-06
33609856.262833677232 5358 2.1886130105295578119 0.33868538141327053648 0.38651340750240686939 0.59022693544322313297 6.205948724684006379 3.5712917934240189233 3.7436684570351599355 3.9354844435525593305 6.59336e-09 6.77983e-06
33609856.262833677232 5535 2.0792696188523831502 0.49916689997232865927 0.7573803974444612841 0.39797023652944335526 5.727588742631320784 2.8404413390094624958 2.6281718383449090837 2.3830010824264813429 2.07392e-09 4.61085e-06
33609856.262833677232 5713 3.0622576795594840249 0.13410876177034539158 0.19731926275284192296 2.106527327979681008 0.58150347230369237028 1.605691698764901254 1.4709435891981179623 1.3375028424552732886 1.49134e-09 4.13088e-06
33609856.262833677232 5569 1.8805453782481675873 0.17886664797487689116 0.36252012137593925267 1.2767723125103627169 1.9739755131143266187 1.8095993864965866926 1.6310538591440240097 1.4525118426587544374 2.77052e-09 5.07813e-06
33609856.262833677232 6450 2.6945222643822033248 0.19924076694963857581 0.098354148060091073358 4.5841283676430997218 2.9522741461810944053 4.4590881849607200138 4.6583034253054753648 4.8572528490317976591 1.74846e-09 4.35581e-06
33609856.262833677232 6969 1.9675547606045604709 0.038477875466667983695 0.1283104033415793932 3.1765398517499821018 0.4482844209621341669 4.9449011733692120885 4.982187805423272664 5.0192737259123409999 2.41679e-08 1.04535e-05
33609856.262833677232 5576 1.9912971268940380387 0.39248515448020065977 0.52433369402670215731 3.7396672576952525446 3.1439702736578065689 6.1203345120090810738 6.1754856644694982037 6.2176745053122930429 5.46785e-09 6.36975e-06
33609856.262833677232 5647 2.0852512119144299696 0.24309324989117289673 0.50293792115023061573 3.3160355709469340191 0.60676797613603716819 5.6551695828327162019 5.786816688814406362 5.902586335730346967 2.57441e-09 4.95537e-06
33609856.262833677232 5992 1.8884845548576976171 0.1146252911123612217 0.15903477646723121475 6.1191222833242360224 2.814659344461558188 5.7615327073186808349 5.8161059855925358875 5.867719504451338608 8.41385e-09 7.35386e-06
33609856.262833677232 6761 1.3212432011710273372 0.18740191238399761531 0.083272742579288641651 0.40052149737144776553 4.5639693947315604916 6.1190953430645258493 6.1473450467339452175 6.1727235531623714238 4.88068e-09 6.13306e-06
33609856.262833677232 6421 1.7299068780211934726 0.16064154715021139452 0.0867941999850655177 2.1040783167386973851 2.6091172289263009354 3.5998226725798159187 3.6769020124135853855 3.7588464136749246691 7.66894e-08 1.53613e-05
33609856.262833677232 5394 1.3826508079627710668 0.038497828916267247401 0.17248273077607242931 3.536420557794801578 5.8977145841998339648 1.020361440953905241 0.98786784991316245463 0.95572777613497550409 4.23442e-09 5.84945e-06
33609856.262833677232 2895 1.2217977536438520136 0.049859914296827678726 0.13964288792839826825 5.3936868486163955794 6.1142673951621997475 0.91695936024090496375 0.87795495787674127097 0.83959103125770651044 1.06911e-07 1.71603e-05
33609856.262833677232 6189 1.5342149795542210367 0.09754008163873029158 0.20359237312336020409 0.1623289137823709094 4.5181684383645039915 5.3695286922944278629 5.4446598726130321921 5.5171963437313289447 2.99935e-09 5.21426e-06
33609856.262833677232 5234 3.1226088093980166605 0.15338584903463001186 0.096016194952940753238 0.17339605308896630098 4.0844755339335803157 4.5221249183033327412 4.6755808281486492817 4.8288627822668566125 2.35138e-09 4.80793e-06
33609856.262833677232 6129 1.3658548594932840015 0.43830572229173664356 0.53439199404419401862 5.8890573335015359291 1.0097940305980424025 3.5996332730541511502 3.8556671362957897209 4.1427215678715541003 7.14833e-09 6.96495e-06
33609856.262833677232 5351 2.9521489157938765047 0.14347273395890416947 0.11058584879491586972 5.86681561586181477 0.68926122395916489261 3.0620355704528039453 3.0496865266514983084 3.0365190586570856013 2.44807e-09 4.87295e-06
33609856.262833677232 6272 2.0070791674727508358 0.37601271239219641318 0.32470261138250700039 0.76394120632133244442 1.04446884211413904 5.7556850528522387478 5.9234222314275575272 6.0557984418706745089 2.92426e-09 5.17038e-06
33609856.262833677232 6230 1.8399808477250085836 0.033117264527711728905 0.22169774703660452553 2.4343210583038863426 5.4052090101381011777 3.8347606896253858544 3.8562000196750991776 3.8779024549713603243 6.03494e-09 6.58276e-06
33609856.262833677232 6557 2.0995628424044396887 0.040301121729536773519 0.20743592900138405066 5.4192293087848337763 3.3527185642276795541 0.94334777191242025207 0.91109417074713761053 0.87924923955781297824 1.93092e-09 4.50234e-06
33609856.262833677232 1239 1.784239915419749245 0.029096453674599835615 0.13082533389599168561 3.8031461506365968894 0.86492005582661091179 2.6390609191974552239 2.6248629460262327129 2.6104881496664180673 1.31823e-08 8.5411e-06
33609856.262833677232 5775 3.017232615258149675 0.13259243959000815982 0.12166430468824727951 5.1526953673955393498 2.5853698350719755972 2.0338064021038024798 1.9111496585028797668 1.7861631488426410463 3.02463e-09 5.22886e-06
33609856.262833677232 6935 3.4951969563214522196 0.04979134136542353456 0.43664622310028883279 5.5942270123534765247 4.9297998364257820114 5.6661951930404272915 5.6944455755376424122 5.7220953732633077493 2.603e-09 4.97365e-06
33609856.262833677232 5807 1.5683566175535037512 0.066598602782144189494 0.10512770682332235606 5.6055342515139914283 1.0602493684817952957 3.8671329638092806213 3.9124966910769840567 3.9589015300682768306 4.88354e-09 6.13426e-06
33609856.262833677232 5927 3.4424287049707675834 0.1604268291088589149 0.17901096285427323118 1.1385170862639502065 5.9744769377838498059 5.0177555298217209057 5.1678260786645893177 5.3119004172580455148 2.21586e-09 4.71373e-06
33609856.262833677232 6445 1.4543140757847097255 0.14101309785925197904 0.11825005694775381215 2.6414694205755973044 2.4282445720804068934 3.0141934819739368834 2.9948264511965763113 2.9742047139378504639 2.3322e-09 4.79482e-06
33609856.262833677232 6807 2.1503698123098686779 0.27594911295951091157 0.34624686173528096411 1.1530300740191599118 1.7572280537411930634 5.6936291471709798984 5.8334810174325069099 5.9534358881238400585 2.57067e-09 4.95297e-06
33609856.262833677232 5494 1.2746048424094025275 0.43415985974434784245 0.1519630163350043639 3.6865885397077580166 1.753040355724912347 2.8255614390290477722 2.6447126514291738886 2.4377550918720887196 2.97785e-09 5.20177e-06
33609856.262833677232 6119 3.1308719670089741882 0.083836376406788482019 0.1860069698163816232 4.5836165982715169065 4.2737733173302778766 5.4739421776584507029 5.5329981153789544734 5.5901557207827199392 2.96829e-09 5.19619e-06
33609856.262833677232 5559 2.3407931958280228102 0.27105866457818011961 0.39577505505668891805 0.36534338956442363733 2.0834482563929404009 5.9999846808768424467 6.068107645209996015 6.1259578803229750577 5.44342e-09 6.36025e-06
33609856.262833677232 6737 1.707327837249156044 0.22271163938319393782 0.23379672440114154797 1.8351507941557227976 4.9351542022614536265 6.2743703604956628794 6.2761570155551220651 6.2777222850182230474 2.16814e-09 4.67964e-06
33609856.262833677232 1127 1.1916341808115449297 0.45586867611631681774 0.27209713737217888774 1.5408386330393384345 3.4951706910175612819 3.4490733239516653263 3.6380886417113860176 3.8552405650366550205 1.29908e-08 8.49954e-06
33609856.262833677232 6005 3.0485249918313375161 0.17195528056617201407 0.52934490175122472788 0.022654283839664945965 3.7631354375531391732 1.3204420705059372043 1.1564920928760760166 0.99908480942061372865 3.36675e-09 5.41902e-06
33609856.262833677232 5209 1.3798028633734336079 0.18980885407027903167 0.11881989743621236555 2.0397021500118999171 1.4948527203963368759 0.074507667260958851396 0.061492225547158586851 0.049827811022450360645 4.75685e-09 6.08074e-06
33609856.262833677232 6692 1.9295061122625412064 0.34898950209102441722 0.2000377134299990145 2.7591182385346471051 4.2474757100380458041 3.0557941775195360812 3.0181672450030259114 2.9752023539560821241 1.32225e-08 8.54977e-06
33609856.262833677232 5406 2.0192999130392244034 0.31035331112365904804 0.27654533181066270897 5.108433526248432166 6.0624964015456814792 4.954034075512468327 5.2494979859812387346 5.5161509002550586089 4.61584e-09 6.02005e-06
33609856.262833677232 5938 1.5991396184261026381 0.17482042264684174993 0.14311790646261499105 5.5038807901129018774 6.0263911044718838639 2.1168187738400443543 1.9593672797253403051 1.7975794709222969736 1.88863e-09 4.46923e-06
33609856.262833677232 6827 3.1074090960518430116 0.14986678456957089334 0.15646866430619252308 3.193347839795380505 3.8621122053157690424 3.6254606662925947802 3.7005518434023709773 3.7800268105086782811 3.04652e-09 5.24145e-06
33609856.262833677232 5420 3.3263609303448538057 0.33994423895765052412 0.22872222847324535921 0.21359670570131694678 1.3226308662919916692 1.5116316612166009747 1.1688495701770507118 0.85599849735205713053 2.55489e-09 4.94281e-06
33609856.262833677232 6167 2.0453860048016934137 0.09660652789450603628 0.052039321667553692374 3.6765837454336214307 3.9418929881594437781 1.5148414891086514622 1.4184957265694253525 1.3230074516782328597 5.7681e-09 6.48427e-06
33609856.262833677232 6401 1.624701138011287016 0.12894535928099262745 0.23464730848455911394 4.289797703703997378 0.5308885562340064368 4.7822138794458037836 4.9106266167828120928 5.0370466048316426821 1.93159e-09 4.50286e-06
33609856.262833677232 6586 2.1125722912061624115 0.18984186001170155755 0.30350640839716080954 0.34769129225416328666 6.0952741422596838916 2.6832818758378054191 2.590619024942154347 2.4912335794805313682 2.89513e-09 5.15315e-06
33609856.262833677232 5195 2.756903150353081422 0.08545043523167178412 0.15780804021668248804 5.087746193685492635 0.84821023800332018272 6.028290074876895055 6.0490161111441569375 6.0688435974550500873 2.26107e-09 4.74557e-06
33609856.262833677232 4963 2.1385934920813127746 0.21652855263507372885 0.2798341736797639312 1.9380330870603732496 4.7350762608545018395 5.694142315613752281 5.8056021925725707078 5.9051260911604952497 2.1769e-09 4.68593e-06
33609856.262833677232 6056 1.2340772712656398191 0.29411801249647634426 0.26490208534632586623 0.41666601313747986257 4.9026358812085923944 0.62610573144840420134 0.46932319323816884538 0.33629868611794860866 5.38932e-09 6.33911e-06
33609856.262833677232 6170 2.3266522056376786054 0.28619997597962543168 0.26252723748203266041 2.2685076412989744199 6.0857205212710239195 3.6971183463068868491 3.872687340872471129 4.0637787627372974342 6.44558e-10 3.12323e-06
33609856.262833677232 6886 2.7823593779579010032 0.19854168286804776966 0.56131888004432994865 3.7069514555421445579 2.1770870618307265332 2.6677737387587474593 2.5673912663257856259 2.4595504867820983108 2.88448e-09 5.14682e-06
33609856.262833677232 2992 1.7811191606750240712 0.23755313738769112675 0.089439741795817026548 0.40760934925314423749 3.575937128828120759 5.2865993314591612773 5.4759516254404987379 5.6475545560988225091 2.26492e-08 1.02298e-05
33609856.262833677232 6978 1.5834214250687590475 0.34646804694935123825 0.37443274701555989692 1.8295180478347756736 3.962884423296878289 1.0653214685451573018 0.77937992466311778461 0.53586885469454137443 2.46129e-09 4.8817e-06
33609856.262833677232 6186 3.2317828495928555554 0.029551074661333866234 0.20074173911845888396 0.41883681014437901258 0.29969509136283922768 2.0845675442489790541 2.0586390899661934917 2.0325352647053072097 3.14704e-09 5.29848e-06
33609856.262833677232 5846 2.7851955996087962575 0.10702355110550279549 0.089937034450214475845 2.1517926584163893367 1.0811220812097659394 1.7120037623654094094 1.6050336931710544874 1.498072862294972607 2.37403e-09 4.82332e-06
33609856.262833677232 6333 1.6824126235147214281 0.051125305691345421244 0.23046596421349629935 1.4362736623207505993 2.9841835784087078487 1.4717816601885187477 1.4210127850049900644 1.370459908815107708 1.94245e-09 4.51128e-06
33609856.262833677232 6138 2.0102996580391665482 0.56757464437262306056 0.33505675345322455394 2.5799022484770004482 1.6015377286029583992 3.8970659474083646501 4.4355842154636029306 4.9815533092148749361 1.45536e-08 8.82754e-06
33609856.262833677232 6244 3.2063635221859931868 0.05674222521045161477 0.30873474531666034171 1.2576503657813453696 4.6126329501891198959 3.7317257864663737621 3.764087386947064573 3.7971717221332399461 3.08558e-09 5.26376e-06
33609856.262833677232 6192 3.2201783411429540926 0.21318143159380234519 0.33088235768335222398 4.2185488756462810045 2.3533957961794267355 0.95922919498227687818 0.79333347532128162261 0.64140001292302162295 2.79503e-09 5.09306e-06
33609856.262833677232 5914 3.1824194371762759559 0.091023511219494146474 0.11344356043677508716 3.3922136390850265997 3.2550946337513848583 2.7582702785035446702 2.7226534678353835339 2.6856258675177322459 2.63408e-09 4.99337e-06
33609856.262833677232 6739 3.1829988520979335398 0.068950388721882874266 0.22380419112718744068 4.4452879670506995069 5.7106554617277645036 0.72137758390260420249 0.67694621608116667399 0.6337546199444230588 1.84353e-09 4.43337e-06
33609856.262833677232 6164 2.0736678541931832243 0.45146399401943942964 0.45223172339922473872 2.6985122029784709419 1.1018753902500442177 3.1953257157327650262 3.2289642488600724946 3.2683592113670894008 5.09634e-09 6.22209e-06
33609856.262833677232 5361 1.6494300278356113232 0.40739064453721779424 0.19172520668933670795 3.3164858740630647205 5.6289553046990832286 4.4205136145298489225 4.8483368182596873197 5.2519685981847912259 3.09083e-09 5.26674e-06
33609856.262833677232 5650 1.9998063611409298002 0.27875973666488068625 0.2247753933331311238 3.9618585599418119081 3.7486964138921736733 2.3970158119299247446 2.1826102829704145947 1.9544154680895786669 1.14639e-08 8.15256e-06
33609856.262833677232 6897 2.1485978500698461602 0.35376396754122807486 0.6462613850468675869 0.02530605991995061449 0.20190975902133989628 3.0460083922495200248 3.0033631275164891505 2.9546180805493929 2.6229e-09 4.98629e-06
33609856.262833677232 6655 1.8194990950190061962 0.29518924377341176912 0.13860445902480780789 1.1498272137443596996 0.44384643750818286723 1.2460959929235972954 0.97477994321677208234 0.73048770727069123332 6.32791e-09 6.6876e-06
33609856.262833677232 3400 1.2861512319932082438 0.34301677916682865588 0.18919598466539461201 4.8276645627787209136 0.19066954888268880519 5.5761633103293588576 5.7780220051545621018 5.944025096049489143 2.20416e-09 4.70541e-06
33609856.262833677232 5798 1.4360335866743760835 0.19438557924312882541 0.2369435948525756841 4.9421352271653669064 0.3819821996202691361 3.6573846261658684575 3.7631189947147913877 3.8763051959809997626 2.01067e-09 4.56349e-06
33609856.262833677232 6362 3.021978801793334668 0.10771244479450145515 0.21170348683743295259 1.9760057327776703318 0.33263148055880659149 5.6666397216236559231 5.7264486317439136087 5.7833658809038697157 2.92709e-09 5.17204e-06
33609856.262833677232 2928 1.9572241194374215834 0.3277723576415316753 0.34534237016491503569 0.90676232717748184164 2.953153885852938032 2.2971248125216976455 2.0152333880223016749 1.7193031828081086765 9.69793e-09 7.71039e-06
33609856.262833677232 5185 3.5387586997486457641 0.048168706130766583695 0.25721043780814356605 0.10022541769691599434 0.020077685685282727762 1.5763625101618967683 1.5281694418317119943 1.48004449158035567 2.64564e-09 5.00066e-06
33609856.262833677232 5885 3.5058612861648033032 0.036973622065576840223 0.28483049934288251492 5.7410938438641041515 5.5230282728625184063 0.90960352002567390617 0.8807415061880842222 0.85222703776049990587 2.25928e-09 4.74432e-06
33609856.262833677232 519 1.7609842706383833644 0.10188028925302901329 0.040911755334781974014 5.7184489301542713591 3.7021630522979571687 4.9066921027624816887 5.0058559756207614555 5.1033805486903114357 3.92741e-08 1.229e-05
33609856.262833677232 4406 1.7038999340194378451 0.051513919119467239949 0.17914603232586018278 0.29804185823924872478 0.61811702598137774345 0.66397537231697900673 0.63284319857466930781 0.60237581880712864901 6.27014e-09 6.66718e-06
33609856.262833677232 5578 2.8775962412284403769 0.11385919543288201827 0.23174347359688673986 4.9155924441736287278 4.9572056565014923635 2.2618355114760775315 2.1705493655141041565 2.076561442228247234 3.04211e-09 5.23892e-06
33609856.262833677232 5134 3.5206705008081731201 0.029391249313600948528 0.34794864526922519854 0.072390746484119042337 4.9255777369313040737 4.8794763304009620697 4.9083918141234237353 4.9372203050909133637 2.31886e-09 4.78566e-06
33609856.262833677232 6863 3.1124373972075893846 0.10382779727752819432 0.081524099870053545747 4.7369150568002043045 4.4876358168566881091 5.5146862100208062785 5.5844092938457086106 5.651199748117686994 2.72515e-09 5.05026e-06
33609856.262833677232 4313 2.1202385742725433637 0.33700678922962373774 0.54975086731497924131 5.5128507725024942232 3.5708829758274909238 3.0010005536429229522 2.9422738713743314953 2.8755459724048693104 1.98502e-09 4.544e-06
33609856.262833677232 5577 2.1602928681363327001 0.32681508244109613859 0.5034981487486670515 3.6775780109674691687 5.4409095272453367187 2.8103154430865320279 2.6805538625376330586 2.5351608005194106177 6.01747e-09 6.5764e-06
33609856.262833677232 5417 1.8299842941226622806 0.15640523052277152671 0.14290538478122347121 2.3935932508109138972 4.7888851643951673154 0.74959936304711904942 0.64829967718092729179 0.55385720464171961375 6.2485e-09 6.65951e-06
33609856.262833677232 5880 1.4600776279498008936 0.14177392777953143344 0.22350989462042222811 4.5618664929230945404 4.173407664866996214 4.5135438684177193736 4.6549873731667261723 4.7965277964595980364 2.24295e-09 4.73286e-06
33609856.262833677232 5030 1.5798695652840966108 0.33735680131607420629 0.35807611950337403517 1.6215393784703793223 3.2936254765605950112 3.1089397525317856719 3.0952088603973444414 3.0795665826473093141 2.14686e-09 4.66428e-06
33609856.262833677232 5240 2.0280579676540662071 0.14035126925591229208 0.21986411128200319953 1.0042623024340358029 4.9167845939903935815 0.086851943866729980348 0.075420241595820058933 0.064844947371660993651 1.54708e-09 4.18172e-06
33609856.262833677232 5678 1.6954554232008367531 0.19741260767522522679 0.20953639161625109422 4.7235040276577207052 1.2964601419622721057 2.5728727090756584595 2.4557868453016560295 2.3307660648171082407 1.85255e-09 4.44058e-06
33609856.262833677232 5625 3.0217052352543736227 0.28285364414091967999 0.078119682425091083178 4.740670570051531918 1.9686525714474794047 4.0129783016691513708 4.2553825886112939259 4.5092090810291169944 2.295e-09 4.76918e-06
33609856.262833677232 6997 2.968483888554112049 0.17268427104325093091 0.21213837403726654163 2.6791268977849083122 3.0349882617158829845 2.9014985151392531648 2.8563133270155365295 2.8077155698115694449 2.77488e-09 5.0808e-06
33609856.262833677232 6029 2.0137947238491853419 0.21829791457271821575 0.057429491915127646451 6.1658383674934587049 2.235780475622256791 2.9076861451181383877 2.8503203865503259351 2.7876315265573441415 1.2969e-08 8.49478e-06
33609856.262833677232 6282 2.8057979620743882521 0.10172174669254560597 0.016396347350445289459 2.7779150890881942892 5.0870255405794999604 0.24400294554074133946 0.22052698058303762951 0.19827597186913861749 2.68214e-09 5.02355e-06
33609856.262833677232 6604 1.205350017358100212 0.1169701756410412713 0.090320025450158214486 5.9895268651208226629 4.947931886269493873 5.6222831842109677325 5.691112901539699287 5.756391836256246286 1.53681e-08 8.98925e-06
33609856.262833677232 5362 1.399653243096410149 0.30411360866593190044 0.35133505901671041594 4.396907796031825022 0.55620850844076819008 1.7471579364006337709 1.4344574864505568179 1.1331659765835020437 1.49782e-09 4.13686e-06
33609856.262833677232 1465 1.3111936754693085394 0.18177946707785855307 0.18229577722019474351 0.39358732160428888669 2.933606815486702768 2.6701086983113606621 2.5795084155178118479 2.4826288805285252614 7.44584e-09 7.06027e-06
33609856.262833677232 5877 1.3864984417730938926 0.30016159854163565468 0.19712754084855599324 2.9613193195357392362 5.1554469311686608179 3.2776110804546054744 3.3267430652000959945 3.3820011275241554927 2.13222e-09 4.65366e-06
33609856.262833677232 5479 1.6483692047020381821 0.31418661285077020828 0.032908089442803926949 4.2837926754408828245 1.1579149821048559943 3.0393031113712165592 3.0001076670578714634 2.9558031389959156243 2.12255e-09 4.64661e-06
33609856.262833677232 5257 3.2036851318075099115 0.12373139214073852754 0.17244165658412585751 2.0314119101708860704 1.4063984014656083499 2.4685965712929718308 2.3872664691421956462 2.3025354849496166842 2.20895e-09 4.70882e-06
33609856.262833677232 6565 1.8083072137691851289 0.52220312824970782639 0.106429481919436561 1.443557840281517457 3.8513017614636568808 4.7295280439911202564 5.2763727708277770034 5.7177034802117869816 1.41094e-08 8.73682e-06
33609856.262833677232 6327 3.0023406724862344852 0.18718466971986122416 0.13083285683882428518 2.9073305825020971938 5.0175284057680151761 2.4212171000978570667 2.2873204655298637888 2.1461657952989328102 2.25041e-09 4.7381e-06
33609856.262833677232 6313 3.2450749269476371062 0.070670913317746913984 0.33568433886790371989 1.6325903702077630975 3.6819403085851361013 4.4599344712093103027 4.5290343153580350233 4.5985206126991808873 2.33149e-09 4.79433e-06
33609856.262833677232 5890 1.9716648432381180811 0.56731008276420147318 0.38685336019423910425 5.0452283608063721587 0.043109914389427406167 5.5361629303824626547 5.8770257122504094838 6.1011610088006946739 4.73576e-09 6.07174e-06
33609856.262833677232 6709 1.9550833999628560722 0.48902955363407168976 0.60105731627715341947 1.4393492684443667251 0.82605550601761890128 3.5237122481766376403 3.77941551301701395 4.0706070614824838572 7.37402e-09 7.0375e-06
33609856.262833677232 4581 1.4648442026128947191 0.36410528122196206269 0.33446957746223854313 0.78978252354234235177 3.2434074475950076533 2.714236955176728916 2.5261566932772359095 2.3159534173322122719 2.62777e-09 4.98937e-06
33609856.262833677232 5923 3.0255357345461244556 0.026672838899280716662 0.20452814790338122442 4.4916497510376931501 1.8941800660996739314 3.0201311311521559233 3.0168554233534909947 3.0135369485202865292 2.22479e-09 4.72005e-06
33609856.262833677232 6677 2.2594942515321698728 0.16402332064849262094 0.17432672417861597158 0.42798949483124071325 0.53202590989269782362 1.4726400457909851749 1.3099721646292235011 1.1514964778194811679 2.33048e-09 4.79364e-06
33609856.262833677232 6023 1.7420988798758156868 0.17757734038889383399 0.47620572833858682005 5.7221643640272308318 2.6109566342775707426 5.6782379555901920654 5.7729872072863663846 5.8597071241768281524 5.48103e-09 6.37486e-06
33609856.262833677232 6842 3.1448121840669012172 0.073696269302735040174 0.10534874416033024325 1.968359125353951633 5.3219882576009069908 5.0388471550330979909 5.1079012373088943377 5.1759081047004960041 3.94698e-09 5.71398e-06
33609856.262833677232 5437 2.0991226300955401207 0.25980145608366472798 0.34440907376416290964 0.3336205584407771485 3.2489015972986208247 1.415632166905057554 1.1610792104396925328 0.92278059957355307308 4.54448e-09 5.98887e-06
33609856.262833677232 6001 1.8238001083074821818 0.20019547831775033608 0.3914393547610972024 1.4818276820787992243 5.1241885386631178534 6.2275157236472837852 6.2377366221416163938 6.2468321113790103993 1.89847e-09 4.47697e-06
33609856.262833677232 1517 1.9965292253599926653 0.30949199271941607581 0.67943353556440699847 0.0073146749407094931172 6.0909947509170594415 3.8555915225026158311 4.090583165763407969 4.3421468886914018626 2.17631e-09 4.68551e-06
33609856.262833677232 6356 2.1093041011412978492 0.4490948115861033707 0.51821048531353108846 2.6097378247431364251 0.33474880235144027774 2.1461397750902038162 1.6968891794268474715 1.2513598107514689595 5.8318e-09 6.50805e-06
33609856.262833677232 6121 1.3668817923607856635 0.22851336632947033545 0.18078030279046200524 4.3582242080284938623 5.785136279598598108 1.8278763513471005808 1.5981320308724351609 1.3697040364725485695 1.90564e-09 4.4826e-06
33609856.262833677232 5717 3.1808398736339174029 0.08958340704047253189 0.21248352534717290796 2.6291538525152984285 1.9399795184652428581 3.6158927548635309002 3.6585878208429201131 3.7028662335777471348 2.31886e-09 4.78566e-06
33609856.262833677232 6197 2.0056503122863751365 0.1243344480657868345 0.25261711212654214265 0.54035680273984965094 4.3507214159793301533 3.5248048222395857998 3.5743319642182651563 3.6264727557574620853 8.02678e-09 7.23931e-06
33609856.262833677232 5211 3.2047477123095582385 0.039618281134682617473 0.24825765471911512283 3.5838687200763970075 2.8297350850374134446 3.9062608701381522636 3.9340955508668979945 3.9623082319398537088 2.07199e-09 4.60942e-06
33609856.262833677232 6154 3.1188478595615407585 0.0988802684552577138 0.22463966448486052951 1.6859738710074201329 0.37999155603863782327 3.1876274665434918276 3.192426560763931942 3.1974508666262329015 2.04677e-09 4.59064e-06
33609856.262833677232 6204 1.6654464064122598277 0.12901016718616040158 0.24456245029426079696 6.0992191510197946158 0.079430894526400938616 6.2575820633062333442 6.2606969344409462153 6.2635979186356474102 2.26769e-09 4.75019e-06
33609856.262833677232 6392 2.9895829623712240064 0.23767034295332223337 0.16538872262743148367 2.6024398758650364449 4.2705727347154649465 5.4743500908386728554 5.6350495485565490483 5.778531434681949186 2.75286e-09 5.06732e-06
33609856.262833677232 5076 1.4834622174692897456 0.42695535966920983295 0.083908369517943892646 4.6855913778104643086 1.1218174397280333832 2.3048577309226869758 1.9179809686773576782 1.5165001700144791208 1.5547e-08 9.02399e-06
33609856.262833677232 5288 3.1147902142126802083 0.18526189507033033466 0.24561930020727368307 4.5103738897344598513 5.7903248934550681781 5.4005427276882116416 5.5365953722178034013 5.6624140791308610332 2.94866e-09 5.18471e-06
33609856.262833677232 5459 2.9522894226359821523 0.20979359893309645901 0.21237638031048397536 0.3767585457458135223 6.2674623217756293414 3.0842163603483045975 3.0706096100971143059 3.0557303243980018514 2.51526e-09 4.91712e-06
33609856.262833677232 6816 3.0971150947119219232 0.066513305459483390569 0.16394486810080735606 3.9000753553967104637 5.8154006062229219864 3.6505142848913707532 3.6839262828276906347 3.7182562051589203023 1.76213e-09 4.36713e-06
33609856.262833677232 6572 3.0082723561329638429 0.14475161522848087325 0.18241545492580790722 5.8535401858762368121 4.8842079107905886914 2.9333209579144354784 2.9009290915606360528 2.8664279613832537308 1.66053e-09 4.28153e-06
33609856.262833677232 6740 1.8056027502929952178 0.31895362948440764139 0.29293706583696804691 0.73177375838060798596 1.6400512857422389068 4.0611173551692631989 4.3483030108236393474 4.646349112977140372 1.33102e-08 8.56864e-06
33609856.262833677232 6480 1.6797857698982692209 0.16989190356647465574 0.17020617980187965901 6.0516133533811871104 1.1417312318405012928 6.1908595062041227308 6.205398288501252857 6.2186003498891659902 9.59462e-09 7.68292e-06
33609856.262833677232 5642 2.8668097973802373346 0.20858987425204630894 0.11477982645915377202 1.5021884836236163441 0.88715167655381910183 5.1715831562750693706 5.3517137300807933187 5.5191068604086686022 2.80041e-09 5.09633e-06
33609856.262833677232 5478 2.2000326793567275274 0.53175378685659868694 0.17487197794514547367 1.6373097131880440802 4.7199086142363926299 3.5255099782363883421 3.8176430200394246839 4.1503704044230618209 2.28234e-09 4.7604e-06
33609856.262833677232 5788 1.3970394048518488539 0.29923712469318930474 0.28375796399815905735 1.7978216738545544917 3.6999652301116552344 1.3537607666796920292 1.0662358126762068178 0.80428751888306426743 1.43499e-08 8.78617e-06
33609856.262833677232 6815 1.8547954440357390382 0.38372828587283297486 0.28363397986537386419 1.0036957391792327154 0.16471163383778286704 2.5320091153160291242 2.2605775477340159796 1.9645752051085567658 3.57143e-09 5.52668e-06
33609856.262833677232 6617 2.7652452131260623069 0.22201550792185276162 0.028330025646168977699 2.1641882924994897408 5.2208870558208015922 2.899798675742989218 2.8393897947649979763 2.7733126602587359066 3.93262e-09 5.70704e-06
33609856.262833677232 6667 1.9182472949827706898 0.29192487041449960428 0.30252398837779881369 1.4671748436397409332 6.1998795513483866415 4.7020459635498532691 4.9987202830384145358 5.278759869269435967 1.85586e-09 4.44323e-06
33609856.262833677232 6040 2.2091619873625218951 0.32735306942322972557 0.57931488118928697872 0.15345570516616913181 5.3241192349881085732 1.5682869877712091178 1.2349252844975222576 0.92586353281801070381 4.48499e-09 5.96262e-06
33609856.262833677232 5950 1.6147151890882325276 0.20491906789121203114 0.17183369844146004213 2.0870341385495989606 2.2610088944916832965 3.0087194601186988407 2.9781437955874050516 2.9447989429180698728 6.81029e-09 6.85339e-06
33609856.262833677232 5158 1.8805707854675808299 0.36719628732420722672 0.31223102159614340989 1.9984351216569926635 5.5116312347854243825 2.5377504530249916925 2.2829795352046660106 2.0050350861079069276 5.85576e-09 6.51695e-06
33609856.262833677232 5252 3.1450210098620035026 0.16580494052174390984 0.17435392504863680974 1.5126484164765818807 3.5858371960879207307 5.9175007893646132118 5.972871927526584912 6.0235016372652987471 2.42859e-09 4.85999e-06
