84960985.626283362508 0 5.3988001522697732781 0.048674232594863274526 0.029884538665396184753 1.0653042493986977224 1.7290521601181858546 1.6995231872419169772 1.6510810671139237726 1.6025636185562703862 0.000954966 0.000356051
84960985.626283362508 1 8.9960487043116152961 0.045785562904991583544 0.041946469399954347534 5.8968476211683711341 4.5163971583612312344 4.3628234336679714289 4.4061960223237521816 4.449852008809783932 0.000285285 0.000238018
84960985.626283362508 5775 3.060477026492273378 0.19495905122830459177 0.10965657729438149648 2.4061179324372998778 5.9096233229740793291 2.4201725547923014226 2.2800192709794586676 2.1320710548481294211 3.02463e-09 5.22886e-06
84960985.626283362508 6920 2.4299819560129760632 0.12473901872195020113 0.45472361906227010131 5.9963261631691304743 6.2119444414790478959 1.1627796941914358975 1.0507356228549951105 0.94248847260424961636 4.48089e-09 5.96081e-06
84960985.626283362508 5134 3.5350905676426362945 0.05703293750970196696 0.30862232778090670227 4.2055500950952211525 5.6924638258905044808 3.6197129741123590385 3.646656988887345463 3.6742531595582805792 2.31886e-09 4.78566e-06
84960985.626283362508 5278 3.2032118393056414618 0.10261862822107063742 0.29113865266172284096 3.3290927541726094141 5.7706068987470393594 2.3269119813454111068 2.2493588380593383391 2.1694727195703213951 3.13887e-09 5.29389e-06
84960985.626283362508 5451 3.3111215337175310403 0.033915362243894714434 0.033518320211062081759 5.8432698504424465114 0.31453071894781237106 0.17039619757976762204 0.16473802165502887673 0.15917610895747583144 2.58702e-09 4.96345e-06
84960985.626283362508 5063 3.468234280264618441 0.10068330776930212167 0.46026625974933293994 1.501284368865991814 5.2410615414113461696 3.6148694005616528457 3.663033002687297035 3.7131863369594255708 2.23728e-09 4.72886e-06
84960985.626283362508 5878 3.2278697994844711694 0.11561888639536233025 0.094975471124681756785 0.67239923656964462051 3.1918852941174020721 5.3365093964624117362 5.4274980189268466901 5.5147927927684916583 1.44428e-09 4.08696e-06
84960985.626283362508 6255 3.2010272960764596384 0.12281399662563161068 0.1934759037048847663 2.4173051399428464592 1.4461389305272684958 5.821094200356520254 5.8731695682273450387 5.9221261456444986848 2.45838e-09 4.87977e-06
84960985.626283362508 5548 3.1854137362988566018 0.1229865254311899303 0.30266755317941429482 5.8718548384120987649 3.0574833411911486181 0.63330572145246266658 0.56373453906208603748 0.49801710812583432908 2.11518e-09 4.64123e-06
84960985.626283362508 6443 3.1973973999101752419 0.22659971221314942347 0.31647343422573920302 0.96435501369017972983 0.64920692469244789535 4.6444640477703913461 4.8743018417789540919 5.0979377937610168559 1.88164e-09 4.46371e-06
84960985.626283362508 5990 3.07735865484783222 0.11902983669916816778 0.14800452682463013931 5.8618890370045981797 3.2919324427199510019 3.4371517879097077675 3.4740501910820880127 3.5128975996602429532 2.30118e-09 4.77347e-06
84960985.626283362508 1284 2.4857684058500604252 0.40099273767511017796 0.6779156502985380639 4.6754798696315287287 0.66737251819786602702 1.1859081371147575101 0.8300393241648161835 0.53412356175944053494 3.64405e-09 5.56389e-06
84960985.626283362508 5098 3.1460647629787561463 0.059344557478547971252 0.052354402259268122133 5.3780853185485879564 2.386189931708471601 2.9391015831873787967 2.9267984986558488458 2.9141494247352563995 1.90652e-09 4.4833e-06
84960985.626283362508 5929 3.2397035116339583105 0.1567359073363221722 0.17048558982432784892 5.6294498575457572187 2.8717313242334654433 5.660959986178746739 5.747291811198282474 5.8273226517132563629 3.18574e-09 5.32011e-06
84960985.626283362508 5467 2.956034763444320479 0.1570955405167459018 0.19707180716530894871 0.74874757191299357029 2.6101692497037367602 2.0158484014481303781 1.8684118310407553665 1.7182224556796075188 2.43648e-09 4.86524e-06
84960985.626283362508 6282 2.8442908158185495893 0.17530913111145648986 0.026631441470601507904 4.3460231194366487628 4.1641074757920097937 5.1857164862298716912 5.336594967262667133 5.4788456065064474743 2.68214e-09 5.02355e-06
84960985.626283362508 5694 3.1152270341172116908 0.08755338036058803175 0.30994046071438108303 0.34945647681935498863 3.5408239345928471664 1.2100114910777686195 1.129232559757635368 1.0500769067742257157 1.21025e-09 3.85309e-06
84960985.626283362508 6392 2.9762214800220663236 0.13792989904797806067 0.13938736235721782553 4.1255991842846473361 0.60149116829108550952 3.7175829743341166633 3.7976841416516542438 3.8818247569595105695 2.75286e-09 5.06732e-06
84960985.626283362508 6484 3.1111520594844850329 0.074907335681466305499 0.22986293206764424335 5.9253997899573391805 0.64720535784202382068 5.1908167929333872692 5.2562533847449106617 5.3203527494006950249 1.88476e-09 4.46618e-06
84960985.626283362508 923 1.8467076319738788825 0.33794511153448969498 0.38227635523415259833 0.53803714849153383426 0.47612088943896790916 3.4049621211485763261 3.5138154114335260481 3.6367216129254940071 2.53731e-09 4.93145e-06
84960985.626283362508 6739 3.2234654155447994839 0.17550978647839457492 0.1948635982663030064 3.8948914505493941185 3.6135027041589840024 3.1304082682934999404 3.1282380634279451925 3.1258942718288649232 1.84353e-09 4.43337e-06
84960985.626283362508 5885 3.5108449562576224956 0.076511096569246150878 0.30952970028642262657 1.0447933073981547913 1.0034666319356686515 1.9074338456271759945 1.8342170234449868271 1.7603451824060833975 2.25928e-09 4.74432e-06
84960985.626283362508 5405 3.1748873419050145372 0.082447534845892067601 0.1429081080828388528 2.2099165411503385315 6.0469313168455869345 0.82366749242485171045 0.76474814857120432254 0.70766516122596490046 2.93677e-09 5.17774e-06
84960985.626283362508 6764 3.292063655380567333 0.011747545359092666922 0.22881868005013675238 4.7019747870934933687 5.8906648734757176555 5.3653512515778389869 5.3746492540448063124 5.3839134200375067252 2.4069e-09 4.84547e-06
84960985.626283362508 6362 3.0061445526573580267 0.054453989338324591818 0.30750452273895989563 1.1207644548637716309 1.6719805746776321698 0.074488361500441427343 0.07054019781516299159 0.066702187422618658408 2.92709e-09 5.17204e-06
84960985.626283362508 6775 1.6454153810770957289 0.13873430158331742645 0.21690370366331543361 3.0278255174254913307 5.0683479983406591884 3.4745233265626880304 3.523287336514480117 3.5749649937304721625 6.39874e-09 6.71246e-06
84960985.626283362508 6055 3.2397801333797624501 0.077722757069888515069 0.078696013551827162513 1.9270977384969989465 5.4949389791241411984 2.0046893733494073331 1.9329178689679247238 1.860235638395944191 3.0525e-09 5.24488e-06
84960985.626283362508 6498 3.229953145569880224 0.051583839400724119939 0.1494679009347183174 0.55807457123582770997 3.0755801823390185312 2.235117580738633869 2.1938254798612200069 2.1519334865847046245 2.50157e-09 4.90818e-06
84960985.626283362508 6313 3.2511893049085833773 0.094772820427565088175 0.37026981501203998226 2.4442140037844222178 0.7782169519920717482 6.1867716451779806164 6.1955026711915772708 6.2038019578691407929 2.33149e-09 4.79433e-06
84960985.626283362508 6300 3.2307378240879813802 0.038470212640845741214 0.23228756777060663441 0.73412897473192573194 6.2766038040383378416 2.3640893573297097063 2.3367187670048568116 2.3089916218164820982 3.26125e-09 5.36181e-06
84960985.626283362508 5323 2.8211159038626614226 0.079851775902409050101 0.093242627932961369419 4.4046705522703790692 2.0131275781275710379 1.7023135148716237453 1.6226489002088675395 1.5429044485669338727 2.25995e-09 4.74478e-06
84960985.626283362508 4755 1.8621631999182819417 0.032834040921686361014 0.058054800264171160795 0.73071060237717266883 5.9109433052178133039 5.6773638200052758407 5.695816179005198876 5.7140119180171531355 2.45943e-07 2.26531e-05
84960985.626283362508 3800 1.8536496630432577337 0.28601106686038391125 0.45392832346584738312 0.27607221829252143186 2.3074489751150526473 1.5806098238117032295 1.2901516929212843987 1.0153302111667756868 2.3176e-08 1.03085e-05
84960985.626283362508 6956 3.5036709359170279399 0.20570942225066363163 0.39732212200159128246 4.061631511778045045 3.9141026565117780223 2.5829408652188319273 2.4622182992418921721 2.3329697494112733303 2.20649e-09 4.70707e-06
84960985.626283362508 6197 1.9873689204623834481 0.24517763495345534785 0.39371546830667170092 5.063130314848063307 2.2337028624675787647 3.5540422672068268106 3.6665748875064978485 3.7894573373628652746 8.02678e-09 7.23931e-06
84960985.626283362508 5080 3.2190325451384649291 0.15913039916374857596 0.23474041911229542867 2.4597133202433112409 0.72263327088715922919 5.5657552391693441152 5.6649735305101467375 5.7572021420087313714 2.57476e-09 4.95559e-06
84960985.626283362508 6233 3.1498276129779076982 0.1790993989584398205 0.22285278743516348521 0.82172411876914930318 1.8414477506489332903 3.5427818031916391561 3.619646113544432442 3.7020411019936436681 2.38928e-09 4.83362e-06
84960985.626283362508 5489 3.2170002837905378179 0.14671221546239085476 0.32591946082221623371 5.8832086175811824091 2.7164712190213058385 1.5605409885724859098 1.4134158862786403432 1.2685168519940042131 1.80848e-09 4.40509e-06
84960985.626283362508 6756 3.1842970925132947357 0.10934940711599752672 0.33046379374422935049 1.5973589437304858141 0.64231817585354278322 2.7896864325859516143 2.7498351953666855252 2.7080841356130642694 2.22448e-09 4.71983e-06
84960985.626283362508 5116 2.7599562470377208001 0.2305882193298527949 0.029067084265343524907 4.7876481003347794996 4.8768417709873315147 4.3485980880853665198 4.5755375081133653481 4.8039698296828090562 2.56354e-09 4.94838e-06
84960985.626283362508 6951 2.9732668090785114856 0.063720972336295825245 0.036950875681920257454 2.0258401693078780248 0.67009731856757881463 3.0447475882855052909 3.0383777205537891852 3.0318124361809419831 2.54062e-09 4.9336e-06
84960985.626283362508 6295 3.2626763447825668507 0.059259019730654477476 0.26956570451216116391 0.47939331165352028208 1.8877704926888576598 5.5593593544550898855 5.5977799745651255492 5.6352901552034069255 2.30061e-09 4.77307e-06
84960985.626283362508 5923 3.0027827724598830095 0.045048824764888140137 0.142027872621386414 4.2749445252830877706 5.4829743287279235631 4.9310430376050415902 4.9748205683915189823 5.0183270118462397491 2.22479e-09 4.72005e-06
84960985.626283362508 5234 3.0298313134842880245 0.15049398630942764643 0.070281846870715244946 5.9518760190596129434 5.212068383690748874 6.1045739406161150242 6.1295991792345523308 6.1526222042874181284 2.35138e-09 4.80793e-06
84960985.626283362508 6863 3.1480277557882363482 0.13102322330673418782 0.073798878290090602627 1.3315650327162757982 5.787810120902580735 3.1724915801174913277 3.17684310223783406 3.1814607731889181785 2.72515e-09 5.05026e-06
84960985.626283362508 5146 2.7789701723702258107 0.031286981610681316446 0.12418520023545834285 1.335030850038753103 0.097363056182094787072 1.4127993500180529018 1.3819728419346197779 1.3512419629325496118 2.55901e-09 4.94547e-06
84960985.626283362508 6969 2.1510795648884228903 0.11190826866577158194 0.21596258286939831739 2.9504638096248929635 5.5513098699053333718 5.8097714813168872539 5.8585093366858496111 5.9046184033790556356 2.41679e-08 1.04535e-05
84960985.626283362508 5853 3.1400741420902353873 0.2188259425804833791 0.13558059735990268813 3.6877376401832577812 6.2236299674891064626 2.1286840278598067044 1.9297143968361036848 1.7248326096640325122 2.34516e-09 4.80368e-06
84960985.626283362508 6657 2.1901154475324546844 0.187048651635836366 0.14206663969778285384 1.3150050675275890555 2.8335080181789504827 0.85035976509025557046 0.71704650133789216149 0.59412535840408164933 9.52311e-09 7.66378e-06
84960985.626283362508 5962 2.8348101179181903753 0.23688320784012323328 0.22773264571012738489 2.0723395505624138124 0.92781237127865201497 4.1847432571005453994 4.4048399918727012547 4.6306082631483791445 2.88829e-09 5.14909e-06
84960985.626283362508 6628 3.2368620857221199749 0.11495383448311158325 0.21950773560027994624 2.3897015122600859804 4.4495720107480236649 0.73005961534148955394 0.65634281341360534157 0.58619526964361323706 2.5094e-09 4.9133e-06
84960985.626283362508 5290 3.2108237988840366839 0.083087755101453608653 0.1205962768036748789 3.3366126084833491738 4.9851489134343598408 3.4085278170020245625 3.4313995195571664887 3.455143270554753343 2.68653e-09 5.02629e-06
84960985.626283362508 2992 1.802708832405299777 0.45185476596985707509 0.12507817431971832156 5.3198482546708483198 4.6595996307160509886 4.9235053696565476145 5.3611465598291783152 5.7212002884033834604 2.26492e-08 1.02298e-05
84960985.626283362508 6827 3.0899820086398528396 0.14663562553351855433 0.14313008158154624794 2.4654502835006373296 0.62590524245680867477 4.4563470606847017663 4.6014315050443084232 4.7471653995419362815 3.04652e-09 5.24145e-06
84960985.626283362508 5324 2.0401038469282739563 0.15717152493418906634 0.2200127529642931512 6.0043891022961313197 0.55602180729897665579 2.5016326389324161639 2.4008777463314996403 2.2948159375158692086 4.64884e-09 6.03437e-06
84960985.626283362508 1410 1.0411905371461696035 0.21057554933313504808 0.12485289204296615151 1.5488476132320747602 2.767935984190059262 3.7668637247501668419 3.9030824107456800753 4.0483796471489865709 1.96181e-08 9.75145e-06
84960985.626283362508 6244 3.1812416203829774197 0.014549565851405602684 0.25494548170683328792 4.1300754170639395468 2.1734819181776963148 1.3258156129658849043 1.3117248177192557534 1.2976607962183901446 3.08558e-09 5.26376e-06
84960985.626283362508 6327 3.0130405707055367692 0.21212916757423522229 0.14861464279650449249 5.2715667159226926586 3.5936244113194577565 2.1447797915403756797 1.9540298232222528263 1.7572884178901633234 2.25041e-09 4.7381e-06
84960985.626283362508 5650 1.9886720850748014211 0.55337292228099566049 0.066235973005640463862 1.3947356975662068557 0.36050283185685266796 2.5714388235196428134 2.1412295041700133424 1.6754736994382377624 1.14639e-08 8.15256e-06
84960985.626283362508 4112 2.0372065437615107797 0.31872717606572686933 0.8237623942282371603 3.9853341049876043201 3.8781453322654315663 0.96589083856341884093 0.72085062962779800078 0.51048306259663722706 1.99037e-08 9.79854e-06
84960985.626283362508 5511 3.218942218945000544 0.071147144961738975621 0.20515858885352955543 1.3457157264656853801 4.709040042026279238 1.6546731224550483841 1.5835037459042424768 1.5123623452323433636 2.90982e-09 5.16185e-06
84960985.626283362508 6186 3.2384808206762261129 0.023747667563652229139 0.18113388149109418968 5.1299561878256483283 3.0016522927679822885 0.22858192703486451824 0.22326157934061283128 0.21800357445708651305 3.14704e-09 5.29848e-06
84960985.626283362508 5195 2.7455022349636744039 0.095380033654095100482 0.022977536380357550805 1.0287984944112256169 2.0105033474478659627 5.5366525466218510232 5.5993517202362692586 5.6596098962685426059 2.26107e-09 4.74557e-06
84960985.626283362508 6935 3.471176789602962387 0.098123544891571184978 0.4710718321104437889 2.1714816385258672859 6.2549608746470388709 5.3834855714908274038 5.4581952809071641042 5.5302710491149875693 2.603e-09 4.97365e-06
84960985.626283362508 6667 1.3501540479775011594 0.13905442490585009918 0.4477956520102000515 0.51752471233098118475 1.5672750913897446345 0.011464950199546150231 0.0099675619946893497664 0.008581551344626269992 1.85586e-09 4.44323e-06
84960985.626283362508 6816 3.1517230600974874832 0.12496221235008653228 0.16536621650080926549 1.4503339015744980411 4.0587713166794241459 1.5881093160084014393 1.4627024709232998578 1.3384695948546485589 1.76213e-09 4.36713e-06
84960985.626283362508 5762 1.1369149182712972035 0.098122383941609755964 0.40445186822519468839 4.3079513603689232326 0.46169909757398530648 1.4592861078710377409 1.3621457911770238347 1.2661515509140570668 4.50081e-09 5.96963e-06
84960985.626283362508 6595 3.0485481426162324148 0.10481950622334272605 0.19924887586048672938 4.770830789986693965 3.4323533944273352247 1.7246299377640812445 1.6200144632927591104 1.5153218901365952398 2.5233e-09 4.92235e-06
84960985.626283362508 5950 1.9974479316229591941 0.30858658724418092101 0.28473659497896830484 1.0775104111930910999 2.7671071169182082095 2.7700813609860661657 2.6356123050578692535 2.4860511300613077346 1.07677e-08 7.98408e-06
84960985.626283362508 5351 2.9771171145900909849 0.16524253441711264645 0.089652170807413916753 5.9920004232564636482 3.9919550151693954376 1.2191864245110408671 1.0676216820196973156 0.92285994575445740029 2.44807e-09 4.87295e-06
84960985.626283362508 2768 1.5703324320611129483 0.014040539127784225359 0.0095691759579368054767 1.2753293709536039913 6.2396083999440570267 0.40764638474365494369 0.40211540631453801531 0.39662041825379901194 1.06163e-06 3.68842e-05
84960985.626283362508 5194 2.0658398150885597389 0.49118368183905664059 0.26256451193107160913 1.1723058388102396421 4.9711966554469144697 1.2820836215797226654 0.82207033044204980143 0.46225044069460624607 4.75382e-09 6.07945e-06
84960985.626283362508 6928 3.2083402678145303 0.21409760882899389611 0.21286707445999486499 3.8212689334004497077 1.4189678637519960169 2.7239685806245845789 2.6265384796049415783 2.5210778522080223851 2.08658e-09 4.62021e-06
84960985.626283362508 5914 3.1823049809013479461 0.11641576936407545262 0.021691515447865201277 4.94497185064581668 3.8628844402702107175 3.0908642567891093655 3.0845741777808624029 3.077939924193136445 2.63408e-09 4.99337e-06
84960985.626283362508 5072 3.1301159931750892618 0.11372417350510494183 0.24044990538865246288 0.27139830617919485922 1.2680235458233470869 3.6467320783581671506 3.7048305387108682041 3.765550914041376096 2.73643e-09 5.05722e-06
84960985.626283362508 6154 3.1762573796060658005 0.094801260664114636589 0.2370903846192617126 0.6187006601763627156 3.7253539848714272154 4.605991774501852376 4.700877520011959021 4.7956724995115846966 2.04677e-09 4.59064e-06
84960985.626283362508 5312 2.9795156276820975449 0.076784875425401896698 0.20101340423411756531 1.6657141158957489147 2.6688283590149515234 3.955361583762167399 4.0127577686384938715 4.071504319259395821 2.46345e-09 4.88312e-06
84960985.626283362508 6126 3.0135492371940428846 0.21114347970239610852 0.16639036876933260833 3.3138425797078951973 3.5577271512238519691 0.19771082694851699335 0.15974404887287285693 0.12615840159288119193 3.04059e-09 5.23805e-06
84960985.626283362508 6952 3.2761047751317926569 0.11469866109741583271 0.079015647763061885867 4.5159766782287107389 1.667931661752255712 3.3448508589294152493 3.369466812570717007 3.3953780602074750128 2.57429e-09 4.95529e-06
84960985.626283362508 6073 3.2090722020327446806 0.062341059387006646231 0.29614431387051476374 2.1056902540405393331 5.8061304085389862095 5.6071210654574450416 5.6452352269486665293 5.6823624421114296013 2.87152e-09 5.1391e-06
84960985.626283362508 5578 2.8953731595444187619 0.22833371056622797646 0.20994095721333436155 3.9979565269995407384 3.7651794171079067119 1.2750450052136339529 1.0617339750810814714 0.86235255374632047154 3.04211e-09 5.23892e-06
84960985.626283362508 5231 3.1587790313530459407 0.1665356725912188196 0.31953006516424697914 1.3938972170756056546 1.2108062917727739904 2.9481856676187643274 2.9130651154243487611 2.8753375262420028946 1.89135e-09 4.47137e-06
84960985.626283362508 6029 1.7194262144451686325 0.24509686701877869686 0.55289673403543482255 2.5444804650855039618 0.47113766160745784717 2.5607687766202711366 2.408633787539999016 2.244646438528472121 1.2969e-08 8.49478e-06
84960985.626283362508 6192 3.2161684317224148444 0.22013741353684815327 0.3000546242775006256 5.4249402313837276068 2.4162335614455314747 1.7175679064535074314 1.4943717070227213739 1.2748768614124110776 2.79503e-09 5.09306e-06
84960985.626283362508 5211 3.130128016200310892 0.050883700077746743529 0.23847064564522785224 5.2508674198003841838 2.0160960273477819271 5.32340808260334164 5.3645059646616424232 5.4049483725070084361 2.07199e-09 4.60942e-06
84960985.626283362508 5717 3.1521736156143882468 0.13341096702423663189 0.14958033823525332395 3.8125247023533122004 4.9260479406207462461 1.6785010110074689571 1.5445018489349042756 1.4111369993957869617 2.31886e-09 4.78566e-06
84960985.626283362508 5643 3.3347854827975220715 0.0818259471760262036 0.055274271443635836221 6.2310205510619134373 1.3253588269336371575 2.6096159826374947244 2.5665256140925385431 2.5220212138891531239 2.47115e-09 4.88821e-06
84960985.626283362508 6842 3.1924052150209791812 0.032344197546239114582 0.18281392982113245371 1.1639420059211420533 6.1462470272671465565 5.1897466720808669294 5.2182687705401065159 5.2465618083988889708 3.94698e-09 5.71398e-06
84960985.626283362508 6572 2.9584531794716455444 0.15828749849574388908 0.21864079237707123582 1.2346236189276240669 0.80781954088897145461 2.4538679114257280212 2.3462258557219164423 2.2331895208365142302 1.66053e-09 4.28153e-06
84960985.626283362508 5131 3.5285122354487481466 0.1047047773813999938 0.28626449753919852581 0.33078446805150674148 3.7733661083285037208 4.7708961500868785066 4.875294151644750329 4.978612666174323742 2.25296e-09 4.73989e-06
84960985.626283362508 5534 3.2511662264179626014 0.16526665094919640309 0.12751315059942960883 0.50206816773938778287 1.6169715763044187895 3.1121220539811051964 3.1067737330490352576 3.1010204893238135782 2.18919e-09 4.69474e-06
84960985.626283362508 6119 3.1336438028688857749 0.081237964733860995592 0.16861919467259622873 4.4185149971556798576 1.6775987823321332204 3.6916951527638737218 3.7357559134768201226 3.7812341945271858989 2.96829e-09 5.19619e-06
84960985.626283362508 5257 3.225294256667545767 0.15028104359872015983 0.27378825668608997024 1.8420102116135170789 6.102095609700719514 3.888537528329354398 3.9971428482256583514 4.1105947944611296307 2.20895e-09 4.70882e-06
84960985.626283362508 5240 1.5731259913085222646 0.29313369093170560387 0.30391611727432871204 3.8116104055127952854 1.513028134080731224 1.5578734856589528945 1.2609616366471432247 0.98178580362583467434 1.54708e-09 4.18172e-06
84960985.626283362508 2850 1.7463439031829179893 0.25746840227438683169 0.57419405186860950074 1.4018592802714371359 5.0968472863735732048 4.275470688875024905 4.5253621496450389117 4.7783406643214725307 2.86233e-09 5.13362e-06
84960985.626283362508 5957 3.2296880868194768333 0.079332873844311951883 0.10722902147165588871 2.7027911839754268364 5.2189820787498355514 1.0119071436432514055 0.94595284924417399885 0.88160954980752748167 3.45473e-09 5.46581e-06
84960985.626283362508 6103 3.2889209431487942403 0.08248399626550542707 0.20748694240070209016 1.2589226663646593263 2.0373490318541138677 0.40157448004335222214 0.37046467754139550399 0.34060146015126535612 3.07621e-09 5.25842e-06
84960985.626283362508 6335 3.0862505769221355578 0.054443006071021295134 0.25584339340634321136 0.62085167618126224642 3.354659741316837529 5.422142523076926679 5.462742999089277518 5.5025652003253906486 2.80706e-09 5.10036e-06
84960985.626283362508 5252 3.1067013490433885714 0.071286282074744425352 0.15935867880908574645 5.2255326776164254809 0.85643583484133145589 3.4974498751421525533 3.5231764708410864273 3.5497228292068485622 2.42859e-09 4.85999e-06
84960985.626283362508 5034 2.8567185175563740707 0.25282473302991853581 0.10606170063408165705 3.9407969157444924235 3.983134749401485486 2.7765728588992830694 2.672412555116956856 2.5580965538133444426 2.20492e-09 4.70595e-06
84960985.626283362508 6874 3.2882924750951936232 0.032624762132316367791 0.29160665042101335809 0.23915825581282745826 5.0922264532170107287 0.54730868088498263457 0.53056028826981571633 0.51405161436790980378 2.61974e-09 4.98428e-06
84960985.626283362508 5185 3.5340908424695909318 0.031974614850463614624 0.20980447737392846075 4.2843337048211296292 5.1391893064725451268 2.2207413926261798665 2.1950319575379322323 2.1690874316914592335 2.64564e-09 5.00066e-06
84960985.626283362508 3953 0.92298844037237515181 0.23714266187503951766 0.36632085317261242619 0.72625763145773303275 3.6755638691093102111 3.417962551516099623 3.4921633302118011422 3.5736061427498237997 1.87457e-09 4.45811e-06
84960985.626283362508 6204 2.1810634506466968219 0.30124807269473807825 0.59965879183845693934 5.4251153203980679862 0.22329189901018087205 4.9896052431767818902 5.2723315172345346369 5.5275746812720818468 2.26769e-09 4.75019e-06
84960985.626283362508 4189 1.1086128674672270922 0.063679416980409575544 0.054632426707715217584 1.0226832419453657508 2.1232251369002361763 2.854379558712333953 2.8357532737761719233 2.8165798019174985711 2.51666e-06 4.91804e-05
