81117043.121149897575 0 5.3973031233211505864 0.053557185084241225315 0.038162244305676815137 0.44321623354977462972 1.8971956578019053552 2.2660065741715285093 2.2241367635793967139 2.1816092644191256156 0.000954966 0.000356051
81117043.121149897575 1 9.0409786680177361973 0.033995735572344511211 0.016226773262629952399 2.4975823195835853419 1.3630443547353374711 1.7874264808545026195 1.7540969882173880201 1.7206707689696543184 0.000285285 0.000238018
81117043.121149897575 5775 3.0485286895292857956 0.13769408544953284923 0.058066211606538999102 3.3034765566922508206 6.05141818932499298 5.8684828013837755378 5.9208964523938476532 5.9696973623525897423 3.02463e-09 5.22886e-06
81117043.121149897575 6920 2.427637522420192262 0.17481902639772073371 0.33908292766402925444 1.2845056077582850396 5.4891225303264246094 2.9007230377527291054 2.8547735080122307316 2.8053167248024650782 4.48089e-09 5.96081e-06
81117043.121149897575 5134 3.5315848846549497964 0.021934032715629152299 0.29952648633248296628 3.0908827348476202168 0.72201116252607877577 4.4457762144173269547 4.4669983710717406922 4.4882753151384138235 2.31886e-09 4.78566e-06
81117043.121149897575 5278 3.1979863418595222413 0.034211556993073335975 0.24685784089187468027 3.3146062651117427222 6.1637821525236962117 2.8192686440073240206 2.8082494896935652484 2.7970553318699877821 3.13887e-09 5.29389e-06
81117043.121149897575 5451 3.295423132168179059 0.11074439457005644249 0.027201035525480622701 2.5198730144546592769 5.9112077518347581062 2.9905151017620039688 2.9728253489227367545 2.9542239125201117389 2.58702e-09 4.96345e-06
81117043.121149897575 5063 3.4541621159536926022 0.11279697364316713937 0.44941876130408903167 1.234508811774214454 4.7720608336776599856 1.0923160142775341086 0.99449453141893362496 0.89991611551378536404 2.23728e-09 4.72886e-06
81117043.121149897575 5878 3.2429922951096359363 0.093108235512206066753 0.097531338602344211375 0.014741360538805137886 3.8810355139054020235 3.1100598010152546991 3.1069740356415223026 3.1037514009922220204 1.44428e-09 4.08696e-06
81117043.121149897575 6255 3.2008698618142674697 0.16106388323423556641 0.194275286914155354 1.3555510453707131369 1.2798448882654887004 3.7072079325446662956 3.8004105238011334222 3.8990110226243861469 2.45838e-09 4.87977e-06
81117043.121149897575 5548 3.1768884847090812507 0.075041737422341048269 0.28042721786957025554 2.1668436725769728568 1.1617793718695421656 1.6048056751911154993 1.5296407809670342637 1.4546625866326365895 2.11518e-09 4.64123e-06
81117043.121149897575 6443 3.2105294383166009808 0.17184660146080416032 0.26849324292794085611 4.9156661332227375993 5.578615104018942894 4.2764479981459118108 4.4389854308234681923 4.6044492168352144645 1.88164e-09 4.46371e-06
81117043.121149897575 5990 3.0835398930231634473 0.10630598224524945294 0.1145047831892370277 4.2599984660566896366 4.1743893044774385004 3.3763856764149804413 3.4025417025544131278 3.4299683894985144583 2.30118e-09 4.77347e-06
81117043.121149897575 1284 2.4277407823794741049 0.24508021050697442744 0.80487581904472171868 2.0047107446068754832 3.689095229308106294 5.8546506846884467379 5.9474859967861624099 6.0282226542123877877 3.64405e-09 5.56389e-06
81117043.121149897575 5098 3.1443518412513684623 0.06843164765697201668 0.089934283355853489317 1.7505625993222704295 5.6920607739902919775 0.50056906332853412511 0.46865051781420163923 0.43774112521382968488 1.90652e-09 4.4833e-06
81117043.121149897575 5929 3.2503943918128661572 0.13888563406586321158 0.14465161292243747249 3.2402403283308536253 6.1948449356378567643 0.079045422955362376616 0.068742010800959568728 0.059202250487150047398 3.18574e-09 5.32011e-06
81117043.121149897575 5467 2.9614763107924599872 0.17938017255003976813 0.20054881441495872596 0.65743713259297975604 1.5690440278381885264 3.7138419998886731399 3.8197330454979807612 3.9322664715319661788 2.43648e-09 4.86524e-06
81117043.121149897575 6282 2.8470840831721924147 0.14082009086893543248 0.10669309656242746687 6.1866853524719287449 1.2047020108262123106 5.2837744080109922962 5.3983056417519872383 5.5072776883520990765 2.68214e-09 5.02355e-06
81117043.121149897575 5694 3.1172259547089398168 0.054169633767999485208 0.26484564707619606683 4.8094523008513636597 1.2658814566182665651 5.9731569048564798763 5.9892789184087451559 6.004971498748829184 1.21025e-09 3.85309e-06
81117043.121149897575 6392 2.9670498324933114453 0.12276250320037336572 0.19488561645894120211 5.3792936005456422066 5.7401602224481917958 3.7476832620570843524 3.8215922502253625304 3.8987844173449288654 2.75286e-09 5.06732e-06
81117043.121149897575 6484 3.1171375641951755142 0.18115917260087421869 0.18708017769530752017 3.6725549711033780298 4.9942735055836635638 0.53541850425020587334 0.44906142907883922488 0.37041657117354787054 1.88476e-09 4.46618e-06
81117043.121149897575 923 1.8714106789023359223 0.42569580090120934246 0.28617965886536134157 5.2562860218301485915 4.3514332611374015869 3.1664973290652116411 3.1808291348761947859 3.1975276548662909804 2.53731e-09 4.93145e-06
81117043.121149897575 6739 3.197204563153127399 0.24220213479225272124 0.16967061511821837638 2.9732583898054327776 4.8244004746778212933 3.9120913657279072773 4.0993503874172780854 4.2974483673637440262 1.84353e-09 4.43337e-06
81117043.121149897575 5885 3.5104499153620989382 0.093450000046626638395 0.29830486884362694688 1.3425022139753062245 1.6201179522082336248 5.3337967046419878514 5.4078890012567839563 5.4796336874949878037 2.25928e-09 4.74432e-06
81117043.121149897575 5405 3.181345406403403242 0.06969270025530381607 0.140167334412561434 5.6739563877017218374 3.4232687024993957436 4.9323409686774866145 4.999897267567435577 5.0667293201927323665 2.93677e-09 5.17774e-06
81117043.121149897575 6764 3.3039337581586205594 0.025010843218254020376 0.29587480583111036569 5.6225413782251214556 2.5140643914613796106 3.2205791499138394229 3.2225778438043968244 3.2246011383427761743 2.4069e-09 4.84547e-06
81117043.121149897575 6362 3.0017564363438888897 0.038328049971320575506 0.31943025358736421015 6.0926217779229370208 2.6132618887617957704 0.55811190231069951473 0.53813204826431049188 0.51848766023566228434 2.92709e-09 5.17204e-06
81117043.121149897575 6775 1.5721545729556707371 0.15562504937124418958 0.22255660635219406962 1.2329902747944170294 2.4676828388641540712 4.8869294729090722029 5.0387687058229166936 5.1861781946256009235 6.39874e-09 6.71246e-06
81117043.121149897575 6055 3.2289370529726117987 0.11691859182603711598 0.012029228611572947982 2.4267685834824033186 5.8343260178029288099 6.1196129187772765334 6.1376721759845169757 6.1546253901570970868 3.0525e-09 5.24488e-06
81117043.121149897575 6498 3.2230209403384204592 0.01021495627772548917 0.17217892905882228871 1.0096617300787158467 0.060406509530997520852 5.0447402701398713631 5.054380354113374274 5.0640037489859954789 2.50157e-09 4.90818e-06
81117043.121149897575 6313 3.2568903702705540582 0.083458874326804252664 0.35527447908510051411 5.3456862851674973314 1.7038472266297777225 3.7116662508314486324 3.7584244988995121339 3.8067015982269833962 2.33149e-09 4.79433e-06
81117043.121149897575 6300 3.2323448280535234112 0.083763504212245668001 0.25115306131222037145 6.1121744560293578274 1.5877160956780254075 2.5385942210897685101 2.4893137808656540244 2.4384694170382767986 3.26125e-09 5.36181e-06
81117043.121149897575 5323 2.8161446446367923713 0.063897607754242705114 0.17139588598556618204 1.2846557866463639286 3.7224950472318441008 1.7598087686606631586 1.6966262077703107014 1.6332337834238841445 2.25995e-09 4.74478e-06
81117043.121149897575 4755 1.8504441014587675873 0.048315026656978052322 0.048763848519820067462 3.0210614614986446291 2.5361502426194419968 4.9062783744752165305 4.9534871104395641339 5.0004046906996624244 2.45943e-07 2.26531e-05
81117043.121149897575 3800 1.8051445546138584763 0.19129101314118970856 0.40759953636498608143 4.5012914841774636088 5.7221803920019933543 2.149998741248538181 1.979812997738496172 1.8043011319828907713 2.3176e-08 1.03085e-05
81117043.121149897575 6956 3.5028827640653554809 0.13418837760498680822 0.39151540298446524391 2.7948705720458399959 3.7443784313132857378 0.1019305931855884334 0.089076391264574020235 0.077139175642205820571 2.20649e-09 4.70707e-06
81117043.121149897575 6197 1.997195516137363569 0.26087722682101149863 0.38533925070224456233 4.9219579474138495101 5.6736563843583764921 3.2697127707201443236 3.3087698138419852079 3.3521796619942154649 8.02678e-09 7.23931e-06
81117043.121149897575 5080 3.2095141259004216217 0.18922837348206200669 0.19378175978126721546 3.129836243001163254 5.8114711474968112626 3.7644268295342735442 3.8850354568940144162 4.0131101991329360956 2.57476e-09 4.95559e-06
81117043.121149897575 6233 3.1555315453143268911 0.15623597747736586716 0.15969222034640459529 3.9516224906696333363 3.611258521626305118 6.0279122108534366475 6.0647972956714202297 6.0986467896000586819 2.38928e-09 4.83362e-06
81117043.121149897575 5489 3.2259837760379608262 0.13417497194693875362 0.3220845703901790702 2.0445321584030069495 0.24238632951446145714 2.2061362653817999657 2.0932529513290338841 1.9769774688353560776 1.80848e-09 4.40509e-06
81117043.121149897575 6756 3.1861465392221837156 0.076052359541805905629 0.24391784602800237192 3.1885559168440673616 0.016451071110837850453 4.2055061701296363452 4.2733204261238633137 4.3421590680330206524 2.22448e-09 4.71983e-06
81117043.121149897575 5116 2.7713183425701735096 0.1791206491258333644 0.11444365720548484167 6.0643012071105335536 4.1503242379174229981 6.1365623126738020332 6.1607803718917484304 6.1826509134677749557 2.56354e-09 4.94838e-06
81117043.121149897575 6951 2.9812545399161152204 0.057408246824073173864 0.082794088956640074506 0.39121481608500036087 1.7516702718721353094 1.9857174812089364302 1.9325335623983568301 1.8788405804912564623 2.54062e-09 4.9336e-06
81117043.121149897575 6295 3.2520602041102835145 0.030472047177944952545 0.206497594310331406 2.944953611171766461 4.7933471676607508627 1.9101683566783891344 1.8812831013643165345 1.8522680762716605685 2.30061e-09 4.77307e-06
81117043.121149897575 5923 3.0032092647210126835 0.045776156784393659538 0.24654579800190312699 0.26264626289231018941 1.086121300347221208 2.4306798422993352027 2.4002686376531694457 2.3693575981912631256 2.22479e-09 4.72005e-06
81117043.121149897575 5234 3.0337969974362728465 0.13926497617356339842 0.073800179133206758597 1.8492949956781357113 3.182638459697789024 6.1884105681227667972 6.2007915284559658176 6.2122531175268989045 2.35138e-09 4.80793e-06
81117043.121149897575 6863 3.1583704851928025015 0.1832145435553241275 0.027448808960424276454 1.3981438737395317506 1.2678659783857084697 3.8717873717807345102 4.0039555019612720344 4.1430853388698114514 2.72515e-09 5.05026e-06
81117043.121149897575 5146 2.7813115505826964124 0.087629499629836515862 0.14876284395404637539 6.127423466306889388 3.3436400380001907173 2.9860994794515174355 2.9718861832141567625 2.9570861703251125618 2.55901e-09 4.94547e-06
81117043.121149897575 6969 2.2410440961368860435 0.18726903610104703168 0.2411947372017582969 3.4348631248855241438 1.4666998680965113167 2.90363101835813886 2.854601175489481335 2.8015912969251157705 2.41679e-08 1.04535e-05
81117043.121149897575 5853 3.1420187488488546812 0.13847280373955547783 0.10711463798066729602 3.8994339032924285604 1.2072852729194274435 2.6451813227328235811 2.5746223534667214139 2.5002515366893969251 2.34516e-09 4.80368e-06
81117043.121149897575 6657 2.2309585952197052983 0.16354715489597357325 0.056790538937202733605 2.1306189570862308358 3.5374271729666424413 1.372282423425840836 1.2137721941509955759 1.0605381593816871622 9.52311e-09 7.66378e-06
81117043.121149897575 5962 2.851458889921888229 0.17648950596713999794 0.23515654315883147141 6.0083646326253719039 3.0147793101413338235 1.979668176390179557 1.8108642447971354805 1.6394361351810968763 2.88829e-09 5.14909e-06
81117043.121149897575 6628 3.2366587123551688876 0.12110890142811449322 0.1554616383021487358 3.4823154585453472976 3.3431505313279972214 1.134780029337475904 1.0274570073241400259 0.92378935750878798938 2.5094e-09 4.9133e-06
81117043.121149897575 5290 3.2048947838737866789 0.091808590750051183305 0.1923326304088966987 0.30445405980967854553 1.6477966863558877186 3.6251102845201468305 3.6696906797029837932 3.7159522382286258591 2.68653e-09 5.02629e-06
81117043.121149897575 2992 1.7309489504213064759 0.21954593025357468927 0.06434854574491775947 0.48618867702120399654 1.4855710710251612827 2.4126898606642672718 2.2516242784229167917 2.0810257088964672079 2.26492e-08 1.02298e-05
81117043.121149897575 6827 3.0969439244073879713 0.14590271107731020428 0.12430736010664783509 1.5759228008426005019 1.2409263450874763457 3.4616838770884146292 3.5112831418189625055 3.5640017085798385565 3.04652e-09 5.24145e-06
81117043.121149897575 5626 1.4676567945575309526 0.40278673922776531136 0.24576695957849351015 4.1027729696374777291 2.8859586648452597579 3.4067375991168926674 3.5448004897192744167 3.702842303778722588 7.93289e-09 7.21097e-06
81117043.121149897575 1410 1.7828132405391277082 0.45861173610535410639 0.18480575879267821526 1.9207206468857320747 4.7733242532081057163 1.2989767741201589946 0.86664943337658351119 0.51711202472360739968 1.96181e-08 9.75145e-06
81117043.121149897575 6244 3.1807144108005958039 0.10607084493613433418 0.31120954553451984914 5.2803643732887639572 2.5924182795911980826 1.1968428343186225948 1.0997866003345637687 1.0052657521591283896 3.08558e-09 5.26376e-06
81117043.121149897575 6327 3.0166327785846354104 0.15527422980966984478 0.16539068105431106726 5.0736791119908932757 4.8914493630066520069 4.5889441903278118673 4.7451640902626781582 4.9003549291411454547 2.25041e-09 4.7381e-06
81117043.121149897575 5650 1.7592336287014462837 0.43361957572970522001 0.12735670869416543249 1.4982610108218890055 1.9966992293120882085 4.2337634938316774935 4.6787199497132583303 5.1120937722980812623 1.14639e-08 8.15256e-06
81117043.121149897575 4112 1.9683421007510288891 0.44523533459401726242 0.77542357922002158599 5.5210516284851127722 1.0493735102957866268 2.7429577550595811708 2.5112557733836937679 2.248826528012899395 1.99037e-08 9.79854e-06
81117043.121149897575 5511 3.2206728884858848438 0.079307095829571863654 0.21588777130421410444 0.11069228848736041571 0.10061825056421902502 4.1367287923572257924 4.2048052902621755322 4.2741134700757754672 2.90982e-09 5.16185e-06
81117043.121149897575 6186 3.2356523989232108818 0.04934877952763098985 0.15841726184826349089 3.4109595742895346682 4.6714965917131472395 1.2627105469038357732 1.2160147989009248981 1.1697393426665714244 3.14704e-09 5.29848e-06
81117043.121149897575 5195 2.7471052136907609942 0.057764655563862385423 0.052318495062153795583 5.1059203934981605144 4.869169056475974422 2.557085843605898301 2.5244002291875693444 2.4909690590752524564 2.26107e-09 4.74557e-06
81117043.121149897575 6935 3.4708459155514614913 0.093077563950991523689 0.46847712534438396004 5.7293537728818630939 5.1556368550468842926 1.2221922857741420732 1.1359513003637753403 1.0515359683594902585 2.603e-09 4.97365e-06
81117043.121149897575 6667 1.3840920083534178353 0.11560292154878296089 0.43154983626644383143 4.8219532256220016819 3.7380208716535374691 6.2730456707969732832 6.2741572982420290572 6.2752009482737376445 1.85586e-09 4.44323e-06
81117043.121149897575 6816 3.147819709203945493 0.14077327761151933738 0.14619953842924032772 5.5268996415807416511 0.96092741529952696578 3.6371352943491608301 3.7088427346247665461 3.7844823074264266616 1.76213e-09 4.36713e-06
81117043.121149897575 5762 1.1941085122702046473 0.092839738761806483991 0.54809792264363865755 5.9106862107654807303 4.0307133326014579211 5.7867021751854137435 5.8292728250729135553 5.8699816745591348877 4.50081e-09 5.96963e-06
81117043.121149897575 6595 3.0590460604049680704 0.094430304618081578605 0.23655004152920183769 5.1422590799462355449 2.299183111523737999 3.5714202203554696879 3.6126257058361175289 3.6554788466552352588 2.5233e-09 4.92235e-06
81117043.121149897575 5950 1.9116523404602159264 0.32340170054177241887 0.23251537762060725534 5.0288457439997777954 1.9258282924871625852 2.8990785253889908013 2.8039939072947759335 2.6968760393664750197 1.07677e-08 7.98408e-06
81117043.121149897575 5351 2.9746540215111001437 0.20071176326590814409 0.14568829601757815606 0.18121749049747876148 1.7509090907259756698 4.1058552622829482814 4.2822217119291527965 4.4646478322447249454 2.44807e-09 4.87295e-06
81117043.121149897575 2768 1.5666398307802484879 0.037996221636166685465 0.03867177977834286573 1.0998434893381794364 3.413458312335514222 2.6838394348684460056 2.6667506295452456655 2.6493788347304567665 1.06163e-06 3.68842e-05
81117043.121149897575 5194 2.3108166267967629182 0.31074639958528565975 0.42276464722853640543 1.3331796367409820547 5.4359361924482705319 5.0720958905315987053 5.35264525652756884 5.6018460584413691805 4.75382e-09 6.07945e-06
81117043.121149897575 6928 3.2004141158707435366 0.24416688061421240596 0.23287685790687404075 2.1273689265666435588 4.6186502491044327812 2.2357965292152019998 2.025326978238265685 1.8059510470642290425 2.08658e-09 4.62021e-06
81117043.121149897575 5914 3.1872502867649008529 0.039380163910580717745 0.10300400377182129807 0.85523282405544631679 5.9267510989790128662 3.8285642730119504584 3.8539338402800717986 3.8796730087836119871 2.63408e-09 4.99337e-06
81117043.121149897575 5072 3.1327472088960397478 0.10539123697641954169 0.26141832045487095604 0.61322239890954044483 0.80419391101730719473 2.257148730603349307 2.1726121214880134147 2.0857371784291984795 2.73643e-09 5.05722e-06
81117043.121149897575 6154 3.1623312796391220836 0.098060021650607898103 0.2079918049554713988 4.9490287601529274752 1.1643128343004653935 3.7839781539881576222 3.8452616993325636763 3.908708453916783121 2.04677e-09 4.59064e-06
81117043.121149897575 5312 2.980180013041309639 0.16083842185508320788 0.10059437161389446491 3.8019967618984371605 4.7067128620774560943 2.7455602595685513201 2.6780937910423996406 2.6061860613113556617 2.46345e-09 4.88312e-06
81117043.121149897575 6126 3.0180823847741131694 0.29816640907360875135 0.17161706044429420048 4.9258895325733700332 3.2989302358754333255 5.2656493248743752034 5.5048265173279338214 5.7141726458731865179 3.04059e-09 5.23805e-06
81117043.121149897575 6952 3.2737203465576327766 0.11023870313817484001 0.071200099468403874048 3.4520337030604872908 2.7848290033778777541 2.1085212257579404316 2.0108603975058509938 1.9111247561362352254 2.57429e-09 4.95529e-06
81117043.121149897575 6073 3.2058094645234831432 0.10434473534432527064 0.23181516503702356835 4.552043807531128472 4.2931815759155398382 2.6606505067701298195 2.6099037173756638452 2.5570019961141565723 2.87152e-09 5.1391e-06
81117043.121149897575 5578 2.8880595731074536481 0.064816319894738447238 0.18787875579015869687 2.0602937553900058099 0.64326126874014599721 2.029473902503839966 1.9704651746748189645 1.9107570354191603101 3.04211e-09 5.23892e-06
81117043.121149897575 5231 3.1659022484879333348 0.11381697942458875172 0.24827485853247283076 4.2660881376289232492 5.1192200968789522975 5.1802189826381326299 5.2794975476045404861 5.3754973625158255501 1.89135e-09 4.47137e-06
81117043.121149897575 6029 1.6683345603030397264 0.20378904974877462553 0.60342077956501427582 2.4693864916960426292 2.9367299306947916016 3.1798634301295161109 3.1886471646862886153 3.1982328205651446851 1.2969e-08 8.49478e-06
81117043.121149897575 6192 3.2196238418753115873 0.21723206113457607658 0.25755324715705807392 3.3241300431520119929 4.2605802654135889185 0.84714643778492770831 0.6938662157615752557 0.55494322342205359977 2.79503e-09 5.09306e-06
81117043.121149897575 5211 3.1300393847848502205 0.039737091278570321751 0.29763185855534868285 1.322612099731543589 5.4239214473757257906 0.52114745867777401145 0.50169151594669447736 0.4825815793181918445 2.07199e-09 4.60942e-06
81117043.121149897575 5717 3.1379802552800408755 0.18018737508617693743 0.15464882339220528684 3.3645721271677553332 4.8259074262751830986 5.8746298018741560654 5.9412277317697999024 6.0016503183859715165 2.31886e-09 4.78566e-06
81117043.121149897575 5643 3.3246819818864898899 0.081134537443706272741 0.097271862979986217779 0.17357760931330695753 4.3124361049518951106 1.6764937685331597894 1.5953753774481771455 1.5142653466638078541 2.47115e-09 4.88821e-06
81117043.121149897575 6842 3.1986389086691700001 0.097683105323285557287 0.182929107542741054 6.06651043902126208 2.6300962310718229986 2.2195089662236329175 2.1391474001001546945 2.0568210905494450635 3.94698e-09 5.71398e-06
81117043.121149897575 6572 2.9467858077511230874 0.090229163390960626101 0.23469051338708576959 6.2802317901671926847 3.7985084076192539015 3.3345741777122142047 3.3527187824114372816 3.3716273102176699261 1.66053e-09 4.28153e-06
81117043.121149897575 5131 3.5317972075025405587 0.10655091283960646531 0.2383285445003545111 2.4696660223291400094 1.0868494731738200798 0.039905337358736546471 0.035858431536914918414 0.032038501674712407952 2.25296e-09 4.73989e-06
81117043.121149897575 5534 3.2513264825988019702 0.16641517700618871367 0.11835165445498548042 1.633178235927343902 0.033257483635838268332 5.8515068722772571874 5.9166412961660856951 5.9762830254603027669 2.18919e-09 4.69474e-06
81117043.121149897575 6119 3.1465452932294524224 0.10311800502700864401 0.19716441774846926727 1.4073160717085952953 5.7978530376360204457 2.8013292582864943725 2.7650594054679684675 2.7271430390638022878 2.96829e-09 5.19619e-06
81117043.121149897575 5257 3.23099794926231354 0.11223566624562707206 0.18415362625554393405 2.8984385219776944709 1.6800732928143085054 1.4376439131254632464 1.3269900650309123247 1.2180736359031119065 2.20895e-09 4.70882e-06
81117043.121149897575 5240 1.6232789556360411876 0.28282634838038384073 0.35403995499593360341 2.7695038973710603969 1.4309669622638716557 3.2535825375286058225 3.2912483222836192986 3.333417068669720873 1.54708e-09 4.18172e-06
81117043.121149897575 2850 1.8101433189305817795 0.30413619244808637321 0.47581572455484072437 1.5087651308657441529 4.6083344426966057483 4.8961873451043409489 5.1918059701321768173 5.4616550629674396333 2.86233e-09 5.13362e-06
81117043.121149897575 5957 3.2341654799819905541 0.088451922018183110064 0.09125654620579864984 2.1321091255284425614 5.4711047810659110269 5.9414845012750525655 5.9699899227861603634 5.9972419728469663625 3.45473e-09 5.46581e-06
81117043.121149897575 6103 3.2740112801674134957 0.077751669392467220865 0.17430178332643742056 1.6988876517307969216 1.5732953014930315394 3.3876095218120561015 3.4073176935184599223 3.4277359762113248642 3.07621e-09 5.25842e-06
81117043.121149897575 6335 3.0993353531649825428 0.12984025055395587156 0.27886576027389387011 6.1280317576685972014 2.0066659240608046844 4.5518119333740658661 4.6816995482216139379 4.8114786591227360901 2.80706e-09 5.10036e-06
81117043.121149897575 5252 3.1173631430255190899 0.13818335740130635592 0.22937112671873868819 0.66564401692470787086 0.76620622804224147728 1.3954060047514513787 1.2605280430082757004 1.1289427069331476883 2.42859e-09 4.85999e-06
81117043.121149897575 5034 2.8502932444306927628 0.25686228225325874464 0.095215153791973719533 4.1303309350540917677 5.2883605769855277501 3.4486483084650920716 3.538779490686761342 3.6381404254433360457 2.20492e-09 4.70595e-06
81117043.121149897575 6874 3.2787420350069207409 0.083104143089099413721 0.32621449987693601491 0.61743535988680897653 2.5275704046175797579 0.14805062112348729708 0.13625635709943140217 0.12496789498770180526 2.61974e-09 4.98428e-06
81117043.121149897575 5053 2.7856737768040304992 0.62469905851357854232 0.26595861169349932496 1.4537860618768667642 0.18958436124556890534 2.7297966504870991855 2.3217164443655926576 1.8650230939160654664 1.90259e-09 4.48021e-06
81117043.121149897575 3953 1.0995106391616544794 0.20818127898146687738 0.29325493072631864111 5.2073497165317030877 1.0610743675708615985 5.6456722409897475146 5.7610566832659717562 5.8648821563109887478 1.87457e-09 4.45811e-06
81117043.121149897575 6204 1.9162206973499280593 0.25472639663476731586 0.21914346899003087077 4.9130744987914471977 2.236684035673403681 2.8110401402061317988 2.7153175099333961562 2.6099926914154556457 2.26769e-09 4.75019e-06
81117043.121149897575 4189 1.1065847544723617091 0.046155515624608414726 0.04869711780507356147 6.1509420694296821353 3.3431663946988288139 5.4172423356539036732 5.4518960795973345768 5.4859958126676868773 2.51666e-06 4.91804e-05
81117043.121149897575 5324 2.0634360677648704296 0.21311306718273514971 0.18470869101492554121 1.9583091497878906129 0.9793214707656978657 3.5183500283249617979 3.6064458261079419543 3.7019826152476800196 4.64884e-09 6.03437e-06
81117043.121149897575 5185 3.5287937344785254012 0.036713026611662556709 0.27845748247272089637 6.1431341790292828264 1.915961920908186622 2.2829795890213078202 2.2548449966072205974 2.2263916455208745404 2.64564e-09 5.00066e-06
