93535934.291581109166 0 5.3982498776092553427 0.050184126319333680066 0.037534419173450350726 0.39893170057087967706 1.8329206827082631381 4.2537833079248592583 4.299308553705602165 4.3452716222330174389 0.000954966 0.000356051
93535934.291581109166 1 9.0422232062287033472 0.042929370197460521574 0.019501473919634752102 2.3219820652127065586 4.758667487415816133 4.8906388650567231835 4.932740972665303758 4.9746323353213997009 0.000285285 0.000238018
93535934.291581109166 5775 3.0699933504544762997 0.060104715871397408622 0.094061449732071658603 5.15609689653451575 1.893901285593530659 5.5061551832235480219 5.5474451112454570278 5.587783554163536337 3.02463e-09 5.22886e-06
93535934.291581109166 6920 2.4282485135914684271 0.28303510498931866435 0.4212546245788011956 3.0056849582157472156 4.6413002985249498522 3.1326538204375613539 3.1296349200480100272 3.1262505423348128097 4.48089e-09 5.96081e-06
93535934.291581109166 5134 3.5270902954839118415 0.096727805479588604975 0.32909262211484358041 2.0710417662405156136 1.2758773077736247359 2.7587267375014778992 2.7208053039682065233 2.6812940028386162972 2.31886e-09 4.78566e-06
93535934.291581109166 5278 3.200971116707394426 0.11336495210848246407 0.2599098730328740503 4.5498526968691823669 4.1086445371658726344 1.8558914260964625154 1.7450902597057746934 1.6334428744271525247 3.13887e-09 5.29389e-06
93535934.291581109166 5451 3.3055644463973612446 0.065993656187528143553 0.088913081156099013636 0.81016693477632129028 5.2303721309864226185 1.7761316748595488146 1.7110382913473449751 1.645692547496799607 2.58702e-09 4.96345e-06
93535934.291581109166 5063 3.4764209317015604128 0.12692132677282008668 0.39704264191604371481 4.4974808423521146494 4.6363082361369523099 0.12061405998260502082 0.10619311962020570872 0.092740265879819899775 2.23728e-09 4.72886e-06
93535934.291581109166 5878 3.2321354701012117161 0.12567017563935753421 0.045347649033329724688 4.6962593478544825132 3.7182288886046772625 0.80992647977752774135 0.7224144762905879702 0.63932161185758884514 1.44428e-09 4.08696e-06
93535934.291581109166 6255 3.2195114821642123459 0.11284891070009038516 0.1426614962523765906 2.7019598801236655028 1.0571113302932257927 5.650672675616162266 5.7146557253105054741 5.7754128474965407136 2.45838e-09 4.87977e-06
93535934.291581109166 5548 3.1812703020031736223 0.107472739933473449 0.30979729689362167644 5.1361318915710167943 4.395607447262399603 2.6294158438214738638 2.5740034846547747982 2.5162260535296274711 2.11518e-09 4.64123e-06
93535934.291581109166 6443 3.2036574956667465131 0.18022246707398484333 0.29962751758809530456 0.31804312059365213994 4.6098230973223603968 0.24558108476277601406 0.2049872743897687144 0.16830214403793281042 1.88164e-09 4.46371e-06
93535934.291581109166 5990 3.0938053694408953476 0.10513804208250661365 0.14450000009697455683 2.1431725095224600786 5.5699609173332333967 5.068579866531343292 5.1655328051708622183 5.2600598113140639711 2.30118e-09 4.77347e-06
93535934.291581109166 4189 1.1048754840087757767 0.049321167777075056171 0.061599919048381766851 0.31263698533984390915 2.1429553095513402816 4.3278031061925652523 4.3739686519923282049 4.4204923373939681852 2.51666e-06 4.91804e-05
93535934.291581109166 5098 3.1153966384855436011 0.090235422074298562989 0.13002134837280285296 0.094714117528324731632 2.6274543810853621117 5.0969215762526092206 5.1792940344658404683 5.2598711690016193288 1.90652e-09 4.4833e-06
93535934.291581109166 5929 3.2521180891782068834 0.12436241981951227931 0.1436079642531441769 2.859074895473519895 3.9958021974844162294 1.043542828352390206 0.9390318191893177735 0.8386730003462417038 3.18574e-09 5.32011e-06
93535934.291581109166 5467 2.9818385314551645315 0.17738495147095792448 0.11836347896403560942 4.0313675976405152213 4.181437951364014971 0.43593250459421578613 0.36612027266499852507 0.3026172505392146217 2.43648e-09 4.86524e-06
93535934.291581109166 6282 2.8302717042703049444 0.14422506169493498618 0.12343977587591907497 0.090451904642065733553 1.4470018265014585879 2.5833677336805713765 2.5015873208073888811 2.415456154525600585 2.68214e-09 5.02355e-06
93535934.291581109166 5694 3.1220303832052707094 0.17007486929700829648 0.24040613641827365821 3.0204078241807801319 4.5257294701283470317 2.1198483820340201511 1.9671649448840358154 1.8102761426863447358 1.21025e-09 3.85309e-06
93535934.291581109166 6392 2.9681485462573360401 0.1459538999240271584 0.12513670237655408202 3.4629163918577150483 0.73596444070835109752 3.3745248742288702637 3.4109969246109139718 3.4498436122402633686 2.75286e-09 5.06732e-06
93535934.291581109166 6484 3.1245068862815341681 0.16222962861475118124 0.2889398640863782286 0.11468223679131821224 2.0358714526750905094 5.8042394120164324534 5.874386192098900672 5.9388737160881870381 1.88476e-09 4.46618e-06
93535934.291581109166 923 2.0090808983060211013 0.33062533379417141655 0.31986497894331067382 5.1080477365182730409 4.3276157998090880596 2.411048679007161688 2.1525660159868960086 1.8763313570847173217 2.53731e-09 4.93145e-06
93535934.291581109166 6739 3.1807995784889127044 0.20255753790855904328 0.18211303689304109144 2.6289159284330327893 5.5528829176313756477 4.344691718857319529 4.5423382768743305604 4.7419741628363807351 1.84353e-09 4.43337e-06
93535934.291581109166 5885 3.5064640205784058935 0.07316976796863612631 0.26563030840070950278 2.1009171163306175067 6.0004022229275824074 5.3778589186749945483 5.4342037522026425123 5.489125555087027486 2.25928e-09 4.74432e-06
93535934.291581109166 5405 3.1684106399696525536 0.093724133812587401282 0.1847977396060670463 6.1920856400224542071 2.8673012151767767186 1.4496456074541246295 1.3569958215149016123 1.2654056362304424432 2.93677e-09 5.17774e-06
93535934.291581109166 6764 3.2781290486482053126 0.018681110425655275686 0.21282759162966899402 3.148964791031198196 5.7831599706499661195 0.31379415470082133721 0.30807816174311453139 0.30241352892163675392 2.4069e-09 4.84547e-06
93535934.291581109166 6362 2.9954220192392657651 0.074291129956290516412 0.29759816448241110942 1.1680573142028340961 1.5278373885275637889 2.8358612546111512387 2.8126469197759607077 2.7886475069277900651 2.92709e-09 5.17204e-06
93535934.291581109166 6775 1.5774053487946850804 0.12780415132818584434 0.21272879953032519662 5.1275748531362275173 2.930800578153990088 0.5962178827538083814 0.52781797536515873137 0.46344948190972629076 6.39874e-09 6.71246e-06
93535934.291581109166 6055 3.2559991569757085195 0.10887247942643724086 0.078487676897503882989 0.92521298510129368342 1.910642460062840442 2.8735362631235696895 2.8430096454182263166 2.8109830411603486944 3.0525e-09 5.24488e-06
93535934.291581109166 6498 3.2292323796903019684 0.079672187269849037428 0.10241490942157925603 4.6522705092419656125 4.4918070736250719222 0.95471467112906205355 0.89107599564208539444 0.82911106814226265271 2.50157e-09 4.90818e-06
93535934.291581109166 6313 3.2507204853763660424 0.11242429350069318983 0.39625841676566686544 0.4654403605877692196 1.9874006352601585323 2.6203466142735321043 2.5613152160135532753 2.4996779245945188741 2.33149e-09 4.79433e-06
93535934.291581109166 6300 3.2443430845341594271 0.11052063542333570578 0.21064425785615309428 5.4714434359223886872 2.3482734261315325597 1.0080375303392912212 0.91702958422020430795 0.82929846131432916057 3.26125e-09 5.36181e-06
93535934.291581109166 5323 2.8278928443025601602 0.1940407049115812077 0.17611317156301986575 5.5803425865096967229 3.3449286442396304331 2.470736483597399058 2.3390229049239992243 2.1994796804171623528 2.25995e-09 4.74478e-06
93535934.291581109166 4755 1.8624498270882658968 0.060594708504944444494 0.051298767392799871079 5.6746295595644919985 3.2466431350284210566 3.7595064337786152642 3.7955300331354635546 3.8323907753848338587 2.45943e-07 2.26531e-05
93535934.291581109166 3800 2.1154685455677939565 0.31767498777825348144 0.59134927382930602136 4.3702330397758295533 5.4557031837682741227 1.4490940567946195561 1.1342941039099070366 0.84640560418997223824 2.3176e-08 1.03085e-05
93535934.291581109166 6956 3.5116948535095904305 0.092876841858382255812 0.46091051584829673127 6.011820788541126781 0.36215763057210814679 5.6348263196465993019 5.6890104699676546929 5.7410052671334641516 2.20649e-09 4.70707e-06
93535934.291581109166 6197 2.0888213697064963448 0.40212221532542063995 0.21649452379083930498 0.57148270807212653288 4.0234435861189146166 2.8981846369153387855 2.7712785907915105099 2.625747254228814942 8.02678e-09 7.23931e-06
93535934.291581109166 5080 3.2369487005649544287 0.14940648049440566347 0.19448411504416213136 1.9788626236276976034 1.0417617249879149721 3.226338953967585077 3.2400856343309549779 3.2547773433059195014 2.57476e-09 4.95559e-06
93535934.291581109166 6233 3.1569000315807431711 0.15246061457624832114 0.22992754809183232889 0.083170838075329947547 3.6833665699344062539 0.31206866823896739493 0.26819313178069698056 0.22779265523647340697 2.38928e-09 4.83362e-06
93535934.291581109166 5489 3.2174521283055814713 0.073719701910533660949 0.27031097695396377745 3.4283263751753532134 3.4856189105402877182 0.29457520401220815831 0.27387466724638026561 0.25393616267755148019 1.80848e-09 4.40509e-06
93535934.291581109166 6756 3.1787859958687061379 0.089782264990155777329 0.2473617877918018737 2.7704862596703341282 1.2339323745583248293 3.3483673156088298306 3.3676872629537193404 3.3878140448210620761 2.22448e-09 4.71983e-06
93535934.291581109166 5116 2.7373083710791155099 0.26208410607695470373 0.14088959882469795359 0.41227115567170269372 2.4991015636215481166 4.446661054208217223 4.7118223742025042711 4.9739064382093829408 2.56354e-09 4.94838e-06
93535934.291581109166 6951 2.9756538090825510601 0.042731466939671086669 0.042115195430728169512 0.31840686662000672325 1.8712484338489432378 5.1275011963449852459 5.1662821742732827346 5.2046869467546059695 2.54062e-09 4.9336e-06
93535934.291581109166 6295 3.2764243938978641069 0.049955066521663267498 0.24442787377489916256 5.3185828808028752235 2.6148605785160636827 2.5434730895212567248 2.5147347140715199387 2.4854309230518643048 2.30061e-09 4.77307e-06
93535934.291581109166 5923 2.9971421315302642085 0.023406357310842399594 0.1375954005332057084 4.0088727782332238547 5.3690318099761018544 0.1157018358350850179 0.11303040644467869658 0.11039040613919870459 2.22479e-09 4.72005e-06
93535934.291581109166 5234 3.0127272076695006398 0.15867355117658205055 0.088439381619855858552 5.327682575529060216 1.4450992829223554548 1.2274524424212693852 1.0812840376936470044 0.94124474610930142227 2.35138e-09 4.80793e-06
93535934.291581109166 6863 3.143852182357519176 0.11012967564541832621 0.076259840154878855145 6.0535495296560943856 5.5440113107049917573 2.4055033508160632572 2.3282103789441004338 2.2481884936452862789 2.72515e-09 5.05026e-06
93535934.291581109166 5146 2.7910976394290538671 0.1065962692888386687 0.016772046173316759038 4.3014627173666468707 3.6171818008099303476 3.842887138248484824 3.9147658916386052219 3.9892137741019468855 2.55901e-09 4.94547e-06
93535934.291581109166 6969 2.2154302562909720109 0.22891330845603430344 0.21665852231968216191 6.0662871727223643958 4.073410409016490874 3.4037919431357153144 3.4714869086825976829 3.5456417696848454568 2.41679e-08 1.04535e-05
93535934.291581109166 5853 3.1459016187689265998 0.18996071260784341828 0.21496513072102743647 0.59970221704800552587 3.0058393076931011478 1.908708689461085628 1.722448254834556991 1.5346677464200004781 2.34516e-09 4.80368e-06
93535934.291581109166 6657 2.2632569926345631472 0.22889821164629997607 0.19841247408885598347 6.1954119996175158747 5.1727909078538836241 1.6924330220644245859 1.4599354159224144922 1.2324423599730469636 9.52311e-09 7.66378e-06
93535934.291581109166 5962 2.8373989779178425685 0.12941653826569665675 0.16195334882963380307 4.1586976364492329594 2.1074517651026059006 2.2938541147759208272 2.1921194483778818629 2.0868897009831552936 2.88829e-09 5.14909e-06
93535934.291581109166 6628 3.2548715805803354328 0.12762861816717407937 0.21934860051698557015 4.9543408691937012023 3.0852085461840559333 0.13867397403877790296 0.12201692887548946931 0.10648268987176838507 2.5094e-09 4.9133e-06
93535934.291581109166 5290 3.219441256380617844 0.029384675065407386829 0.18654382866769453342 1.1924128638239361866 5.8797767324645420217 4.3293885533325466852 4.3567989476031190321 4.384345353713121618 2.68653e-09 5.02629e-06
93535934.291581109166 5185 3.5352738954698814666 0.045219985321967692826 0.2547545984576094491 5.4488618283462688652 3.9249428332122615615 3.7988261437970374246 3.8269686655977226408 3.8555912955157682909 2.64564e-09 5.00066e-06
93535934.291581109166 6827 3.0853878450600058514 0.16101338130898484868 0.14936900598229127524 5.1683178005711649661 4.0642764959801116476 2.0773459043396069745 1.9300943465684705647 1.7793626546377427911 3.04652e-09 5.24145e-06
93535934.291581109166 5324 1.9961189291294316739 0.099063747524477357986 0.1505295892548164649 4.7021626266339957567 0.64335583222089176569 4.5224589435280027061 4.620824574733259027 4.7194733350885851308 4.64884e-09 6.03437e-06
93535934.291581109166 1410 1.6940363710045851509 0.38241135029951794921 0.28793991572060728679 2.4648440537805123007 1.7427985870557511916 5.8480567486694274848 5.9897944225778418925 6.1003877351141646557 1.96181e-08 9.75145e-06
93535934.291581109166 6244 3.1793299018886065355 0.036338238833977902498 0.28622975778423270787 1.9893498004368455057 4.6978066946439289708 0.12979349190245742518 0.12517200075797710324 0.12063533914826127247 3.08558e-09 5.26376e-06
93535934.291581109166 6327 3.0174264766971563567 0.12928653641775081362 0.21463368430444393353 6.2252391588806927913 4.8398919226802235016 2.7039083756096036204 2.6454593120857174959 2.5839152165573553432 2.25041e-09 4.7381e-06
93535934.291581109166 6874 3.2711186785006418631 0.099991259266509133208 0.27620590797058408583 4.9210493475035397282 2.8202467994757922654 4.8970809692957795178 4.9946424125018582529 5.0906770426415910435 2.61974e-09 4.98428e-06
93535934.291581109166 4112 1.7944348386694031205 0.51043968766636560463 0.75505160692776640552 0.118869621158761124 4.9769199151671390524 2.9829068035221446564 2.8640693443225648807 2.724221852262759036 1.99037e-08 9.79854e-06
93535934.291581109166 5511 3.2306849446621415112 0.11145210942739675053 0.2215429705060020793 0.065665458311604502084 2.9220539377964556138 4.630331526943320064 4.7421519382286660971 4.8535546872849977262 2.90982e-09 5.16185e-06
93535934.291581109166 6186 3.2497156139417673337 0.025557250289746310384 0.24013562137498747906 5.7707223382104562148 1.6697101945897698805 1.0291256534686796797 1.0073676189386842061 0.98576078216299733992 3.14704e-09 5.29848e-06
93535934.291581109166 5195 2.7435944732731694096 0.12128091250008307678 0.11010171366167770257 0.43200048746822161672 2.231222080034007238 5.3700982800651413385 5.4629123914717396815 5.5516090027267264162 2.26107e-09 4.74557e-06
93535934.291581109166 3953 1.1556309898202767883 0.12496883975475717166 0.30544736153387919142 2.5350731332208731317 0.44444338339264211069 5.6618398127233735551 5.7313018261647723506 5.7968219909241245347 1.87457e-09 4.45811e-06
93535934.291581109166 6667 1.5347184725088209856 0.083030534422070811917 0.41724509281320815157 6.2191327054790717099 3.3477938891702483382 5.3732438693590287571 5.4372509187200908087 5.4994068268911533437 1.85586e-09 4.44323e-06
93535934.291581109166 6816 3.1248024352859622432 0.19034164267368364198 0.14358977927391902707 1.1296700310317255855 0.88301111527689080116 3.4419681906969827878 3.5045269513576982057 3.5721018343883330637 1.76213e-09 4.36713e-06
93535934.291581109166 5762 1.1227303657508418411 0.33949109499089169528 0.33981991873504696633 5.7742959452010866883 0.80306439544786656359 3.6253594966241289299 3.8173237661879584337 4.0296645601029759121 4.50081e-09 5.96963e-06
93535934.291581109166 6595 3.0304122719023447452 0.11392805132498877441 0.29024256811718462945 0.39958361524937352494 2.0431580181024053822 5.2726419434639399952 5.366545015952607578 5.4569539602307175485 2.5233e-09 4.92235e-06
93535934.291581109166 5950 1.8268892127007312354 0.28583940916403954846 0.22848328176231513797 6.0073738691861047201 4.55998316341426424 0.69721619430501446946 0.52903421147899254429 0.38477111415333486999 1.07677e-08 7.98408e-06
93535934.291581109166 5351 2.9687598402396346842 0.19419411656698257196 0.14240436127605238248 0.95703712642593907756 1.7923743509028440268 2.6281392144713451309 2.5229428472053578858 2.4103227389463914854 2.44807e-09 4.87295e-06
93535934.291581109166 2768 1.5677666247223331908 0.036543228454648545023 0.021532115132419756692 1.6073116802571687511 3.5634870063429167075 3.574454792718651408 3.590047122903664345 3.6058912927582666974 1.06163e-06 3.68842e-05
93535934.291581109166 5194 1.6972680693068897817 0.5855235179378653898 0.2702718845361497535 3.3082595829553942401 1.8797128705184054098 3.5313279401719284145 3.8784061434407335334 4.2718377540855376751 4.75382e-09 6.07945e-06
93535934.291581109166 6928 3.2010378752119921231 0.29594044995294077616 0.22919528467119495985 3.3808966625694076846 4.3372724404587597036 2.3237473131935946213 2.0785942421474148389 1.8199963281023587847 2.08658e-09 4.62021e-06
93535934.291581109166 5914 3.2277089472679048043 0.058259805355526751713 0.080617544165123344868 5.5670020451863999611 3.9121297978901896641 3.4151415023197730925 3.4313483603776382402 3.4479942426742558048 2.63408e-09 4.99337e-06
93535934.291581109166 5072 3.1089653439800590817 0.099719917275595523765 0.22775205411059148974 1.4379922555330915124 6.2798343530330535955 4.843968848795970672 4.9423486440295114619 5.0394434933171439184 2.73643e-09 5.05722e-06
93535934.291581109166 6154 3.1575845984035550984 0.095700984444979791954 0.26928674471130931156 6.0407933239798978775 0.98956520891516519534 2.4661545183741746534 2.4038689042536360851 2.3394999219171666027 2.04677e-09 4.59064e-06
93535934.291581109166 5312 2.9951810570823451663 0.054689503321558065319 0.19932827191874050166 0.88252845868563878362 5.5876094297163056979 4.2550013130197257283 4.3046964237350930915 4.3549034741305332474 2.46345e-09 4.88312e-06
93535934.291581109166 6126 3.0402220726581017374 0.22428324547884492812 0.18165663564842651767 5.6207766807515744389 1.0310815405717046467 2.5429650041068381228 2.401926330406927601 2.2507501232160982418 3.04059e-09 5.23805e-06
93535934.291581109166 6952 3.3033342575898263505 0.12293462354545735271 0.12289450627475495548 1.4429188424254142387 5.4332409352785209222 3.1761617601684903889 3.1807071087763758577 3.1855144035685061255 2.57429e-09 4.95529e-06
93535934.291581109166 6073 3.2215808629940454466 0.024335104956020075367 0.22975036447806654327 4.1773024351099543594 3.921554695409431357 2.5832987102948239411 2.570271242191880301 2.557112178376754752 2.87152e-09 5.1391e-06
93535934.291581109166 5578 2.9015544129575623344 0.24978959870389236264 0.21594342250763132185 2.19708819408819922 5.3209701310873853686 0.31640163369844576113 0.24595693645788993531 0.18513702258656183908 3.04211e-09 5.23892e-06
93535934.291581109166 5231 3.1500826186366159831 0.12697540328189793613 0.26805503154200582827 4.2514724758077004907 5.6850957136841753226 4.4400556764406111654 4.564828510048163146 4.6904240327800339472 1.89135e-09 4.47137e-06
93535934.291581109166 6029 1.7754208976332119807 0.21063218110634132629 0.53355655721631534139 3.645474072601961435 6.0808122105522945944 3.698358865095755732 3.8219622194866480491 3.9544667847359433743 1.2969e-08 8.49478e-06
93535934.291581109166 6192 3.2198466170381463414 0.20355103095126036994 0.3727134193161986131 6.2585565147938293507 3.4936107158937588224 5.2611406651280177016 5.427322949914332284 5.5810317691641877502 2.79503e-09 5.09306e-06
93535934.291581109166 5211 3.1126533293888032361 0.12353872066462635859 0.26526090436229554648 2.1089030794359806542 0.27154455493457041459 2.0030533740314062641 1.8875715490737130509 1.7701795113013969463 2.07199e-09 4.60942e-06
93535934.291581109166 5717 3.135684913247265726 0.13969972588749660081 0.17202393725569933847 5.5001247824568046951 3.2892007237376819084 4.4505179324506656258 4.5884106856721462719 4.7270381505287577539 2.31886e-09 4.78566e-06
93535934.291581109166 5643 3.2950156379735018319 0.088681997485756766664 0.080029745575764255072 5.9454966909633863992 4.056463352616465734 0.038574909542171631482 0.03529377750583460871 0.032164504575743296799 2.47115e-09 4.88821e-06
93535934.291581109166 6842 3.1882746933110377441 0.044637796964167981983 0.090988668605975972503 3.1858256944495457752 0.72951827843005478957 0.74675124054792796358 0.71690687820843401745 0.68757734165919304203 3.94698e-09 5.71398e-06
93535934.291581109166 6572 2.9565867572433206512 0.15397520197672959208 0.22430476839820975843 0.028760321350894450798 1.5104964354205450139 2.6091216214499746151 2.5249125620145287385 2.4358640893780729719 1.66053e-09 4.28153e-06
93535934.291581109166 5131 3.5329625127346089286 0.10860969251719349016 0.30135679064283332762 6.1441581521515500341 1.2566318863772765191 0.017426756390261342183 0.015626558130020659632 0.01392943152841634967 2.25296e-09 4.73989e-06
93535934.291581109166 5534 3.2229959925336677529 0.16830691560831131937 0.073867747853537515934 2.8867626643111417017 6.0049807862929123203 2.4293834037221007094 2.3111470278157075775 2.1868974701831445095 2.18919e-09 4.69474e-06
93535934.291581109166 6119 3.1412511993236575947 0.13391271706867002855 0.21961266156331374355 5.2365335023107100199 2.5721321793406186629 2.2130616215400777946 2.1009428539294727756 1.9854119355488193399 2.96829e-09 5.19619e-06
93535934.291581109166 5257 3.2254271781223629034 0.10803589401565166783 0.27961625135144474452 5.9384659698022019825 0.52054479500262973435 4.9721624646665674163 5.0753511204771593057 5.1763483932064833226 2.20895e-09 4.70882e-06
93535934.291581109166 5240 1.7041829102777208416 0.28501605204265240134 0.32905099579148516797 4.0502036356176445153 2.306169554377755837 3.4001658554892060238 3.4867187975292606161 3.5831441130559325003 1.54708e-09 4.18172e-06
93535934.291581109166 2850 1.6950110067770731703 0.25234995888077194071 0.58559693302860815756 1.6415892216379641688 5.4333702436463910956 3.8239012242827570276 4.0030458592948079399 4.19452645638224908 2.86233e-09 5.13362e-06
93535934.291581109166 5957 3.2186990476633212666 0.04439207207201927019 0.085411116963996294715 4.9119308314146845618 2.0854590347949937268 2.2814090685887036258 2.247253466201205363 2.2126367254944891982 3.45473e-09 5.46581e-06
93535934.291581109166 6103 3.2993948861140323103 0.086712124001886020652 0.21085702440853701378 0.17533973522545892587 1.8841634720992204155 4.4480906379580993359 4.5328614049190596447 4.6181799056210230958 3.07621e-09 5.25842e-06
93535934.291581109166 6335 3.0950639289816823663 0.041304685895531344231 0.23282400812171100135 5.1124169291524808045 4.8687948662203295314 4.1274463000571941507 4.1622925671949593251 4.1975037431272204103 2.80706e-09 5.10036e-06
93535934.291581109166 5252 3.117867573553916305 0.070038577779966221248 0.13449981775085645408 3.1859073537143252075 3.3485098210102575145 0.97605149896681542288 0.91910230707857520915 0.8634176133916543483 2.42859e-09 4.85999e-06
93535934.291581109166 5034 2.8323558121541592136 0.14882985097216952508 0.17620382408941251406 5.7308538541169706804 6.1839261605149173917 0.73697682440940526227 0.64174821531582448841 0.55265914811559124775 2.20492e-09 4.70595e-06
