33806981.519507177174 0 5.397767354717598387 0.026924823205167106033 0.015560052443549680923 0.11094912690608450812 0.035947795775518390227 0.15632554221225006263 0.15218790615100552532 0.14810607302896280912 0.000954961 0.000356051
33806981.519507177174 1 9.0226584579813096099 0.089736835010418181113 0.059889920667811347155 0.92422665695242944839 4.7650132178843671582 5.4381268873769572636 5.5034146061106890002 5.5665100455034091098 0.000285285 0.000238018
33806981.519507177174 6992 2.3705701681016306814 0.1610493505359088251 0.55404732810253820574 2.2978783056332003909 3.5094843406797382457 2.4165227416022836415 2.3021966418704167268 2.1823372982792457186 1.98059e-09 4.54062e-06
33806981.519507177174 6819 2.0760943678488570363 0.39398306208322408928 0.41610810538683262738 5.1069712807356877349 3.5278358812156453972 3.34751886220294681 3.4524910531540724534 3.5730160227841341047 2.46721e-09 4.88561e-06
33806981.519507177174 6751 1.4735891349229672809 0.1988998313135139917 0.3476245524504694151 2.2010139770198118292 1.1768649286647390184 2.8802831683792771145 2.8228173193660097695 2.7604813506683334445 2.66624e-09 5.0136e-06
33806981.519507177174 5931 2.6641998442097301059 0.31795783354009982125 0.69924230369670581364 5.4509052258551022874 0.89612920625010061837 0.29506287863840918728 0.21300510676309031277 0.14578944348153305421 2.66585e-09 5.01336e-06
33806981.519507177174 5740 1.6109638643272026215 0.17524111202307035562 0.18255839385303579414 0.46883876229975329775 4.6718398263909310941 3.4705418373838332613 3.5327772294194885738 3.5995938218033627365 3.09097e-09 5.26682e-06
33806981.519507177174 5588 2.7038359489133942937 0.29101385278836938708 0.16574018641751736558 0.21164331038462833035 1.2220535830501622065 2.7119778901196398557 2.5689568323734390809 2.4112711880816619647 2.40685e-09 4.84544e-06
33806981.519507177174 6582 1.5785021839569790547 0.28975298018879669382 0.19724693731560155596 1.1614988519625080166 0.49215423156173809804 1.6191481969788787953 1.3234324089913411804 1.0424991526372326955 1.86721e-09 4.45227e-06
33806981.519507177174 6171 1.7044804974376754902 0.062675072059823921933 0.066514771691483509652 3.4648981851749680594 3.1586554840999041538 5.7797293358401331531 5.8091854949972558941 5.8377934538482696425 2.39216e-09 4.83556e-06
33806981.519507177174 5921 1.540739881139029599 0.13334649061575531981 0.28201657335906626933 3.7729800858948903119 3.4165677420761433325 5.7730963153414140976 5.8348644732744663344 5.8926638991854050076 2.32801e-09 4.79194e-06
33806981.519507177174 6443 3.1947832196458940679 0.16656636361155841008 0.26081544733917366719 1.605912922805786458 2.5661397900289970586 5.5787026914028245983 5.6807227738021257579 5.7751114640555396562 1.88164e-09 4.46371e-06
33806981.519507177174 5990 3.1184967383031443333 0.068057818139225637055 0.158718542099407528 2.6890484827644471899 3.474926634314107865 5.8575901733710509234 5.8848730223000247364 5.9112701522257404818 2.30118e-09 4.77347e-06
33806981.519507177174 6883 2.2677518974047705669 0.16471401684084918671 0.21850651746142127352 1.2049987056090112336 5.6413223718430227649 4.554876362436404591 4.7204492332575025415 4.8851578995838496056 1.23696e-08 8.36184e-06
33806981.519507177174 6035 1.8679255088667192641 0.11584476637055475534 0.14298129098221978861 5.2908019292978449855 4.941067308563339644 1.7796850056083441949 1.6647153444207110073 1.5493811233081258294 1.91047e-08 9.66563e-06
33806981.519507177174 6793 1.5294325845972291944 0.33438564832375478053 0.21037350460321391221 0.068208265413700105984 0.50898701050875660989 3.1223001289279004311 3.1142774228778753454 3.1051447375286729269 2.0508e-09 4.59365e-06
33806981.519507177174 5467 2.9693502245917993143 0.1436394973636249961 0.13182377311831147693 2.7485996266720742476 2.5477189132215580791 4.2372805293466404564 4.3698670962134240625 4.5051626689272330495 2.43648e-09 4.86524e-06
33806981.519507177174 2413 1.9469516148239349729 0.26913719972771538158 0.5481900947865642193 3.0788732688072495414 3.2773483218787018423 3.9158382135111113875 4.1275880497333243824 4.3520005666300356495 6.11801e-08 1.42469e-05
33806981.519507177174 5694 3.1206459858297712628 0.068348047779280898806 0.2913376879627779803 2.2037207277417487639 0.64609520035784051561 2.9153446939004248328 2.8994656089901078566 2.8830779229010099485 1.21025e-09 3.85309e-06
33806981.519507177174 6054 2.1932839193879707373 0.38692424303239408845 0.13905282602052632113 5.9068521128570523615 1.8405637388658639964 5.2630051812431766223 5.5709546102626772424 5.8238188209170367315 1.3494e-08 8.60789e-06
33806981.519507177174 6484 3.1431934675540929014 0.14881769229002428379 0.23898011375831310077 1.034946619649052435 0.80444557299207242185 4.2238239881906096684 4.3605631467897447706 4.5002650222142381864 1.88476e-09 4.46618e-06
33806981.519507177174 923 1.7143676113628629754 0.13622882459814492084 0.094235904921522659072 0.98179720748471444036 4.7130883297780927776 4.5362384608170609468 4.6724120791387413476 4.8085320610062760593 2.53731e-09 4.93145e-06
33806981.519507177174 6411 1.0877082093703362986 0.11668171994877157838 0.10240547583623639538 5.1058420182067827398 5.5440091636697506061 4.1155551452550218627 4.2156066249273633773 4.3181839329288775886 5.10394e-08 1.34117e-05
33806981.519507177174 5448 2.1048147238463048581 0.27020634009849980872 0.066799604897702424822 2.5551685077379402422 4.6857073761821448343 0.1852633358002885311 0.14059853593884244494 0.10273296255225902729 2.56033e-09 4.94632e-06
33806981.519507177174 6528 1.7659250613722132783 0.11633147808787064337 0.30886204187190963166 1.7609065247793365128 3.3975908334201947447 5.0621798392783672327 5.1695853670428482118 5.2739688616643629615 2.31313e-09 4.78172e-06
33806981.519507177174 6764 3.2674659003526458356 0.023095292325912831349 0.29447733897178546281 5.8863952987887193657 0.84887225980791003455 2.7386456095211313411 2.7294908211237380868 2.7202403232594090099 2.4069e-09 4.84547e-06
33806981.519507177174 5259 1.8341388764139134882 0.11360236765234199563 0.065628376847325253785 5.9299682092642838072 4.6182443378464892447 3.3484869064838260755 3.3732805967350394383 3.3993660509514902479 2.21606e-09 4.71387e-06
33806981.519507177174 6809 1.7375743944315629186 0.025618284831148956798 0.1586091347272028107 2.2781773051000584474 3.1001452860139870893 5.4268582106046725499 5.4460527765366837372 5.4650801461384670432 1.72631e-09 4.33733e-06
33806981.519507177174 5328 1.7676324824231028909 0.38749871503129618144 0.71042760631211676614 1.2838279704087574018 0.0028775095510356085184 2.9132540394607446821 2.7997883010769064605 2.6699035328676750112 2.1043e-09 4.63325e-06
33806981.519507177174 6498 3.2373700019244537884 0.051149755062756610546 0.12215848314780863859 4.1756656287382893922 0.98366205770934300734 6.1540427743939352112 6.1604711854175491226 6.166732241086116062 2.50157e-09 4.90818e-06
33806981.519507177174 5668 1.476596852860316833 0.29830663062573836708 0.079085938971457339641 4.7334192449967780192 3.310781014321311666 1.7565470011785919713 1.450257643223982873 1.1541155240748866007 5.17696e-09 6.25473e-06
33806981.519507177174 6300 3.2694993013287421135 0.052549324548339014507 0.24286288155623400598 3.6157970052565118202 5.4244127919104361268 4.1562806222046377869 4.2015633251153330363 4.2474042630133785892 3.26125e-09 5.36181e-06
33806981.519507177174 5204 1.406323868849983949 0.46025921509128320253 0.4546826666480836554 0.63599836709594226303 3.3324980836827156061 3.4752061823689603948 3.6819360511242038569 3.918707427606994198 5.21728e-09 6.27092e-06
33806981.519507177174 4755 1.9410349302301046492 0.017415276887477116469 0.014277512626619649413 0.50043954092583875504 4.3093497249091541335 3.0273962251424291203 3.0253943128928773021 3.0233752373944517977 2.39615e-07 2.24572e-05
33806981.519507177174 3800 1.3840834361337186476 0.091854430020537461421 0.046155739179015761731 2.9984151147315296626 4.0499053871035259888 3.4198232861544548555 3.4462740754211407257 3.4738294202218171769 1.79108e-08 9.45995e-06
33806981.519507177174 5861 1.6686593594827419107 0.26577900708542240293 0.104038781846169201 6.1250556571927115002 0.42447058583495067552 4.6809663632573847991 4.9509812206989636252 5.2092311445038355089 1.95257e-09 4.51911e-06
33806981.519507177174 6719 1.6536640470492194321 0.18286179297311028202 0.21579611043776233958 1.9633057633438200096 3.802153327387890247 6.1457184588724480534 6.168873755143803983 6.1897314760655417487 2.09817e-09 4.62875e-06
33806981.519507177174 6923 1.9115466378771901468 0.55517543079723508104 0.58652580965320877393 3.7640988142692766161 3.6793375512048815956 4.1201539174196923909 4.7079817177255272043 5.2631517566776579997 1.67707e-09 4.2957e-06
33806981.519507177174 5480 1.9041967725554025392 0.53877995305997394837 0.45069678701397480891 6.1929969138159943753 0.38792014499709487341 3.4677167477810320051 3.7254436427809802801 4.0224412826632889306 1.6026e-09 4.23115e-06
33806981.519507177174 5093 1.9618301745600741359 0.16507840658733963224 0.12178630466373403796 3.5145144244343557993 4.3649928765422449928 3.3445387904467933637 3.3810059817775410806 3.4201514748211772066 2.98948e-09 5.20853e-06
33806981.519507177174 6676 1.8473845918394529164 0.27008484445723812684 0.10374008183115646098 5.9041661835405871983 4.9564436433582272912 1.3169055146203265672 1.0608363570520034092 0.82511601468204132104 2.23147e-09 4.72477e-06
33806981.519507177174 6526 1.1901810396235217304 0.32256553954883515622 0.21949223869174649959 5.3539786654640586505 5.1470186424474624332 2.6782389067561376272 2.5047651387087546127 2.3129522491336849122 1.74858e-09 4.35591e-06
33806981.519507177174 6951 3.0019758549783772672 0.038893373763637523188 0.082245984273500966077 4.129918675138551265 3.1393355941528851005 4.9443588811540077899 4.9820517766663456882 5.0195395744102446756 2.54062e-09 4.9336e-06
33806981.519507177174 6202 1.7574377052781338104 0.33340356940640741845 0.25554018519264876108 3.7020737231229645658 0.44755081490942122402 3.5397896543399434144 3.697556736077903583 3.873514613812601759 4.75227e-09 6.07879e-06
33806981.519507177174 6083 1.6758524125764258095 0.068997870509577591269 0.092341065782922102101 4.8872083588301942214 3.6578508666304321295 2.0144953199184496562 1.9511862998059177343 1.8871204028766894734 4.91269e-09 6.14644e-06
33806981.519507177174 6402 2.9671116970172199956 0.19981416190340128836 0.22649082190777386492 4.4534906874272053301 5.0313458877925949508 0.098698616985213094566 0.08062447814687993819 0.064532013173498756209 2.16272e-09 4.67574e-06
33806981.519507177174 6242 1.9871169933823338294 0.33678502291905321187 0.27944460963087003336 5.155916913357400766 2.9977085356290404938 1.6757771869377318108 1.3279320576728708136 1.001030615298544868 2.33848e-09 4.79912e-06
33806981.519507177174 5146 2.7809977620687438282 0.073502285276270673542 0.11932480335283061901 6.1513729969813857323 3.2948993140523055168 3.9632739151824933899 4.0185433216014887492 4.0750513208760903439 2.55901e-09 4.94547e-06
33806981.519507177174 5492 1.8796561689447852661 0.27114635553664939716 0.31083548031838664771 1.1432451778552572552 5.2526234101883648719 2.2335006132220334152 1.9965453434905446883 1.7496043201084219287 4.51271e-09 5.97488e-06
33806981.519507177174 5047 1.7308559738736599698 0.10571833555093200496 0.28702520326262159767 4.2777136317022419476 4.8948381357889250154 0.28404416799150555839 0.25577483748189172585 0.22902861506068819542 8.23744e-09 7.3021e-06
33806981.519507177174 6657 2.3501939063093160165 0.14893286468016747603 0.25234434183696508036 1.2577020931378173341 0.25971594984053286703 0.55184227372085337127 0.47806557786498071749 0.40954715329541202529 9.52311e-09 7.66378e-06
33806981.519507177174 6413 2.7542680300405582017 0.17933591650500055326 0.19501555510238419155 4.6909063910293262722 0.36873597472526581376 1.4020378330181593185 1.2269194271745664793 1.0580827878849159429 2.71272e-09 5.04257e-06
33806981.519507177174 5928 1.9267485329509543845 0.22739180980037504431 0.068872443702664529197 2.6030809287071163816 2.3389205129455192811 0.97218715607543004786 0.79391809299786975096 0.63176373270212549116 1.85148e-09 4.43973e-06
33806981.519507177174 5018 1.4861268734022761162 0.29132840780964253113 0.17218812983840486863 5.6735571165117208992 4.8312931031714079211 1.9184599709906091647 1.6256382433767759821 1.3347478306496847189 1.65949e-09 4.28064e-06
33806981.519507177174 6118 1.2150016253739335248 0.29067729107965312174 0.12438993750511555259 1.5708383177800140373 6.1713091945072360289 2.7436607296086776842 2.6104645911295869531 2.4632347062296915396 5.68798e-09 6.45411e-06
33806981.519507177174 5423 2.0478303945030407185 0.44283147378354564827 0.69638624300752616225 2.9498403775681536487 4.7200548213943944731 5.7162310649660597051 5.9249969114378249202 6.0802439642125198915 2.52578e-09 4.92397e-06
33806981.519507177174 5626 1.1077202450949610313 0.18803751296505843982 0.1738822649627430883 2.45820077272806925 2.8668652813339985386 2.4129360575965739244 2.2771874610649782689 2.1341455737537597948 7.93289e-09 7.21097e-06
33806981.519507177174 753 1.4357152662550027866 0.29871490287500518379 0.11957152877820272086 4.9230333199158993196 2.2046848510057390769 3.7257388866704856945 3.9183634716583721769 4.1277566703468506759 1.27811e-08 8.45356e-06
33806981.519507177174 1124 1.7406995634340498569 0.27918660708278703053 0.1935121515263393821 5.0385961048976088961 5.1759476742280838835 4.4163987701645783801 4.6987797927463272885 4.9779405461540493505 1.32419e-08 8.55396e-06
33806981.519507177174 5020 1.7459865786483623751 0.28542875468912048964 0.26795404305123438071 4.3775287967256764077 3.4801008583131154417 3.9214774678004427066 4.1491611297364858757 4.3905014488004612261 4.40916e-09 5.92883e-06
33806981.519507177174 6161 1.9209215024833092844 0.2954897724347721466 0.18301465181918619152 5.920675963585196655 3.7598271714889599515 6.2172731614900014208 6.2345710301262364794 6.248930394201019034 2.19638e-09 4.69987e-06
33806981.519507177174 61 1.8295124467274628266 0.14622521121293433066 0.052127796769247343456 0.77890084895430800049 5.3365403128626605067 0.53002986720241151986 0.4601660560903677033 0.39522789370030081413 2.97121e-07 2.41265e-05
33806981.519507177174 6451 1.6568245268496519795 0.39669946825953184 0.21315951356693099705 1.145704368638765791 1.6769815161868606435 1.9256157305345020792 1.5136094131438435628 1.1175584398049984713 2.57122e-09 4.95332e-06
33806981.519507177174 6702 1.8720054637634169215 0.29471997106689856727 0.31352452391585267089 0.72805868641700222099 3.0790402878605243053 3.0501305544264769587 3.0177427801344638425 2.9813349910888495842 3.70623e-09 5.59535e-06
33806981.519507177174 5132 1.4682902393820083109 0.24808197264166875762 0.27137990976129350296 5.4079669751608410166 1.0320931936350385971 4.965236751776311408 5.2006939570739358913 5.4197824190321179927 4.5221e-09 5.97902e-06
33806981.519507177174 5470 1.5426604888651902492 0.20441908451018758752 0.29294399575051088824 1.5410410860229695196 3.7893275142334723604 1.0323097940353116453 0.86426614235398480091 0.70878109265083233392 2.3944e-09 4.83707e-06
33806981.519507177174 6270 2.048586151386547094 0.24998659539596582158 0.19905256170015775408 5.2736409018855372466 3.4610995882318538186 1.0614856416911808701 0.85339365934391919755 0.66502480177639999859 2.07589e-09 4.61231e-06
33806981.519507177174 2778 2.1060686206998298076 0.49057932425852635028 0.47478377765200852068 0.026389697426905830285 5.688053539366832112 3.2218605689296873074 3.2787543622101638086 3.3458322714564516787 1.15158e-08 8.16485e-06
33806981.519507177174 5605 1.4308913175195607792 0.26336031289316208515 0.32443598330125322793 2.8631271147313537284 4.0402239893064919585 3.3963823394265242328 3.4739855493843094791 3.5599215678432729604 2.44051e-09 4.86793e-06
33806981.519507177174 5518 2.0984453304759873582 0.050113716718986567322 0.15937395587850650136 4.9720101601139514713 0.084003563120414057042 5.2938788377966954357 5.3352073275136806529 5.3759115759015365654 1.73658e-09 4.34592e-06
33806981.519507177174 5490 1.5582468657427839265 0.14191337511363238955 0.29626863539420678073 2.0373180640657455598 4.0195837133369591854 4.1124791659315285131 4.2349939117868853344 4.361040635751820993 5.31486e-09 6.30978e-06
33806981.519507177174 6726 2.0738478312822947736 0.55179377369634263761 0.34157848656094114137 1.0356542376705792918 3.2717661931395909392 1.8081243811654810205 1.1983494591687440245 0.68438681536077805578 2.92983e-09 5.17366e-06
33806981.519507177174 2768 1.4832379647991780214 0.033936659044580284872 0.053615396605870654922 0.45193302179731992263 5.7581653056856421102 1.3405556708382617703 1.3076355311161493855 1.2748672239243996618 6.51346e-07 3.13416e-05
33806981.519507177174 5194 2.0347989310701923849 0.34557876828844086292 0.25053360858967105296 1.9427955577356430528 1.0275371690797137081 3.1339302974433969062 3.1306054805982355127 3.1268086232814016334 4.75382e-09 6.07945e-06
33806981.519507177174 5310 3.492658890224785484 0.045595985328249911961 0.33663112125063010538 1.5397680651179246336 3.2718109765753231599 5.4512635170074812407 5.4844735821696017908 5.5171411881654561782 2.51895e-09 4.91953e-06
33806981.519507177174 5888 1.6122413099609975706 0.21922438789435974571 0.36653055860835520585 2.4627915296810063417 3.4537806828090280575 5.1594753772108141732 5.3498486749299587473 5.526019635064685076 2.79797e-09 5.09485e-06
33806981.519507177174 5964 2.1760798474823976889 0.18651786386437835263 0.4454420883238969231 3.4578597311766943179 1.8595963303344937856 3.4873647732093382423 3.5573043491181208786 3.6326279307461710744 2.1711e-09 4.68177e-06
33806981.519507177174 6639 1.4747016695419183918 0.27012087416383095961 0.18650907071431757633 4.5912783639382954703 5.6296117001273442426 2.8045159113902426995 2.699995356456298623 2.5845499956147111043 2.07227e-09 4.60963e-06
33806981.519507177174 5312 3.0091863478479776717 0.070653629384394581181 0.14819068532989262965 2.2421616443448337819 2.6534075896569957465 3.4400616880092149685 3.4615909345891937576 3.4838160884915674309 2.46345e-09 4.88312e-06
33806981.519507177174 5289 1.9059596039049342409 0.08366649406795167998 0.26346631339497544877 0.17895305266649005893 6.1929515891780031467 5.9000488580535783711 5.9302063964452029765 5.9591294507546965775 2.13423e-09 4.65511e-06
33806981.519507177174 6734 2.0268041613371465814 0.21630200216639811073 0.21834076781195421724 0.79871470663099686238 2.3493394955030395543 4.0824232406717460009 4.2709294061324634129 4.466494321091627917 1.24231e-08 8.37387e-06
33806981.519507177174 6073 3.2304967940225566281 0.064810409958046683032 0.24127063501740447782 3.1761027526871394855 1.6307984726035198442 2.5021212060759281393 2.4623739972414870891 2.4216610516739636161 2.87152e-09 5.1391e-06
33806981.519507177174 5364 2.6242774015505472285 0.03829591724314923562 0.07259158832628925806 4.3118936894294090933 0.078204459831622719079 0.55745820397345191566 0.53751587906114373094 0.5179082256153733077 2.91675e-09 5.16594e-06
33806981.519507177174 6028 1.6415716370180115646 0.31873550692142094132 0.16151194500767662721 1.1658231508391083686 5.3233083205245366187 1.5232327142427268818 1.2016565972797688122 0.90439172363551556533 2.1303e-09 4.65226e-06
33806981.519507177174 6691 1.701599738269332196 0.37242384287578966795 0.34808463609265005712 0.95453208426508462381 3.6144742949765800155 1.3268207142603638538 0.97241117653948028199 0.66469733528681418377 1.99622e-09 4.55253e-06
33806981.519507177174 6521 2.9798651036401655468 0.093273682507209978998 0.14085808291964552197 2.639326458413159493 3.8108423525984695956 3.7642259109528133365 3.8208760502550855875 3.8794739029447784517 2.953e-09 5.18726e-06
33806981.519507177174 2010 1.7994756218830412209 0.16488850646395158961 0.26506123037235823636 0.53936876544057221761 3.6047176315943376679 0.38140575450452973705 0.32404363434554733781 0.2715427481534414822 1.54172e-08 8.99881e-06
33806981.519507177174 5455 1.9186500936906312198 0.35423224191332636224 0.32458260877185446391 0.55178227784384004106 2.7839484706307695561 4.2307811234706846903 4.5816542160317652588 4.9328635730120886649 1.18753e-08 8.24895e-06
33806981.519507177174 6780 2.0218743926583138126 0.45026650213407887202 0.22030164627932519172 2.4668742540525956386 2.4754755458103789856 3.0365949867739279178 2.9713080068099357867 2.8950045460064695035 3.2776e-09 5.37076e-06
33806981.519507177174 6017 1.7978514664935920653 0.10559377111184502229 0.14191161420954265249 5.6408256449226312768 2.072327839898134183 2.2273642486856104483 2.1407428789744984421 2.0518403346792486452 1.07446e-08 7.97837e-06
33806981.519507177174 5540 2.0238844128903190622 0.50937740056728264548 0.45139500668303150777 1.9149486207316184228 0.9204697827674341859 3.9255692813888543036 4.3962916478618350169 4.8804323703702081616 2.31531e-09 4.78321e-06
33806981.519507177174 733 1.7020485637723259398 0.088859337843572638871 0.12321822339066595964 3.9778935963446282464 3.3702970858893168682 4.6567885648238034335 4.7458479801407182919 4.8346575834027838425 4.51209e-08 1.28719e-05
33806981.519507177174 5469 1.2869194137959074631 0.35641203650742153686 0.24195468161444680377 0.089405270032406863878 1.0733063436979159988 3.0795828508524683009 3.0516018401674553928 3.0195713043660754593 2.51139e-09 4.9146e-06
33806981.519507177174 93 0.97014448969596722705 0.049146129494873048993 0.014069933977646506898 5.8420215762771228185 1.7957819055673307496 3.8491119310524206654 3.8816795340571235151 3.9148213280953845228 9.80253e-07 3.59167e-05
33806981.519507177174 5525 1.3440433916942169379 0.1127750107404348473 0.094500064834297958782 1.9393828200649847471 0.97063729096854967082 3.7516170224869638261 3.8195562174743367123 3.8902896339416326299 2.22151e-09 4.71773e-06
33806981.519507177174 5178 1.547467811379336089 0.077832910888202960775 0.070126132629565254839 1.2815912022029332107 3.7280411394136012682 4.3819603559887259081 4.456604283696467661 4.5319049056275808596 9.33283e-09 7.61239e-06
33806981.519507177174 3770 1.4444227602910322261 0.060978054467831006857 0.093021409197061769025 1.4406297249621278223 4.4684867273974493429 5.0769931421931069337 5.1333870742100922158 5.1890406165742364308 1.55823e-09 4.19174e-06
33806981.519507177174 5667 1.9105639070646516231 0.18516448983264202632 0.19176608367857847504 2.8761648402145270076 5.1520535564404932316 2.0264883761096692538 1.8520238038842706807 1.6741334095342275123 3.20823e-09 5.3326e-06
33806981.519507177174 6103 3.3074972319377899943 0.070184923127154533185 0.14816119187467174934 5.1302074060146996004 4.8857413279102370751 4.9708841785990989237 5.0381908535184258824 5.104683655013691812 3.07621e-09 5.25842e-06
33806981.519507177174 5181 1.3355681002770998234 0.022543430482611846039 0.069130681389256751213 2.3216312290114804462 4.8780735950540039525 0.904573988577961563 0.88697204026934495236 0.86949722163226006444 5.47157e-09 6.37119e-06
33806981.519507177174 5623 1.0050625783620066311 0.3311941853501759736 0.15425625828363062619 3.828096091594625161 1.0252774320185971124 1.3248881306234603361 1.0101207644790395346 0.72963371105365082414 2.3084e-09 4.77845e-06
33806981.519507177174 5316 3.4915761238669298372 0.050963971456318771236 0.22451101977520473985 5.7141037982873204015 4.1352226723137253117 4.3920172334395006786 4.4408016653666999574 4.4898976184774488374 2.96988e-09 5.19713e-06
33806981.519507177174 6874 3.2629941342567572171 0.094865165744669410763 0.27280475492499994816 5.6585219224311327224 0.6983669847525517671 0.86055989024699786061 0.79066566006164795688 0.72323344767937669531 2.61974e-09 4.98428e-06
33806981.519507177174 6823 1.9314565282407603064 0.26638495830891623095 0.27350496196424367579 2.1709224957174919624 1.2883074843409532129 2.2943668764213041023 2.0719142318460717078 1.8382823533428509499 1.69817e-09 4.31364e-06
33806981.519507177174 3953 1.5198500197905013831 0.21276610831102665822 0.37782647589483486783 5.7819701139590389261 1.2082443125356696623 0.4554685013535257343 0.36918950246228426915 0.29241079605210695824 1.87457e-09 4.45811e-06
33806981.519507177174 5767 1.6672116078806584749 0.42585388759333131503 0.38045719730521965207 1.7557886406266836055 3.695302615082517228 4.7590615828666580356 5.1941092780114992422 5.5715006580729697916 4.97944e-09 6.17415e-06
33806981.519507177174 4189 1.1952591611647280789 0.037941781578481117987 0.051673001566168379195 0.78422326406409181843 4.873658195325952569 0.99196200772569254056 0.96051852496841438889 0.92942565829674550493 1.37678e-06 4.02228e-05
33806981.519507177174 5324 1.8803850679999558615 0.16250748747733878563 0.17514500074669389629 4.8671360127254201799 1.3781687984847741379 4.4541472286804113523 4.6153419425713124724 4.7770847723460345691 4.64884e-09 6.03437e-06
33806981.519507177174 6836 1.7236688229352326029 0.32859742431931665552 0.22710881604207047713 1.7125641763828149955 2.3136887210620531441 0.57820165075823970469 0.41674005421773119284 0.28372983964696030235 4.61039e-09 6.01768e-06
33806981.519507177174 5451 3.2586914158493338611 0.076249943761944521947 0.077807678566921112395 5.6620134637909238506 0.77894524374995222082 1.3279485032632600827 1.2545353742185736401 1.1820670495242067144 2.58702e-09 4.96345e-06
33806981.519507177174 5538 1.6478675062101364457 0.26929913265796079358 0.21459597765694346516 0.98316008521437026069 5.0332305242171377913 3.998796956050337581 4.2257072260430756927 4.4637379422837017984 2.97954e-09 5.20275e-06
33806981.519507177174 6532 1.6062122916693990504 0.27380762749775816589 0.13916129053862708043 1.6252358117305194529 6.2542653973253292676 1.5656410318275337801 1.2884918072556335034 1.0255225754381247505 5.62757e-09 6.43118e-06
33806981.519507177174 5853 3.1253343753582134568 0.15281675736713051794 0.18535457405018848642 3.3828856092307995063 3.3708189379132211805 2.9080318237478812726 2.8695840288186809097 2.828527247055902194 2.34516e-09 4.80368e-06
33806981.519507177174 5360 1.621284683574948593 0.15261461044639609841 0.21071338271146197729 5.8566261387644518166 4.3001046424860707162 4.398020720834220576 4.5472825632481672642 4.6978217478432435783 3.7029e-08 1.20512e-05
33806981.519507177174 6233 3.1219395568958692166 0.11500141369004628078 0.22882662860311916986 5.5588080863626494477 3.4099185014486552703 0.15368749149285923505 0.13697721153925632165 0.12127385265839266126 2.38928e-09 4.83362e-06
33806981.519507177174 5382 2.0713923708100874244 0.32873114201503345067 0.4546952102971997256 6.0984005912818002315 0.21067864935937583026 2.3753678484495335255 2.1099496278552511974 1.8278510718838136828 2.55203e-09 4.94097e-06
33806981.519507177174 6255 3.2491345692608830653 0.12741451952883336984 0.19635242569219149567 4.2839195037811661493 2.0747457826899666777 1.1469001922463613052 1.0333990264946908422 0.9239443586366340444 2.45838e-09 4.87977e-06
33806981.519507177174 117 1.3116849943394539579 0.33979314598807458525 0.063988646548250024959 1.0327870467120354725 4.195880197249794108 3.7155486330182236898 3.9375641123236220231 4.1803611184693059144 1.39228e-08 8.69812e-06
33806981.519507177174 5708 3.1683085983930485696 0.20011638501555886749 0.185185945135359048 3.1576206624444802529 4.0427376210923178235 2.7721717952818467623 2.6916232815304361736 2.6045850702564052881 1.65544e-09 4.27716e-06
33806981.519507177174 6956 3.5075808343318009008 0.092925391341797530798 0.42622746315002713047 5.9848984275778658315 0.24223118164624149462 0.5534383838785802423 0.50636326946972309848 0.46129444639699435093 2.20649e-09 4.70707e-06
33806981.519507177174 2850 1.5690376096902953762 0.29400207892001711807 0.39974276895086868766 2.8214769785187754358 3.5968019219069375936 4.3727311569420788118 4.6689603856979404739 4.9626852579332805249 2.86233e-09 5.13362e-06
33806981.519507177174 1284 2.3077595614225812071 0.19226624349779844469 0.24562402320756765439 0.030187557428093238221 3.9872234806045030453 2.9199056539424952383 2.8727796955352919994 2.8217162398560518 3.64405e-09 5.56389e-06
33806981.519507177174 6722 1.675791424858648293 0.1877932677648658788 0.25588192103268353472 6.2735414891841685403 3.4104774248866500663 3.2073990386394437557 3.221159606905224404 3.2360859838671443001 1.78527e-09 4.38616e-06
33806981.519507177174 5002 1.0030688966931957662 0.13229785514229794319 0.37013891524788933296 6.07372166998238594 1.1104857914821895104 2.737232209175083586 2.6815656121641970877 2.6228290241915832581 2.79003e-09 5.09002e-06
33806981.519507177174 6473 1.9351627404834736979 0.15812352278545074857 0.27241887414972648651 4.8773673292253629796 0.28485815246509843535 0.69967038036131468104 0.60315415303202257746 0.51345970816970565309 5.43469e-09 6.35685e-06
33806981.519507177174 5815 1.4029334772044550483 0.33311683738201014471 0.36473751751746941174 1.6741418973310062679 3.8557631842909705355 2.646340602536062736 2.4550055205190637331 2.2438423175111505969 2.67562e-09 5.01947e-06
33806981.519507177174 6211 1.8326830920084962173 0.13482462295208330616 0.27178548630325732871 2.9264944816529072646 5.2933412982497092258 3.5886033401780097485 3.6509392521745036575 3.7166806672969050496 2.33777e-09 4.79863e-06
33806981.519507177174 2174 1.1260075172112999908 0.22053008315681763007 0.18310692773644304809 1.9167806563789258067 2.0626175068926975165 5.2249626749531259406 5.4089255819329862263 5.5780873233717498394 2.03153e-09 4.57921e-06
33806981.519507177174 6225 2.0535700605866180624 0.33194560777478082647 0.25674458875685624015 0.48868820305430393791 3.2355951235661373211 4.0934806353519306299 4.3999308721919998533 4.7158039479476254741 2.38341e-09 4.82966e-06
33806981.519507177174 5873 2.0154893593347726899 0.4453558257792867292 0.1111739555618898867 2.1161478367311379323 0.94247489204205570079 5.1663848894225123942 5.5446917866882250436 5.8444940429103118262 6.23622e-09 6.65514e-06
33806981.519507177174 5741 1.6838761553680692273 0.32694254145766749042 0.1731905440949963737 2.7560352340496980794 3.4242622331109195954 1.9539851718432970085 1.6242957527924788419 1.2978209853519651062 4.83963e-09 6.11581e-06
33806981.519507177174 5780 1.4273014501148133526 0.26443188256104610545 0.14748950501143973102 2.4364168730595805457 2.9346705925704412721 2.7758094881863200065 2.6657790832634815636 2.5446529397119257432 1.95079e-09 4.51773e-06
33806981.519507177174 5080 3.2286880602596297329 0.15192528685372447272 0.25864385329608785558 5.2097428140061401436 4.4510400733616277691 1.7924007053688126856 1.6410685412685783735 1.4895182175936643176 2.57476e-09 4.95559e-06
33806981.519507177174 6155 2.2100747385567207637 0.19877127869082231171 0.15539162093400693543 6.1201375345563349128 1.853143702099755874 1.7764731158659505805 1.5764857715984386122 1.3777177099904349689 3.03729e-09 5.23615e-06
33806981.519507177174 5782 1.9303833992223764504 0.29477309716765287551 0.20588773646957728158 6.0355863000490428405 4.4627939576927628806 1.1719749813382318582 0.9110175175683211668 0.67810909056172385956 5.0598e-09 6.20718e-06
33806981.519507177174 6417 2.1324755895904989877 0.27152049281933227087 0.6766400883673571176 2.4793427060049486599 1.0948337465868629437 2.4786971718811225962 2.28813819913344485 2.0835323570268160509 1.63097e-09 4.25597e-06
33806981.519507177174 6237 1.0773665734244659564 0.038792130687841604175 0.20542776706261264841 4.4018189886611773787 2.2380342981914882472 0.33281503900106806926 0.32036516627807853919 0.30814901349418755139 1.89473e-09 4.47403e-06
33806981.519507177174 5750 1.4338154226404442593 0.34482201749848717665 0.054959795309176329159 2.3263478167758471216 0.976634110528986632 2.7008350897650097444 2.5204681484771578326 2.3197989741983637835 1.52873e-08 8.97346e-06
33806981.519507177174 5661 2.6911425624132676582 0.30148950289471471153 0.14639769396134513779 1.1338304964942242936 0.47440973168540939708 2.9131737701998066115 2.8309594096072254743 2.7388056352949567973 3.01386e-09 5.22265e-06
33806981.519507177174 5643 3.3272143027080867128 0.041363757516511223677 0.083882887441724451882 6.1631605501207564757 5.5663159894823523999 2.0446086169998700655 2.0074392597522994208 1.969956395994559184 2.47115e-09 4.88821e-06
33806981.519507177174 6335 3.1060756142650594036 0.089855780598174492257 0.24376112785466469424 5.8193971052692736734 2.8572689059177003301 2.6071611505159677513 2.5594608996455145977 2.5100576682620254765 2.80706e-09 5.10036e-06
33806981.519507177174 6290 1.986230065864862393 0.38388656119999120531 0.20498395875566835511 5.6158412686818239834 1.4198987706429242461 4.4513189088296947205 4.8524515311795299866 5.2325787933007585906 4.66797e-09 6.04263e-06
33806981.519507177174 5215 3.1959627190180937006 0.34163965833325043997 0.30209092685884286755 4.6689505590238038479 2.9261923178438644655 2.6885007293993674615 2.5058106086777378607 2.3029426102461503234 2.09099e-09 4.62347e-06
33806981.519507177174 6358 1.9374024903422428778 0.37458014953917279088 0.16892812771874055056 1.2359339579426478206 4.8909151987646231063 2.8821612553781377208 2.7595263529816751458 2.6198684232392159821 2.40091e-09 4.84145e-06
33806981.519507177174 3761 1.0493030880401339466 0.16382784664830410404 0.12790674373510371731 1.0021791192539997173 6.0856903020752586286 4.893016539062030823 5.0525670337840553614 5.2070067702535052234 4.38307e-09 5.91711e-06
33806981.519507177174 5048 1.8389373007524250081 0.042892207334969019439 0.42030440548789532729 0.56811651786736439007 1.6095590709453284628 6.0645211927625508608 6.0736388652454422754 6.0825611428539678727 1.54672e-09 4.18139e-06
33806981.519507177174 5673 1.899912034150835316 0.13633232468470840582 0.42284772834564959831 0.38165873661183807863 4.322849103606049681 1.9588345409230436545 1.8288565994201151366 1.6970386707293116935 2.67237e-09 5.01744e-06
33806981.519507177174 3324 1.1101622432733075918 0.36834186241316818622 0.27255046843429098224 1.5025541934736394989 4.9222092687763776553 3.062250177140680929 3.0248857378709610444 2.9819952152104649556 1.99813e-08 9.81126e-06
33806981.519507177174 5034 2.8286032165831502816 0.17794283325577242572 0.13890870421013584712 1.0309019313884271174 2.8437744784145446708 0.131473036085355377 0.10987895967049951529 0.090366106016612657292 2.20492e-09 4.70595e-06
33806981.519507177174 6957 1.5266315614855472393 0.19114893720489772866 0.23639106436797435729 5.6429698816459463728 0.16828737207340063731 2.1401554993486646694 1.9691670534769605272 1.7929861790454904025 6.68595e-09 6.81142e-06
33806981.519507177174 4112 2.0638472067462476645 0.3077315866249004106 0.8210533516048781344 2.7516416216597758826 5.1601442620114701398 4.1089785216853957905 4.3922785400205519579 4.6843775686706852213 1.99037e-08 9.79854e-06
33806981.519507177174 5344 1.7438508672668300292 0.19450935248690554014 0.15546613177278958973 4.1995692908334376625 2.6305025997611202193 1.8363746144145220995 1.6424717192064117732 1.4484617853228600737 5.14004e-09 6.23982e-06
33806981.519507177174 6577 1.677965946164854838 0.26029534792295055956 0.28184104351491939822 1.4243382413068184089 5.8876374141836080867 2.5436006439356426689 2.3765520571642491099 2.1962802754310515319 1.63583e-09 4.2602e-06
33806981.519507177174 5446 1.4753603129394068372 0.20373203193542072098 0.035197779479370493172 1.8573166325856402814 3.169678172441177999 1.4369069906098297373 1.2363000627169578038 1.0438597151271482577 4.99881e-08 1.3319e-05
33806981.519507177174 5123 1.4484127673307549689 0.35988272275241961484 0.14587480337670638564 1.0879248473795499752 0.79318434863162756709 3.1249932497772578976 3.117398956932642573 3.1086929128895448571 2.85229e-09 5.12761e-06
33806981.519507177174 5200 2.2128835169432830021 0.56074163412471023094 0.21617005703184488663 3.2901893862535271928 2.8675254298106422901 3.3891473729813403892 3.6022992426878066574 3.8515943959582061851 2.18438e-09 4.6913e-06
33806981.519507177174 5511 3.1490958521812948412 0.075425637635620740307 0.15952945714395094789 1.3884885423569570673 3.1206465025169887184 5.3865722055986093864 5.4442049538309396084 5.5003187738812240326 2.90982e-09 5.16185e-06
33806981.519507177174 5957 3.1683936680887532233 0.060323745315893899377 0.1004021078273414358 4.4329443833898771743 2.0421615122146756782 5.8667051815084212407 5.890473663071047028 5.9135592611064655699 3.45473e-09 5.46581e-06
33806981.519507177174 5962 2.8989770305399567007 0.14567743884179487623 0.1661675353656342502 0.71337539430427387988 2.7081920616126406998 1.1888009447652532202 1.0567023512610898006 0.92985538012279167486 2.88829e-09 5.14909e-06
33806981.519507177174 5160 3.009587567243069639 0.060273784900050045299 0.2070475997361397591 5.9654411879962534471 5.1073440678017476557 0.65379847813635816323 0.61796809026042431867 0.58304665062087090988 2.48083e-09 4.89458e-06
33806981.519507177174 6891 2.1494386427685641117 0.62856318399013122455 0.51018319616681662154 0.88681980952610284241 5.3234962892892960795 2.4724920662715659248 1.8832036562252796319 1.2850651715046512713 4.39964e-09 5.92455e-06
33806981.519507177174 1399 1.5391693950985667616 0.10689972148221686676 0.19096568445980283135 1.6998887652086625 3.3289220182163177242 3.9689427980310414412 4.0507874123378790898 4.1351322835889510188 4.64728e-09 6.03369e-06
33806981.519507177174 6752 2.1669458210583090185 0.39042692459231220781 0.14046126046146986677 0.94058037026364105238 4.6973138048615608042 1.5276204826673795978 1.1302831612515631399 0.77712913689222995473 4.12549e-09 5.79885e-06
33806981.519507177174 5597 1.6506718066581849147 0.29441352383184166142 0.3264879371485521764 4.1754885729855804044 1.4406089330925302416 2.3509699895320670393 2.1127478912834747327 1.8605227422336689802 2.41109e-09 4.84828e-06
33806981.519507177174 6928 3.1976238885791903321 0.13018559554906131148 0.2123320550069352497 2.2866717359828934164 4.7409571498166087622 1.9012189548528759531 1.7750374009691394228 1.6475576876470707788 2.08658e-09 4.62021e-06
33806981.519507177174 1123 0.75467081327873541952 0.074146164522331442503 0.059560614251757730553 0.11461629228460280816 6.0043532741995777613 0.24085375928180308147 0.22375987370710112567 0.20730703828293378654 2.24876e-06 4.73694e-05
33806981.519507177174 5640 1.3752571109993163567 0.21954612953629731864 0.03838002866833785387 6.2773894493806148276 5.2913528019147824111 4.1959477869719155052 4.3997320115130307272 4.6086344740062425984 5.24602e-09 6.28242e-06
33806981.519507177174 5842 1.9590964248662323666 0.29520140326961546995 0.87001952174546515195 1.1503996721951494919 0.12745113610313107966 2.6312414606710454734 2.461785002401206679 2.2762085746317870516 2.75394e-09 5.06798e-06
33806981.519507177174 1444 2.0677034803543636876 0.35121483318494173265 0.054310341438561060556 2.8317624055458918697 2.3045372113812612191 2.8333978089056026661 2.7005574379955534781 2.5506323076539438865 1.72307e-08 9.33865e-06
33806981.519507177174 5176 3.0873808390217938324 0.16397869387112021244 0.11621972728150824217 1.4268528248055680763 6.2495295673258333125 5.3896821411579107775 5.5118565153681391422 5.6261641898333554224 2.68297e-09 5.02406e-06
33806981.519507177174 6404 3.0939710337036916421 0.19796361131805823019 0.25489390821072599458 1.0658256134551042926 1.3144921715912980531 4.5111944960906074087 4.7104354436818276497 4.9083986772551817523 2.07676e-09 4.61295e-06
33806981.519507177174 6140 1.9291380527745829454 0.17396707503716987708 0.059053863901434432149 1.8001113950184266521 0.47101776954678997722 2.5926536917974738472 2.4938713999750237171 2.3889047531804128432 1.67728e-09 4.29587e-06
33806981.519507177174 5534 3.2575051427022301276 0.13890025624825505512 0.12754491828929970243 4.9914495164809986605 0.34223721614262964108 2.6666996163534695263 2.5986821283726042608 2.5269220621497527901 2.18919e-09 4.69474e-06
33806981.519507177174 5929 3.2256988847618854876 0.14853988615809965435 0.18914405150523491694 3.1612938267740520182 2.4596578849869059624 2.0842220081285138811 1.9493624222936651869 1.8113398217881133689 3.18574e-09 5.32011e-06
33806981.519507177174 6162 2.1522967315676302391 0.19973879810293818093 0.061089195615332214651 2.7056199276252068664 2.096665382084241358 0.5898933039531353284 0.48642758193799545685 0.39305552021877776525 1.62993e-09 4.25507e-06
33806981.519507177174 6775 1.6953351928541566807 0.29068344138698631873 0.15065922610011911464 5.6893895874073869834 6.2189662086033905553 3.0833356758378855922 3.0630262007351509723 3.0402117218635940077 6.39874e-09 6.71246e-06
33806981.519507177174 6061 1.4171430471561450304 0.12466002708110102137 0.27068653146793930642 0.29931292697517974943 0.51786655783401014386 5.0394148457451812817 5.1554646648636648365 5.2680871869481773473 4.03777e-09 5.75746e-06
33806981.519507177174 6920 2.3011710810306107433 0.048419267808435757783 0.11935711977427823638 4.6488839394215233369 1.1945157157328996078 1.0688040630890054405 1.0268290731371823021 0.98539853451535763806 4.48089e-09 5.96081e-06
33806981.519507177174 1810 2.144908290298976894 0.24091340725809959333 0.46476005503687600751 1.0965332952409370115 4.3219827335355969211 1.894379464343987518 1.6543378616886279531 1.4142646555866020819 7.36354e-09 7.03416e-06
33806981.519507177174 5072 3.1047915966613244265 0.062233149342658583558 0.21657357487143258368 1.9038763028103233843 2.0104211785844805505 1.3179574407941596625 1.2581286143031782387 1.1989127537362325171 2.73643e-09 5.05722e-06
33806981.519507177174 5231 3.152073440716835151 0.067570935405365475934 0.25597666361996390672 0.017329359584021424012 4.9288763845353473769 2.6302038013997375288 2.59609459939658338 2.5610358299927131753 1.89135e-09 4.47137e-06
33806981.519507177174 4786 1.6232686950760009115 0.19352322240561187217 0.37576698279584169748 0.47104224900279506594 4.3204212532232579846 3.608954463403009516 3.7053099371613544832 3.8087155892147515068 8.41208e-09 7.35334e-06
33806981.519507177174 6756 3.2143169097301154125 0.037303021418093558481 0.28860703827237488284 2.2738375544769144909 0.65476903109819106774 6.116329683976868381 6.1224152321865155102 6.1283866401084949871 2.22448e-09 4.71983e-06
33806981.519507177174 5323 2.8103254711509486619 0.15258290956828068907 0.13753186083458460165 4.147092223113200582 2.470067045360448077 2.2853577979936905429 2.1634332653620886866 2.0368702122472552851 2.25995e-09 4.74478e-06
33806981.519507177174 5372 1.7686994772459914138 0.18946173977440819436 0.23744140120551510131 5.6430359777936267562 0.2841282541163320241 2.2749938717814988109 2.1199772853205081091 1.9583754513082589632 1.39548e-08 8.70479e-06
33806981.519507177174 5855 1.9900900723136436543 0.17663232652633670261 0.12814517033916023037 6.1176599235504385277 1.1170088129414923461 5.1582028909105170911 5.3125890008056346758 5.4583499988566837047 1.88487e-08 9.62226e-06
33806981.519507177174 6156 2.3242188278097679621 0.37998706737881510209 0.52777954170193985828 6.2052736358497435631 5.7768969261085407751 3.1992108390018882957 3.2275235867617979579 3.2601360596875288422 2.69058e-09 5.02881e-06
33806981.519507177174 1410 1.9153891785493193378 0.17818245660207066017 0.052724052864583065281 5.0623167744776544907 3.9093801111539576709 2.4512947890016758556 2.3285636142090320178 2.1991368015579593198 1.96181e-08 9.75145e-06
33806981.519507177174 5256 1.8608316108145490642 0.36801620203586643543 0.22399421263490615353 4.0196232773295870189 1.3770139076936356304 4.5264106649283002426 4.9101539119631656405 5.2709968043997807996 4.61883e-09 6.02135e-06
33806981.519507177174 6653 1.5437748548530838555 0.089002409233619794726 0.27764551019416616739 4.1236659827831738667 3.8038393501917742157 0.040631355474362647329 0.0371633855071409544 0.033856515980139847977 2.19009e-09 4.69538e-06
33806981.519507177174 6914 2.036863322227584483 0.10048155146979817487 0.26750835956800345095 0.73932757360468726038 3.4258418517499964473 3.3154234075164308315 3.333755394317936549 3.3529455893304849212 4.41745e-09 5.93254e-06
33806981.519507177174 6633 1.2873443860851938592 0.15846713240401633094 0.15907537432741847283 1.6889805481867894432 2.837397459950055989 1.2906491231363583783 1.1409776462677414521 0.99692447480864920806 3.02269e-09 5.22775e-06
33806981.519507177174 5196 3.565879784798399843 0.098413390094578404033 0.1861081541498234293 3.3781627867639643092 1.4507769997428974218 3.3001641283813074601 3.316539430769712915 3.3336688449708491433 3.02458e-09 5.22884e-06
33806981.519507177174 6832 1.6664093996911979456 0.19734015004217556055 0.27852846471522035854 3.4697376100999375304 0.96433494592920143695 2.8148021615533105333 2.7441882529590304607 2.6678124193455983182 7.86044e-09 7.18895e-06
33806981.519507177174 4502 1.2132767769911336764 0.19415426581735567568 0.17231732453686121609 4.6518421130508498251 1.7289540738639188611 3.7072993211673557212 3.8217207725789421602 3.9438229615097091241 4.58456e-09 6.00643e-06
33806981.519507177174 6425 2.2451501216099605251 0.24589079175253364395 0.18319479310886047085 4.7298560148460904173 4.3510551257547325221 0.77335518333052455375 0.61356128376289920112 0.47198159019043861573 5.02719e-09 6.19382e-06
33806981.519507177174 6089 1.960071869978627479 0.51864838300007631844 0.32759657490907984068 4.8072516273990570923 1.8376037762362291694 3.2464555581482015256 3.3274862108433556074 3.4233452788344158613 5.81535e-09 6.50193e-06
33806981.519507177174 6690 2.9173564189767366983 0.12117078255632929285 0.060994602252205050441 3.6095652603451306994 3.0190690675121105713 4.2414891455872485437 4.3528308079117117302 4.4662530069195236493 2.63564e-09 4.99435e-06
33806981.519507177174 5386 1.7525960340071804477 0.43221973974085414749 0.41508124890601455492 6.0442373379859688498 2.6085013848326439323 2.0526267728046350136 1.6097982432775086448 1.1779071972856476336 2.3788e-09 4.82654e-06
33806981.519507177174 5291 2.0418089789941502588 0.44376339351557586577 0.61268597188331153092 5.1740936861888267018 2.480554743992547273 3.1196070194507767859 3.1061742227495687807 3.0904601056367777545 2.6037e-09 4.97409e-06
33806981.519507177174 5063 3.4947092726543789176 0.15592051252093216962 0.4141251363110446948 1.2207834265812291807 4.6806937533532000373 1.1397020153604615622 1.001917024189031169 0.87055317995564274192 2.23728e-09 4.72886e-06
33806981.519507177174 5818 1.6710685900293029693 0.29553598270585301755 0.19332098654030041573 3.6963387263397047278 3.3313174759984591766 2.4766216904436273438 2.2657049433911669034 2.038700143865608716 6.74885e-09 6.83272e-06
33806981.519507177174 6055 3.2111832119377043959 0.074135208752884498851 0.055114711316734239788 3.0709029246796455404 5.3458980613307502949 2.1026159108535518172 2.0374274116119379663 1.9712180750288446074 3.0525e-09 5.24488e-06
33806981.519507177174 5142 1.3743240166424217641 0.41071907772365057188 0.1154963635983202036 0.48841635782447978542 0.46685088077576658572 3.6755553298685459396 3.9422631677146675599 4.2370868016334179984 1.02472e-08 7.8533e-06
33806981.519507177174 6415 1.5856630814807126661 0.49041411770179504925 0.24705969363294585928 5.0579207633373428621 1.7837154618185788735 4.5255006813086744444 5.0541542598293336397 5.5162050313433335091 4.5356e-09 5.98497e-06
33806981.519507177174 6291 1.5845541423237958778 0.2296500025751297136 0.36395855181511060916 0.18808551348899155142 0.29536142313604640819 5.7880499776420091251 5.8882888532418249383 5.9766381060573134931 4.97801e-09 6.17355e-06
33806981.519507177174 6390 3.2341717186845855281 0.069504461050335086814 0.28687217881438764611 2.0713701344645030211 0.91111473150592170445 4.4751896688450631956 4.5433609584222081068 4.6118748935250435395 2.74624e-09 5.06325e-06
33806981.519507177174 6126 3.0144595182055375915 0.27326348147601059457 0.19231727983813196037 0.023315711912146503543 1.6894704013243224683 4.6956928386026133282 4.9730755692155472758 5.2371063634996390945 3.04059e-09 5.23805e-06
33806981.519507177174 6104 3.3537732218400897466 0.042854591891055761332 0.15231913365625707191 4.7316926516328940977 5.7819323277982670461 2.8206289491398219837 2.8068222722542111036 2.7927422972239446253 1.75259e-09 4.35923e-06
33806981.519507177174 6732 1.1685755145711103076 0.13163846492956673973 0.2357212666831756398 3.5638125030404825822 5.6269753877906980577 5.5481392080041169734 5.6326095751414335666 5.7123357053645351655 3.70815e-09 5.59632e-06
33806981.519507177174 6286 2.0933461971363889198 0.36940274868407235731 0.79853817303582275144 2.6294467825890173174 0.79469477506031538372 2.8895036796881030661 2.7723781839274175276 2.6390670305925900685 2.66284e-09 5.01147e-06
33806981.519507177174 5405 3.1861421665313920393 0.020531474429578519536 0.1564134523323888748 5.24418511550285249 4.8202289752827240932 5.1857447865510550855 5.2039349763811797445 5.22203561085499679 2.93677e-09 5.17774e-06
33806981.519507177174 5098 3.2179283448220679098 0.05965269079526867857 0.092214283498299354225 0.67602067239292085166 4.7448798136746583864 0.27725521815323483921 0.26136920416490261321 0.24595474033640610245 1.90652e-09 4.4833e-06
33806981.519507177174 6952 3.2238320313758901392 0.1365091575333500229 0.12881797196776045844 4.932935815810106206 1.7234687601109763833 3.3699616344725886741 3.4032304906077257556 3.4385403582294991054 2.57429e-09 4.95529e-06
33806981.519507177174 5367 0.8026233823448871707 0.077353688070852535952 0.14220779854975981737 1.2295896648949307117 5.6211322134078534063 2.8368170771884484438 2.8126792671838507509 2.7876928768616489052 2.85701e-09 5.13044e-06
33806981.519507177174 5796 1.557308210029975104 0.33976358473042150843 0.29559321008057642954 6.0165159149510012426 1.290765630581990342 3.4766966503021148327 3.6144556164850096813 3.7691965081758191936 7.64873e-09 7.12382e-06
33806981.519507177174 5895 2.1029248556013349081 0.36198188105336154274 0.24061903541838636222 3.8048776414466645157 0.26738839327820151937 3.2198697353046741298 3.2558942839041309369 3.2971793685122618989 5.57854e-09 6.41245e-06
33806981.519507177174 5138 1.7480064791794991397 0.38702280712940767549 0.18086181240655893609 4.7574674899938562689 1.1207253317822143401 2.5330042731232351727 2.258933597199117127 1.9599854259518365573 2.37553e-09 4.82433e-06
33806981.519507177174 5548 3.1955239766713994243 0.11486112035906800855 0.29974785079909394003 1.9331379060400444292 4.3702986577036302407 1.5533125412697093015 1.438330478642024346 1.3244756311305667662 2.11518e-09 4.64123e-06
33806981.519507177174 5131 3.5265978404338800267 0.092042418494137384632 0.24641413202078887856 3.7978430230464832462 4.5392252977693434701 4.9948324363882594668 5.08223605460374106 5.1680548072934993087 2.25296e-09 4.73989e-06
33806981.519507177174 6295 3.25383028135186958 0.022725154517962236483 0.23326643414017791955 3.0660003753798057424 2.7948293543197957334 6.1911943781344467297 6.1932588463662199274 6.1952996858534437052 2.30061e-09 4.77307e-06
33806981.519507177174 6725 1.212622293362162873 0.019316172967638843561 0.15654600306868024506 4.0905846468042472708 1.6020890709201658364 6.0310102994452519098 6.0357856666518383548 6.0405158807238112928 6.2698e-09 6.66707e-06
33806981.519507177174 5278 3.1295437409693058761 0.042159317559576379997 0.30137040788866265029 3.2214447058424249271 4.6034756886521606134 4.0236455862219413504 4.0566483616758404196 4.0900636915731132248 3.13887e-09 5.29389e-06
33806981.519507177174 5669 1.3428918034016681382 0.17906203000762474509 0.3005030327805436885 6.210886453521708539 2.9848338970990093699 0.38143225125151081212 0.3194475392765759314 0.2632145238168490109 5.45549e-09 6.36495e-06
33806981.519507177174 5118 1.2677267967537624305 0.38123497135379957879 0.19469977770146257301 3.5998059657082359664 3.7348519782715938753 5.465566231106985029 5.7187490786196528703 5.9226867525585360497 3.95744e-09 5.71902e-06
33806981.519507177174 5053 3.0011996843919730438 0.099358566373844450781 0.27395284026388955212 5.8315486170124088972 6.0220198448726485196 6.1180252450044259049 6.1336342059454986853 6.1484380619489904518 1.90259e-09 4.48021e-06
33806981.519507177174 5116 2.709298151525683096 0.16384037018212915804 0.10793135854140713248 3.3488433456530444232 3.3009940740451733099 5.3668678464107086867 5.4913199137954196161 5.6079193682436168089 2.56354e-09 4.94838e-06
33806981.519507177174 6595 3.0465972375088274937 0.08834909356593426133 0.24724007120007190919 5.3503527790777996032 2.3914471395872798354 5.849767167199166451 5.8855048116623338572 5.9197207273875358524 2.5233e-09 4.92235e-06
33806981.519507177174 5290 3.1867206059867232426 0.031920125801406733224 0.1079626668111882265 3.0002462105838065831 4.0977322626103545034 0.27919912974493149571 0.27053319394947417109 0.26200269113377400165 2.68653e-09 5.02629e-06
33806981.519507177174 5762 1.9689058562607832936 0.27607977617531720416 0.29892742956828294298 1.783345509918205174 3.0264407398147534778 2.1215665521862998588 1.8640028309442313592 1.5997055753314533 4.50081e-09 5.96963e-06
33806981.519507177174 6628 3.2945974081139861589 0.10881061367648477145 0.20394628166376210787 5.4093750068857762159 2.4043205407178875888 2.6275205467561808526 2.571193965926295899 2.5124397533271696226 2.5094e-09 4.9133e-06
33806981.519507177174 5227 1.8733575362274337284 0.08970924670420331315 0.2618372248758819576 6.142815272956328343 0.97457555466506529118 2.9538741156811654243 2.9363244501851468726 2.9180390377476048691 5.94474e-09 6.54979e-06
33806981.519507177174 5481 2.328374797775180749 0.29596343222553800345 0.75585871979204122262 2.8325135861184560504 4.1596119489258871482 2.757203794343204617 2.6253367406201664203 2.4792410596998646355 2.0621e-09 4.60207e-06
33806981.519507177174 4662 2.1089002503042677539 0.48730624176852882501 0.12375481317226202926 5.0212880382043643124 0.50956150100374719703 1.1710994229722566651 0.74256313510961446944 0.41305713671174015822 5.28399e-09 6.29754e-06
33806981.519507177174 3089 1.2826107366479233551 0.25003823070639191739 0.22218511742584470814 4.1092867487577056096 3.3601964421725165622 0.95902760627926597614 0.76578136800171292542 0.59247975723487811273 1.46985e-09 4.11094e-06
33806981.519507177174 5878 3.2461882360657798863 0.046853581822660618494 0.074921161466611069235 1.1879421950865920454 1.8302634208541053162 6.0552984999798020738 6.0656529280343907118 6.0757649063057321825 1.44428e-09 4.08696e-06
33806981.519507177174 5489 3.2150872537137304974 0.055187180843243532902 0.30429224589976283655 0.43181879866347339103 0.17901070727380105629 5.0336051937699517467 5.0855449802597609832 5.1369342591235485074 1.80848e-09 4.40509e-06
33806981.519507177174 6960 2.9852944076705676402 0.17795726034899603252 0.12150607309650755805 3.6995471139444155995 3.2883130676390632807 1.2793672433038152381 1.1122492749947092694 0.95267560734744383133 2.28045e-09 4.75909e-06
33806981.519507177174 6292 3.352770785381052665 0.05827028322267295557 0.30166289998211720524 0.67624687845461928237 2.7246199757720432899 1.0201651846380779265 0.97122200549071291409 0.92311546418580558981 1.7586e-09 4.36421e-06
33806981.519507177174 5358 2.2311683128526063058 0.34836198187301126161 0.40727535032655537428 0.82259162093068949329 2.296750995949357943 5.3520745443888335657 5.6111695145214364189 5.8280474033738371986 6.59336e-09 6.77983e-06
33806981.519507177174 5535 2.094308629971070701 0.65387215200091275413 0.43996822719764366871 0.39550707812690893972 5.2804564988723488028 3.2658379839262865474 3.41187444050231381 3.586460269397455658 2.07392e-09 4.61085e-06
33806981.519507177174 5713 3.0609529343110968291 0.16568335323040825346 0.21642761077944785986 4.8816862824438462809 1.2310538011660028257 1.05069912115111741 0.91190956997015304442 0.7809080022924079767 1.49134e-09 4.13088e-06
33806981.519507177174 5569 1.9003677974741570722 0.14318441567930570435 0.27461114462331559505 3.8667616066169303579 5.6052187622506899345 2.5990850234755518144 2.5199392167200378445 2.4365514677906681129 2.77052e-09 5.07813e-06
33806981.519507177174 6450 2.6868579031102193255 0.1429041544815595477 0.052891407072683596646 2.2516895647843475636 2.2989990688146551001 0.58359370724539905151 0.50895374885669508735 0.43932171751621390543 1.74846e-09 4.35581e-06
33806981.519507177174 6969 1.9047738481290428236 0.13529772839677076113 0.11901609291094569776 3.4135603973844768078 2.9116448691107783553 1.6664489001874012164 1.5304735478400051107 1.3952857966219627261 2.41679e-08 1.04535e-05
33806981.519507177174 5576 2.0122243676414695024 0.39536349024967093468 0.45982589195829132178 4.5541854186021630824 3.8023479858475544013 2.9952392885656062838 2.9197783369496979056 2.8327984284337666132 5.46785e-09 6.36975e-06
33806981.519507177174 5647 2.0993366891397489127 0.39108667886211834208 0.51656349411215862766 1.449651151074156985 1.9888899848728143205 3.4929480029008188602 3.6658408486787572578 3.8616040993956266547 2.57441e-09 4.95537e-06
33806981.519507177174 5992 1.8859849169438236416 0.20947066106744424707 0.17347325205469493747 5.6193159766788536302 1.2358198663932435934 4.5968975253984831753 4.8091064338999096606 5.0175981363223778331 8.41385e-09 7.35386e-06
33806981.519507177174 6761 1.3443231445289645087 0.11214591110375253524 0.14094459653226479312 0.27682040517695327697 2.6374159496992954921 1.75940387117393926 1.6478361828769911845 1.5360229080133800394 4.88068e-09 6.13306e-06
33806981.519507177174 6421 1.7168365235386062739 0.12304079438356654852 0.091307414256076468995 5.7751356385772254498 1.8806489525502989579 2.9729093993612361047 2.9508307116480279042 2.9275013070980309138 7.66894e-08 1.53613e-05
33806981.519507177174 5394 1.3604319640346662634 0.087804852218061071878 0.22142994318983716395 2.0768572538060166011 4.6908293714479452063 1.0509344411107282014 0.97624967688420338785 0.90351191600151137262 4.23442e-09 5.84945e-06
33806981.519507177174 2895 1.183313878951337772 0.29480294903049736321 0.047367778288701152534 6.0472065282929037267 0.77077199141761276735 4.2397771963588546384 4.5260385146680697233 4.8157375228191181549 1.06911e-07 1.71603e-05
33806981.519507177174 6189 1.4860661312530867306 0.11958524326050597175 0.150507197614110938 6.0614619516671979227 0.56523221930705414007 4.8260980199583736194 4.9443942953637920468 5.0607755235940343752 2.99935e-09 5.21426e-06
33806981.519507177174 5234 3.1117783057447128137 0.18646604144313941309 0.096341045902368652176 5.9387136814006264984 1.9144864021679912636 4.168011020516067866 4.3367729988850882705 4.5102389688332049644 2.35138e-09 4.80793e-06
33806981.519507177174 6129 1.3696114756253334743 0.43064257188255317121 0.51900361024633057117 2.1044310460237705129 5.250309825106610262 3.9053733987809233774 4.2754020982459248756 4.6655776010765404038 7.14833e-09 6.96495e-06
33806981.519507177174 5351 2.9558406474852909618 0.13304197813397125594 0.1250975743659497319 5.4976566296224866903 0.42695828851194217446 4.3326046510040132631 4.4596994548117194768 4.5885164878819084677 2.44807e-09 4.87295e-06
33806981.519507177174 6272 2.0431675640102691105 0.41633723493953178618 0.05301179609070685167 2.2287037034402636948 4.6612718165457120989 3.3732964807602821011 3.5002614774478031379 3.6464075368283763723 2.92426e-09 5.17038e-06
33806981.519507177174 6230 1.8560182005529937133 0.031005414530421722408 0.29664113427280430768 6.2292558579728503076 5.413248726105687858 3.6684955274345920628 3.6843021546459859827 3.7003151510125626977 6.03494e-09 6.58276e-06
33806981.519507177174 6557 2.072041377671299589 0.020856295911802821136 0.19649584154399782343 4.6150328560786473275 6.0391875405017731993 3.5355264570049822481 3.5436102793997390492 3.5517708454546017549 1.93092e-09 4.50234e-06
33806981.519507177174 1239 1.8016751308141167875 0.071801223244750911334 0.29077091271549426743 0.71331680771480387993 5.1351075475418959115 5.3973900066275026788 5.4518145400995390304 5.5048652885465605422 1.31823e-08 8.5411e-06
33806981.519507177174 5775 3.0212106884636007464 0.11060242405626560802 0.11381954662479706886 0.66366343416102313579 3.4381407790620381881 2.8989145228930874865 2.8707392706540186822 2.8411471712444011928 3.02463e-09 5.22886e-06
33806981.519507177174 6935 3.4913912503839710233 0.035964232328011720707 0.41035047607961561145 2.4167500599809863537 2.7573135439022706805 6.0725589983578229791 6.0799505061033904951 6.0872094766315409942 2.603e-09 4.97365e-06
33806981.519507177174 5807 1.6066602194171946127 0.13214447914578664189 0.15608749363929025344 5.6445153061837389785 6.0283580591159058315 3.7497174394607406533 3.8298730974781505232 3.9138125974939024232 4.88354e-09 6.13426e-06
33806981.519507177174 5927 3.4540222919744665298 0.12895377776984359719 0.17489104958381621047 5.5710369454377515197 4.6246463198146807727 1.9419569943149397329 1.8185351106092642048 1.6935183718840320921 2.21586e-09 4.71373e-06
33806981.519507177174 6445 1.4786790972339736161 0.10916034925744255712 0.18076192835705706674 5.6956505964004744413 2.6343175224258255085 1.1920101939895355603 1.092384767021570946 0.99548014358931780077 2.3322e-09 4.79482e-06
33806981.519507177174 6807 2.1367490718544801531 0.59406436041158428019 0.16547322941616246506 5.4156924457132262773 6.2789748013225823442 2.3689011088800833171 1.7846819414861194719 1.2041542055934613131 2.57067e-09 4.95297e-06
33806981.519507177174 5494 1.2577271019672446872 0.37160628997642364268 0.24202865755558941596 5.7204520142371046987 4.1998399274015962845 2.9509152512874403662 2.8608865989845422284 2.7579389710470736397 2.97785e-09 5.20177e-06
33806981.519507177174 6119 3.1179281588587550722 0.078523957512998565633 0.16756938754156044946 1.1493128700104464635 5.3859898793166252062 3.7478725711273823684 3.7941740300291417753 3.8418568692326418024 2.96829e-09 5.19619e-06
33806981.519507177174 5559 2.338973522157452134 0.22791560713594594123 0.20187563487226828363 1.9306223910691986401 5.9332555033351725982 2.5890655261476740456 2.4548395412741013111 2.310334281322242056 5.44342e-09 6.36025e-06
33806981.519507177174 6737 1.6742337538768747862 0.2713367714063822933 0.17574053912566919844 4.2863516455055812315 1.7481539580158431679 2.8067622321244289907 2.7023409044931634426 2.5869515874704300806 2.16814e-09 4.67964e-06
33806981.519507177174 1127 1.1786492162547872464 0.47555497890404274663 0.21540711641512810814 1.4580888685041495378 4.3455902505090229226 2.4085066967702108975 1.9974055768671286071 1.5644726759758220691 1.29908e-08 8.49954e-06
33806981.519507177174 6005 3.0490854134190303881 0.19804966864419401573 0.54195502747425450263 5.3302630206442147554 3.9360645165705516746 4.2235751965126979712 4.4083559307430979501 4.5973224227168323353 3.36675e-09 5.41902e-06
33806981.519507177174 5209 1.3819614340843304756 0.15710508927079383512 0.087402776723575950624 4.4609146683094733632 4.5187487603788500934 3.7902537026280005428 3.8920889701463146082 3.9992349278014289737 4.75685e-09 6.08074e-06
33806981.519507177174 6692 1.9251819395227185439 0.34244719642889553946 0.1632776636254414937 3.969772884064932672 0.59809204591066333911 2.4714463291495594177 2.2182593877887586409 1.9451178343335944199 1.32225e-08 8.54977e-06
33806981.519507177174 5406 2.0351197135009262418 0.29824929248076159638 0.33166113420828235991 0.75158825501064974173 1.1918321730699370509 1.2621859120868024196 0.9860582229605413529 0.73736105925523243165 4.61584e-09 6.02005e-06
33806981.519507177174 5938 1.6047344066707578403 0.16793439111867361491 0.20276353979887737355 6.2432642500111947825 4.5833947781815229661 2.7914240759390449576 2.7284151740939019959 2.6609859149691579283 1.88863e-09 4.46923e-06
33806981.519507177174 6827 3.1023916334722843047 0.1379026676061126111 0.15857188776991115731 0.96147727832945439896 4.5181334700750817035 3.3345704421261577188 3.363081520817708725 3.3933763046182154888 3.04652e-09 5.24145e-06
33806981.519507177174 5420 3.5153611882165467506 0.31826039063743882807 0.26265601044874808956 4.5012669456974396809 2.7660362728100102991 3.4532070363479028252 3.5716980911424043299 3.7044020566283997198 2.55489e-09 4.94281e-06
33806981.519507177174 6167 2.0311159449976652347 0.03260904915823150535 0.13926899775985143726 0.49523123322274464897 3.0495482648306624363 1.2275375293281669542 1.1969926752030699557 1.1666354391907987065 5.7681e-09 6.48427e-06
33806981.519507177174 6401 1.6155969189695755794 0.044823315428273606542 0.20738946552267290002 3.7797254547141148073 4.5887163127974730514 5.3621103236510121448 5.3973373906747701412 5.4320508828569309401 1.93159e-09 4.50286e-06
33806981.519507177174 6586 2.1103803256315143422 0.20335951104536981182 0.21889305122056337827 3.4649004817769064601 3.4324797296103581878 2.1871131000780112963 2.0092977873876689543 1.8251783364248246322 2.89513e-09 5.15315e-06
33806981.519507177174 5195 2.760865221626950472 0.11995572108049167015 0.14186827141000449282 5.4828178318019764603 2.7505624987964458761 1.9853085565412249558 1.8724956401945331841 1.7579579677360150924 2.26107e-09 4.74557e-06
33806981.519507177174 4963 2.1559485929463613196 0.22649049551659977686 0.3641543865277557801 1.8642355269870714007 0.5858719026747083447 2.0256023814642949432 1.8093618981457093575 1.5892860793786560691 2.1769e-09 4.68593e-06
33806981.519507177174 6056 1.2284483141451167931 0.25664334229586716063 0.16698671344038354403 3.3770354239201689772 4.9610456866926835318 3.3411500745485311903 3.4004646180240221121 3.466162815561107724 5.38932e-09 6.33911e-06
33806981.519507177174 6170 2.3275899356946960772 0.3827218470226365632 0.41833528490179178183 5.4045085675722717156 4.6839040511935774447 1.9084479821522548626 1.5118424519707345244 1.1297854985897510804 6.44558e-10 3.12323e-06
33806981.519507177174 6886 2.7794477716464505157 0.15468059446983178917 0.6685695894051704169 5.8118669511192191379 4.1966085856105239671 1.8486905024239033146 1.6960766277055123741 1.542608314272251091 2.88448e-09 5.14682e-06
33806981.519507177174 2992 1.7297660726044172819 0.18412977069803362906 0.061919713539605000796 5.4541555945191477761 6.025118501030170215 3.8099103350487872888 3.9338809781532768639 4.0649743848970212312 2.26492e-08 1.02298e-05
33806981.519507177174 6978 1.6320025608082395774 0.31902988193773590408 0.39075303601463773351 6.1757254738201394773 0.38318926883571713393 4.2198434998039768828 4.5302109320596457565 4.8439613238804968276 2.46129e-09 4.8817e-06
33806981.519507177174 6186 3.2301239183784127285 0.026131322195889455928 0.18602946987567822723 1.6572081450439546391 4.8756581134128271771 1.4254583575040908894 1.3996484050745978678 1.3738988638610158954 3.14704e-09 5.29848e-06
33806981.519507177174 5846 2.7870150796869643806 0.14823786687992718258 0.12808604084773472787 6.0429869969868006407 2.3074976205013415509 5.0893826698351247728 5.224071224411169112 5.3533230876865722792 2.37403e-09 4.82332e-06
33806981.519507177174 6333 1.6685095298661938301 0.045689622973947026374 0.18775904684283281632 5.5896065362717859415 0.013793411618920411663 2.5370828351936691725 2.5106047362962913283 2.4836504751732459972 1.94245e-09 4.51128e-06
33806981.519507177174 6138 2.0002766878561910602 0.55509440275781296581 0.37841091824778549935 6.0626858712527020856 5.2343449437717755046 2.3260199307433810922 1.7828006537752352223 1.2401341881777949716 1.45536e-08 8.82754e-06
33806981.519507177174 6244 3.2131911554001431064 0.07936087469257518956 0.33498276920654740385 4.9908795275699873173 4.5133883575320110637 3.9456096875796782264 4.0044578027400463682 4.0647489560644061157 3.08558e-09 5.26376e-06
33806981.519507177174 6192 3.2172639081539422534 0.20725522419723366174 0.33932343614472443294 4.3829500224511965811 2.535053224595999577 2.0866633848721378719 1.8950563198352861072 1.6986018373658975378 2.79503e-09 5.09306e-06
33806981.519507177174 5914 3.1973507605113500318 0.057147768191632447587 0.13628964395301046419 5.5718134500299818512 3.2266964080313536023 4.4241784093923204324 4.4794491730861603074 4.5350534931284460782 2.63408e-09 4.99337e-06
33806981.519507177174 6739 3.1835025607009082016 0.058029319430999065643 0.22191070636018939144 0.087645876048008317105 2.6900631472384124443 0.067977078033812476932 0.064143207817935476989 0.060423572994278140769 1.84353e-09 4.43337e-06
33806981.519507177174 6164 2.0709693198240390899 0.53560996965334128905 0.47088360232699016938 1.7288328117949940399 4.5324949964515361955 3.6696197286344816035 4.0553504467329837269 4.4794488253483963902 5.09634e-09 6.22209e-06
33806981.519507177174 5361 1.6109035317186704006 0.50153373679546275898 0.25185312018296129866 1.2619758414877277897 4.4893016576445088361 4.2527448767134083951 4.7869328375345947535 5.2870737614891796241 3.09083e-09 5.26674e-06
33806981.519507177174 5650 2.009916752325442868 0.33168031679874743212 0.29790675477012645844 6.0680183745190321432 5.2967485938294878167 6.1426037890643181427 6.1835125006819398052 6.2165172966936097509 1.14639e-08 8.15256e-06
33806981.519507177174 6897 2.1576078843860915235 0.44316518704508883753 0.49400019786054816251 5.9610745869735559666 1.133728305718942897 3.4989837812534516637 3.7075479959150272613 3.9451831150738203569 2.6229e-09 4.98629e-06
33806981.519507177174 6655 1.874951802618243013 0.35516805085091629479 0.056300133978011854263 5.8211337196852124265 0.73621508867954010835 4.4124505061874028655 4.7791452748838905151 5.1335222336277510635 6.32791e-09 6.6876e-06
33806981.519507177174 3400 1.2568974126496463839 0.29572435461564705594 0.24671253352413172188 6.224463301896513201 2.7148620126429494626 2.1358952957893899693 1.8596883551479213015 1.576218784005448903 2.20416e-09 4.70541e-06
33806981.519507177174 5798 1.5151653702878369323 0.1823394794723081358 0.20309888944602377814 2.5631679363869861454 5.6377413352904870436 4.7707244509055479753 4.9528089698631498905 5.1299040115445819765 2.01067e-09 4.56349e-06
33806981.519507177174 6362 3.0205754123641974651 0.10358915002167670694 0.24023261628514605559 5.4208882225704924096 4.3033075806510803218 1.7333747737201745664 1.6300988762754424766 1.5266918236442799106 2.92709e-09 5.17204e-06
33806981.519507177174 2928 1.9410200922697262715 0.38686553340617246821 0.2535326283744387954 2.1997303105747545438 4.3800437007976933401 3.4709990403802342129 3.6314995178927107489 3.8135366610377858798 9.69793e-09 7.71039e-06
33806981.519507177174 5185 3.5459451463582412067 0.032479677031482696858 0.23570020788069301343 3.6646026768623705117 3.4328661430325309034 6.0489702619508811665 6.0563928040029066935 6.0636959673556827255 2.64564e-09 5.00066e-06
33806981.519507177174 5885 3.4899620174966590191 0.073286380734273001702 0.27980757587943388964 0.93256423169875746204 0.10044234069218568872 1.4810869863668074675 1.408268703317000492 1.3359481320080643929 2.25928e-09 4.74432e-06
33806981.519507177174 519 1.7815857233640826074 0.24316719032299383141 0.11685430887393620514 6.2268616428266776452 0.023305334880454792873 3.0372547086262855487 3.0079471886914945777 2.9755456524324230827 3.92741e-08 1.229e-05
33806981.519507177174 4406 1.7411044596795433037 0.04442766856871120662 0.19064824541927755108 0.37008990163876914758 5.3710505163293662534 0.36127008651289854724 0.34587910108387243113 0.33081706197649779488 6.27014e-09 6.66718e-06
33806981.519507177174 5578 2.8726928879683528706 0.041865450057259168126 0.18757918001724110946 2.7141776030714193091 2.1975561892725599122 0.48934950424948719938 0.47001984723198081406 0.45105881825761234838 3.04211e-09 5.23892e-06
33806981.519507177174 5134 3.5307357773545482438 0.040425207941146582002 0.32779602171823724044 1.7451710449918826917 5.3469004677714320195 5.4836533285156798811 5.5122462772177920343 5.5404149288179000976 2.31886e-09 4.78566e-06
33806981.519507177174 6863 3.1069554913204942004 0.11603793076695906317 0.086061373570837804148 0.085089530250532938171 5.2300685669511448594 2.3679071434989809042 2.2830633595610891895 2.1952363152429978932 2.72515e-09 5.05026e-06
33806981.519507177174 4313 2.1178745088911563599 0.51626742445524587133 0.32430424379720590444 3.4707109778382134735 1.3509887102330315756 3.5061625764714290376 3.7724979780240963656 4.0770317637259783083 1.98502e-09 4.544e-06
33806981.519507177174 5577 2.1811952526028508537 0.45059789321594229117 0.52631880031032796108 2.2216682647463805722 0.78144326166085953389 3.6659549512517455305 3.9639904116882100915 4.294179323114459379 6.01747e-09 6.5764e-06
33806981.519507177174 5417 1.8070271404984858954 0.1388464605530713436 0.14227824015710210936 1.5775930278189438383 2.8035810454424749949 4.4420730833131329973 4.5788672954155673622 4.716477913509479869 6.2485e-09 6.65951e-06
33806981.519507177174 5880 1.472536411938131895 0.17980533935429415804 0.19759131763566648021 3.6786012962187459863 1.4952800937011645477 1.7592966692771729864 1.5786414025063626454 1.3988415962026379269 2.24295e-09 4.73286e-06
33806981.519507177174 5030 1.5831812469036581348 0.35814213165912373027 0.30719325471046254883 5.3797006796151185526 0.59845468608160656832 2.0259601641381816961 1.6676381916325997423 1.3111741384460098292 2.14686e-09 4.66428e-06
33806981.519507177174 5240 2.0304808192696746083 0.15645954222234392805 0.19998857770065908701 5.9600312445341971923 1.2190258375560025783 0.12015815474440028066 0.10265552587716621213 0.086622284088382059397 1.54708e-09 4.18172e-06
33806981.519507177174 5678 1.6865169638780606043 0.20403066407731604293 0.26749451512067418113 1.8489108834221812394 3.8022623903738721474 5.785908742560277318 5.8760392454558090236 5.9568334097388486725 1.85255e-09 4.44058e-06
33806981.519507177174 5625 3.0252388160107739346 0.23753768980556291823 0.086918506586474597597 0.034429222086587996099 4.2834464183539182613 2.8966487067006956302 2.8304974954372763563 2.7577868738571260643 2.295e-09 4.76918e-06
33806981.519507177174 6997 2.9658139602745579033 0.20207523189354481552 0.22555572306123430892 0.7906924188529077524 0.15597325020756397373 0.16598201203819329397 0.13533535695446877178 0.10807083943584845642 2.77488e-09 5.0808e-06
33806981.519507177174 6029 2.0459437107892726182 0.2504810811969665485 0.014121906521196683076 2.0256780933020097635 3.1604454603885301367 1.4067004013019019926 1.1619256352701685664 0.93209161170975174393 1.2969e-08 8.49478e-06
33806981.519507177174 6282 2.8074195868221809569 0.06505024258652238045 0.0571689558747960902 5.8548343047193771582 5.2706836267805723395 4.4179973083893839814 4.4808886270875802893 4.5442035407722176643 2.68214e-09 5.02355e-06
33806981.519507177174 6604 1.3320627603991928023 0.2004666777684213641 0.095683705696985268951 1.6715027572495895214 4.324106317144165601 2.8561588871741929729 2.7930178655498041351 2.7245467368328726288 1.53681e-08 8.98925e-06
33806981.519507177174 5362 1.4196117397501770707 0.24249033123973137704 0.39832168344623253287 5.7991369725229660048 3.3406646431131727937 2.1407138213182084208 1.9196192542468710762 1.6917327388946425959 1.49782e-09 4.13686e-06
33806981.519507177174 1465 1.2409443890672899879 0.23313379965249247938 0.12554457984925218583 2.5620101954140253042 4.2774052436472480565 3.650298794095138355 3.7785096396902062565 3.9171589111803140071 7.44584e-09 7.06027e-06
33806981.519507177174 5877 1.4807131761933360892 0.32821106279843914599 0.27635835661843799471 0.14301322171376998349 1.8970507953869231166 3.6422041418672082003 3.8318095574361246136 4.0407830027993600908 2.13222e-09 4.65366e-06
33806981.519507177174 5479 1.4848222677342792775 0.19720008213097897642 0.10493358997301178992 2.7902021103937935109 0.071142257994506172269 6.2062318581706303888 6.2201594184772002194 6.2325799021894292551 2.12255e-09 4.64661e-06
33806981.519507177174 5257 3.2140957771317264502 0.13570675980989002629 0.19268087831250158004 0.85964784761407742053 6.0611154697485680742 2.2488580492755079199 2.1380502439282453864 2.0235979211820103174 2.20895e-09 4.70882e-06
33806981.519507177174 6565 1.8669450572181620629 0.50497846282724156985 0.49589293583949362043 6.107392697101639456 0.0062842707289009315866 5.9756656876145948232 6.1058801193025162846 6.1949470352235085358 1.41094e-08 8.73682e-06
33806981.519507177174 6327 3.00438470398176527 0.18414497352627712257 0.14114887333936995684 2.7843655173715471385 3.6102489914662316828 0.16788396441032005235 0.13945380944018939684 0.11385724430442806243 2.25041e-09 4.7381e-06
33806981.519507177174 6313 3.2396632845959665303 0.097767402988810037101 0.36215383259824351914 4.6484615060632936689 5.2140077655397139011 4.6133458989500359948 4.711264277100188913 4.8090316182532015787 2.33149e-09 4.79433e-06
33806981.519507177174 5890 1.9450330089275709167 0.60832784497189784645 0.22166235830915556604 5.4735398604607192752 1.2078296063225997248 2.6745244875107241356 2.2432566717261890332 1.7673669965561700224 4.73576e-09 6.07174e-06
33806981.519507177174 6709 1.9890109347490732006 0.55889465859481213261 0.42154211379194994613 5.2106311677274534944 4.904472216003379792 3.9710674178838143433 4.5243754654788004288 5.0734209821036104771 7.37402e-09 7.0375e-06
33806981.519507177174 4581 1.4570829524980970504 0.40653313266411367222 0.1981053976153406837 2.6392927660970149084 1.6552970103848874128 0.15952516332260197052 0.10374926368653118736 0.061647375619859522133 2.62777e-09 4.98937e-06
33806981.519507177174 5923 3.0288875938666013354 0.030732607472063886572 0.18541562984089163257 3.2571550555073236488 3.372684097573715345 0.38937912417412662291 0.37787356838698871186 0.36653492988950836518 2.22479e-09 4.72005e-06
33806981.519507177174 6677 2.2555828684303329545 0.12817126879493825897 0.080292765057654646998 1.1806270301326171612 1.484610739347092867 3.4307419758816153355 3.4698469877221214119 3.5111682591444024482 2.33048e-09 4.79364e-06
33806981.519507177174 6023 1.7476464115431171731 0.17237428111331434821 0.4609251631288742157 6.0102313239585702931 2.3600164623797050822 1.9184522862721524739 1.7505857226816707861 1.5809898779077542486 5.48103e-09 6.37486e-06
33806981.519507177174 6842 3.1445732951993492499 0.061508784069450282705 0.11422203661762823923 1.1339488822960845926 0.99464264085153020201 6.0442848023538449098 6.0584303694470698076 6.072138676546509295 3.94698e-09 5.71398e-06
33806981.519507177174 5437 2.1060760850263986477 0.26737680022410037495 0.28667702280076806653 6.2212196715326273377 4.0008369612154597306 1.0606187084226401662 0.83869682269409817632 0.63982926729667666255 4.54448e-09 5.98887e-06
33806981.519507177174 6001 1.8314527803687583596 0.18195482393003586941 0.41017178011868504761 0.3345310758057598588 4.2412501913873184023 2.6494346370865713425 2.5551749310834965812 2.4544846251661751602 1.89847e-09 4.47697e-06
33806981.519507177174 1517 1.9838980841918212317 0.32459499921344320272 0.59349403194799965622 4.216766643820903937 0.13121478787492230067 4.7853917427426164721 5.1112173145094113025 5.4103370042555383179 2.17631e-09 4.68551e-06
33806981.519507177174 6356 2.1344335268574532449 0.51473993345687751866 0.42699886654412116949 0.34334736186202646779 3.8197363714658547629 5.6663008332797444311 5.9263515830621464886 6.1061549593373252165 5.8318e-09 6.50805e-06
33806981.519507177174 6121 1.346181526754491431 0.20753294882998379878 0.24714726385655189089 1.2080984595867205744 1.5293234715914141297 4.4566223840740990525 4.6643976373319375739 4.8716916403003187597 1.90564e-09 4.4826e-06
33806981.519507177174 5717 3.1720800032358056342 0.11511611919451344987 0.2382856932968163699 4.6201986432282682316 1.2105767137218985674 0.090988787339758667172 0.08106489417844270351 0.071743235563693746881 2.31886e-09 4.78566e-06
33806981.519507177174 6197 1.9953114632465542844 0.11178934063157723588 0.26295307216816349305 0.27564153025044685341 4.1366864518257511207 0.15440475038363712934 0.13806410800154636509 0.12267899903608689427 8.02678e-09 7.23931e-06
33806981.519507177174 5211 3.205685450982461937 0.06758552928114498759 0.24436051792155374929 3.3173822274106705699 4.2576851687510703925 4.7311685655466231282 4.7987508338239690531 4.8660844807832663861 2.07199e-09 4.60942e-06
33806981.519507177174 6154 3.1219799475399052646 0.11100562677264848299 0.22865772101765882707 0.84043062344937013997 1.4553145771766293759 4.9731686110225226116 5.0791317338899837353 5.1827555162639722397 2.04677e-09 4.59064e-06
33806981.519507177174 6204 1.6891154775964953849 0.18853075075839162422 0.16659784047047782041 1.9405263438930391295 4.7992998897288163818 3.0649660085301277945 3.0488775890115458189 3.0314229802597294494 2.26769e-09 4.75019e-06
33806981.519507177174 6392 2.9818741403639172916 0.24420075986846861982 0.18861171112618718704 5.5285712772976056684 1.8147056717427947348 4.1017602198633298372 4.319586638993164307 4.5451890718746055242 2.75286e-09 5.06732e-06
33806981.519507177174 5076 1.4295881213317271907 0.38948262667846411667 0.17254903439453792013 5.8165100262977738055 1.0905220811753528753 3.5735307629440424826 3.7808465327475331286 4.0132106272544483261 1.5547e-08 9.02399e-06
33806981.519507177174 5288 3.1116173249658904965 0.23809302196487375225 0.21021066587291065142 1.7527645784941998652 4.5883651222186996321 4.6777357518630742206 4.9189946322598769868 5.1520240976890310236 2.94866e-09 5.18471e-06
33806981.519507177174 5459 2.9614073570091892229 0.17747955814897370397 0.1922218682233209075 1.891906049053478478 3.3588741300148692304 0.72062175581394460888 0.61012158602688526532 0.5084316358691748361 2.51526e-09 4.91712e-06
33806981.519507177174 6816 3.1203935638068731606 0.089553663834934391086 0.15858719857086125971 0.48696205932115005366 0.93455089581557770906 3.8913435114164647288 3.9545483356759993931 4.0195931270519347223 1.76213e-09 4.36713e-06
33806981.519507177174 6572 3.0154637522925220594 0.1535623021629056173 0.16525832081789879058 2.8035269845765928842 3.3847053815304493085 4.9709637667189996435 5.1171532773969952146 5.2583070150543589349 1.66053e-09 4.28153e-06
33806981.519507177174 6740 1.8049093472700654672 0.27383770041318528099 0.3099439991507786929 6.0121774790478603734 3.2554872220651347448 3.1658855460053931807 3.1737665248651882877 3.1825754238380423722 1.33102e-08 8.56864e-06
33806981.519507177174 6480 1.6769936258903186399 0.21539446371464066043 0.18785157732297108613 5.9329309463759241083 1.2517013296564025726 0.64167545485735577593 0.52184031153541921011 0.41447126476649609472 9.59462e-09 7.68292e-06
33806981.519507177174 5642 2.8682205453686364649 0.19845845603781281374 0.13091301853474363037 0.21384975574198639148 6.00356315472230051 2.775556496219585334 2.6964449713406861697 2.6109905115310740875 2.80041e-09 5.09633e-06
33806981.519507177174 5478 2.1330193367839798135 0.41884792544213517163 0.23753962630765770858 5.7178149467071168743 2.6766882758401453479 4.1474752200964903892 4.5616523266641193501 4.9757508205088898379 2.28234e-09 4.7604e-06
33806981.519507177174 5788 1.3314085906298691597 0.21993901325605319519 0.3133868108943475006 1.1508209998316143441 2.7955512783971880886 4.5959636449059004804 4.8190887119511547354 5.0377769281224562548 1.43499e-08 8.78617e-06
33806981.519507177174 6815 1.9213794290043439972 0.47489486113414869362 0.097448472915987863208 5.1481245653730800527 5.0816666482194303711 5.4074421517507174073 5.7383622071532807141 5.98448445210790414 3.57143e-09 5.52668e-06
33806981.519507177174 6617 2.7607314998156464725 0.19887979881533943138 0.064182965035485123328 5.572044190175418521 3.3982192250949943002 0.091883369791698074613 0.075127562015111531979 0.060200258839127343546 3.93262e-09 5.70704e-06
33806981.519507177174 6667 1.9237715457937694108 0.33009370441219948455 0.18912326976396121037 4.0240147557728489502 0.71328132697579937904 2.8786591318679883855 2.7731748000395315401 2.6542948858186883321 1.85586e-09 4.44323e-06
33806981.519507177174 6040 2.1983146871254128918 0.3306695761941566003 0.493019219105275186 3.6541994252545828559 0.88140699135030686762 2.8360639328404571025 2.7140525181006824873 2.576945797719509379 4.48499e-09 5.96262e-06
33806981.519507177174 5950 1.5876600496270700802 0.12296993432531197477 0.13252677824399311524 4.3759157235207339909 4.5704545379309111652 5.5760456627797694296 5.6526073847139919337 5.7251118889663459299 6.81029e-09 6.85339e-06
33806981.519507177174 5158 1.8605253928233129734 0.31615858022281390083 0.26910980460384814617 5.0085485498711665997 3.4443678643550392771 4.4749613873954370291 4.799959858864775164 5.1149069574552683548 5.85576e-09 6.51695e-06
33806981.519507177174 5252 3.1520920728120809251 0.19705863160530256994 0.16234035821933406885 3.4017251903370784305 4.3079934410935045719 0.75886822050156377273 0.63132413880032345332 0.515017339796816076 2.42859e-09 4.85999e-06
