69683778.234086245298 0 5.3983675192211517668 0.02629383705698494153 0.038164758319204808434 0.75614968482533639893 3.9665292335709647631 0.73563880330633701909 0.71816181603099449315 0.7008604291377396045 0.000954966 0.000356051
69683778.234086245298 1 8.9981095869520544284 0.082002042365670518853 0.016541285376868431617 4.9780867782070199468 5.159528886102565437 5.5322852335656209632 5.5866822479517468381 5.6392897681751508188 0.000285285 0.000238018
69683778.234086245298 5775 3.0486140609813334734 0.15081919650417108247 0.12041701596857705414 5.2623679704888921549 0.84725507449951908967 3.3797286500609700077 3.418352532263630561 3.4595624098075479225 3.02463e-09 5.22886e-06
69683778.234086245298 6920 2.39911241724716362 0.094199698249623362023 0.29957242962499647243 3.9747487883771741579 3.3733387989171585986 3.7349207504602150998 3.7898436002039330717 3.8467207268698699885 4.48089e-09 5.96081e-06
69683778.234086245298 5134 3.5491073935749595236 0.028730391218546844773 0.32064114336193882959 5.1012389637559403255 1.893523428760792493 3.7449310992233364459 3.7614307796108499282 3.7781203617593535071 2.31886e-09 4.78566e-06
69683778.234086245298 5278 3.1944248698184503077 0.048083111464822594905 0.34936678735130494156 1.8116751257587877522 0.15494316165622479264 1.6817129937607793178 1.633779220579370195 1.5857914467154787808 3.13887e-09 5.29389e-06
69683778.234086245298 5196 3.5547964804804341732 0.16204769748459757484 0.22866363157719973853 0.56153708018265935387 3.8483579137641306112 0.75590167356095805395 0.65037330773393253747 0.55225609294829769436 3.02458e-09 5.22884e-06
69683778.234086245298 5063 3.4733296866938281333 0.1424689806215553578 0.369592102022672786 4.3374206025981933976 4.397612515106708031 3.6557013262840194479 3.7307677639473872944 3.8099342716485344873 2.23728e-09 4.72886e-06
69683778.234086245298 5846 2.7581605722580615492 0.27446891488828700778 0.21726648883097596232 1.1597663401355138291 1.776753230779030357 3.791586337539450291 3.9815971575160955531 4.1859793717408315672 2.37403e-09 4.82332e-06
69683778.234086245298 6960 2.9568747924457974285 0.13029813479093599327 0.043938213764293278241 1.578222709503682486 1.5655629677000044708 2.3509772162665103501 2.2535566522443657433 2.1524669180286895021 2.28045e-09 4.75909e-06
69683778.234086245298 5548 3.1612853855801308356 0.062424525235303326975 0.3039843830167861527 2.2804903310707387298 4.9456050821966828224 5.3212018220813508407 5.3715499384299496555 5.4208969241544364692 2.11518e-09 4.64123e-06
69683778.234086245298 6443 3.2232077552565163714 0.19794636936533241411 0.30179227227561133962 1.9779899443130131154 2.9982356756078059057 3.0667356557549876328 3.0501288316383701194 3.0320491327933343229 1.88164e-09 4.46371e-06
69683778.234086245298 5990 3.0853220289144807076 0.067376702766260565536 0.2227020143612404024 1.5919967649771136209 6.054930042787739275 0.99292633157486687168 0.93746182166112324019 0.88315225678222408767 2.30118e-09 4.77347e-06
69683778.234086245298 6883 2.3599647034854194239 0.34316852598493696735 0.54943742375245419041 2.2514050910289378216 2.432020067439728539 4.2451639344385370123 4.5851978021002981478 4.9255942473854412711 1.23696e-08 8.36184e-06
69683778.234086245298 5098 3.1353077006548293326 0.038211103198173321238 0.12367797238516171909 0.21237888081076267133 6.2451026422588364895 6.0833233587065063119 6.0907727563590796649 6.0980797692623109896 1.90652e-09 4.4833e-06
69683778.234086245298 5929 3.2676805012862257804 0.13380714541504731829 0.23955950987152402343 0.40584397894972445986 6.0319499517878787387 5.1347628893095187408 5.2539338677811908696 5.3685950004822968751 3.18574e-09 5.32011e-06
69683778.234086245298 5467 2.9498423771122488368 0.12362190245619576745 0.10341887760417486919 4.8218056183746984544 2.2538411234745208134 3.004271756518999581 2.9861720006265204397 2.967035862244621125 2.43648e-09 4.86524e-06
69683778.234086245298 6282 2.8595481372046185342 0.11644305833782657433 0.09255196561175607628 1.2340253941880181543 4.079691443580578003 2.0766082097880520507 1.9715177731359589952 1.8642993560166527534 2.68214e-09 5.02355e-06
69683778.234086245298 5694 3.1048179197698249077 0.14732953198358936242 0.33745285091546778355 1.4096314833950729373 4.3652902885852373771 5.3733070178705650832 5.4850490685003032709 5.5905453155270183885 1.21025e-09 3.85309e-06
69683778.234086245298 6392 2.9740695110961472558 0.17621584216304070347 0.23832011623270529799 1.3064495796240467307 0.23426230888022542276 1.8620998053213995149 1.6879657410877522139 1.5129581204202562361 2.75286e-09 5.06732e-06
69683778.234086245298 6484 3.1071514958284813801 0.10918638785854663242 0.28310511342580085836 1.3807484844370943033 5.9383518519872655617 3.3782037679638525773 3.4053165082734313529 3.4337789381932140031 1.88476e-09 4.46618e-06
69683778.234086245298 923 1.9975661462056268913 0.42577655637434430602 0.3091248435102668668 2.2360151446382632301 0.83683192936205585966 5.9261700448543139785 6.0551711991150538594 6.151415213202857224 2.53731e-09 4.93145e-06
69683778.234086245298 6739 3.1951711164185980785 0.20421570275678938011 0.26528635733197786228 0.92849399485584449554 4.9000832550215793759 0.71991990338118183601 0.59380691767193061192 0.47954408507999657374 1.84353e-09 4.43337e-06
69683778.234086245298 5885 3.4974053491899859125 0.029347701948404480293 0.26904904294805337406 2.449357526295574683 4.699289859717363349 1.1117756372960714284 1.0856316533834071691 1.0596707300930916507 2.25928e-09 4.74432e-06
69683778.234086245298 5405 3.1705268919090383584 0.037550741522612438028 0.14847503805489351003 1.4581287495596182424 1.9185069698816032968 0.25313475061944157307 0.24389529614160593285 0.23482737550643131841 2.93677e-09 5.17774e-06
69683778.234086245298 6764 3.2948005148928065644 0.019846012625551360392 0.27925825722099073545 5.953812423815797672 4.2057268287048916733 1.1974910138503218615 1.1790772016511554821 1.1607344430740087482 2.4069e-09 4.84547e-06
69683778.234086245298 6362 2.9979677798586270576 0.094273413320396126647 0.29610425459027400752 1.9073755742716436146 1.5464239676153057612 4.4563306257068155958 4.5487748535408778494 4.6417892492812713456 2.92709e-09 5.17204e-06
69683778.234086245298 6775 1.412749941093469408 0.16818979510459827753 0.086818692291760091173 4.5079771030829087763 0.94975519140444997213 5.0450680545147239542 5.2005530710792076121 5.3490975240377700572 6.39874e-09 6.71246e-06
69683778.234086245298 6055 3.2116463255718388226 0.098817638338509233842 0.055177827023364781067 5.6993847894102369622 5.5888970874207375417 1.3169896375542442524 1.2223516478420792808 1.129472466089849636 3.0525e-09 5.24488e-06
69683778.234086245298 6498 3.2056392422042079282 0.056061285249730800906 0.16889989361246127153 0.19616224070246299216 3.7656889375186710645 1.1339589210057336999 1.0837289796111337914 1.0341871035639473853 2.50157e-09 4.90818e-06
69683778.234086245298 6313 3.2514567307699491217 0.052644351467603135719 0.37440504767879295711 6.2696936795955160449 0.79150927586054298235 4.5129707780197279021 4.5648668302953288034 4.616939376054268962 2.33149e-09 4.79433e-06
69683778.234086245298 6300 3.2213347230314273162 0.038179665563311426801 0.20608473410944144755 2.1885459987303130802 1.1499142186492654627 1.3141896331230571437 1.2774289561691021255 1.2408804963006765387 3.26125e-09 5.36181e-06
69683778.234086245298 5323 2.8053040290183930416 0.074592799168472154192 0.14247533345801785543 6.2670463494535093574 2.9302517149088669335 3.9882254239849861399 4.0455812391849326204 4.1041962620191290156 2.25995e-09 4.74478e-06
69683778.234086245298 4755 1.8596380845394213654 0.11150976062821600643 0.049668252314968804051 3.4992546280331193742 6.1500749108752987837 3.9877689319979112703 4.0746929599872885319 4.164287657613878757 2.45943e-07 2.26531e-05
69683778.234086245298 3800 1.9877607357232842666 0.36811834926699144033 0.77234579449286899777 5.9129613582667426286 3.1219162940301945497 2.1242826723780132703 1.7673965325123535131 1.4063694872777234846 1.79108e-08 9.45995e-06
69683778.234086245298 6104 3.4258721887067933309 0.47419241529595396178 0.2497203112803025038 0.86143214220467079212 2.3981720134183932558 4.2460691380179031995 4.7436475478970239195 5.2176083158152719577 1.75259e-09 4.35923e-06
69683778.234086245298 6197 1.7559591833019585483 0.41400526280563826331 0.40527465064359063929 4.7591500665055646024 4.7644704445767622758 3.0506081803127673702 3.0003963524835439713 2.9421343809071567321 8.02678e-09 7.23931e-06
69683778.234086245298 5080 3.1937662999038418654 0.18833423371096102983 0.26295705768019056459 0.58825518860007564026 4.9678652045428446371 5.0647745776531625239 5.2370412893640381213 5.4000442214611217295 2.57476e-09 4.95559e-06
69683778.234086245298 6425 1.7496032645578685205 0.61768454511848180921 0.30055644610875265066 1.6005222301640520399 3.4716652112750452375 4.0868609795197681223 4.7627904704955632553 5.3796906265076023246 8.73342e-09 7.4458e-06
69683778.234086245298 5489 3.2188490619964764683 0.061177375163691212479 0.32516489299746265118 2.1947152002823173689 0.46234078247653154214 5.8359566699525142752 5.8617258994184480159 5.8867531101165910812 1.80848e-09 4.40509e-06
69683778.234086245298 6756 3.1966221969878008125 0.072417771154098017905 0.24147332707003424379 3.688739015314984826 1.4960174063784168474 2.8708832170745459678 2.8507908588104990955 2.8300272030188882155 2.22448e-09 4.71983e-06
69683778.234086245298 5116 2.7131378445880680594 0.1683727240812788184 0.030239545672176841584 2.6847920650480827653 0.49547853231772615024 3.1805868878146754675 3.1878099416555492063 3.1955889022976506908 2.56354e-09 4.94838e-06
69683778.234086245298 6951 3.0046965255433244479 0.0095649699524356802255 0.02053987846468204384 5.7755876701427411035 5.0654349629555888157 4.9669437797382167687 4.9761895341889328392 4.9854236131179900937 2.54062e-09 4.9336e-06
69683778.234086245298 5559 2.4805461897426868134 0.51570742445916906149 0.61299213196040158724 4.297433436993450151 0.48045190180380631384 3.8681959412402213694 4.3257539315053898932 4.8033934514367020441 5.44342e-09 6.36025e-06
69683778.234086245298 5923 2.990167669369466541 0.070811747184857692927 0.23699526630682857253 0.53472816544588652743 4.5337848700519920442 3.9440025533382887524 3.9962583568246867749 4.049675304690558697 2.22479e-09 4.72005e-06
69683778.234086245298 5234 3.0273923532927478064 0.14878290161021870408 0.10527306792174245809 1.1485439954344867086 4.0208825019747580498 4.545784666434582455 4.6949049805304099436 4.8436651419786631578 2.35138e-09 4.80793e-06
69683778.234086245298 6863 3.142434466538484461 0.1343423720263721699 0.075960381150777897541 0.28164401726930132774 1.7164000668535182026 2.6652066912339353877 2.5993968550839365861 2.5300737586992414485 2.72515e-09 5.05026e-06
69683778.234086245298 5146 2.7589206625497126879 0.064956820544208329626 0.1513195439187002278 0.99260782162061111933 3.7702721056778507602 4.6309031303071384045 4.6958619677236512757 4.7608099172470543792 2.55901e-09 4.94547e-06
69683778.234086245298 5492 1.8971191536868257099 0.63143745742971590929 0.51669251931643678244 3.2591445473845461756 6.0106583573275331744 3.4069792292304734715 3.6891425054291202557 4.01786685719805714 4.51271e-09 5.97488e-06
69683778.234086245298 5047 1.7002147701619352294 0.18709601101285408542 0.055935864652918831919 1.9023057542865142722 0.25485712964607620812 2.0956377869642004441 1.924591268744117567 1.7490831100773258644 1.0218e-08 7.84583e-06
69683778.234086245298 6657 2.3210737740619662439 0.18452083164823035455 0.32671455762268541978 1.0964577373516988246 5.3541426849500330931 3.4474515050258465187 3.5089323369668234953 3.5752000172082940566 9.52311e-09 7.66378e-06
69683778.234086245298 1444 1.7869717810872363106 0.42229586523237533369 0.74878007163463788931 5.8147569671859997698 4.9662632821485894752 3.4295868277140173497 3.589008807658792044 3.771709821602269308 1.72307e-08 9.33865e-06
69683778.234086245298 6628 3.2534927627316130305 0.10195899017410722798 0.16526070829522848671 2.9005709954839913323 5.9047872546040274244 2.4928189057898513248 2.4284531942393385862 2.3617504604235977084 2.5094e-09 4.9133e-06
69683778.234086245298 5290 3.2024443385958463182 0.059993366968647016124 0.18809067348057370572 1.3078702966831197152 4.1097682210094763633 3.0233190269988878818 3.0160158385690540861 3.0085018477086591382 2.68653e-09 5.02629e-06
69683778.234086245298 2992 1.8703196023850658936 0.24970357812969909417 0.13995033151980201813 5.9278651781949784905 4.0403813018280452241 2.8883435948920488379 2.8159045277727212664 2.736009167871158887 2.26492e-08 1.02298e-05
69683778.234086245298 6827 3.0998661304406742723 0.12289035137557251243 0.1965644941949758473 1.1404787436637688902 2.7783199433353007457 3.6265758714113283112 3.6873849076760158994 3.7511767244955622758 3.04652e-09 5.24145e-06
69683778.234086245298 5626 1.3224962031873039869 0.37180564645398334056 0.38996714033442902991 0.020867622025747635528 1.9730371618836173297 2.5380256834505865449 2.2793000050737450835 1.9969744515512344307 7.93289e-09 7.21097e-06
69683778.234086245298 5938 2.0692567305463622773 0.41928067212565744981 0.81814058506516351699 2.8042091550817525025 3.6581024087598796868 4.3526007169266947017 4.7913142593708553107 5.2092897177332551095 1.88863e-09 4.46923e-06
69683778.234086245298 6244 3.1709494702596234816 0.095829291886148582069 0.35062991041215268995 0.95072451054908035939 4.74139151220482713 0.89433760240555593146 0.82165626143900982736 0.75148288942995677964 3.08558e-09 5.26376e-06
69683778.234086245298 6327 2.9946024958993202603 0.14344125816211303337 0.20220930874311082714 1.9568228416342581255 6.2123635223949413842 2.5913579757398497172 2.5110712154008507646 2.426503124550055901 2.25041e-09 4.7381e-06
69683778.234086245298 6390 3.0343082043333051701 0.21707159148157201267 0.07377582924800150932 5.0506843895780040299 1.3275251856653691451 3.2876335811311347967 3.323497639272138926 3.3627666402825009406 5.26519e-09 6.29006e-06
69683778.234086245298 4112 2.035629776906890509 0.24195330538404416498 0.76976937495814279355 4.8490230589698297692 0.8774691725352219418 4.490054916754925074 4.7350460981082136414 4.9769373033911064041 1.99037e-08 9.79854e-06
69683778.234086245298 5511 3.2144546472693455996 0.103966218527458229 0.21711960449445039112 1.1863612791122339907 2.1893892704172408514 0.20224035861459432883 0.1823184401007947042 0.16346831744084236449 2.90982e-09 5.16185e-06
69683778.234086245298 6186 3.2396619816833815975 0.046667366632871729037 0.17247620512540595694 4.6314627631136593422 5.7222292968914869604 3.3316115644110313454 3.3406376566303275233 3.3498653480914883929 3.14704e-09 5.29848e-06
69683778.234086245298 5195 2.7693067245245770458 0.099140687951125835986 0.19234881659911495788 1.038465178400874489 3.2936715393877888935 1.5741648044395859518 1.4748449517682942211 1.376160291400370328 2.26107e-09 4.74557e-06
69683778.234086245298 6935 3.4821236962065569287 0.079351533179229313819 0.41125533209741588214 3.2287991873145607258 3.0610671576828414331 5.4734254677516069876 5.5294265279248726586 5.5837334631019306386 2.603e-09 4.97365e-06
69683778.234086245298 6667 1.3744914506941356969 0.13787332599709692382 0.39277263277204926828 4.0501939325258238256 0.77354928345100559817 4.6740121581059526079 4.8125916713111500655 4.9497734122290637515 1.85586e-09 4.44323e-06
69683778.234086245298 6816 3.1219705185564463612 0.19073604222469289771 0.19379323148518126652 1.0955861690116737162 3.4261655808629494224 1.4752375152076757647 1.2859239300944456108 1.1028750231177673058 1.76213e-09 4.36713e-06
69683778.234086245298 5762 1.3851676797162515431 0.027663972497039307497 0.50357287847091414257 1.3005101234890268369 0.24548879503432277649 5.9388780312351103774 5.9480975170086001214 5.9571948718651857035 4.50081e-09 5.96963e-06
69683778.234086245298 6595 3.0534826331733149196 0.065221923839380316346 0.2913083800425287917 0.43418344781148054956 0.61162361994972480606 6.1680572960837638519 6.1753219517348831857 6.1823433736591839605 2.5233e-09 4.92235e-06
69683778.234086245298 5950 1.4853524623656588766 0.25408938475211056973 0.20657808341907149541 1.914008730269893821 1.13532712062487251 2.7906923665990985839 2.6897220947115796363 2.57877419062288471 1.07677e-08 7.98408e-06
69683778.234086245298 5351 2.9644028773651731612 0.15153012996386691635 0.06898827214048483536 3.0674724164843030216 3.5772663800363870834 2.9091514425696516355 2.8712357449476635374 2.8307657752005672691 2.44807e-09 4.87295e-06
69683778.234086245298 2768 1.5637584009424700948 0.060940562571779856305 0.042505384280046902556 0.15123308964737103288 3.7440041339513951968 3.6070210597945271402 3.635162134141434187 3.6640340878823685067 1.06163e-06 3.68842e-05
69683778.234086245298 5194 2.2988485327271033221 0.22306928785992574671 0.44620434961289073827 3.3313498906856633397 2.833268809156956447 3.5032109069706618421 3.5925197247483264817 3.6897333484178842511 4.75382e-09 6.07945e-06
69683778.234086245298 6928 3.2201491443622032307 0.23599370345282291717 0.23443979640637649386 2.4592875738790986873 5.1838786652177253345 0.069919421581480262207 0.054980125568304942518 0.042011697948540649428 2.08658e-09 4.62021e-06
69683778.234086245298 5914 3.2068853205003540197 0.050716428125069289157 0.064515787503334962039 0.03986744417332121343 0.80976354935812755453 0.86684932469161801727 0.82879329920688615818 0.79140938519622749947 2.63408e-09 4.99337e-06
69683778.234086245298 5072 3.1111623345161540932 0.090103939509096647731 0.17070678897848240441 4.1101138952444893349 0.56365181498771765867 2.6710216633335668313 2.628375971334953487 2.584136553661168012 2.73643e-09 5.05722e-06
69683778.234086245298 6154 3.1704195880251844208 0.1153292660227064198 0.18740535717352396761 4.3744346244240253085 5.5294338078908111811 3.3857492233396793146 3.4153836982572292058 3.4465667953793155398 2.04677e-09 4.59064e-06
69683778.234086245298 5312 2.9895372359694705189 0.08766319662721960837 0.19726548986170286404 1.3195477048524357766 1.2425390650618135524 4.3013148632509086156 4.3832223572207791307 4.4661790978394204643 2.46345e-09 4.88312e-06
69683778.234086245298 6126 3.024762779094555043 0.25826526493330992373 0.16836673338952237722 2.2422273287084828475 2.6511014360204598894 3.2030667424895988837 3.2216421672828672307 3.2422941036359196332 3.04059e-09 5.23805e-06
69683778.234086245298 6734 2.1531738982986472486 0.26599809257443735033 0.32970458022289655942 1.247414679182443864 5.308191650052059174 3.6311205052700237239 3.7755297111648209452 3.9330860829476348428 1.24231e-08 8.37387e-06
69683778.234086245298 6073 3.2353156710914996452 0.020084191064573594238 0.26081114754576462111 2.3200454777359094116 2.7338074305126101038 1.2520258821739194133 1.2330120001571394095 1.2140627416384077719 2.87152e-09 5.1391e-06
69683778.234086245298 5578 2.8921329825428445659 0.10498906443146394096 0.21721038557050778572 5.8484105287282046604 0.98909573911265458168 1.7144652287530437462 1.6095749204693960976 1.5046647863383884047 3.04211e-09 5.23892e-06
69683778.234086245298 5231 3.1538542525569357444 0.13949684002896062252 0.29847593442901981797 1.9407225890063966034 4.8272068690459217777 4.5268129090224089595 4.6661673469893516497 4.8055152002740726402 1.89135e-09 4.47137e-06
69683778.234086245298 6029 1.6239455551738868344 0.40360897043364318826 0.52660200734240736331 6.077322453225650456 4.6147296987332602214 4.0219300987828194849 4.3929896038154714333 4.7761857207806661663 1.2969e-08 8.49478e-06
69683778.234086245298 6290 1.7001551858125130146 0.29842119838246211616 0.2184623054161548561 0.5397160404034732073 4.317988703623666602 3.4358956944683805013 3.5395439795066532263 3.6551913174020320696 4.66797e-09 6.04263e-06
69683778.234086245298 5160 3.0827078535370069368 0.32684212476154173022 0.071304521262983797114 2.6942245407501244081 5.1374458577005057691 3.3984721811150846449 3.5003369769534349309 3.6150908456241159783 2.48083e-09 4.89458e-06
69683778.234086245298 5717 3.1567569740480134755 0.1009221320281885742 0.21616187371633269199 5.7939559195778018719 3.1152983011254615775 4.8274968745667736769 4.9273440544955215969 5.0259435623613510913 2.31886e-09 4.78566e-06
69683778.234086245298 5643 3.3056957982647707794 0.14099802076629827652 0.091308026504259329204 1.2931658616839292186 3.7748864858260442467 5.8046349585393155479 5.8660089760790405933 5.9231386345139735994 2.47115e-09 4.88821e-06
69683778.234086245298 6842 3.1934508583136982374 0.073891070877744852163 0.13727256147594646407 5.3929789856321441732 5.6201425615927131929 1.8931446019558626492 1.8221609601288899505 1.7505919971410652813 3.94698e-09 5.71398e-06
69683778.234086245298 6572 2.9592117815399578973 0.1392029579071046852 0.21201661533373550306 0.19881865215536256852 0.9391905418844037623 3.5321455772268652851 3.5890663375122136003 3.6492979727302574666 1.66053e-09 4.28153e-06
69683778.234086245298 5131 3.5377520027442459494 0.074325510406628561566 0.30773968889036240615 1.0765402241333617006 5.5841672707952820787 4.2894628287483023144 4.3583589818894612478 4.4280750627870020253 2.25296e-09 4.73989e-06
69683778.234086245298 5534 3.2321289657287675112 0.12062097057632560626 0.078905759200261049724 5.1093144741223301963 4.2123938516874996907 3.7852044102841864159 3.8615125587791911954 3.9410409143597329162 2.18919e-09 4.69474e-06
69683778.234086245298 6119 3.1558246933128302203 0.053330659187610540695 0.16359093950082803648 2.0489367645028950804 4.9718500977046957701 0.2690222299648704074 0.25519340216799141219 0.24173100776435746395 2.96829e-09 5.19619e-06
69683778.234086245298 5525 1.943613241011123538 0.4027113159671522058 0.35433721671412693466 4.8565701600469983745 1.0926492404613428189 0.51734499425369384618 0.34195406407239598012 0.20691341920893477346 2.22151e-09 4.71773e-06
69683778.234086245298 5240 1.7814144704049579282 0.13337271115819718248 0.49878640809870350425 1.4894034313408479608 4.7665508456518450586 4.1916264703612977627 4.3117006085523383874 4.4345092288572791617 1.54708e-09 4.18172e-06
69683778.234086245298 6997 2.9211111204007229603 0.056700306831486330106 0.24396594700080911911 1.1372258994036097413 5.6705000084232723978 4.7666718362505386963 4.8232320285697465323 4.8795843767514872624 2.77488e-09 5.0808e-06
69683778.234086245298 5957 3.2381970466542124854 0.095274004545268561883 0.15731209222691477922 0.35726065185348737652 4.9729820145369085793 6.2071713637665153485 6.2140934634864821717 6.2206708841139199961 3.45473e-09 5.46581e-06
69683778.234086245298 6103 3.2935175364830331368 0.075910911026131913659 0.14714706748691652738 2.2642615356897084489 1.5008193723103635531 2.2741056092925955312 2.2146804611584607336 2.1539691822838333835 3.07621e-09 5.25842e-06
69683778.234086245298 6335 3.1082183676547909812 0.048482150995192027643 0.1973454270316237491 4.6896294179203303898 3.2731104448926351402 1.1031093643804597004 1.0602830031558070356 1.0179826270138969679 2.80706e-09 5.10036e-06
69683778.234086245298 5252 3.1393481124097157853 0.14787209820862928789 0.22643760666375684076 0.79086142857563079822 2.6839923283255400221 1.4212309403105729544 1.2760679036490678584 1.1345718927944514753 2.42859e-09 4.85999e-06
69683778.234086245298 5034 2.863565824730936793 0.19013322518069059042 0.11298670245954441083 4.7600962576170084972 3.8449407771453425475 3.1491945772966296602 3.1508080394285515879 3.1525601656597128652 2.20492e-09 4.70595e-06
69683778.234086245298 6874 3.284147743009875331 0.075881180346583615437 0.2249141041324241308 3.4739009306778001474 4.7323684468078290877 2.4383214032508200297 2.3877210438606728538 2.3357829211176275308 2.61974e-09 4.98428e-06
69683778.234086245298 5053 3.049127628750282426 0.17783683788546028604 0.28748665478860946365 0.53462230872205540599 1.0558737293898228238 4.2248909872760522788 4.3898396802773262948 4.5585055453244773815 1.90259e-09 4.48021e-06
69683778.234086245298 3953 0.94436397155715634533 0.11332031703112475929 0.36934748996700672574 2.317439094317320869 4.9137286381426337201 1.4019451098176602954 1.2910496372030302314 1.1821346008948099282 1.87457e-09 4.45811e-06
69683778.234086245298 6204 1.6200729759194096857 0.051690314393364217294 0.069881594863127463602 4.1378810891311363918 2.7771484746068684224 3.6508492404327705927 3.6766477364802172545 3.7030040294604540385 2.26769e-09 4.75019e-06
69683778.234086245298 4189 1.109734518035507822 0.021800659081687153579 0.045620752272368704505 1.3096957865538267907 3.2041007933513552253 4.5081330489702047259 4.5295295558922967771 4.5509667489320468903 2.51666e-06 4.91804e-05
69683778.234086245298 5324 2.1160616363915645266 0.078820222081852103768 0.076816068298678708004 2.3569919163386323646 6.1610862184093289073 1.614723497319887846 1.535760740815437897 1.4569888893926485895 4.64884e-09 6.03437e-06
69683778.234086245298 5185 3.5220771927231369069 0.017590537072677662339 0.20598193944161014013 3.3056501437269059096 4.3857240005550597317 5.3611606523501249555 5.3751040137654717554 5.3889710684352367664 2.64564e-09 5.00066e-06
69683778.234086245298 5451 3.2698235404795830128 0.053854606676897238959 0.030066484851124210265 5.020626699149708827 4.4549197464301428795 1.0823324325427663428 1.0353442723891761457 0.98902726064477264334 2.58702e-09 4.96345e-06
69683778.234086245298 6192 3.2092807634193616373 0.18665921002874935608 0.37548753904426074302 0.52858064294260365124 2.5043625353783331988 3.6949586198129269476 3.8024424909809311224 3.9170116733322672964 2.79503e-09 5.09306e-06
69683778.234086245298 5257 3.236343944399636019 0.13483948212212590323 0.20441630374498748202 2.8875466062371288878 2.9275113327976494126 3.0021047413791808189 2.9819178805004673549 2.9604787904641325369 2.20895e-09 4.70882e-06
69683778.234086245298 5853 3.1448735660626048194 0.16395356357541585046 0.12457830899016333892 3.9289299536093946763 5.9975795518423931085 0.77955684923485379922 0.67006167804216065775 0.56824088646366799349 2.34516e-09 4.80368e-06
69683778.234086245298 5962 2.8750200486562986768 0.13915012518382180451 0.22450954606681627901 0.20189608559657820641 0.47142905806319901352 0.67973200153883461816 0.59641794503809286709 0.51825976045873345388 2.88829e-09 5.14909e-06
69683778.234086245298 6233 3.1579527208496265267 0.18779319201361371894 0.15299186829064115312 4.6463459491393725997 1.5078896875492060481 2.6415916718312284495 2.542593937946193261 2.4367131701243227582 2.38928e-09 4.83362e-06
69683778.234086245298 5650 1.8705433860519369293 0.24119096888306368331 0.17100953835795346114 1.3615485602189489889 1.8528064961920907017 1.1855933355623033965 0.96954709963392293748 0.77065388638316856262 1.14639e-08 8.15256e-06
69683778.234086245298 6255 3.2256983843458488792 0.11783530829945605689 0.19995462388226928341 1.997813538595818228 4.8705215604900589099 1.5970999545968611599 1.4788475426255838219 1.3615100074288737364 2.45838e-09 4.87977e-06
69683778.234086245298 6952 3.2568241933362553908 0.15283516958759829629 0.1083732890069439847 2.519236616985178312 2.5068209978520110681 2.3524779023947042234 2.2372459555862320713 2.117114233680357227 2.57429e-09 4.95529e-06
69683778.234086245298 5878 3.2671541341811742853 0.095077922035630327291 0.021270829883495080692 5.2296083769490104842 4.1713332519835084611 5.3630942873007887428 5.4367551344954234693 5.5079608535740565145 1.44428e-09 4.08696e-06
69683778.234086245298 6956 3.504322186417324847 0.16808471698442481457 0.43440600458855160859 5.7080660431027743229 5.6141135893098539356 4.031517111315609192 4.170239014448538839 4.3142206057348886361 2.20649e-09 4.70707e-06
69683778.234086245298 2850 1.8381122013319299846 0.31294629421359948518 0.45181058119654199379 1.9905602634347037139 0.99626763197342804723 2.179376403472521595 1.8913994535161970934 1.5943991743826213536 2.86233e-09 5.13362e-06
69683778.234086245298 1284 2.4368084251978912036 0.18998887731021502079 0.30978001352572503979 3.6158692804367276175 3.6589836903783790056 2.7034801658875435848 2.6144663908162217858 2.5188921485925583887 3.64405e-09 5.56389e-06
69683778.234086245298 6722 2.0386469573919097087 0.39242926865083005428 0.33803133990693562394 0.62837534545915441075 6.1731503768534254917 3.0660278899999497959 3.0272677581656308732 2.9825009902706915987 1.78527e-09 4.38616e-06
69683778.234086245298 6089 1.5466984992474093197 0.29007661024254605131 0.4062689307098450997 4.8403900977439953124 2.8386568079817489085 3.042284524121506184 3.0078113173211162845 2.969120134448592907 5.81535e-09 6.50193e-06
69683778.234086245298 5211 3.1649258624647904625 0.042158260670234572187 0.23906889243138740309 5.0122998699831997627 4.6610128831367916291 5.1997809932726424265 5.2366781624622760205 5.2731737253135824162 2.07199e-09 4.60942e-06
69683778.234086245298 6295 3.252807308759817051 0.021234749141046456444 0.19536755957045956467 4.1455427650605178869 3.8281334105604054585 0.040251502775016052837 0.039405878744659138258 0.03856932133836527693 2.30061e-09 4.77307e-06
69683778.234086245298 1410 1.6498317806652198492 0.20061968084218162467 0.36360481892090562583 1.6507758486042569679 5.9049214483818239785 3.5804881048958159262 3.675242805284123726 3.7772938927561861 1.96181e-08 9.75145e-06
69683778.234086245298 6969 2.1863747361921945789 0.045591099158171270733 0.19590703969862030553 0.67897337019006653858 2.4144605061973924975 5.4000142377659354764 5.4347568563237365069 5.4689612265893838838 2.41679e-08 1.04535e-05
