65051334.702258728445 0 5.3988384277764174257 0.031378020366435555033 0.03395999502731487929 0.23683672895439991657 3.1038122461388661932 3.7027642757088421455 3.7196915948116999751 3.7368375737993133612 0.000954966 0.000356051
65051334.702258728445 1 8.9895117302092213407 0.077620191972487012633 0.032749489248384229534 1.8550823043853139627 0.42700599625432184014 1.1624583509582897545 1.0922256196182531518 1.023325743078100869 0.000285285 0.000238018
65051334.702258728445 5775 3.0372425484220517689 0.12158500831682830801 0.082455754210379358926 2.5238956614903629294 2.9192485661310758616 5.9604984645952745481 5.9970774365196257705 6.0313912134379261687 3.02463e-09 5.22886e-06
65051334.702258728445 6920 2.3959951870933005047 0.18903588220817935106 0.13929168367983191246 0.26962665784548095482 1.6350273876498511161 1.081508767384995684 0.9207062859970008839 0.7702281842791668387 4.48089e-09 5.96081e-06
65051334.702258728445 5134 3.5502595499240525712 0.011556925096135985467 0.29890020264881422829 3.095303238749234076 0.014493878129369808239 1.7094645825397971617 1.6980091858558181706 1.6865456482198446508 2.31886e-09 4.78566e-06
65051334.702258728445 5278 3.2012076705375132057 0.14981149590589837306 0.26518329330475998162 2.9442693348161812494 1.4502081973164420159 3.2042040619137930335 3.2143973170812931706 3.2252946597426324082 3.13887e-09 5.29389e-06
65051334.702258728445 5196 3.5570931608111879818 0.099820464917980356034 0.1570292574281574316 2.8997246682295614306 3.2536482111426527908 1.2850157350332973571 1.1904100892474680506 1.0977246611058570913 3.02458e-09 5.22884e-06
65051334.702258728445 5063 3.4581679731005823264 0.10127974397994800315 0.42142004015711892473 1.9617674831488456366 3.5635968743875516829 5.673598262027903516 5.7293956146016515873 5.7826600775972591961 2.23728e-09 4.72886e-06
65051334.702258728445 5846 2.8052476936287300546 0.087651900215480527123 0.17682731058051406881 5.1316776904332179754 2.1513870685063394284 3.0228101525981792008 3.0119287407920642963 3.0005952726062550262 2.37403e-09 4.82332e-06
65051334.702258728445 6960 2.9488217214774290476 0.14280888536780667053 0.14941688348104442685 5.816883699086654147 1.6680722612977414432 4.1217201962048743979 4.2457484279258208559 4.3732888587555169835 2.28045e-09 4.75909e-06
65051334.702258728445 5548 3.1599443363764097015 0.07222471825954943081 0.3521250652687435978 6.2293875021076123843 5.0866876694544478354 4.8842859406770422481 4.9550716833499395264 5.0251799858676111654 2.11518e-09 4.64123e-06
65051334.702258728445 6443 3.2344567763443330399 0.22102430246397392066 0.26340750955046016157 5.0134000532527691618 4.7026226534675332758 3.9590517180836317657 4.1353601279112321976 4.3205977701119246959 1.88164e-09 4.46371e-06
65051334.702258728445 5990 3.1030465368895869815 0.076082831793668440068 0.14811362948724676736 3.6257954292054992429 1.8300812370271377638 1.1097927388526156456 1.0427159145387909778 0.97699739834497079105 2.30118e-09 4.77347e-06
65051334.702258728445 6883 2.300949522347596865 0.26391555751279383024 0.21398274562503394325 0.93927250340177192989 0.29476001932724327226 1.85353878474417888 1.5870699171595710197 1.3231893052202301497 1.23696e-08 8.36184e-06
65051334.702258728445 5098 3.1488892413172138163 0.023962674835427182074 0.1389496234553767029 5.9754777877025899713 1.4861575375135513966 1.1554041533506649309 1.1335825548414177888 1.1118739310668679376 1.90652e-09 4.4833e-06
65051334.702258728445 5929 3.2798353252181939865 0.11654924904721929158 0.18944807683826911382 1.6860038439712552449 6.2580604191459512364 0.98645511913543160176 0.89203020230221408138 0.80131432985719963646 3.18574e-09 5.32011e-06
65051334.702258728445 5467 2.9618132302294757352 0.13974710536944276451 0.17798824365055579411 5.7864706671228294255 4.7644880782609764225 3.5447955664792090147 3.6036856094110092386 3.6659880177019408265 2.43648e-09 4.86524e-06
65051334.702258728445 6282 2.8516371881299011903 0.12183609162254088742 0.097476094474586161276 6.0792148276312216737 4.4876449327310474757 2.6007517116781775357 2.5343304307995211389 2.4648081615307733117 2.68214e-09 5.02355e-06
65051334.702258728445 5694 3.1073057849425538279 0.21410064119998728493 0.25262088568778634512 3.2943153521022905394 1.6626124780509368151 2.8615722088908084331 2.794775542745980168 2.7220014167188599785 1.21025e-09 3.85309e-06
65051334.702258728445 6392 2.9621139861707384 0.22014615593074723932 0.24032124767851317793 5.8468851976938047699 3.8056439986776964268 2.5604488023758524839 2.4257285118238498534 2.2812532646424057425 2.75286e-09 5.06732e-06
65051334.702258728445 6484 3.1015924669105463529 0.11290530862045537741 0.2379630975807283666 1.3231398490770995835 5.1271782891732478049 6.0433272371584969562 6.0688311020901268833 6.0928479193697837601 1.88476e-09 4.46618e-06
65051334.702258728445 923 1.9924535036680104394 0.39166496046853394031 0.27805234231529812883 4.0139414605836556404 1.8209399730164481657 3.4008883874956690185 3.5309938869440431475 3.6796834349495961547 2.53731e-09 4.93145e-06
65051334.702258728445 6739 3.1846285011548074451 0.055352434590732454978 0.23696867492989856507 5.3061855290063926205 3.4863798041482465528 6.2455329108305326358 6.2475620070260520222 6.2495334263943584929 1.84353e-09 4.43337e-06
65051334.702258728445 5885 3.491606703047533955 0.051344929031406680298 0.2475595792881767343 2.3940995030125873377 0.90441420468352728967 2.8732851343054637283 2.859318890138437208 2.8450172661593473578 2.25928e-09 4.74432e-06
65051334.702258728445 5405 3.1870144244446763082 0.053424650846051288666 0.17347223228881700208 6.2709525385188760183 3.7397971213767542409 2.6384428505253390007 2.6120470977953611502 2.5850601060198830083 2.93677e-09 5.17774e-06
65051334.702258728445 6764 3.2805834336779682303 0.051524004840096192248 0.30654996745128021418 6.2131416349442796232 3.1929787728770744337 1.66276648649692671 1.6113156527469618684 1.55983393858225039 2.4069e-09 4.84547e-06
65051334.702258728445 6362 3.0044892261975930658 0.18616870170686675157 0.27187974071115927899 4.8168063980430204651 5.3104723916921487969 2.8937591931269195378 2.8430852238782429176 2.7883341310881744057 2.92709e-09 5.17204e-06
65051334.702258728445 6775 1.723817501580148237 0.30967461304801702227 0.22726027102275037084 0.21356869766883190831 0.31472124703258796963 2.3263597359323102687 2.068485447931087684 1.7963780468473289353 6.39874e-09 6.71246e-06
65051334.702258728445 6055 3.2244364060915318149 0.083350851340990253502 0.058723461751343207504 5.2905678971770457863 5.1248147730040596315 1.4495899843817774411 1.3671693939805811269 1.2855406068273838027 3.0525e-09 5.24488e-06
65051334.702258728445 6498 3.2097999934720689019 0.052628817236398547919 0.10767950836629655575 4.2644248175414576352 0.95125258516102462192 3.9307925485883372652 3.9688757438655688503 4.0076155569466624939 2.50157e-09 4.90818e-06
65051334.702258728445 6313 3.2638943003547744581 0.064121718883595038574 0.38497988997415444334 0.63020070123714189148 0.97934048855693955904 6.1216747033159624181 6.1316796890922988794 6.1413573668642262859 2.33149e-09 4.79433e-06
65051334.702258728445 6300 3.2244843793856063918 0.042622156796676274881 0.16300136659979932996 2.8606346258640686919 1.9984237799464621421 0.99616432273296351418 0.96078506825699505622 0.92585017682250825288 3.26125e-09 5.36181e-06
65051334.702258728445 5323 2.825973556473825532 0.11843438550227104733 0.18283592508300802737 5.7811251987004501629 3.3493774018661088832 1.0118645038197853214 0.91425458614788357448 0.82044178318908000946 2.25995e-09 4.74478e-06
65051334.702258728445 4755 1.866494974047712585 0.060924868176737076442 0.057994743215562784278 3.5076153454640106588 1.5444385442596408886 5.2240490632023028894 5.2764267413115737426 5.3279145550005964083 2.45943e-07 2.26531e-05
65051334.702258728445 3800 1.8602299357043148298 0.47702387986960825828 0.52674003458490514795 4.4889380599246191395 5.3387812185509782026 4.4945866302886727794 5.007585132749664325 5.463975389824521578 1.79108e-08 9.45995e-06
65051334.702258728445 6104 3.3545734346580311502 0.079482784223985122884 0.18860791776694763033 5.6246598255879733941 6.0087034358675532886 2.7727214042230352575 2.742912887014761214 2.7120575121855177159 1.75259e-09 4.35923e-06
65051334.702258728445 6197 1.7224183925687925889 0.20367353631120180268 0.47820441512162054076 4.0960375395989885305 4.7413190784223315788 4.9722649835738703672 5.1654562707558735468 5.3485809198298914779 8.02678e-09 7.23931e-06
65051334.702258728445 6815 1.7791861398095720759 0.41924911369435918784 0.20741159147299939591 5.7161909481728496729 2.7131661607259212055 3.3347508391567100006 3.4422091267905079448 3.5663526002512906388 3.57143e-09 5.52668e-06
65051334.702258728445 6425 2.4681674408182501246 0.29391982811965694511 0.75554972052165203511 1.6373374938080851315 0.63043813768905621053 5.9726338007504118366 6.05293907941475684 6.1200166573425303085 5.02719e-09 6.19382e-06
65051334.702258728445 5489 3.2252593828375597518 0.037577888757281921461 0.27786825359907679767 3.945185369756297078 3.3025844463902318537 3.7168890494416912951 3.7376687429604249502 3.7587649543618781856 1.80848e-09 4.40509e-06
65051334.702258728445 6756 3.2004936845822116176 0.093806355262076063228 0.34681739388367716082 0.18087607445464071176 4.2813585973486087966 3.8184352652771429426 3.8795400998943074811 3.9426502714982718523 2.22448e-09 4.71983e-06
65051334.702258728445 5116 2.7146914824241146214 0.19027663983964016037 0.095243606873618658071 5.605770185905784686 0.51820740615944838048 0.77256244351375080726 0.64731720758993815945 0.53257116480731936381 2.56354e-09 4.94838e-06
65051334.702258728445 6951 2.994515162856484114 0.017973326099688394231 0.048719740850961756884 5.2563922407488528066 5.7091152154440116817 5.078312170178585383 5.0950427134073859037 5.1117161554140517765 2.54062e-09 4.9336e-06
65051334.702258728445 5559 2.272046385852210193 0.56932951093594086345 0.50397472787537256345 0.56790276942106709956 1.8321650235148760899 0.38054822465471876969 0.20111465762628921716 0.087384457499513554235 5.44342e-09 6.36025e-06
65051334.702258728445 5923 3.0051914511549471243 0.080936456362971392897 0.13854931910820503238 2.3914455986375435792 1.7016760182318104722 0.44813139405788854353 0.41424669448903134183 0.38166973406713294859 2.22479e-09 4.72005e-06
65051334.702258728445 5234 3.0300047996964551977 0.17646688076329344885 0.092712724930951118107 5.2688586908859065261 3.2876865078244690288 2.5950988770569884956 2.495147434366602468 2.3888521349945359695 2.35138e-09 4.80793e-06
65051334.702258728445 6863 3.1425444502068948793 0.14988456972629149444 0.10016294111722000293 6.0759060488527465438 4.7177922659349071921 3.2846078797410811489 3.3078228427471030315 3.3326235961319254919 2.72515e-09 5.05026e-06
65051334.702258728445 5146 2.7661332785693955039 0.12268610214589205365 0.13541923489378190903 5.2319127431832477271 4.4284456834553225235 3.3063861471542423942 3.3278946208840087806 3.3506192925575857267 2.55901e-09 4.94547e-06
65051334.702258728445 5492 1.7653718160463118814 0.1897754178809709924 0.56194371545885202224 1.2143484674077626995 1.0119340166205330611 4.3149988934786316364 4.4978753451067321478 4.6833011186296600314 4.51271e-09 5.97488e-06
65051334.702258728445 5047 1.505332348543574339 0.069051491964553735059 0.34882876248126115648 1.032719443141180804 2.0245803300266307367 6.2450439677102380642 6.2475921706901003105 6.2500494109571471668 1.0218e-08 7.84583e-06
65051334.702258728445 6657 2.376092906594129861 0.13884699468723316063 0.28993016376174324256 4.9544650090247062124 0.29658081166990624133 0.44735388566827222201 0.39058569379473029315 0.33772246870735811441 9.52311e-09 7.66378e-06
65051334.702258728445 1444 1.746962066798652069 0.36040947195252348578 0.77942874260089212157 5.007519086754188109 4.7551982237711305501 1.7935938274061051789 1.418693747255768578 1.0624453154618831441 1.72307e-08 9.33865e-06
65051334.702258728445 6628 3.2443186244366284399 0.13293359263998894004 0.21775317106470054584 0.96567348964466903638 1.9555174402833794822 5.1157769831694634988 5.2353070378486403769 5.3504761245684102633 2.5094e-09 4.9133e-06
65051334.702258728445 519 2.048094413891908161 0.30891719682837698313 0.20066808489337417676 2.0934026135113308342 5.965925757199736168 2.6913397163155647895 2.5309647303831601661 2.3538371630826326886 4.21586e-08 1.25838e-05
65051334.702258728445 2992 1.8462474986589012538 0.09760845763659350971 0.049491458254164198693 5.8564627070121941799 1.108330225206273667 4.5732645084419303316 4.6707457860007979278 4.7682696217388258475 2.26492e-08 1.02298e-05
65051334.702258728445 6827 3.1043617363263766862 0.099329822567691933299 0.21102462893110499054 6.0680475244244984623 0.88943778837821940719 0.31969757763946221596 0.28981748946928137523 0.26143127791251380421 3.04652e-09 5.24145e-06
65051334.702258728445 5626 1.4831031722130203487 0.32104920868672065515 0.40492726786076388423 3.9607411776906515932 2.7023346833287451574 4.0564097923880080288 4.3449456857752162264 4.6445644878571128444 7.93289e-09 7.21097e-06
65051334.702258728445 5938 2.3010543651045223257 0.3527709139483295453 0.43544649364621929033 2.7350620773637768224 3.2755250032749718692 2.97729033677896604 2.9046372623146350378 2.8218263415523749948 1.88863e-09 4.46923e-06
65051334.702258728445 6244 3.1535743007865923992 0.13985982195992499588 0.27223330172480958433 2.2049190230463429074 1.9373610265017500165 4.3627109571356461615 4.4978074958979261666 4.6344597164565968228 3.08558e-09 5.26376e-06
65051334.702258728445 6327 2.9966756944236387916 0.19054729590504076997 0.16901950211663774315 1.3198395087065131204 1.736597159784794675 4.6505979890705546609 4.8430899354321370609 5.0320120119910543011 2.25041e-09 4.7381e-06
65051334.702258728445 6390 3.0453676906873026198 0.16305444902284352282 0.11576643286973441194 1.0577803127743339306 2.3124508291068988086 1.6578688621846568996 1.4935331064812211732 1.3309651007410661094 5.26519e-09 6.29006e-06
65051334.702258728445 4112 2.0163208819996683019 0.29039019392214215909 0.77382313824654558321 0.18828475300838290463 1.0350936700557376025 0.55897264120500889106 0.41939818317088767285 0.3011481405471889139 1.99037e-08 9.79854e-06
65051334.702258728445 5511 3.2129587424597794154 0.085484945451337238098 0.1913469743786893329 1.2934011036909822678 6.0240723087812497738 3.4179331516691089377 3.4423021120709860199 3.4676225737207104771 2.90982e-09 5.16185e-06
65051334.702258728445 6702 2.0508339981721288581 0.55862786740447756273 0.40533797120752573795 6.0466536509783113118 4.0724795957577040184 4.4510566374527993361 5.0709283952807178153 5.5940333130743651324 3.70623e-09 5.59535e-06
65051334.702258728445 5195 2.756300684530646361 0.09367710804255371948 0.15527196598944090211 6.2734427760592437195 5.2684987050577651857 4.866738912330424327 4.9587766176716661093 5.049624659333486143 2.26107e-09 4.74557e-06
65051334.702258728445 6935 3.4458082858642780089 0.13189938358331787516 0.48256138051392799548 0.27284657406020851322 5.2760700882006288381 5.2329999292249604892 5.344146346414394344 5.4505879510732402338 2.603e-09 4.97365e-06
65051334.702258728445 6667 1.403159667515599951 0.17423861629410794527 0.42790635800002424505 4.997541565346182324 5.4904061447512262362 1.1211423255081183203 0.96911967657345088334 0.82547949618504212754 1.85586e-09 4.44323e-06
65051334.702258728445 6816 3.1185134187026597452 0.17100375015172511461 0.14067151976434955074 4.7591749779519885166 0.60701970397286875158 1.3823505968741272021 1.2161984365243112549 1.0558334824800659213 1.76213e-09 4.36713e-06
65051334.702258728445 5762 1.3754698205171462799 0.10774302388368076078 0.48450587253901511442 0.54804894766759582048 1.8846914197571318361 1.7755005535423837859 1.6686260739968514777 1.5613982249304330097 4.50081e-09 5.96963e-06
65051334.702258728445 6595 3.0554808649109634899 0.079400519742903144516 0.20029451274685469708 2.3441311997063309924 1.1195929706078078247 4.6991178401810262955 4.7786369516964750659 4.8578632989034415957 2.5233e-09 4.92235e-06
65051334.702258728445 5950 1.4319074914133853582 0.29789415245295403079 0.09792711819850706545 5.6938812290913203285 3.7476021909114916042 2.9192076879387118815 2.8402812792539831044 2.7518744106483077339 1.07677e-08 7.98408e-06
65051334.702258728445 5351 2.9729896133889748278 0.13443567396313180207 0.14137767753315025332 5.5611353526714788487 2.6118933929191214816 2.7015543920854216964 2.6403032248597155807 2.5756992583416109532 2.44807e-09 4.87295e-06
65051334.702258728445 2768 1.5801939394685013962 0.044727098549935749572 0.040010692681100253065 1.9813888987187040502 1.5552378552543686396 5.286542036798976163 5.3236606731401776571 5.3602885369745596478 1.06163e-06 3.68842e-05
65051334.702258728445 5194 2.3309371948390724683 0.1807097858697191417 0.27857994540582964316 1.9855627324557951763 5.4350511339961569135 1.3324930774160217428 1.1595923131434136 0.99394645398305581097 4.75382e-09 6.07945e-06
65051334.702258728445 6928 3.2222979741245292296 0.24752693980291004539 0.2304776979831194561 4.726896484412355548 1.0912138748846971215 3.3435598184654753418 3.4010666226398318379 3.4645751455574180788 2.08658e-09 4.62021e-06
65051334.702258728445 5914 3.2127489262357182831 0.095656755919018579548 0.060306910061677938828 4.8663048910108734901 5.6116432567809964027 4.9902644527665067642 5.0812038360375826329 5.1704281780108667377 2.63408e-09 4.99337e-06
65051334.702258728445 5072 3.115253878110485708 0.087014228197084236838 0.18649546076120948612 3.7646972851068261079 1.7378625199164878801 3.2909363184500435295 3.3044917944464451409 3.3186037310002300948 2.73643e-09 5.05722e-06
65051334.702258728445 6639 0.92938217313221127558 0.30387335541404997263 0.22959788195194830163 1.7243167038905045096 4.0295834675638051436 4.3547393833222569626 4.6606660157023256374 4.9641329908388467373 2.07227e-09 4.60963e-06
65051334.702258728445 5312 3.0026441565782477916 0.06780255918112181035 0.10698130061650455713 3.2953722514856820247 3.8552288752777492675 0.024027415294283649416 0.022450094978011640723 0.020928048945744189002 2.46345e-09 4.88312e-06
65051334.702258728445 6126 3.022302000274772027 0.25081883038704821942 0.22076045324657062041 6.0740412022270451331 3.2100256096859394184 3.5160088729048655232 3.6216780235974739277 3.7375199285767424229 3.04059e-09 5.23805e-06
65051334.702258728445 6734 2.1261738178440916514 0.16889816308099256381 0.35176493113586998485 2.4910383377768172686 3.7039791547260780824 2.4419661252492139702 2.3249288175475157914 2.201824728988988511 1.24231e-08 8.37387e-06
65051334.702258728445 6073 3.2410416500003633722 0.039434121054907116111 0.23313646987050307136 3.8573411845902718653 0.94199466009031984637 4.0463322430198047641 4.0777300666103277749 4.1094853379959541684 2.87152e-09 5.1391e-06
65051334.702258728445 6692 1.9905938219207628403 0.15905170281061739579 0.30078659531888479739 4.8086552064695791131 0.27245656749384494777 3.8256037825291877574 3.9333384797836363767 4.0465166464732602591 1.32225e-08 8.54977e-06
65051334.702258728445 5231 3.1399836225480952656 0.10705273979087476244 0.30035076227487755851 5.1785437841496442246 0.55896203000305599851 5.2896333559302668448 5.37698274100000706 5.4612511671922563394 1.89135e-09 4.47137e-06
65051334.702258728445 6029 1.6514682733040333407 0.30124856910185648928 0.54828554151223618529 0.0055147727014546003843 0.46204501320329149916 3.38637546693606728 3.4742106856070464893 3.5725739720075879724 1.2969e-08 8.49478e-06
65051334.702258728445 6290 1.7358167037420988432 0.22159629821597631727 0.26925156180174325549 5.2023781214282722729 1.4229898971981793654 3.7574922880516785639 3.8999444680499784077 4.0523419696416898006 4.66797e-09 6.04263e-06
65051334.702258728445 5160 3.0743296125712613609 0.081488607958384653984 0.2090750047803158207 0.57777489357544475901 1.6328228736385803632 6.0375654618251601846 6.0566566695306081058 6.0749587018613242506 2.48083e-09 4.89458e-06
65051334.702258728445 5717 3.159949045867424644 0.14201418724693271045 0.23764554342752230998 5.4462225756033184609 3.9733550110925990317 5.2399895254860444638 5.3588993176546351194 5.4722537415564538321 2.31886e-09 4.78566e-06
65051334.702258728445 5643 3.33617325612707738 0.033102045129503966658 0.053977892970733583333 1.3160010265469777035 5.1596186456908483819 4.6624225885638796996 4.6955167283507988074 4.7286140619646701566 2.47115e-09 4.88821e-06
65051334.702258728445 6842 3.1928542335623575354 0.074977097668792222485 0.12324479141762251233 4.2293930403823267739 5.1775448624287490063 0.014639805158110667446 0.013580414185116755979 0.012562225442076116813 3.94698e-09 5.71398e-06
65051334.702258728445 5372 2.0368457911458910381 0.20303082867543736922 0.3086623383689259259 0.00089757677655495312664 0.41472838826506325249 2.3574042805058286199 2.201473846381214905 2.0375004306224040462 1.39548e-08 8.70479e-06
65051334.702258728445 5131 3.5363578186821600369 0.064444759442569582442 0.29722468874145413498 0.67517824288108230224 5.5883457352357286396 5.6419538915653797417 5.6795669468004446045 5.7161474119032238406 2.25296e-09 4.73989e-06
65051334.702258728445 5534 3.226628058101046026 0.14309428654181002849 0.13233778177100630202 0.84892439525833096603 3.4152979878655558288 3.9877709582768265939 4.1007379477614325225 4.2178893944470834398 2.18919e-09 4.69474e-06
65051334.702258728445 6119 3.1408494751126094791 0.090937833413212820766 0.17096326344613937964 5.1543061321560381671 5.7476001425344929174 2.305248846331795054 2.2355128470163934118 2.1639364351857297564 2.96829e-09 5.19619e-06
65051334.702258728445 5525 1.9989066870970628731 0.37426057756520636488 0.34355646274506779214 4.7776621120142213073 2.3637210738092533369 2.6475531874489446338 2.426320155661836786 2.1808714033786511521 2.22151e-09 4.71773e-06
65051334.702258728445 5240 1.7089918309119949136 0.33402476709175932257 0.44281241646101099363 1.4100805911931491021 2.7785920131665413635 4.8414530051697504121 5.1720646857427352572 5.471416486334583773 1.54708e-09 4.18172e-06
65051334.702258728445 6997 2.9115391056313710827 0.10726016086287859519 0.14066091298248598052 3.3715975270236651085 0.87340457992624431771 0.1359432015428866658 0.12210251925696523345 0.10903830240973705346 2.77488e-09 5.0808e-06
65051334.702258728445 5667 1.7922525629651349099 0.31362918735663569691 0.73403240027099214693 2.2423374029489111514 0.1342670277516534727 3.5406783715166492144 3.6871958444004988564 3.849948630727186849 3.20823e-09 5.3326e-06
65051334.702258728445 6103 3.2887282104654640413 0.084627882216268990323 0.18743902435705905862 0.26749031463537153996 3.1321833598042543301 1.4090071722609203153 1.3259496454599488668 1.2438458319769816196 3.07621e-09 5.25842e-06
65051334.702258728445 6335 3.1189729448467726769 0.079812525963100386384 0.27196774035931237101 5.607849197198726543 5.2273072806522211664 2.3328445238572874665 2.2733903992064750099 2.2124799960050332004 2.80706e-09 5.10036e-06
65051334.702258728445 5252 3.1436803657291991776 0.11661456711414376619 0.19281485531976913506 5.3820959688291241108 0.87936946511553915062 4.1079324239172478883 4.2074418898320224969 4.3095029672715856606 2.42859e-09 4.85999e-06
65051334.702258728445 5034 2.8664583706930506501 0.19021685319038067474 0.19872539258688834418 0.17106521500260921109 1.1170563874280714511 1.8484812415727205348 1.6594417999093633576 1.4699718213563091052 2.20492e-09 4.70595e-06
65051334.702258728445 6874 3.274922969875625256 0.096008984922378928784 0.29391018784218025939 1.043981373007906388 3.0321260288145603923 1.0997561608844628189 1.0158864136596890138 0.93428377782459137713 2.61974e-09 4.98428e-06
65051334.702258728445 5053 3.0346833427956720897 0.2029751509247968988 0.25091640997439207394 1.5045239390496327747 4.0734144215198115901 4.2758047145788022902 4.4694934801177437222 4.6665104245768063151 1.90259e-09 4.48021e-06
65051334.702258728445 3953 0.94543831676658307561 0.08226293078042254403 0.35516557966391676393 4.5457031389880500072 1.629109074633430243 5.7191787794765742703 5.761740603849778708 5.8027185139735850683 1.87457e-09 4.45811e-06
65051334.702258728445 6204 1.909474045963760247 0.25108930832803655342 0.021052105122206236226 5.0942218854884115942 2.8094317236679886562 1.067786036357607049 0.85794416529059269738 0.66799518922374523378 2.26769e-09 4.75019e-06
65051334.702258728445 4189 1.1097260150614132179 0.020770273818914535696 0.021358223151632719367 2.0942571548113826374 1.0132636803046362051 1.9111283874535662797 1.8914798136377317661 1.8717684043429787533 2.51666e-06 4.91804e-05
65051334.702258728445 5324 2.0307778839892294265 0.02072246103810587714 0.22200373834927988881 0.7814199887209714035 5.2801839406365251861 2.1340066756008111426 2.1163859784679175391 2.098671974150495334 4.64884e-09 6.03437e-06
65051334.702258728445 5185 3.5312360583844242257 0.037139654920409118088 0.21941569858327025777 2.3431763102847029678 1.2633750697266254992 1.8683499402722807403 1.8326393628020309912 1.796765630535334779 2.64564e-09 5.00066e-06
65051334.702258728445 5451 3.2754109462498721683 0.090489820044597296667 0.055279581606712292763 1.4304121673320566721 2.3807217634864987765 5.379502218702684857 5.448766692032884329 5.5158111583816245016 2.58702e-09 4.96345e-06
65051334.702258728445 6192 3.2128638758505827511 0.23127825396738016517 0.29731719041812892934 3.6780649563928942136 0.48439079437438797848 0.28767799233705299011 0.22789638007959645005 0.17564396248176666893 2.79503e-09 5.09306e-06
65051334.702258728445 5257 3.2242742615529835781 0.14397446491571055938 0.17256959607957450542 3.0816061473168523399 0.52164417967681586674 4.4347544190703835909 4.5765191891467242868 4.719166769688956542 2.20895e-09 4.70882e-06
65051334.702258728445 5853 3.1471048503129619434 0.074135616994518982459 0.18799274707517538152 1.1312010005351533781 5.7751530292497417207 3.1083112392817264791 3.105745784961215783 3.1030888243549399341 2.34516e-09 4.80368e-06
65051334.702258728445 5962 2.8846415166500771754 0.17469111594790651121 0.23795856206600729532 5.6713354494979117959 3.8073873733404055564 3.7123042443929672451 3.8149270190773743039 3.9238637138524916637 2.88829e-09 5.14909e-06
65051334.702258728445 6233 3.1671881248871414094 0.12498049972337627045 0.23419829363411256984 0.90098700467019487981 5.4476953790939308675 2.8418201276815504563 2.8024104055768566113 2.7608273884790435204 2.38928e-09 4.83362e-06
65051334.702258728445 5650 1.7656149577649506988 0.17052712280440884829 0.15218101818682083781 0.47519825583779651268 1.4443080957021281474 1.9775535959422188004 1.8145962753300670656 1.6491120306651061433 1.14639e-08 8.15256e-06
65051334.702258728445 6255 3.2200115799682120787 0.15086779375532385905 0.23156621115607936567 5.7541471456728867651 4.5140522287204145613 5.5849034901195180325 5.6770323659806685157 5.7629832559438014528 2.45838e-09 4.87977e-06
65051334.702258728445 6952 3.2428971742293692948 0.14916135436726571384 0.11519480636927331707 4.7054054919770020859 5.4677125427954562653 3.9839524366224567942 4.1016314076758941809 4.2238264466946526809 2.57429e-09 4.95529e-06
65051334.702258728445 5878 3.2431820354240969984 0.07697460983183951333 0.097909064423026978541 6.0038455952738720711 1.8064295999412502969 0.64856126977822348145 0.60339185471542200467 0.5597134869124029688 1.44428e-09 4.08696e-06
65051334.702258728445 6956 3.523549365962351132 0.20746556904703380986 0.3680411431677191314 2.099085249222916616 1.6399935463889883103 1.2661524408693607402 1.0727703364695253541 0.89050618226734090666 2.20649e-09 4.70707e-06
65051334.702258728445 2850 2.0769907444545792075 0.49635580631292369747 0.37383081462796335925 1.6123841114997969903 2.5921569591325588355 5.1422503491847830759 5.5704803632761210608 5.895038843137222706 2.86233e-09 5.13362e-06
65051334.702258728445 1284 2.420582113163497251 0.22290393310415249073 0.42981191187904510542 2.4697203239528255914 0.035874011715552586721 3.1262785077355910168 3.1223817972028031775 3.1180998851454564402 3.64405e-09 5.56389e-06
65051334.702258728445 6722 1.4941240251514449344 0.27370950739227933868 0.28693144179549373574 4.3387309424885573961 2.621332562062548277 2.8406051969081715924 2.7452359018381167211 2.6395675789074428685 1.78527e-09 4.38616e-06
65051334.702258728445 6089 1.6184632232779105898 0.32645740350020591158 0.30944770142045352479 0.35515818551659578128 1.9243082809898262031 5.3174436370213076231 5.5681299584611645415 5.782174761456725598 5.81535e-09 6.50193e-06
65051334.702258728445 5211 3.1673939246115851986 0.046367312046860439945 0.3025038420575427156 5.6340761686071036962 1.137719541154217362 0.2723683670322740169 0.2601611120253507492 0.24823375875577821659 2.07199e-09 4.60942e-06
65051334.702258728445 6295 3.2673556661082736596 0.035241319456381349495 0.21854259817786039766 2.216841705229717796 2.3580898482299907926 6.1511845394894315575 6.1557446779022662042 6.1602237067486207422 2.30061e-09 4.77307e-06
65051334.702258728445 6211 1.8442279974053477076 0.36711674576635150435 0.45498083477151102239 6.2018019975432201463 1.9579266241866266629 3.1937954785383237954 3.2182971175789774065 3.2464290058257345706 2.33777e-09 4.79863e-06
65051334.702258728445 6969 2.1877232481692820976 0.055853717918912700047 0.19384212864755540062 0.31784380383405935744 2.6982485476555098103 1.3363758270309396003 1.2823711299417206444 1.2288245612380044314 2.41679e-08 1.04535e-05
65051334.702258728445 5578 2.8917686125839008326 0.12856041356374844908 0.24270316807247196977 5.3043910219669827555 5.7199347356875041015 2.769953110785880579 2.7200831749976166485 2.6674841890048321957 3.04211e-09 5.23892e-06
65051334.702258728445 5640 2.2074560583702464989 0.55160788950034589373 0.40610935282387550238 0.89308052064164533679 4.5335037927597472418 3.3247183711727150701 3.4799351110989693581 3.6630269965309025793 5.24602e-09 6.28242e-06
65051334.702258728445 5957 3.2286715319812269165 0.046478357314528657984 0.11129117466717369789 5.0983248184483116461 1.9821764955843803602 0.66924912854606743995 0.6409170880056432873 0.61312624744620702888 3.45473e-09 5.46581e-06
65051334.702258728445 5290 3.2035598176463309095 0.077156936868759615211 0.18201237047371629507 0.41602477249002955961 2.6835848794880754475 1.5833174121023525505 1.5060524225597378134 1.4290571413980663884 2.68653e-09 5.02629e-06
65051334.702258728445 5080 3.1826756387634183021 0.17627549215918925096 0.23228454458238939617 1.567957299991043385 5.166455665721072954 2.8502505677214990953 2.7944862335491977845 2.7345211493947347847 2.57476e-09 4.95559e-06
65051334.702258728445 1410 1.8237526287054106611 0.21771439733853148457 0.34694611676640019216 0.062608352164673863882 3.3825948126150260364 2.4184675487925288984 2.2598537744671252092 2.0918118656977600089 1.96181e-08 9.75145e-06
65051334.702258728445 6186 3.2410299392768187055 0.013485123915487147797 0.23104990804228375811 5.5436905908299607404 4.9844967264446378152 6.0042342513433135665 6.0079235946635716203 6.0115888352476014589 3.14704e-09 5.29848e-06
65051334.702258728445 6154 3.1778006163546299589 0.11564159221014194689 0.27206969957000293192 6.027918630173268788 2.0811901042645208904 1.6265566663205350828 1.5104609651945115623 1.3950297974116647737 2.04677e-09 4.59064e-06
65051334.702258728445 6572 2.9747817288067466279 0.11002056471728510756 0.1351005994821868339 2.493046208642275996 4.2804764951811833384 0.13776546013880919261 0.12339595086649211841 0.10985428531320798329 1.66053e-09 4.28153e-06
