69979466.119096502662 0 5.3979973451020617503 0.054251379272444714974 0.037786085947153401354 0.79428365603338169088 0.31359831874928434381 0.3100066856791353076 0.29386201941809569904 0.27814806184903057007 0.000954966 0.000356051
69979466.119096502662 1 8.996045885261935382 0.037918149447083417114 0.019419485871252993581 5.1235417189750069866 3.5894641440973700242 2.5115488673227033267 2.4888533735339519737 2.4658232231817831526 0.000285285 0.000238018
69979466.119096502662 5775 3.0490775330242247954 0.14470353554916931538 0.09817928230015651736 3.3999506905886907049 5.0125903441020813744 5.0401857073543574472 5.174555251056623284 5.3040777482685586008 3.02463e-09 5.22886e-06
69979466.119096502662 6920 2.3973257636173417318 0.12986697957956391813 0.29864024967211816319 3.4429594670885115271 0.61043842463214537108 3.0024778623253296495 2.9831451489726097392 2.9626540422198366365 4.48089e-09 5.96081e-06
69979466.119096502662 5134 3.5426288102675846936 0.058331324339558343617 0.29727268146434698837 4.2567298110968057046 1.9363634896641643834 0.25015318522355978192 0.2360985531468922094 0.22245420286958061951 2.31886e-09 4.78566e-06
69979466.119096502662 5278 3.1950775929676442644 0.028339145983235818765 0.32259320756220882798 2.2876500014642942027 3.5504325553492837031 3.6144835572060038942 3.6275583304004848095 3.6407944814116306453 3.13887e-09 5.29389e-06
69979466.119096502662 5196 3.5352997365982234967 0.16471627253179130235 0.20628699720152549046 2.1956223943035326762 0.045084535211581545922 0.91040545928076777038 0.78592698149818251974 0.66939341200939117549 3.02458e-09 5.22884e-06
69979466.119096502662 5063 3.4680073763870034043 0.18181383395044886653 0.36496012271376881975 3.8009165089439855834 1.8698468259825398174 1.6830173049160077614 1.4994562891627694068 1.3181049207743835705 2.23728e-09 4.72886e-06
69979466.119096502662 5846 2.7521873936210745626 0.40852500239172667706 0.17259686505293594938 3.7137872239305322886 3.0127424646176232947 1.495097705483174666 1.0819114896449530949 0.72124227671129825801 2.37403e-09 4.82332e-06
69979466.119096502662 6960 2.9484204747627815735 0.16405472275972446394 0.047993723290743542376 6.101699082721912859 2.1261250248787111339 4.3949255012083856542 4.5556510629685842417 4.7176947601139538335 2.28045e-09 4.75909e-06
69979466.119096502662 5548 3.1622913479090262179 0.10388997900031957111 0.25358449645165181963 4.0759131964839880879 3.4722732091332435544 6.1896008976744818497 6.1988555361549293465 6.2076061739756944746 2.11518e-09 4.64123e-06
69979466.119096502662 6443 3.2190410622389475925 0.19939807701347400659 0.30484322769160576705 0.00056750292304529699125 2.3233163352982004746 3.4592459743567278707 3.52878482875410171 3.6040755361369085641 1.88164e-09 4.46371e-06
69979466.119096502662 5990 3.0929128826711642652 0.10917131755266763771 0.23187509418268348327 1.0353382201365426418 5.6763560523159393156 4.2315405082019470484 4.3310623096797611353 4.4323920402661896034 2.30118e-09 4.77347e-06
69979466.119096502662 6883 2.3481811229075648662 0.36882591384449636696 0.19486327057102406646 4.3743887951265190139 4.4044974047698435271 3.2328609433332591294 3.2758900622119986323 3.3252736682995345241 1.23696e-08 8.36184e-06
69979466.119096502662 5098 3.1358843534235432138 0.052783983427539836464 0.075873001144425050724 2.364887264762093988 3.9452303821777521264 2.0279781354880195288 1.9800321478057893998 1.9316067931598048801 1.90652e-09 4.4833e-06
69979466.119096502662 5929 3.2685438881782635789 0.12994967953524247384 0.14524229013024211876 3.9763502356471485122 5.1524275547213260751 2.2341802825944614419 2.1271530096013431255 2.0168017217292852905 3.18574e-09 5.32011e-06
69979466.119096502662 5467 2.9468813888374336685 0.17238951844333266772 0.16842337359515185957 1.6501851676059360319 5.5611819904591888175 0.067983758704364530279 0.057125680481438956271 0.047283167221371068256 2.43648e-09 4.86524e-06
69979466.119096502662 6282 2.8561376392504436161 0.16386901356986041667 0.081835862039247031507 0.088274781402567822908 0.78631706270979151441 1.9828532004767591701 1.8268305808520115541 1.6683033870266528176 2.68214e-09 5.02355e-06
69979466.119096502662 5694 3.1059825584300955192 0.13758439698006402763 0.33858154115892136193 0.42653153871560883781 1.1154926933040925086 0.35292605634631785128 0.30806145473626561637 0.26634422519857803291 1.21025e-09 3.85309e-06
69979466.119096502662 6392 2.9743911923324359847 0.14048454302230306556 0.20707577846582395087 0.013490696507819572789 4.1396129853066883086 5.7435972964668629004 5.811966612495739426 5.8757427314677768138 2.75286e-09 5.06732e-06
69979466.119096502662 6484 3.1102852389572297476 0.082500869515006708399 0.23049647325180364077 5.6497629217845970473 3.5426243115698454744 1.4367917463541541867 1.3553855599890365369 1.2747913948206808232 1.88476e-09 4.46618e-06
69979466.119096502662 923 2.0156527080197115254 0.34865990750306230517 0.42677984712523564514 4.7043932119511913115 5.7580164669597460048 5.5160628526988393361 5.7363425194710782051 5.9176432403185321718 2.53731e-09 4.93145e-06
69979466.119096502662 6739 3.1960483128472381154 0.12773099039018287471 0.20648042488542653339 2.8604724449177005852 0.83374294109060864688 3.3441232649246597219 3.3716493567029952594 3.4007762035412554269 1.84353e-09 4.43337e-06
69979466.119096502662 5885 3.4959289966115152382 0.0093236733076040058388 0.24401861154742240934 3.1932523572083146846 4.7164777162609965444 3.7202887389599492707 3.7254082420856202695 3.7305475583804974526 2.25928e-09 4.74432e-06
69979466.119096502662 5405 3.1732353520192364549 0.057151728110539701255 0.10282740910694772307 2.5235879257320275038 4.016301390252912995 0.59585504199389605073 0.56449915226744151742 0.53392339273047340065 2.93677e-09 5.17774e-06
69979466.119096502662 6764 3.2883138037799675146 0.0043522698807702507595 0.24615159629341640257 2.7349174209735251928 0.57077925377777682936 0.25601541655423937227 0.25491561078940799812 0.25381812610660015039 2.4069e-09 4.84547e-06
69979466.119096502662 6362 3.0028779239335192663 0.1796949546431019229 0.21452755885715105166 3.832678194375539249 2.0840382790904801169 1.1189705936730083291 0.9625022276796338927 0.81504022087179839318 2.92709e-09 5.17204e-06
69979466.119096502662 6775 1.5586341024365781838 0.27431221008599770972 0.083133631336301805348 4.1343822760757582557 6.2443149570297933337 4.7918492969146804228 5.0658552110819972114 5.3232090313849234064 6.39874e-09 6.71246e-06
69979466.119096502662 6055 3.209697149064694166 0.078969904276886326855 0.086068879612387461098 1.8128959071836316941 4.1481676473094797331 3.5194041467098982068 3.5496917631377593594 3.5810321749404221414 3.0525e-09 5.24488e-06
69979466.119096502662 6498 3.2029458782901580882 0.089892065638021434459 0.10391018384298586485 5.1566119147903215492 1.5459889394085075676 3.6353877396724381121 3.6798360551908233518 3.725917294411562608 2.50157e-09 4.90818e-06
69979466.119096502662 6313 3.2452167823901243437 0.075266046952999862696 0.39303939660701825431 1.341200257190111822 0.73035351379611423983 5.1248031021592259648 5.1928026843835812798 5.2595489013584524329 2.33149e-09 4.79433e-06
69979466.119096502662 6300 3.2178712449171928967 0.091505285425086610451 0.25216847144646603596 0.5745679237808734019 6.2451231578053114646 1.9513372869881315808 1.8647784718574205165 1.7771989848372133913 3.26125e-09 5.36181e-06
69979466.119096502662 5323 2.8079050706526493819 0.098093909709497911775 0.12954251140700909217 2.194498890558744808 0.068450841241686169458 0.90062125546049143221 0.82587638587033840309 0.7537634154554384569 2.25995e-09 4.74478e-06
69979466.119096502662 4755 1.8597633661517130044 0.060447514672716230744 0.060360851149985114694 4.8702813532827722298 0.76106788440077399738 0.74973895137431800784 0.70940795048688021218 0.67003336614828346018 2.45943e-07 2.26531e-05
69979466.119096502662 3800 1.8744058277073074592 0.55388886058739794649 0.64497651736342720419 4.244388564402813202 3.9079309016628518414 2.9817848541723392941 2.8448979643133562867 2.6829625106781569421 1.79108e-08 9.45995e-06
69979466.119096502662 6104 3.4419707603403013607 0.42456798750898938621 0.29053317962065389191 0.92231151802736521805 4.8767279881385245943 3.1270442579886501555 3.1187025172350328894 3.1089849467613150935 1.75259e-09 4.35923e-06
69979466.119096502662 6197 1.7730634680440253703 0.4138150625437800878 0.44457081301335521495 2.2910971761653136092 5.4454148934907857793 1.6506962110733884863 1.2181222566697249565 0.82977650871878949612 8.02678e-09 7.23931e-06
69979466.119096502662 5080 3.1980249052891931427 0.14261541181693979108 0.25640407447207869129 0.29225677578264636081 4.8920501538458820434 5.5460269474046457461 5.6374642374273769008 5.7232865539743675853 2.57476e-09 4.95559e-06
69979466.119096502662 6425 1.7421840462050708354 0.61744647164624388846 0.2984247640084505826 1.9756065530211415204 5.5418911327506696907 4.6511205732723377437 5.328751821160702562 5.8325797361282463172 8.73342e-09 7.4458e-06
69979466.119096502662 5489 3.2225291003865068618 0.07377076966785660328 0.34867536753077799094 0.15492979340899151741 5.1838461638109905039 2.8675060841322617122 2.8467750611618432011 2.8253398340634712227 1.80848e-09 4.40509e-06
69979466.119096502662 6756 3.1952176024166067947 0.10578994006424027874 0.33169868707928201745 1.7350200908236423913 5.7258216220936999363 0.63472223112966219549 0.57441225708809495742 0.51693219581183058597 2.22448e-09 4.71983e-06
69979466.119096502662 5116 2.7239240067123335898 0.27264789946811973653 0.13180997524863943826 0.94303332973219344826 6.0206494760221307416 3.5572821617034051656 3.6856765721801258984 3.8268085331705976593 2.56354e-09 4.94838e-06
69979466.119096502662 6951 3.0031901755461958281 0.055274308268808129696 0.1061388151482028086 0.94661348114285759348 6.2291260855228287596 3.6265740981811647181 3.6530075419110388246 3.6800594292192290169 2.54062e-09 4.9336e-06
69979466.119096502662 5559 2.5100059048974290299 0.3620350788339589676 0.60429909686097749155 4.0248999036498531723 6.0104730076195789223 3.6669809820444476678 3.8903625923158138278 4.1368137083389626696 5.44342e-09 6.36025e-06
69979466.119096502662 5923 2.9952927559830686555 0.04933160755477315057 0.14545802493410914247 2.9731739555575007472 3.6753465846255970462 0.87530208144535825987 0.83799962388623117082 0.80133112158870156705 2.22479e-09 4.72005e-06
69979466.119096502662 5234 3.025400641821240022 0.1882459016772841387 0.055624708980759912658 2.3768435569020534004 5.3380773980365328057 2.3813022703172417316 2.2409626540387512783 2.0934308831650199068 2.35138e-09 4.80793e-06
69979466.119096502662 6863 3.1409821098071519785 0.16651023968865760749 0.075307578443686962189 1.3665825228966630434 4.7939255004490668455 2.9931881546053227261 2.9661547642664496394 2.9370921799042779554 2.72515e-09 5.05026e-06
69979466.119096502662 5146 2.7588919760530554726 0.1262376127194478892 0.10891463505740932305 2.1721246980767712209 5.8027265735512463252 0.2879582493313985192 0.25402852710865819752 0.22230435467156439699 2.55901e-09 4.94547e-06
69979466.119096502662 6969 2.1857187011268424115 0.039338413636388139261 0.2124751842493197429 4.4021359902114305385 2.5623651156243223426 3.8914733381315924632 3.918685035547930795 3.9462695003508145852 2.41679e-08 1.04535e-05
69979466.119096502662 5047 1.6173635006368676237 0.24174910069601843188 0.10563488566972589755 5.6432195265184690314 3.4724669860372561203 1.4429966811202263877 1.2044939681764961215 0.97878296381084739508 1.0218e-08 7.84583e-06
69979466.119096502662 6657 2.3215447647265166076 0.22036283645014656529 0.40783275614798375486 4.5135307162802966729 3.7455356950706040209 2.7592076238259175547 2.6664156381320727185 2.5656005530731569309 9.52311e-09 7.66378e-06
69979466.119096502662 1444 1.7710001886188042608 0.218634056081686734 0.80541814458173743851 2.5630751203895276724 4.8707456205506467484 1.4076683409138144309 1.1939674126001749155 0.99067355597805395462 1.72307e-08 9.33865e-06
69979466.119096502662 6628 3.238143240579212101 0.10041705384204700768 0.18600004449787502225 5.645165212969556201 4.5433337073594577404 2.6884412123806438188 2.6422861887504334177 2.5942048174699210428 2.5094e-09 4.9133e-06
69979466.119096502662 5290 3.1943067345977871341 0.039638745215492203477 0.1582093756589026956 2.0047854547363948008 0.51898796113869127833 3.4627565503957291604 3.4755141212219595737 3.4885057358918576398 2.68653e-09 5.02629e-06
69979466.119096502662 2992 1.8371428344836540081 0.21725589994770674873 0.10570546433978450507 3.1242319606364592488 1.0883945651502897611 1.7974320025404511014 1.5786230963116130166 1.3613738506957731023 2.26492e-08 1.02298e-05
69979466.119096502662 6827 3.1042483024027189842 0.17125830223733001789 0.14876552612265495079 2.0691331715826852822 5.041930060595734453 4.8045646736707583457 4.9746007463148673722 5.1400052707236456584 3.04652e-09 5.24145e-06
69979466.119096502662 5626 1.3279774086456419546 0.30654031472230358624 0.43017700943776215894 2.2377506357164897999 3.7021582461967441624 2.5791791850869345559 2.3866264490006106058 2.1765653895972532084 7.93289e-09 7.21097e-06
69979466.119096502662 1410 1.676084537661919116 0.25824292090306200098 0.37492030416014360261 4.7692913100743519195 3.3171731781143560802 0.59483533945384514663 0.46226436648792085249 0.34709423235390912676 1.96181e-08 9.75145e-06
69979466.119096502662 6244 3.1712981080809430345 0.010675271477146003329 0.35285600249180182342 0.9774111209014626489 1.1343552434172059495 3.9346530018703811393 3.9422879503727918937 3.9499510908303872014 3.08558e-09 5.26376e-06
69979466.119096502662 6327 3.0008258253364430423 0.17346506018822074879 0.13848818870287601945 3.2926995663744680343 2.6168827167481278906 1.2904654229305170254 1.1268302140869927985 0.97018168463670095836 2.25041e-09 4.7381e-06
69979466.119096502662 6390 3.0296569557693442398 0.21534026178149359709 0.13808637847402341348 0.15805477156973382624 1.99149937274939548 4.5641009526051146139 4.7822621595583223453 4.9970769614790535584 5.26519e-09 6.29006e-06
69979466.119096502662 4112 2.0492514070100886769 0.073927658331018317184 0.79124157716592879996 4.6676425152012317454 0.77263746093181817631 5.8706457590021763338 5.8993512914909471689 5.9270355915553869508 1.99037e-08 9.79854e-06
69979466.119096502662 5511 3.2204224465571025249 0.14068444058472140412 0.18777422330416251861 2.0280443340402722896 5.5013924652896539769 3.2924964884368708162 3.3153476768199707791 3.3396694900893475477 2.90982e-09 5.16185e-06
69979466.119096502662 6186 3.2420308508474326992 0.049952259567271083129 0.16625708037275818696 3.847059160545730272 2.5933366140818412404 4.1028531452969163595 4.1444241473611729276 4.1865337759067111634 3.14704e-09 5.29848e-06
69979466.119096502662 5195 2.7680902024123525962 0.15044456686481247343 0.16462705394274890214 0.98298406877899735523 0.021554624328113371201 1.1185895808304573418 0.98703744201318044382 0.86150697885120319786 2.26107e-09 4.74557e-06
69979466.119096502662 6935 3.4797332132716314312 0.13935964894535299297 0.46503039447072835877 6.2035945755633221665 0.96856372852155236952 6.2208579145616296202 6.2290109479124042835 6.2365569752470202403 2.603e-09 4.97365e-06
69979466.119096502662 6667 1.3697753038300493067 0.12854647369447905203 0.41076151361427476472 3.0848737283481000304 3.5295111902111120372 0.67271908691271931069 0.59618867273971665188 0.52401075897296078843 1.85586e-09 4.44323e-06
69979466.119096502662 6816 3.1216675422947326446 0.17779717980131692912 0.16164613625392898477 6.0966190837800384728 2.554282000197062974 4.2450694461312625805 4.411424297103463843 4.5812296645789265526 1.76213e-09 4.36713e-06
69979466.119096502662 5762 1.3829861021908140817 0.014862662141702539034 0.47780465220544893201 2.1788689100341134264 2.029758356863450075 5.8399400506837109148 5.8462720709341402525 5.8525611274341988732 4.50081e-09 5.96963e-06
69979466.119096502662 6595 3.0562617856422567009 0.11868036474863342955 0.2965448196304591999 1.2318024715291306936 6.2693446894563304994 0.089348930336323642565 0.07931664999652439374 0.06991318802094209639 2.5233e-09 4.92235e-06
69979466.119096502662 5950 1.5037049334987717675 0.24453279928968121859 0.2056452253739683711 5.9162175872133282439 5.9906759014012695985 0.86538675569467815585 0.69087041621183098439 0.53505210007623937862 1.07677e-08 7.98408e-06
69979466.119096502662 5351 2.9606481060184233201 0.19431905370902949337 0.14086880761344941493 0.34513363362243076882 0.21246999781119996209 2.1481988084526220106 1.9749502171310586718 1.7962863903047210368 2.44807e-09 4.87295e-06
69979466.119096502662 2768 1.5638786175981309601 0.034784888270797044429 0.039906491038767040458 0.28624239349509777997 2.423924762002777733 0.70806712241873570601 0.68573343565161803959 0.66370622420677727327 1.06163e-06 3.68842e-05
69979466.119096502662 5194 2.3001474838428266345 0.2536825577947278143 0.36667501572519006769 2.4437775961133123559 0.42071802145262116035 3.0358756951725087703 3.0046615645069150169 2.9700329877905939924 4.75382e-09 6.07945e-06
69979466.119096502662 6928 3.2271515468706759577 0.23605220669085705265 0.27754101383984214335 1.7795953669559030352 4.2161559785243518661 0.043198825556243027057 0.033963400658276111932 0.025947806208418616042 2.08658e-09 4.62021e-06
69979466.119096502662 5914 3.2089280010655296671 0.093523910695685011363 0.0066128247367469089255 5.8665247191898446388 1.0118066371027427675 6.1877857996685898812 6.1963159732476755792 6.204430118813987427 2.63408e-09 4.99337e-06
69979466.119096502662 5072 3.1141761693213667606 0.061385128345089398638 0.17140606630198315652 4.3308481824664823989 4.3509795343438462112 0.93020075982651428959 0.88183703044971295526 0.83445335611074411553 2.73643e-09 5.05722e-06
69979466.119096502662 6154 3.1764014834151512723 0.073229757029404651814 0.22531372787433556759 2.5042275295015468117 0.95014450260373961576 4.042148431451979107 4.1009360305569080296 4.1608976398008579167 2.04677e-09 4.59064e-06
69979466.119096502662 5312 2.9865939392216609427 0.074777508607608650371 0.09728214713164767824 4.8545707013465326796 3.8006179481852542246 0.37306307687468642786 0.34669178572586906162 0.32128326390650702171 2.46345e-09 4.88312e-06
69979466.119096502662 6126 3.0213339439307445033 0.18391818424099959373 0.20612290049631631916 0.20130678529149304001 3.4266229761703010936 1.0124108709632235747 0.86273486131013388256 0.72302618486252645535 3.04059e-09 5.23805e-06
69979466.119096502662 6734 2.214453964999755442 0.3708883930493492298 0.34011187584589652744 3.1563428133796107566 4.6386722905027433228 1.134596335126180966 0.81494898313550434565 0.5450569833432211686 1.24231e-08 8.37387e-06
69979466.119096502662 6073 3.2354263117242583192 0.053860031173526952408 0.26478749856281946773 2.324640168725297773 4.7958722875110062489 1.0433792214770574169 0.99743579241108193401 0.95218890808774336865 2.87152e-09 5.1391e-06
69979466.119096502662 5578 2.890006525225117251 0.15648834076075004984 0.18197152790869156047 3.2164073063912401729 3.3444661482600390734 5.2371695600247729629 5.3680808293914559215 5.4921176026886024957 3.04211e-09 5.23892e-06
69979466.119096502662 5231 3.1530681298929850165 0.15117074364853774759 0.26670971224388795306 3.1062473526901923648 3.4151614684921316467 3.5054863614651177173 3.5637234590264639245 3.6256588898350976535 1.89135e-09 4.47137e-06
69979466.119096502662 6029 1.6209604464447253669 0.36015175872578686356 0.55966622296513457435 5.7246578918887438547 2.0155284385907581424 2.0054469953209954625 1.6426946014554875131 1.2834733191850207223 1.2969e-08 8.49478e-06
69979466.119096502662 6290 1.6936201089438907008 0.25572152191896319051 0.16949366524678954882 2.8534926147787103012 2.8811493827026302128 3.7824013172355344103 3.9555230136122285778 4.1414303992465528736 4.66797e-09 6.04263e-06
69979466.119096502662 5160 3.0802023124796593656 0.27463650137479583835 0.096269667771813796642 2.8436536496146778141 0.50617181736020566696 1.7479319793492977819 1.4671798481126299141 1.1940163283428246732 2.48083e-09 4.89458e-06
69979466.119096502662 5717 3.1626164434600361197 0.14437595214628209939 0.25575023613588615534 1.3553693371542461232 6.2683088604008068145 2.5921991546115381588 2.5114574928206465643 2.4263833903974250106 2.31886e-09 4.78566e-06
69979466.119096502662 5643 3.3035670953564819641 0.1554348792284829528 0.08493919462343658966 1.4736110185404205364 0.045989926242339912443 4.6882111471081424625 4.8445276794218621319 4.9986075360953332591 2.47115e-09 4.88821e-06
69979466.119096502662 6842 3.1966386568291560444 0.097389624187912790521 0.18641589177649015019 0.1962889791689882979 0.73687964803331884589 6.0112710594969804845 6.0363111849793780195 6.0601106822259138696 3.94698e-09 5.71398e-06
69979466.119096502662 6572 2.9602383572514283649 0.14655077024927049001 0.2206308331003083989 1.6686403530775903992 0.49467783478348648085 1.9038522131755661881 1.7614076127623072843 1.6175110814212212418 1.66053e-09 4.28153e-06
69979466.119096502662 5131 3.5290605645856794048 0.068486936929763542192 0.25311144127142648497 2.4905871243528547865 1.6162339787405306524 3.9458223610329534736 3.9964036118380787954 4.0480733656678582477 2.25296e-09 4.73989e-06
69979466.119096502662 5534 3.2341739809069558476 0.10279061990384324998 0.13504221186474260619 0.11894403862869938615 5.0004363444296426877 5.2286852899609037593 5.3160357630389309946 5.4006602997885275741 2.18919e-09 4.69474e-06
69979466.119096502662 6119 3.1556309128201069925 0.021947802561754346795 0.20213873072156884891 0.64521526981422416824 4.3560936588309902007 1.6886222177357825824 1.6667966701466800927 1.6449499261332720668 2.96829e-09 5.19619e-06
69979466.119096502662 5525 1.9537598373170419475 0.34436625582228141962 0.42832894501986756852 5.3820134437580549047 0.30392535122320352148 5.2381243487568172057 5.5183870598738629099 5.7568233088820415233 2.22151e-09 4.71773e-06
69979466.119096502662 5240 1.7857601914464844572 0.075496151601719657664 0.48061300089324776597 3.0054485614827890494 3.8298758750188541811 1.5490833878201326623 1.4735950267167672312 1.3984552417211928432 1.54708e-09 4.18172e-06
69979466.119096502662 6997 2.9226115063228550461 0.12493532810687921208 0.16011588388373118597 2.8249718047375571572 4.3597846802094259999 3.3019064068241843479 3.3232485255139154745 3.3458191477887240239 2.77488e-09 5.0808e-06
69979466.119096502662 5957 3.238476740655044317 0.093676818448870241562 0.12152519735901658182 5.9059533978283456079 2.1045603795433756034 3.5802027969855383382 3.6218368953165427371 3.6651151922724491961 3.45473e-09 5.46581e-06
69979466.119096502662 6103 3.3089263412842808698 0.019060296462464022815 0.19536774212921606542 1.0172309022410530588 3.8086302690719651132 3.0573966731224899718 3.0557782523564078758 3.0541446112047103689 3.07621e-09 5.25842e-06
69979466.119096502662 6335 3.1078908545594847723 0.11753494439005451877 0.27246322093710029222 1.81810597135706975 5.5619507739088653864 2.2754758832318646711 2.1821231789625898934 2.0858753190794030452 2.80706e-09 5.10036e-06
69979466.119096502662 5252 3.1362619726582168234 0.18030291634469611251 0.14616114050655143464 5.0353295416118832861 3.3822583462972368729 3.1403548579213480529 3.1401073371795584777 3.1398395303975696891 2.42859e-09 4.85999e-06
69979466.119096502662 5034 2.8602762868784155081 0.21297289268804919793 0.19238335999916650332 1.8966475645589595533 0.3649521960456640346 2.2662481379432670714 2.0890397206074213798 1.9040321572457270527 2.20492e-09 4.70595e-06
69979466.119096502662 6874 3.2859993754761958051 0.09867807783477665351 0.226048609146295848 3.7284028691727360005 2.7074029598083662052 3.6928490937049880394 3.7469247026001006873 3.8030759980053669977 2.61974e-09 4.98428e-06
69979466.119096502662 5053 3.049110900620026321 0.22951213517020571664 0.27473296332635738226 0.37242486008024716648 1.3341086762999485593 3.6383108121823029002 3.7616321555397957965 3.894994154505684314 1.90259e-09 4.48021e-06
69979466.119096502662 3953 0.94522218678328207009 0.059489251679958735086 0.36445202928322367741 0.21833700355255855619 3.7605267733241474204 0.31877884908889503324 0.30063152340107218707 0.28301536006096206233 1.87457e-09 4.45811e-06
69979466.119096502662 6204 1.5849730505947148274 0.10415784761253778223 0.11284990888296964062 2.7776644700604027349 0.32423905137977743207 3.3181934475304086796 3.33753604981936558 3.3578147458695379868 2.26769e-09 4.75019e-06
69979466.119096502662 4189 1.1097256202292840044 0.067849588538378732827 0.05136663763825222162 1.0645948485759921809 0.27163091229321961739 5.8937113707322774658 5.9187166810346401036 5.9429018619477327334 2.51666e-06 4.91804e-05
69979466.119096502662 5324 2.1196867279311004673 0.10565676226576739549 0.13164341373376822752 4.826841958717913883 3.4151751422618827903 1.9691465747498220207 1.8695227540834251645 1.7685453099759573803 4.64884e-09 6.03437e-06
69979466.119096502662 5185 3.5279001768068272149 0.03793551929125696387 0.22247895223856095637 2.8281445719514488601 4.7389687853109352389 3.9621177454642606541 3.9902397197190837552 4.018706032808657902 2.64564e-09 5.00066e-06
69979466.119096502662 5451 3.2764758540506662143 0.080316511113768196406 0.025595966844792285982 4.8170719909243029377 3.2045996067792046347 2.9665916827268845601 2.9520078211422036141 2.9368720796551883723 2.58702e-09 4.96345e-06
69979466.119096502662 6192 3.2215368533226262926 0.2624332152939986007 0.34692144209366815311 0.98455215935102047276 5.030854144502834302 5.5072247909880847061 5.6776165477082072286 5.8270013517648253654 2.79503e-09 5.09306e-06
69979466.119096502662 5257 3.2243259285926852975 0.13052488209598409052 0.17757385314067561377 4.2415474524113463417 4.8815973121892337616 3.6064092702543724123 3.6688062628177959823 3.7344768896546871595 2.20895e-09 4.70882e-06
69979466.119096502662 5853 3.1435159990347001369 0.2076815716817582147 0.12601657088537834839 4.1947923857624047628 2.9112149156510458425 5.7363709388267487554 5.8364803974083052651 5.9261980313364555073 2.34516e-09 4.80368e-06
69979466.119096502662 5962 2.8725756426303687974 0.099426203788267747408 0.13233863507080870225 4.6238191287210019809 4.4521676506420844177 1.2643894028386688522 1.1708343649828343302 1.0792552941806323741 2.88829e-09 5.14909e-06
69979466.119096502662 6233 3.1543358694100218642 0.17571652639155893594 0.19979236023093704944 2.4528557553845127259 5.8687106122210472847 0.42269582823491808066 0.35550165615399470509 0.29434163939648300135 2.38928e-09 4.83362e-06
69979466.119096502662 5650 1.8860321664710948397 0.2081454069506273874 0.18613001276089938263 0.72982636586445781557 3.6779395433831840734 2.2915378816034626119 2.122031076393101845 1.9447164825653169284 1.14639e-08 8.15256e-06
69979466.119096502662 6255 3.2221628662602630477 0.088141706390816684791 0.19345235842433305962 2.2356551428603119724 2.1773868981736099748 0.53537911592123132998 0.49197973609780909499 0.45034408391685504247 2.45838e-09 4.87977e-06
69979466.119096502662 6952 3.2563106788555988835 0.13973131335806160402 0.14903785078761683236 6.2228978579961822248 2.4591171922954848661 3.2597549598434900631 3.277548905348576902 3.2964877802176091315 2.57429e-09 4.95529e-06
69979466.119096502662 5878 3.2681569432670527497 0.07768881373127715928 0.064204756886260913595 6.1553905056966540243 2.6592154050111092012 0.97616115519014812207 0.91310558024033561253 0.85162218955679769294 1.44428e-09 4.08696e-06
69979466.119096502662 6956 3.4981464117067742059 0.17188547308127577473 0.38801940040346066807 5.4535334902719538874 4.7574149233984623919 4.5682346094528725189 4.7413375815014733305 4.9131510377507057186 2.20649e-09 4.70707e-06
69979466.119096502662 2850 1.8445369760285215133 0.39645957824487776389 0.46409437272871972846 6.2161392618412847355 1.0951735451741408944 4.2820008717860229552 4.6875070989654901155 5.0838439578891048143 2.86233e-09 5.13362e-06
69979466.119096502662 1284 2.437712949673085383 0.22121967325250146974 0.29329296401447951803 3.6738864591348328048 3.1753598854433939813 1.9173176417140334049 1.699175959961511051 1.4797767815413001014 3.64405e-09 5.56389e-06
69979466.119096502662 6722 2.1421348589510889049 0.38049654332426052772 0.055189897900290635357 3.0746641097953482102 2.023149291061146382 4.7546892450534254948 5.1415292602989914883 5.4875238252124862726 1.78527e-09 4.38616e-06
69979466.119096502662 6089 1.5674080004444315151 0.29129247570629512865 0.42484458164288618764 1.2219312062475571334 2.9333118548799452796 3.2703062916417797723 3.3151374525721011288 3.3654363746076056962 5.81535e-09 6.50193e-06
69979466.119096502662 5211 3.1632227271243866795 0.1249262214544111238 0.2794032016333415358 2.2818306496684228613 4.9286551886602314454 5.1324464949624966081 5.243989571525029092 5.3516755763368477616 2.07199e-09 4.60942e-06
69979466.119096502662 6295 3.2596598343726257418 0.049220809539182279468 0.2891337024703757308 0.41109652755040143601 6.1422439073081189775 4.5561561718397385334 4.6049844051399642098 4.6539215881907800565 2.30061e-09 4.77307e-06
