40213552.361396312714 0 5.399866571213672195 0.019499297647492822017 0.027123315084033511324 0.077377816924301137669 2.9256261552550126837 3.1869307229866357112 3.1878232584121928284 3.1887244016584292972 0.000954966 0.000356051
40213552.361396312714 1 9.0430598148859342444 0.086804250702127758177 0.047110679138341791938 1.4384569097911406033 1.8176975393641783274 2.7215451395026111214 2.6846169269820259196 2.6463157515894120131 0.000285285 0.000238018
40213552.361396312714 5775 3.0415732595422069195 0.12803116412425397108 0.093737177365197890677 1.8333240304599998094 3.4141213477022103184 4.6398581382917551963 4.7685026766653910713 4.8963323248086449979 3.02463e-09 5.22886e-06
40213552.361396312714 6617 2.993677299603621389 0.41435602950091782182 0.066627148341305605928 6.1308515106993741739 0.67206600341923794506 1.2733560465612838719 0.88818097706765952726 0.56667154795774066223 3.93262e-09 5.70704e-06
40213552.361396312714 5134 3.5334328128264842483 0.026800881268149504694 0.31369685804473307345 2.3695325976112830979 5.9253967135859193505 1.1178461599999929277 1.0938852440810327149 1.0700748832264457278 2.31886e-09 4.78566e-06
40213552.361396312714 5931 2.7008960961190400241 0.11234724576398927298 0.8309522052407752879 0.16566689080988361571 4.7224442017782735093 3.3286135203136115734 3.3507962473730152908 3.374128627172987116 2.66585e-09 5.01336e-06
40213552.361396312714 5740 0.93585982989709504132 0.065356293130746825892 0.1182362264551811426 2.2074861768010176633 1.9385917342582097422 1.5070596954740644868 1.4419251097300529452 1.3771107777262618921 3.09097e-09 5.26682e-06
40213552.361396312714 5588 2.7699780517899603716 0.25791258738130912187 0.18095067902852862707 0.52110550126247323632 5.2288073569706980948 1.3010113468133117642 1.0578968380094364576 0.83317105568416094385 2.40685e-09 4.84544e-06
40213552.361396312714 5846 2.8187958977985982933 0.14115021016481163474 0.079378252195703186134 3.5944422097150985351 3.851406742685274498 4.6895908289587397988 4.8314058496862450909 4.9715575419200845886 2.37403e-09 4.82332e-06
40213552.361396312714 6171 1.7417010214466437379 0.1783804818356196642 0.33040849269164079827 1.2223944091530256628 6.092152664398907902 0.69696899090819663947 0.58909096650563186337 0.48998180036593463882 2.39216e-09 4.83556e-06
40213552.361396312714 5921 2.0807298544091863413 0.37650521108509932278 0.75571494475326128626 0.87958804495657560985 2.6359871316344922754 4.1669518705602293096 4.5346287243998659733 4.9052010436149711126 2.32801e-09 4.79194e-06
40213552.361396312714 6443 3.2021968239924856192 0.21991888615834581655 0.2325995981881811836 3.530549362619245457 4.7009902799399307938 3.5259169138008963351 3.6189327085729772193 3.7199674445356101238 1.88164e-09 4.46371e-06
40213552.361396312714 5990 3.1126147515795468124 0.090791660333148921369 0.20213264870818464791 0.53339723342221168068 1.2052147461421427455 5.5449565888620391263 5.6041735227855049573 5.6611928924037124844 2.30118e-09 4.77347e-06
40213552.361396312714 6883 2.3835104678282545976 0.3724830089196041194 0.14739614148778373837 0.97432728250192623953 0.58015223988862052451 2.8544774759073883175 2.7203752930196669624 2.5680775285466732605 1.23696e-08 8.36184e-06
40213552.361396312714 5478 2.0780742805156218189 0.43723065358989410267 0.11938975530082751586 6.209801656466058084 2.6395597353215931591 3.7124621359094218676 4.0185976175448807624 4.3547524079527875074 2.28234e-09 4.7604e-06
40213552.361396312714 6793 1.3026484220162797278 0.37308446892805391393 0.37032516943402471465 3.7931659229327823191 1.361401349668774019 2.5845527951673106237 2.3409150765884612078 2.0731045989366148063 2.0508e-09 4.59365e-06
40213552.361396312714 5467 2.9710007532092692628 0.15208349634467718814 0.18269830824508323519 0.27830137716175895601 1.8151106815939270778 5.0043083756108188709 5.1474097332239745484 5.2853283699169146814 2.43648e-09 4.86524e-06
40213552.361396312714 2413 1.900957728952009429 0.39960264070320961061 0.54756854797482412689 0.17274620449635061381 5.5162819111636549607 2.9510317906061849236 2.8518052372625293245 2.7376193774331398778 6.11801e-08 1.42469e-05
40213552.361396312714 5694 3.1095175088874231761 0.12142246623013282225 0.33477003046391068386 5.0629210835084235143 0.8541458228379271711 1.144179019688980059 1.0360633558501679552 0.93159089024504071475 1.21025e-09 3.85309e-06
40213552.361396312714 6392 2.9720655916378402317 0.20705427184429983645 0.1996449925765953759 4.6158113423204953918 2.9399195995218536659 4.4179698489094505476 4.6238294707992757537 4.8300723319130707267 2.75286e-09 5.06732e-06
40213552.361396312714 6484 3.1157757915722545938 0.13681861257536409582 0.26574801351084942347 5.0501251912509310671 2.3177270763279973487 3.8451852277302358551 3.9389697993338197435 4.0368671102217907887 1.88476e-09 4.46618e-06
40213552.361396312714 923 1.7938434630414905602 0.22053392042756175817 0.21933640438791138227 4.5328282670752297889 3.9263174723418505785 4.4451291526263059239 4.6661232705916440011 4.8864212049361670509 2.53731e-09 4.93145e-06
40213552.361396312714 6739 3.177221122476366677 0.080672715402833480858 0.25245326849775018285 5.4880822358903849079 1.5395899041791560879 3.5927267246410696799 3.6292815604540917818 3.6670836235024064642 1.84353e-09 4.43337e-06
40213552.361396312714 5448 1.507510821491740538 0.45965868163113965394 0.13570157626459883327 5.6872065150284676349 5.3957690140264435996 4.2930655427789581324 4.7770410917735581791 5.2357394453514682908 2.56033e-09 4.94632e-06
40213552.361396312714 6655 1.6631506804839539804 0.17276780215639669924 0.21863628980576130245 1.0990793155889009292 3.7721874197000713202 2.1382206329530757394 1.9845230345950963802 1.8263318320822530261 6.32791e-09 6.6876e-06
40213552.361396312714 6764 3.2697601611078095374 0.026283244024068046912 0.31247953164623043509 5.7601412678126653333 2.9486433303036250209 1.4827598001591142385 1.4566055382816935904 1.4304934687889583333 2.4069e-09 4.84547e-06
40213552.361396312714 6362 3.0356389514386505901 0.12141088389524527791 0.2543352461966903455 0.17342659527847098522 1.8858783823550968606 2.08708628474586666 1.9779304662118477598 1.8664437791387213927 2.92709e-09 5.17204e-06
40213552.361396312714 6809 1.6412355541544310089 0.21924805374871431107 0.35606686001397169772 4.305474399261510321 4.037951660156993583 4.1181899678890578897 4.31365350023128169 4.5157021327789124143 1.72631e-09 4.33733e-06
40213552.361396312714 5328 1.4210712890340955195 0.4465329821992654602 0.58797882472188489622 0.3871602896957223594 5.7010002619838475724 3.5823900923976781385 3.8365841210378346382 4.1225344147630584857 2.1043e-09 4.63325e-06
40213552.361396312714 6498 3.217874018253052526 0.05758454261915232214 0.11977239472901314576 4.8270024057046061472 6.2034765531112290304 2.9793162116264895189 2.969732360022974138 2.9598845088166090278 2.50157e-09 4.90818e-06
40213552.361396312714 6313 3.2523479363403184905 0.078332195876201216045 0.30745295741393191546 3.3707310803222214624 5.2050671863939843576 0.83332929248749787465 0.77676797953552956244 0.72185882860850547615 2.33149e-09 4.79433e-06
40213552.361396312714 6300 3.2817984467972434182 0.051132240002501640197 0.27440344880941835992 0.43214979313485968326 6.0186955885687840606 3.1950159723786386579 3.1978197383182034308 3.2006932404615202614 3.26125e-09 5.36181e-06
40213552.361396312714 5204 1.3323373195684700132 0.29012644587586394751 0.4190294159021648035 5.8570349625701290108 4.58092025394386404 2.3342681693553037903 2.0967207734259534213 1.845801949511109985 5.21728e-09 6.27092e-06
40213552.361396312714 4755 1.9060465446923375854 0.18911238176820804879 0.03625372735898768628 2.3243571264771838436 2.1787593401350293654 1.1745174546193020149 1.0051318252906207285 0.84547698198493659305 2.39615e-07 2.24572e-05
40213552.361396312714 3800 1.1529023639903468457 0.05467062273704550307 0.25140823040694421087 0.63036510337526296954 5.9305536675159808979 5.606579259185427766 5.640118328515364432 5.672901711735469199 1.79108e-08 9.45995e-06
40213552.361396312714 5861 2.2600498513297546666 0.34030587279106488952 0.25953077532033608232 2.1703065675229815668 5.785378767891641516 3.5789030736080822415 3.7550614280921452703 3.950977963156254269 1.95257e-09 4.51911e-06
40213552.361396312714 6719 1.8606425475411891846 0.4014560387968343913 0.19471561061592629338 0.52309154408363733868 2.5573481244167619586 4.4491767188850754877 4.870800532123950255 5.2672299826251505195 2.09817e-09 4.62875e-06
40213552.361396312714 6815 2.1633385019276851757 0.1181084953439825308 0.28604627300100687881 5.5301954276500655538 2.638447837590157441 3.5385972286242486362 3.587065077316399897 3.6379561673903304531 3.57143e-09 5.52668e-06
40213552.361396312714 5480 2.0210369637078340332 0.52437237932000668739 0.80660557556743084362 1.3809164917928318239 2.2929957306596882027 2.2349227782700173961 1.7071526122748277299 1.1876475218829831704 1.6026e-09 4.23115e-06
40213552.361396312714 5093 1.7439168151349901947 0.49123365458425005681 0.25612756365683747584 4.4824674097760901503 4.6105778547877340756 2.9160614384179388558 2.7585813666775975683 2.5749998541634928628 2.98948e-09 5.20853e-06
40213552.361396312714 1517 1.8892462544353181286 0.37823185921657187514 0.49725397529303494437 3.3913288274470416717 4.1454608138684649887 0.17716117657224358939 0.11916405865752162374 0.074199009592755160725 2.17631e-09 4.68551e-06
40213552.361396312714 6526 1.7031410866075962218 0.43844572469954001814 0.28098040847725191949 2.4143356818846810619 2.4546545273776145812 1.5150962420957370114 1.0674682203104737255 0.68339760250867609415 1.74858e-09 4.35591e-06
40213552.361396312714 6951 2.9852509743682404952 0.018820535065357323068 0.081410377727941657389 1.0340376221551890179 0.98542003914059028702 5.0149941795646943987 5.0329104356600700143 5.0507724645252123352 2.54062e-09 4.9336e-06
40213552.361396312714 5559 2.2410825553424706946 0.22359283290693621193 0.30615215330852540987 3.8104915704158650591 0.2374159105817539861 2.8574005850465717948 2.7861928161739699661 2.7083902816064822083 5.44342e-09 6.36025e-06
40213552.361396312714 5923 3.0346336575953349879 0.041063613323598681382 0.15623999809998778687 1.4907927075519578075 4.4798040007818906716 2.5204511910652587225 2.4961386375994081277 2.4714363618883101736 2.22479e-09 4.72005e-06
40213552.361396312714 5234 3.091662456604679754 0.17190570194983678665 0.076043516558323129284 4.113074471207774252 2.1321937812120892453 0.16824140367542142482 0.14152293517255029598 0.11727546624039297818 2.35138e-09 4.80793e-06
40213552.361396312714 6863 3.134834349072898263 0.11387783337011139762 0.083496325610024610397 0.87646635296799102477 4.14229615137754692 4.5551121031536148109 4.6688473900418454576 4.7826172916765425924 2.72515e-09 5.05026e-06
40213552.361396312714 5146 2.7598143041400899911 0.10430847986148243656 0.15380547958061724367 0.19893772698099351781 1.1790818846191104541 2.4599938041036111258 2.3913334859299917312 2.3202130054187382058 2.55901e-09 4.94547e-06
40213552.361396312714 5492 1.9408479380547067894 0.24396684504430510287 0.36077350760566034849 3.8617356419466410955 3.481162658225231521 2.7581536070582117759 2.6535525454472832507 2.5391575388104898892 4.51271e-09 5.97488e-06
40213552.361396312714 5047 1.4643659337098215989 0.18006667863422476383 0.25910769472733602425 4.0705824736760174432 5.1809112127316616636 1.0103252429351381458 0.86389211312646729812 0.72697370045401310534 1.0218e-08 7.84583e-06
40213552.361396312714 6657 2.3755376990369843071 0.13079705177930575632 0.23468212500675864063 5.2261388163297528564 6.0492292741795763433 3.1502336806075823539 3.151448553584474066 3.1527376553758807987 9.52311e-09 7.66378e-06
40213552.361396312714 6413 2.7492930556321524271 0.20293112277031957746 0.16063530626820246572 5.3755970471272460642 1.5132489466870682193 4.4307657684656227559 4.6328392609970574512 4.8351286322106581395 2.71272e-09 5.04257e-06
40213552.361396312714 5577 2.0930816756289134517 0.26856386213082278358 0.59143506704186188383 5.9422793006595702181 5.4641720567849754175 1.2303467674647909913 0.98496381161173462981 0.76118241416535337152 6.01747e-09 6.5764e-06
40213552.361396312714 519 1.9408756678940288776 0.20406930221083866006 0.17593815365884429847 6.003594591517586565 5.8170587506671918021 3.8342976438696054764 3.9771154513997353241 4.1284628985257336709 3.92741e-08 1.229e-05
40213552.361396312714 2992 2.0602056411372786648 0.30651130785020258562 0.14549087194144805224 2.313166575541636405 0.99675709034538328979 2.9576702410835968848 2.8897700856189256768 2.8133968297485409948 2.26492e-08 1.02298e-05
40213552.361396312714 5788 1.7460918552943602844 0.32014982961665794381 0.20802015954150357424 0.98312943462596114053 2.6202767654126288832 0.03299996367558706567 0.023682501361440823351 0.016101261302203122294 1.43499e-08 8.78617e-06
40213552.361396312714 5626 1.0353168331024344972 0.082632502766773016645 0.25744411144025425298 2.3547188923529343008 1.1974711035042695517 0.85347959142904861185 0.7927740970469238091 0.73391471149362708104 7.93289e-09 7.21097e-06
40213552.361396312714 753 1.5711555160542935994 0.10808138381184606569 0.21759196167501951291 0.98646348647054793446 3.188008668657341893 2.3544409925588096755 2.2746450736851078211 2.19224846359123271 1.27811e-08 8.45356e-06
40213552.361396312714 6244 3.2011399317413213872 0.064211586449143348565 0.35119251629778702739 6.0056513129251083427 3.8029555623086719329 5.3965398376563564753 5.4453510321780047576 5.4930728157119199651 3.08558e-09 5.26376e-06
40213552.361396312714 5020 1.6451236560301345513 0.40584572780577227169 0.5135974631262640866 6.1318667387389433898 3.1411423619275975483 1.7522956278904893157 1.3251802053862675734 0.9315148426552670724 4.40916e-09 5.92883e-06
40213552.361396312714 6161 1.9647672213222104887 0.14470871368182175454 0.20940693374765126378 3.4852055903447030083 3.9942040389977409021 2.8351365823344685246 2.7879881036194675836 2.7378781403886947032 2.19638e-09 4.69987e-06
40213552.361396312714 61 1.5636569449983577229 0.13268572904973552351 0.080654968875649532545 1.3574502099158087809 4.3779101731707124046 2.2416143189148769466 2.1328143898649249977 2.0205381913452851173 2.97121e-07 2.41265e-05
40213552.361396312714 6451 1.6736320640557351691 0.40764933727542529418 0.074523838135396813787 3.5789732371613927064 5.8866758700753933908 2.4326121327738836619 2.1045996896243774898 1.7536632994471808011 2.57122e-09 4.95332e-06
40213552.361396312714 6702 1.9259801874823467838 0.28062333004106948531 0.21493245861098714267 0.82639531962005552401 3.521911033768544641 2.9996303455464490284 2.9524288341475077857 2.8996610696670837015 3.70623e-09 5.59535e-06
40213552.361396312714 5195 2.7685838684308050617 0.046541734949606783367 0.13188705737561909337 5.9992996108372800279 5.5362151689570975321 5.2145517522419231327 5.2549118780819261687 5.2947706313481663898 2.26107e-09 4.74557e-06
40213552.361396312714 5437 2.209704954205149896 0.31919805910856519082 0.37473833387201588296 5.6311369421017820613 1.6444243124207262863 4.4681502198988614083 4.7963402721129062556 5.1144141665626818849 4.54448e-09 5.98887e-06
40213552.361396312714 6270 2.0031613854445002865 0.2544071927423016688 0.23953367093878080718 2.992960835743462944 3.0298532883833009244 4.5107066863423295189 4.7694138058962138871 5.0234074661552456931 2.07589e-09 4.61231e-06
40213552.361396312714 6816 3.0928335384576439715 0.089891818746588011968 0.155613929485888286 3.7533218195249617999 3.7003340389694563406 2.9592049505874649107 2.9421107596005100504 2.9242976596436154324 1.76213e-09 4.36713e-06
40213552.361396312714 6040 2.4493704224239722933 0.64799045006025512983 0.58796173343736257699 0.78700333093279239982 4.6328391608350063535 4.1752704551345338757 4.9177772065103368959 5.5521481159534937788 4.48499e-09 5.96262e-06
40213552.361396312714 6230 1.6760100379361047018 0.21434727278512641369 0.091529191405400334158 5.9912144293997737776 1.5243146447594655424 5.2837934022677455204 5.4556806169552665153 5.6134927358214659066 6.03494e-09 6.58276e-06
40213552.361396312714 5950 2.0274175984895008718 0.42467213450543045417 0.51682979846888288389 2.7258523953489843805 0.015301462437761694999 3.9035519351122784926 4.2664126452261861289 4.6495475830108476956 6.81029e-09 6.85339e-06
40213552.361396312714 6726 2.2271776042472395396 0.63465800766831281798 0.29106951748949189129 1.4290941779441830306 3.9388951575510704473 3.822988936109764424 4.4284761358492286121 5.0377267191447545613 2.92983e-09 5.17366e-06
40213552.361396312714 2768 1.5829807644594451332 0.055662715747324252591 0.024478858213454707943 5.7738507298902268516 2.8164941099063387497 4.0214333432860183137 4.0651311935152261157 4.1095355880472856924 7.47811e-07 3.28182e-05
40213552.361396312714 5194 1.6975067017422922344 0.2685871651026634499 0.18006222903118221379 4.8580727427419585496 3.8218867483337990443 3.6346277190475229091 3.7816097989313424144 3.9420125231814746591 4.75382e-09 6.07945e-06
40213552.361396312714 5310 3.471236452975229092 0.1020823192553024783 0.32576379577533287613 2.2081722340027720719 1.1574505829066588092 3.425633659271979603 3.4557953176889601998 3.4873447025468231608 2.51895e-09 4.91953e-06
40213552.361396312714 5888 1.4453056092177354319 0.11684802337883958001 0.4138789933797686893 4.8786702269737070026 5.4943355711110335449 2.7595960628242690582 2.7133822495581632062 2.664861872701008938 2.79797e-09 5.09485e-06
40213552.361396312714 5964 1.9299207487869876054 0.56313096426635433911 0.46549890145164002364 3.4298512855260994137 1.739839506409743608 3.1749252637511591324 3.2046285230710775949 3.2401024693959965539 2.1711e-09 4.68177e-06
40213552.361396312714 6639 1.4515248305645014337 0.16480369888382159771 0.25045105222605967832 5.0744533442790871192 3.0412782742288180238 0.59834619392106735969 0.51092943256567535659 0.43034236963584759916 2.07227e-09 4.60963e-06
40213552.361396312714 5312 3.0001220284644629643 0.076566886044132420608 0.19427233529140794377 5.6832538745300658078 5.2634077890119810306 3.0359922382268509367 3.0275895861407771115 3.0188796217115889675 2.46345e-09 4.88312e-06
40213552.361396312714 5289 2.1263056735424750165 0.010005781277605194091 0.1730892668102858023 5.8953761763987868605 3.6391403440100407174 4.8979174161607925697 4.9077425868441606482 4.9175580490677983647 2.13423e-09 4.65511e-06
40213552.361396312714 6734 2.0372267330111064609 0.25991288017291103163 0.10592679197423196524 1.085918125935867673 2.0692001185899333571 1.4618035023273754369 1.2040791507361641166 0.9614480236572040539 1.24231e-08 8.37387e-06
40213552.361396312714 6073 3.2502398478869829468 0.060629967637410180081 0.22909987317888699798 3.2226235314069660021 0.12352231575493348437 5.1338916614967970986 5.1885733073962185813 5.2424582190115609492 2.87152e-09 5.1391e-06
40213552.361396312714 6692 1.8027303029154888581 0.33846245883912945418 0.348712798058748219 2.2480803725840545759 5.7473402162690963024 3.0553086843253609572 3.0189389724135962112 2.9775293157148254863 1.32225e-08 8.54977e-06
40213552.361396312714 6028 1.8243592629524620907 0.31572843156806085219 0.24544911592992524341 5.6482367203990886395 6.0199222449750031672 3.0510913908997934207 3.0161774140677071188 2.9766839794227517579 2.1303e-09 4.65226e-06
40213552.361396312714 5030 1.1318925573082461167 0.32297453102089107579 0.31933477569031581966 4.6993872684762312275 2.3640956225611993169 2.8760325428459894148 2.772422198569092 2.6558794550912088184 2.14686e-09 4.66428e-06
40213552.361396312714 6521 2.9675063608551845995 0.057089153961776599455 0.17104036239898182115 5.9566092002008810269 0.084293122092833100423 4.9309411928629769406 4.9863602738106092005 5.0413202324252290865 2.953e-09 5.18726e-06
40213552.361396312714 2010 1.5730800180218089679 0.13762131920070491686 0.16946470243646646892 2.68653189644768009 0.25076488312230643674 6.0944693582846927171 6.118759368523667419 6.1412860571882896821 1.54172e-08 8.99881e-06
40213552.361396312714 5717 3.1718146407185030533 0.10860696410292251801 0.2122441211213058343 3.880734878413627964 3.6200256162160839857 0.42326071251316937927 0.38064274739343612053 0.34029338246608975549 2.31886e-09 4.78566e-06
40213552.361396312714 6164 2.0064510491300020512 0.48001001916743640807 0.27631740555308292873 1.9280163532096610268 4.5934131563522324626 2.8112728321029774037 2.5933523943695084846 2.3431777973632685885 5.09634e-09 6.22209e-06
40213552.361396312714 6005 3.0206999720119185326 0.34504196478418758254 0.52208538025797424087 3.1052968465218713234 1.963826913256760065 2.7183009242654132542 2.5441965577669716225 2.3501133969079726072 3.36675e-09 5.41902e-06
40213552.361396312714 5540 1.7628059451968658422 0.46668276096329169844 0.34759073220167246987 6.1124827943068051894 3.2592095440989852229 2.3343961966623409943 1.9092001200100368052 1.4689849084519410738 2.31531e-09 4.78321e-06
40213552.361396312714 733 2.0173888907523349623 0.23951271684767858061 0.12061675856599506085 3.3454861537958331397 1.6820174730388819384 0.29285271273143087534 0.23002148853185550026 0.1754129612588815057 4.51209e-08 1.28719e-05
40213552.361396312714 4406 1.6923075671507703532 0.48920498587107152932 0.22431339556310911365 3.1208408679578303335 6.0016566302351108675 1.5433578320639171899 1.0358465246859169806 0.61498630239020601884 6.27014e-09 6.66718e-06
40213552.361396312714 6119 3.1100943498603856874 0.064737103687163580212 0.136288173477842528 3.2315547290394310842 3.5077903390723967902 0.18843644417449709194 0.17667155184673810631 0.16529375242438129612 2.96829e-09 5.19619e-06
40213552.361396312714 5525 1.6261286622810704472 0.28858865744007261567 0.21249008353066511923 5.6555374102161888317 4.4305311527265089921 0.43448611679500759308 0.32511597880173376263 0.23293536757449331831 2.22151e-09 4.71773e-06
40213552.361396312714 5178 1.8218673121179798091 0.11260910530626852544 0.01658335088477366423 4.7167300436526122809 5.3269669258223251163 5.648241087137821026 5.7123098251461463803 5.7731602847505252285 9.33283e-09 7.61239e-06
40213552.361396312714 6997 2.9209772902492296964 0.11920100271790864954 0.20160048057397766952 4.1118715960706557766 4.9868665184339100449 3.9074238052702336965 3.9940238051563068389 4.0837681782112547069 2.77488e-09 5.0808e-06
40213552.361396312714 5667 2.1063181353248521255 0.28910529590315237058 0.67643846734811985399 3.2695149403257461884 0.13915665390577455773 3.8863183086043475711 4.1099973332915213931 4.3482151332408562894 3.20823e-09 5.3326e-06
40213552.361396312714 6103 3.2877625877706995183 0.085552353245213846877 0.15234903528763174552 0.7687173522581689511 2.3269223045337508182 5.6945882461695607191 5.74052788934121061 5.7847082764288613177 3.07621e-09 5.25842e-06
40213552.361396312714 6333 1.2565062652670127008 0.25058116392658885685 0.31811951803029658858 0.052228694005501084818 0.011560738288365953602 5.017342551883190005 5.2502349191077186674 5.4654375736894102999 1.94245e-09 4.51128e-06
40213552.361396312714 6480 1.5789406730216299923 0.27406274838827826557 0.048149511158956166679 1.4571480667282226129 0.80715430993980219476 2.4129168380064891508 2.2059546638368825455 1.9853402453314898946 9.59462e-09 7.68292e-06
40213552.361396312714 5316 3.4823723037195595253 0.10697253326143527086 0.24689512390269652276 0.52543447954770683417 2.8569763481833230223 3.600124678374594378 3.6499995091250103663 3.7020722642208427899 2.96988e-09 5.19713e-06
40213552.361396312714 6874 3.2695896439571119352 0.089683291055229694133 0.26469234626926763099 5.1874595800394338596 3.9777288847942635641 0.3366989016287912917 0.30821991124235570414 0.2810133265750867082 2.61974e-09 4.98428e-06
40213552.361396312714 6823 2.0169068123719289254 0.3194351047403252708 0.093949418863814013192 4.5429257201462398541 4.7856251365247892693 4.4709112755761228897 4.7994374062321991659 5.1176630266695966043 1.69817e-09 4.31364e-06
40213552.361396312714 3953 1.3274764674068963988 0.28953089565295575536 0.29394635493657272907 5.522643347172101258 4.1061846845162559561 1.9228092167653700884 1.632219872018495721 1.3432349832622421104 1.87457e-09 4.45811e-06
40213552.361396312714 6204 1.5933705830528821501 0.12479724395913908974 0.30494438157298714431 3.5186827801779614333 3.7810156677171873341 4.1244366047501319628 4.2323329418842741134 4.3430242340493085962 2.26769e-09 4.75019e-06
40213552.361396312714 4189 1.1112651402344655427 0.06887306859904374079 0.0078304581282430535394 2.3245632637532978038 1.0284884092202455363 5.8238301934610365862 5.8534841057708622003 5.8821765700960844114 2.40401e-06 4.84353e-05
40213552.361396312714 5324 1.9371643195944312499 0.079116978659655654016 0.39947562737017200396 0.60216668909741388749 4.5885230501052545193 5.0573055060183396137 5.1308606651806263343 5.2031507236313556675 4.64884e-09 6.03437e-06
40213552.361396312714 5185 3.5223278068374614946 0.036354091947421077191 0.26278320176719138779 5.3610644362118753392 1.0154197290687703159 2.9336963090084453576 2.926054345205854279 2.9182791751582035644 2.64564e-09 5.00066e-06
40213552.361396312714 5451 3.2746838909306803522 0.051414169848275376173 0.071187876801389396442 0.92518653135728645687 3.3791633090774242376 0.50811690065853953868 0.48363707547035195145 0.45972937432434413108 2.58702e-09 4.96345e-06
40213552.361396312714 6192 3.2262902167486360305 0.16717161707485930777 0.3316714331232625268 4.5462187536751912376 0.27858682821451863365 0.62561362942421083755 0.53338803409037316428 0.44838901455498847426 2.79503e-09 5.09306e-06
40213552.361396312714 6170 2.2034182556494159577 0.56989473097290466175 0.29612591144678318544 0.16056154054015686627 3.5082255039799341567 3.4377816377155561156 3.696911341177984589 3.9973678937719530069 6.44558e-10 3.12323e-06
40213552.361396312714 5853 3.1416863669556152061 0.16192032301938535932 0.15283808299370554851 3.7364941963845641482 2.5020028759305459332 4.311064245702771025 4.4657339364260826287 4.6227536688293913159 2.34516e-09 4.80368e-06
40213552.361396312714 5360 1.8049193030662677995 0.15244686314333769084 0.065292942479256030341 0.19050771211713674047 1.185819801084954106 5.0669703367817575668 5.2068170020412036791 5.3410068705782034471 3.7029e-08 1.20512e-05
40213552.361396312714 6233 3.1212015335740321831 0.13485307458391743163 0.23832962648564731678 5.304476946401579518 0.66453292988292267385 0.93048838166121750071 0.8261719831470730746 0.72700878144002545334 2.38928e-09 4.83362e-06
40213552.361396312714 5650 2.0377238705528926133 0.2679572786391468675 0.37748726038994601106 1.1538268260170434498 1.9835651999842458526 2.7172945527571705782 2.589142159536549137 2.4485249419397416837 1.14639e-08 8.15256e-06
40213552.361396312714 6255 3.2437107302112577756 0.12475496573398374422 0.17978231696671512219 3.5494038209978606702 5.5835842812285632064 2.2555085361057471971 2.1545792750076024902 2.0504857871227417654 2.45838e-09 4.87977e-06
40213552.361396312714 5459 3.0250864406861097677 0.211269880505989327 0.1960067527665955156 1.0563122729938165811 3.8698837264411198866 0.83253339736099296609 0.68535446630586005501 0.55163172842640684213 2.51526e-09 4.91712e-06
40213552.361396312714 5708 3.1389867717598161079 0.17101268592127116808 0.23865080087772030937 5.1679710935871572275 3.0488382080858720258 1.224499040958071383 1.0673723092103772903 0.91757616521932638953 1.65544e-09 4.27716e-06
40213552.361396312714 6956 3.496925087265473131 0.11300275064443021655 0.38899105839396036499 2.4835852238126410185 6.2343641557050561985 3.9709650607183877291 4.057846461452887965 4.1474945408156207449 2.20649e-09 4.70707e-06
40213552.361396312714 2850 1.6040912986189153067 0.18996986704442378469 0.30035712551784382596 5.6284516897582044237 2.0091575521555875561 5.0267778896873895889 5.2033872067413842188 5.370914532918715345 2.86233e-09 5.13362e-06
40213552.361396312714 1284 2.2456299268816755088 0.19589670547848769822 0.30431391585339762074 0.86196314455651434905 5.1743031421209808585 5.2396406299617277469 5.4021267986416656726 5.5532440397931308596 3.64405e-09 5.56389e-06
40213552.361396312714 6722 1.7301283518639378745 0.14204429161204101817 0.40085762660377499689 4.3053685749771570812 1.24337081915930181 0.12374756629975051936 0.10729153065128835265 0.092080603786163922608 1.78527e-09 4.38616e-06
40213552.361396312714 5002 1.1894420944514616512 0.34198697536155642229 0.58965003874565602437 4.1368017565362027455 1.7181010631717481552 2.5399719006438203905 2.3075079913970388823 2.0542044468500328946 2.79003e-09 5.09002e-06
40213552.361396312714 6473 1.8407308209452808434 0.062280782699546462233 0.11607864077214746779 6.0163644374996776421 2.7535140762996790365 1.6487584646935316002 1.5864754218194154767 1.5242022943306556826 5.43469e-09 6.35685e-06
40213552.361396312714 5815 1.1863566341633355883 0.46700651397063486225 0.39879968009332322776 5.4347124151021226623 2.008027451911637673 2.7744279646920460003 2.5439640977774988784 2.2811871678386475004 2.67562e-09 5.01947e-06
40213552.361396312714 6211 1.7920357694319144493 0.068572143162368953684 0.4747481030719316597 5.8104679634338367578 2.0593836671849659048 5.1815156267197455264 5.2417974696950961899 5.3009824943209142845 2.33777e-09 4.79863e-06
40213552.361396312714 2928 1.6098062774362356109 0.64926866931437554609 0.38639093061014184727 2.5197107180886351152 0.91201291900203340646 4.4338168500494745672 5.1854726180383261536 5.7634304955328241604 9.69793e-09 7.71039e-06
40213552.361396312714 6225 1.9272779353379112521 0.25854354718833039151 0.21386185762913287323 0.15905155164801285106 3.9634097318698278123 2.5107287048438413635 2.3375929718149279779 2.1514062101274284977 2.38341e-09 4.82966e-06
40213552.361396312714 5873 2.3669517770011614388 0.62460262081350426122 0.5195329442746859927 2.2780010145802545019 4.2971855155189464526 3.4958050992652842659 3.8544603817459708317 4.2629541580845433657 6.23622e-09 6.65514e-06
40213552.361396312714 6886 2.7954703563163323388 0.2526436929397568032 0.41618954681066244738 2.931684802991050276 1.6092267063296510354 2.6699075220456225388 2.5383351898774102473 2.3950033554865397534 2.88448e-09 5.14682e-06
40213552.361396312714 3400 1.2200016773514297252 0.40938853133622887803 0.19204045672629288521 0.15702524202486314864 3.4357788091167367206 2.6788289404721079556 2.4434957070641680765 2.1803567310130471668 2.20416e-09 4.70541e-06
40213552.361396312714 5080 3.2167285545296757654 0.16807679678534093171 0.2824929525396602803 0.8233881673807542656 3.1878181718820379764 0.20165688247037549807 0.17035001847203348757 0.14185641097561446644 2.57476e-09 4.95559e-06
40213552.361396312714 6155 2.3321326819747176806 0.46689197269402060719 0.25011184162363431227 4.9053662500662120749 5.7447553510573587943 2.8372396260658110378 2.6433696955078298529 2.4202582315731597795 3.03729e-09 5.23615e-06
40213552.361396312714 6186 3.2337138312255753192 0.018154539019089921403 0.21125732040365938214 0.84074197371269987489 3.2911959827289662961 3.2444101746536460062 3.2462906259309942669 3.2481878987055918806 3.14704e-09 5.29848e-06
40213552.361396312714 6417 2.2214372982581926941 0.44136081281796729625 0.68814031302273159785 3.4806075006377543701 0.84106862946500349221 0.87548479005335733127 0.56704631793009663276 0.32997245100058569811 1.63097e-09 4.25597e-06
40213552.361396312714 6237 1.0819467355914553774 0.27903225230538764023 0.17884494231680525544 4.7760848430267488496 4.8431778325215741887 3.2453685908307967622 3.2797195440724284943 3.3181389613620155821 1.89473e-09 4.47403e-06
40213552.361396312714 6029 2.0685499393713193683 0.065422181105770249587 0.1806582728481096467 0.99847609493052980056 0.73308377238701138978 3.2226639205787215303 3.2281465860922762268 3.2338020655473442844 1.2969e-08 8.49478e-06
40213552.361396312714 6023 1.6602116088868454913 0.1508155903291332478 0.45278919638474418585 4.6586932356044989945 4.8038268872355285311 2.3354078496424763856 2.2200083793635712048 2.099874651432777739 5.48103e-09 6.37486e-06
40213552.361396312714 5643 3.2925024070925923425 0.069001354075198376159 0.10245167812880534575 5.3898738296665831271 2.3593138786368870186 1.8013126949187114878 1.7335473029125854083 1.6654577832566812567 2.47115e-09 4.88821e-06
40213552.361396312714 6335 3.117408341755532053 0.070439886791240483022 0.25719674792628033355 6.1205025700556703327 0.096546644057922362259 0.37019813157329056752 0.34549469717408520797 0.3216393713280752964 2.80706e-09 5.10036e-06
40213552.361396312714 6290 1.9359225122793028984 0.39066337708170900678 0.37007398922244594264 3.0539787017987984896 5.9656964535761538571 4.4701096156051525199 4.8795032927553894098 5.2647242875718101018 4.66797e-09 6.04263e-06
40213552.361396312714 5215 3.2366800164148212815 0.33546137062262498807 0.22550667494726217566 4.273663599745932018 2.2802282970338101364 2.4982039116159091563 2.258866389026363386 1.9997315192037097287 2.09099e-09 4.62347e-06
40213552.361396312714 5257 3.199485811743198127 0.12715025598954324271 0.20996223062209515287 5.8093796418370482471 5.7663942788002682249 2.9138019429682517902 2.8830618134280836529 2.8505545162186907149 2.20895e-09 4.70882e-06
40213552.361396312714 6327 3.0029282850619991585 0.18448865539053324603 0.16891876465426214349 4.8482852327458170194 1.5769796637493300739 4.9760963290190192154 5.1510476507223277309 5.318069321370542113 2.25041e-09 4.7381e-06
40213552.361396312714 5048 1.7890125708421460438 0.15313111672532314644 0.41701010281385392231 0.38190459740024229607 4.117030365780512291 0.89022064676450063381 0.77615730618078559999 0.66888246455429012371 1.54672e-09 4.18139e-06
40213552.361396312714 5673 1.6213907029966332374 0.55420950307050476091 0.43877819041044174853 0.66658856855397041752 4.7451667464867099966 3.2375097831519523695 3.320348432581345044 3.418889828501157524 2.67237e-09 5.01744e-06
40213552.361396312714 6129 1.4658232667337220967 0.20504392582687255842 0.67635047280268023595 5.194371307639887192 4.2079776469531271488 2.2227878812851629142 2.0474510088063366808 1.8652623544408273304 7.14833e-09 6.96495e-06
40213552.361396312714 5034 2.8712178568963038217 0.20769814569497996315 0.15803549176663639342 1.2006706357344132385 1.342963295529177481 3.1195634666393265988 3.1143955206264850588 3.1087474229031708539 2.20492e-09 4.70595e-06
40213552.361396312714 6957 1.675382928212186151 0.57774443857577995054 0.23763196070754005751 3.8284097887142025662 3.9062422670326535368 4.3061274927625454723 4.9512341471896474943 5.5125774807186029847 6.68595e-09 6.81142e-06
40213552.361396312714 4112 2.0131071340000357139 0.24352525655812629068 0.84232955508564288927 1.8214792081906279186 4.9222627753039587262 2.3991087547301099825 2.2157035290551636564 2.0210889678937067337 1.99037e-08 9.79854e-06
40213552.361396312714 5288 3.1135269668606753157 0.21789350661549944377 0.28265752547875899747 6.2075271577154929048 3.5151132496454757792 5.0826397450822886626 5.2797088510237575321 5.4634680833240851783 2.94866e-09 5.18471e-06
40213552.361396312714 5938 1.7363753247779940558 0.12497895227165119192 0.12527542071504579879 1.230999462965803648 5.0671010939974303611 2.0726273106580297423 1.9593251188255913497 1.8436611734468102419 1.88863e-09 4.46923e-06
40213552.361396312714 5446 1.4595016189244782723 0.37318738838974740979 0.19292387453247336615 5.1422473227386067407 1.5605263877226056568 2.6428430027702352056 2.4206336160172243765 2.1742906137277975276 4.99881e-08 1.3319e-05
40213552.361396312714 5914 3.2027124764352410402 0.072069763275792189661 0.10124778965982647594 4.3017489356333058481 5.9645491352274149222 5.602220049459456952 5.6464040935172450375 5.6892575370651865541 2.63408e-09 4.99337e-06
40213552.361396312714 6154 3.1413226440573462916 0.10018047448019244683 0.26067937399990859237 5.0562773395582851776 4.9538229645423861314 5.0873707923340862891 5.1790731284750108898 5.2685408127287161051 2.04677e-09 4.59064e-06
40213552.361396312714 5511 3.1782166226792138986 0.14654512488740109588 0.19070837122499875727 1.5009165258597507719 4.8335674821137386559 2.9301330109319074779 2.8968108122582512109 2.8612963815724223871 2.90982e-09 5.16185e-06
40213552.361396312714 5957 3.2098431382551959601 0.061638699247889838784 0.14021599516174351741 0.05287242550367352717 1.8052137704521096229 3.5379083459475295648 3.5624212839810773801 3.587601735934575764 3.45473e-09 5.46581e-06
40213552.361396312714 5962 2.906978637555369005 0.17873345213705280066 0.15940638546525096042 3.9584178111741330497 3.8035218009378293225 3.6684978888932642249 3.766678193792351248 3.8712670475689110461 2.88829e-09 5.14909e-06
40213552.361396312714 5160 3.0398074161705306295 0.055373706143455443673 0.20430239496260813037 1.0904436486300801423 2.9028343518534578394 2.1242046805405823129 2.0763723960751905295 2.0279261829619352753 2.48083e-09 4.89458e-06
40213552.361396312714 6827 3.094422326871185458 0.11181032738565743756 0.13508232391555574647 2.2774818828650311708 2.3290264808602509916 0.50373167547042163594 0.45213747987861852007 0.40328875242462836059 3.04652e-09 5.24145e-06
40213552.361396312714 1399 1.2834447627260781033 0.12232557613716861511 0.30573234053228021123 0.91290725610691891845 2.2161631090462847737 4.1495074688858384349 4.2567650003230728117 4.3666117331316138817 4.64728e-09 6.03369e-06
40213552.361396312714 6752 2.1967250754247937827 0.29663632069631995503 0.3789070660064371987 4.2347250184466815881 1.1904191771342809147 0.21146467810902783158 0.15601242209574497921 0.10992098019932430852 4.12549e-09 5.79885e-06
40213552.361396312714 5597 1.591066982430036747 0.13824005779799367066 0.39127045734017606993 3.2857047654955877647 1.9318953152164177745 4.7079952422999298278 4.8467202952770946922 4.9837149633517876524 2.41109e-09 4.84828e-06
40213552.361396312714 6928 3.2068785484208293113 0.06946458462432429648 0.19254192835088784763 2.7138394969167412007 5.8058424597837658965 3.7813620659780453614 3.8240683706477360815 3.8678808056833333673 2.08658e-09 4.62021e-06
40213552.361396312714 6056 1.689179825208986685 0.60448339638189019229 0.25709924757207064383 0.68662007086200349537 1.0323953528357527887 3.5765552277643943846 3.9790901157717826209 4.4282034101590381781 5.38932e-09 6.33911e-06
40213552.361396312714 5640 1.3510002313590676604 0.30459093431437006538 0.21325204680674603175 1.2152062370583147644 0.93277027649526822461 2.4768287938133686232 2.2582965753193517955 2.0228981050386565244 5.24602e-09 6.28242e-06
40213552.361396312714 5842 2.1919466826290250339 0.50905067826867012037 0.62083186432174697345 2.7943765218048346455 6.1584291972041302898 2.4063243023862406211 1.9537668842072397624 1.4815924992028706164 2.75394e-09 5.06798e-06
40213552.361396312714 1444 2.058486861312530003 0.42134183168286237775 0.86827836254884205314 0.48777683343565425567 4.6045306868371671527 1.5060513866881821698 1.077940982484571153 0.70674495311854068635 1.72307e-08 9.33865e-06
40213552.361396312714 5176 3.0759218655716402679 0.17100734447790133519 0.073302149623837895009 3.3936535295921359534 5.0272448554189548275 0.11495088380848611509 0.096749223013706017738 0.080230194296138632182 2.68297e-09 5.02406e-06
40213552.361396312714 6001 2.0310228356690669393 0.41029520257821339158 0.40307922542162871737 1.3813276389416517809 2.8230360425460592211 4.0091620545091730676 4.3848011996869162843 4.7732774175751941925 1.89847e-09 4.47697e-06
40213552.361396312714 6140 1.8285048724643131468 0.27278500669592942174 0.16416647800407388469 4.2935828595114644557 1.8365834180310880441 3.3769942491221551784 3.451949839125892705 3.5352580464873870625 1.67728e-09 4.29587e-06
40213552.361396312714 5534 3.2712226195663718364 0.12720490039781562341 0.085823559632249302176 2.4138390630491053379 5.7406426073979544 4.4438815391957398049 4.5689875138879543215 4.6948867345344131863 2.18919e-09 4.69474e-06
40213552.361396312714 5929 3.237512401572803622 0.14954882104203143234 0.20478454138572368959 4.8415465290371795248 2.1792606391116171594 2.8998616306641484819 2.8610289685236161006 2.8196192981913368314 3.18574e-09 5.32011e-06
40213552.361396312714 6935 3.4641171403877155655 0.10852780557043788245 0.44859552371523020442 5.2568011820596343142 5.3578958868863946208 0.039902795860546430573 0.03578452150855240127 0.03190173471176813158 2.603e-09 4.97365e-06
40213552.361396312714 6775 1.622131918066501699 0.21775063038166830864 0.35867718205099763384 1.2563536417887721797 1.9028321061322130969 5.6428782693026819928 5.7637130905822120397 5.8718093044916042089 6.39874e-09 6.71246e-06
40213552.361396312714 5211 3.2208661455275868768 0.06430029802826103813 0.22883690816169999227 2.5400785358785675783 0.81190097989442588933 2.1961368090146264898 2.142960954053436673 2.08890170653039009 2.07199e-09 4.60942e-06
40213552.361396312714 6920 2.3330538600896773005 0.12943978995981544888 0.16829983651449736959 0.79015984447569409532 2.0930631329700664089 2.4114156591358510973 2.3203653428103567791 2.2256176718799745018 4.48089e-09 5.96081e-06
40213552.361396312714 1810 1.9983725183744280862 0.34029451761953583011 0.52785939010685811734 1.648642788684204108 3.9549728195571001166 4.7462054155204222994 5.0912357526379334871 5.4074005896028065621 7.36354e-09 7.03416e-06
40213552.361396312714 5072 3.0889651226010763629 0.059607446214085979541 0.26097883088915690974 5.6030026536311936525 5.4787571352865880314 5.0185189931247435879 5.074883905899436165 5.1306177630439915305 2.73643e-09 5.05722e-06
40213552.361396312714 5231 3.1703657788621493197 0.070823848713442411063 0.29452123997362394947 0.12842099260965500473 5.782934416336903638 6.134792659101472978 6.1449217484295415304 6.1546829358301984314 1.89135e-09 4.47137e-06
40213552.361396312714 4786 1.8170386645888823018 0.4330711224759062894 0.23485501959888346879 2.7424405275169227991 2.9198891455731428302 4.8876122667736767724 5.31253337993908481 5.669927087307526925 8.41208e-09 7.35334e-06
40213552.361396312714 6756 3.221854596711419827 0.060165617502534893268 0.34495444793003571249 6.2665033649737784671 1.9324334732044670115 3.5251887736210822943 3.5483729665816454713 3.5721777593806463003 2.22448e-09 4.71983e-06
40213552.361396312714 5323 2.8049814231082064175 0.11328649791148469317 0.084755361388942712653 3.7516318489452742391 4.3189319326316280012 3.3004415771573092364 3.3194874312630284763 3.3395343797943870534 2.25995e-09 4.74478e-06
40213552.361396312714 5372 1.6432406753275974332 0.27911082071097986779 0.27399461642970518449 0.2352545396771492936 2.7800987071603180389 3.546513585688247705 3.6754108406842753709 3.8174291268906435093 1.39548e-08 8.70479e-06
40213552.361396312714 5855 2.1629996053608744333 0.18090499177476662696 0.45357602084505305173 3.0403713034633641499 6.0559296559346664779 2.5187276219312182413 2.4039290893317812881 2.2822595035255091034 1.88487e-08 9.62226e-06
40213552.361396312714 6156 2.1435133536495984963 0.35865714172880081012 0.65277300515051350782 1.7038557706746400022 5.6423100959589724823 4.389485065670415409 4.759049856869038031 5.1173166285625528715 2.69058e-09 5.02881e-06
40213552.361396312714 1410 1.9035080933739478848 0.070483548878246260472 0.28734248426939457133 3.3025431111343057644 1.5177973744995354455 0.5734098269322163155 0.5362313695379384848 0.50022132714960576561 1.96181e-08 9.75145e-06
40213552.361396312714 5256 1.9977823557366356511 0.16101645562596381134 0.098675389761034210112 1.8522278645541558895 0.24784364629205488106 5.6018831723657944721 5.6978397059209582309 5.7867992819365206003 4.61883e-09 6.02135e-06
40213552.361396312714 5158 2.1291578481512214438 0.2831689426258394704 0.34268997876993956275 2.3297787091581811936 0.88171547759344104378 0.68047940997188738343 0.51733022219003965692 0.37728576930627411024 5.85576e-09 6.51695e-06
40213552.361396312714 6914 1.898716545005247891 0.33330718893211602749 0.28379312955844204769 0.17264810511413725136 5.8209213227554581493 3.0336314956241721141 2.9890649422265105351 2.9384232544287640643 4.41745e-09 5.93254e-06
40213552.361396312714 5578 2.8985175938264813311 0.048115629988025397645 0.18698393986884218054 1.3678246044062492004 0.01096779605604886014 4.3538841889545967234 4.3993430445800685291 4.4451202532453724103 3.04211e-09 5.23892e-06
40213552.361396312714 5196 3.588199743988814916 0.1277426967018731041 0.18561550618602629115 4.8695986428768298637 5.2663444408357618087 4.8861977203139081993 5.0109852570496116186 5.1330753875026537969 3.02458e-09 5.22884e-06
40213552.361396312714 6832 1.6529830598901216199 0.18366365178637197864 0.31598630231921182032 2.288296319242840493 2.5522605209468687271 1.4129337276131868073 1.2331094474051553789 1.059818468761217769 7.86044e-09 7.18895e-06
40213552.361396312714 4502 1.3158449000103957793 0.096249571773990780232 0.29417833516504615643 5.6130945182536313709 4.9498252496881107731 3.3076122220756793979 3.3243512003838562308 3.3418438735709226073 4.58456e-09 6.00643e-06
40213552.361396312714 6425 2.3386769062348284898 0.28729366001808170905 0.41520648219706007831 1.5604270230244634554 3.3746012058255581145 1.7177716083287783988 1.4232282115784287146 1.1390569825729566222 5.02719e-09 6.19382e-06
40213552.361396312714 6089 1.8462143739273706444 0.301649282886143566 0.25116891618814435327 3.9650126543694192982 3.0132825245619025978 2.9256385840625833694 2.8477443513352080906 2.7603753436125972875 5.81535e-09 6.50193e-06
40213552.361396312714 6572 3.0126628990452490875 0.16071038952970617686 0.15061843092017876411 3.1214298816121011093 3.2640073722128106759 4.3882265959373780717 4.5452943833252028583 4.7037664225394877349 1.66053e-09 4.28153e-06
40213552.361396312714 6842 3.1556429746390102231 0.064163442392320260699 0.13735404359506905858 0.81712096589527793977 2.4863249945435099697 0.74116624953432852507 0.69881159307756024468 0.6575347187496731749 3.94698e-09 5.71398e-06
40213552.361396312714 5291 1.9936004583573059268 0.39967853716280832277 0.64733114566974270243 4.1993332332339017299 0.50569030020279182036 6.0577910682770319539 6.1352161317617674996 6.1941406605914393069 2.6037e-09 4.97409e-06
40213552.361396312714 5063 3.4849956693832191412 0.094769294367350570552 0.45853635362925887486 0.26902293699753510037 0.79557702095833293665 4.0974671243522191588 4.1771942646471140748 4.258711905930447017 2.23728e-09 4.72886e-06
40213552.361396312714 6557 2.1414995794088955705 0.39071205810089687516 0.16746066003423315527 2.5316943133636518048 2.7845445721431518749 2.6559833267598604856 2.4254326214455170785 2.1689329263069678788 1.93092e-09 4.50234e-06
40213552.361396312714 6055 3.2189104789922877714 0.070224476593765558508 0.037017002206212290538 4.6374445140014968203 2.8186273313062009116 4.7746070023705700081 4.8446005731257777427 4.9142121846369040128 3.0525e-09 5.24488e-06
40213552.361396312714 6197 1.9612592555920793647 0.16867286115672874836 0.32943721337614562117 0.8258035026817321933 2.0524250498667684361 1.9501804434199150329 1.7876040936010699767 1.6228800132934575462 8.02678e-09 7.23931e-06
40213552.361396312714 5642 2.9077870361530568921 0.1912774863988545293 0.11954538780354236061 0.82534313533758008052 6.1453389118996692986 0.11366473376544596052 0.093684806160942157849 0.075791213626809988968 2.80041e-09 5.09633e-06
40213552.361396312714 6291 1.5091705021090175975 0.26983898593442873226 0.36617686565433343882 1.5619493958282977264 3.6389633576418773941 3.3747064202772372177 3.4479931638754708345 3.5293843606431640758 4.97801e-09 6.17355e-06
40213552.361396312714 6390 3.2236957818877471915 0.08801093767815171276 0.26850422640891763448 2.3412183049602890428 5.5985236157640034804 3.9196144272506221462 3.9834920040207388858 4.0491402004620802302 2.74624e-09 5.06325e-06
40213552.361396312714 6126 3.0439798320377451368 0.23749024818317590602 0.21618095895401298612 0.018379792906448318146 3.2605161869732328661 5.9786600677831271966 6.043433284871357003 6.0998281345687646038 3.04059e-09 5.23805e-06
40213552.361396312714 6104 3.3322367702565331982 0.073929941712231994622 0.17800332929662662784 0.015382137168156721774 4.4458359157164206721 2.946030280099519949 2.9311029157081236463 2.9156560784388356744 1.75259e-09 4.35923e-06
40213552.361396312714 6732 1.3108345847426141617 0.16278003646671310167 0.13708029680536618078 3.9470321274526747324 0.13990584164944544487 5.3367165332832753322 5.4634288622306312888 5.582417756252547214 3.70815e-09 5.59632e-06
40213552.361396312714 6286 1.9853057530970024125 0.44759285157606304439 0.8063057694907455053 5.2325973444260469591 0.97348088819225320201 2.4038015447719640605 2.0232187756178507954 1.620657891890862512 2.66284e-09 5.01147e-06
40213552.361396312714 5405 3.1794905788665146495 0.04439658909453002289 0.17118276756941500083 5.9025994447814706945 1.4572021080929671299 5.1224722428070847968 5.1628448754494353778 5.2028128475166059985 2.93677e-09 5.17774e-06
40213552.361396312714 5098 3.1799240873094931636 0.03833194037682156885 0.076141572095663648256 2.9765578386476905237 1.7360708090528758074 4.5209171160066343731 4.5586957467394499943 4.5965758465268953259 1.90652e-09 4.4833e-06
40213552.361396312714 6952 3.2295580566368093933 0.11971415264941780154 0.11587414538250274954 4.4033741337914280578 2.5005038385412210467 0.097726257146073011728 0.086664938148749925961 0.076302901106880371973 2.57429e-09 4.95529e-06
40213552.361396312714 6667 1.6929665935904723018 0.26802173946493301759 0.14355256508160979534 0.86546252773105880607 2.008320138558380652 2.7077771087366810931 2.5769814824166168421 2.4335664333630218081 1.85586e-09 4.44323e-06
40213552.361396312714 6282 2.7970140762361395126 0.11924480543536446209 0.12779590069636109773 5.9843495474674819334 1.6255379833498919684 1.9635913095311832155 1.850562400194308843 1.7359538257645119597 2.68214e-09 5.02355e-06
40213552.361396312714 5240 1.8640845244486330401 0.25284061514939043525 0.36095167543856104819 6.2361280435594172999 3.4855450896733533028 2.9143593334867703426 2.8481950759308816146 2.7750719831068284549 1.54708e-09 4.18172e-06
40213552.361396312714 5138 1.759836460079798659 0.37971163963167631206 0.30954506020448641079 0.87463934082929062352 1.863728808173588769 2.9705841407629911544 2.8873044702065606693 2.791785521674303272 2.37553e-09 4.82433e-06
40213552.361396312714 5548 3.1946380588820031399 0.050862940923295803242 0.34332314276348252502 6.1447065891971481832 5.7812858915064797571 3.8237382629771414777 3.8564697648994381574 3.8898116748860545044 2.11518e-09 4.64123e-06
40213552.361396312714 5131 3.5485452421755345753 0.065023091855551787277 0.28170815639608487446 5.6947081452249772582 5.223525339544038637 4.071830899860053421 4.1250418740237462245 4.1791679877994116765 2.25296e-09 4.73989e-06
40213552.361396312714 6295 3.2575537313827900299 0.02174304499586932754 0.25738982502656454487 0.43866554093847592855 4.5033407573633299492 4.0606119340107564852 4.0780141919841774722 4.0955269623412382529 2.30061e-09 4.77307e-06
40213552.361396312714 4963 2.039388331778921426 0.51646030892540251145 0.39569272002041194769 0.26520460670593343222 3.4658208346778200948 3.3293740504811544234 3.4720783096806249191 3.6396709408071434844 2.1769e-09 4.68593e-06
40213552.361396312714 5278 3.1469496616387888643 0.032714925849699517946 0.35437569298441201626 5.9491055568418653721 0.23123615965817745366 3.9749216602490471395 3.9994110996465410679 4.0241572398831326751 3.13887e-09 5.29389e-06
40213552.361396312714 5669 1.1518827849644763806 0.099811924031364171461 0.4370193286287743506 1.4107095193643457431 1.2329956363930103524 0.40036989389052002331 0.36309198963939431914 0.32764215508990535142 5.45549e-09 6.36495e-06
40213552.361396312714 5118 1.340332265278836088 0.11851549837796598874 0.36989101303707094814 4.9905882309114897311 3.4073019785345302068 6.0375817029907503652 6.0649208856269574142 6.0905837040943877625 3.95744e-09 5.71902e-06
40213552.361396312714 5053 3.0067581175801043614 0.21335695843265195526 0.23228373618452080596 3.981694568350967689 1.4093801126195242279 3.2282992326971733377 3.2492416584226302412 3.2721649889720083593 1.90259e-09 4.48021e-06
40213552.361396312714 5116 2.707308497718406759 0.21579474476438728625 0.13483704346506633631 0.65235383363663734801 0.10177670793656867776 2.6802890215206058855 2.572661271881719891 2.4564057223379309747 2.56354e-09 4.94838e-06
40213552.361396312714 6595 3.0217311327412939015 0.093922166523305664065 0.21575684730244926168 3.3503712698412551063 2.7390185223640104439 5.0955089116397429549 5.1812529073458097884 5.2650392025996683998 2.5233e-09 4.92235e-06
40213552.361396312714 5290 3.1948658367831268556 0.017683616682887520061 0.15222786985326752784 5.6556474160025667075 2.2099401932422653161 0.62894620427201819446 0.61861620097400049634 0.6083613238180300975 2.68653e-09 5.02629e-06
40213552.361396312714 5762 1.6949685174381476926 0.28888437539282302291 0.38760025432818046021 3.4023700614702483414 5.4954165009848301438 3.0982805176106071876 3.0832895970004186026 3.0664562954541709772 4.50081e-09 5.96963e-06
40213552.361396312714 6628 3.2826665786988979967 0.11826108054935514924 0.17790621041621956788 3.9737601723392219633 4.7761906068466206676 5.3782034083968666138 5.4681723995719533349 5.5542350621544915867 2.5094e-09 4.9133e-06
40213552.361396312714 5227 1.9442060756298511492 0.24199966203591069536 0.16506982290105198796 1.0449952237041497671 5.7230278461057082495 1.0226450687562873565 0.82623103522023766399 0.64826870593320462532 5.94474e-09 6.54979e-06
40213552.361396312714 5481 2.3658447851282455865 0.1294527501547623749 0.85187812494067338687 0.35684930675862902572 0.6349300193080940069 1.4221862539326237673 1.2950166550053985315 1.1704555116302173268 2.0621e-09 4.60207e-06
40213552.361396312714 5885 3.5080289625164597922 0.0379914812757010667 0.29889687337680997947 0.44232948876574457175 4.8600114908600833274 3.3506794028669144581 3.3587173875112572574 3.3669016172659222974 2.25928e-09 4.74432e-06
40213552.361396312714 3089 1.5300880282605893168 0.1801232641526233913 0.075749331916904624751 1.774722574509993267 2.8158008319552529919 1.9576537459244456318 1.7839382003471080385 1.6078909214191536847 1.46985e-09 4.11094e-06
40213552.361396312714 5878 3.1939734402097217369 0.06455249632608553445 0.10350317478284208617 5.9459930711319630703 2.2793604243718701419 5.2203313772286819017 5.2759049497405552387 5.3304764839128502274 1.44428e-09 4.08696e-06
40213552.361396312714 5489 3.2235759721638554964 0.051545752654930609982 0.32101585248534986183 4.2829919221780503591 6.2422703659804748 5.0261050279645198557 5.0747706205309350835 5.1229687435432014198 1.80848e-09 4.40509e-06
40213552.361396312714 6960 2.9845945817490444618 0.15757657892987292358 0.14458497665854877501 5.8895623609438452206 5.8830976270476957879 2.6989964196825932952 2.6258758101668520091 2.5481655673074183888 2.28045e-09 4.75909e-06
40213552.361396312714 6292 3.3618336765471537042 0.067064083386158115929 0.28843473144955622534 3.5344423022356843411 3.0992144331000361923 5.3041168945517824795 5.3588034415808820654 5.4123372519848711448 1.7586e-09 4.36421e-06
40213552.361396312714 6401 1.6963280809647163228 0.40374966010396279303 0.14302709217374282025 4.1705591597024298522 4.1953154992066483686 5.2438847248339088836 5.5694082855383451047 5.8337405490759683957 1.93159e-09 4.50286e-06
40213552.361396312714 5479 1.1947810928450246504 0.26918071560350098625 0.32910546881123642349 3.9984743357862586599 5.6080519883699189165 3.1057065548989424286 3.0943049033807019654 3.081580696343889425 2.12255e-09 4.64661e-06
40213552.361396312714 5417 0.92149572123898426668 0.17585715638205187683 0.020209081511201449494 1.91655499232437454 3.8687730314358859118 0.3653440751760337335 0.30687924529554383435 0.25375540872330631936 1.15634e-08 8.17607e-06
40213552.361396312714 5569 2.0777122233207183655 0.31694254087689810451 0.49122934394501260869 3.3223502441941619168 5.4724724860849054409 2.132189460585396823 1.8329380053211767887 1.526823115942726794 2.77052e-09 5.07813e-06
40213552.361396312714 6450 2.6640860058969151325 0.21888043019725936245 0.14433506247061150818 0.29904746612983157394 1.2739142704917376658 3.0995627921530890525 3.0890945121284949515 3.0776089738333607393 1.74846e-09 4.35581e-06
40213552.361396312714 6969 2.1315619266092031836 0.099933610141433731888 0.21434231352672894477 0.67695881070845798089 2.8316909717406684166 4.1042003615355984181 4.1887922372864263565 4.2753373839181527671 2.41679e-08 1.04535e-05
40213552.361396312714 5351 2.9738980334824800522 0.13322479210302365371 0.13256353002867096724 0.25028310738942605163 4.5361589701318036916 4.4666649283566286499 4.5984231133845732131 4.7307836651298389441 2.44807e-09 4.87295e-06
40213552.361396312714 5647 2.059691895742924217 0.34256832442908113912 0.49448671828352008806 3.5632586224294136024 6.2438356853681895586 3.1097135303649925397 3.0960402885290760899 3.0804408873023674253 2.57441e-09 4.95537e-06
40213552.361396312714 5992 1.7808197827718876827 0.15661547968543629294 0.34623835946055675494 0.54029876311123181676 1.4637927485192550048 0.13125270300641034282 0.11212316698234711665 0.094599713645411726004 8.41385e-09 7.35386e-06
40213552.361396312714 6761 2.0327131487398011345 0.42954514858573422664 0.15977106842679131282 2.9728783999622159229 0.88291212818095465842 2.6295786177300000119 2.3559477829792081494 2.052138571392946087 4.88068e-09 6.13306e-06
40213552.361396312714 5252 3.1576065563795796542 0.18395969088906527489 0.15740985759386508236 1.7622382057676964084 4.2302062877603390234 0.36382622388858693041 0.30308663648174927197 0.24818063443880283847 2.42859e-09 4.85999e-06
40213552.361396312714 5394 1.7374229095647402143 0.11639618157135911414 0.36883681795918976665 0.59078557367344430862 4.983721653036717214 0.96090413334343272034 0.86833242544151156839 0.77949273973491695067 4.23442e-09 5.84945e-06
