97971252.566735118628 0 5.3992059768364821792 0.054329229196820739978 0.029014417738592469115 1.0739425750944191496 2.0366250033294015509 2.1075688183005629739 2.0601959474690065832 2.0122441410621578761 0.000954966 0.000356051
97971252.566735118628 1 9.0350404052209363215 0.012866037357024972393 0.042854560428656450488 5.9518628290316817342 2.1069750584709887598 4.1316295833196390319 4.1424246292641484501 4.1532568061621546462 0.000285285 0.000238018
97971252.566735118628 5775 3.0685262097096193123 0.12456900239814369669 0.11995143467903032763 6.2701032165627701431 3.7512773408768071981 1.7859731522258535108 1.6623057377281993396 1.5382579401519218543 3.02463e-09 5.22886e-06
97971252.566735118628 5252 3.1205273120600018899 0.1035923970776858466 0.22788605426952882049 1.7647186227101374634 2.8421083927760246723 0.12645099628743669551 0.11399328297219998851 0.1022100038546647216 2.42859e-09 4.85999e-06
97971252.566735118628 5134 3.5312879273396160507 0.070819507743819148926 0.32892524643777498738 3.2952543194000805116 0.40027151861687954026 2.4078681323882711318 2.3591104669661544513 2.3091797487285510293 2.31886e-09 4.78566e-06
97971252.566735118628 5278 3.2072827354789970045 0.10519688099713411789 0.25200337588563337388 5.2038249744229387872 4.1885834673020889696 6.0690098933616143384 6.0903310887907355919 6.1104932257212798419 3.13887e-09 5.29389e-06
97971252.566735118628 5451 3.3239600799052961833 0.047192273138491315498 0.027116172638030306558 4.778220897900554931 1.0362911303509800831 2.5110786002019955809 2.482701128377173827 2.4538080938357542671 2.58702e-09 4.96345e-06
97971252.566735118628 5063 3.4827039548530227542 0.11295999396539502246 0.41329343951044489325 3.1616048859814385175 1.1099418186935305908 1.3513327887959276641 1.2421844783447677507 1.1352688321490991274 2.23728e-09 4.72886e-06
97971252.566735118628 5878 3.2267615247700938141 0.081450374176958301176 0.11033206724405165977 1.2298320520970802416 0.33070706343883493616 5.9704813263988230077 5.9946408480537005659 6.0178181351746049543 1.44428e-09 4.08696e-06
97971252.566735118628 6255 3.2135027826549307228 0.07129051925060486683 0.19907535279910462678 2.3457223772358140046 3.1424101530696724183 0.39427026078373145213 0.36772651555334273654 0.34209793977953234512 2.45838e-09 4.87977e-06
97971252.566735118628 5548 3.1830460223159837696 0.094046926307283576496 0.34553200388605254112 1.1737616538749722217 1.3825121739716863534 5.8371140161112133882 5.8761149558998946318 5.9133500882621250483 2.11518e-09 4.64123e-06
97971252.566735118628 6443 3.1897447571307342429 0.1351346813581162376 0.27745115239279821706 2.9126953898122178721 3.7059745749278865112 2.8803862503216741686 2.8428714735068258967 2.8031015716444209751 1.88164e-09 4.46371e-06
97971252.566735118628 5990 3.0952862567046213194 0.053568630709556620817 0.18711140909171544711 2.4691574574760433158 4.3185137193633522656 2.199918572544436568 2.1558873792152475346 2.1112292579354177136 2.30118e-09 4.77347e-06
97971252.566735118628 4189 1.1062738969650476317 0.024533022969497560173 0.011896132649458414365 2.8881523666366266667 0.094128344327305477068 3.8264484986578111148 3.842118051011722546 3.8579325146481866504 2.52743e-06 4.92504e-05
97971252.566735118628 5098 3.1154466176612216621 0.097543589089527968361 0.087040339227134583266 1.6469675699086969711 1.8005369085627620507 4.3125547830533594862 4.4043022419562349867 4.4972530383113760166 1.90652e-09 4.4833e-06
97971252.566735118628 5929 3.2497776240396447633 0.17324808622242343636 0.14451048834307711477 4.8588228505711290595 4.8699105562648412615 0.44784776314246804718 0.37779740059587024748 0.31389066955508526657 3.18574e-09 5.32011e-06
97971252.566735118628 5467 3.0152221260119986823 0.12223908441477086828 0.17137580518104814087 0.32472962969230773078 4.4339078336356454457 1.7656273978284968695 1.6439530368412726968 1.522040912502046428 2.43648e-09 4.86524e-06
97971252.566735118628 6282 2.8318849570891844181 0.18572261820970398238 0.051266483765857566446 6.00861535733862695 3.5365460689372740788 6.2434657755980067506 6.250268580777031957 6.2563808574614832025 2.68214e-09 5.02355e-06
97971252.566735118628 5694 3.1231529573268934641 0.22429309743239178587 0.28323168949191473986 0.00086736809104049966343 4.1578346413744373677 3.2411120249607821009 3.2665593943325457182 3.2945156748217971909 1.21025e-09 3.85309e-06
97971252.566735118628 6392 2.9854996504769140131 0.22499451932202102489 0.20738877350803366917 0.43595672716411865144 2.2727449010378095728 2.1300649271725728973 1.9251604978871403873 1.7141454938997222612 2.75286e-09 5.06732e-06
97971252.566735118628 6484 3.1260566275788854718 0.04633698520928761222 0.22867642521965561575 6.0462197977369696034 5.8906786031246616275 2.2704306521586357093 2.2344266037204993935 2.1979241224784717978 1.88476e-09 4.46618e-06
97971252.566735118628 923 1.8747732822800902142 0.18329904259327234328 0.32703566220394175712 3.2963608696885668969 2.5309300357891184596 1.7669928758277544389 1.5828692279150369249 1.3995835435301224869 2.53731e-09 4.93145e-06
97971252.566735118628 6739 3.2012977563999056585 0.16519721585574548284 0.20888370257217156456 2.7118430662846884083 2.34039828876310807 4.0640181668529411496 4.2033877285268737012 4.3476431639881552016 1.84353e-09 4.43337e-06
97971252.566735118628 5885 3.5069898064577169627 0.085025233794143353916 0.283814221844979786 2.5166634417709041749 1.1494313270720497577 4.5326908260132654505 4.6170914153249364986 4.7017308575366492107 2.25928e-09 4.74432e-06
97971252.566735118628 5405 3.1769770499736589286 0.090412931553253736428 0.11257129270978107061 5.4205588888438640538 4.4918313238838747381 2.0848611713320601702 2.0042187777113031899 1.9221659945818256876 2.93677e-09 5.17774e-06
97971252.566735118628 6764 3.269094419929021722 0.033733428316600130858 0.28825934945031778112 2.3136101464668379357 1.0877410027352287791 3.0050722449781641643 3.0004018741483617916 2.9956548337816166772 2.4069e-09 4.84547e-06
97971252.566735118628 6362 2.9943379448312303914 0.11846117864926519747 0.2319128266440675934 3.8693655216924622842 5.6195046805571156057 0.67107573881737803134 0.60047033728093401894 0.53353614678322280884 2.92709e-09 5.17204e-06
97971252.566735118628 6775 1.6422557158801838195 0.17026642404770839234 0.29411089802739232013 5.4674514993444338629 4.0183679793962854276 0.03323896631239820626 0.027988917634316424349 0.023223966900081272069 6.39874e-09 6.71246e-06
97971252.566735118628 6055 3.2640188879853235804 0.12244082889349189314 0.057627884002899525118 2.1043044216791488843 0.49256328912768826411 0.46783300116297610316 0.41530332716646572999 0.36590243307885661483 3.0525e-09 5.24488e-06
97971252.566735118628 6498 3.2177512292743184474 0.013311536485033210325 0.090318425927332177117 4.400068919370234255 4.0332288145506547394 4.8072510685775142747 4.8204947996602207638 4.8337286267851240495 2.50157e-09 4.90818e-06
97971252.566735118628 6313 3.2670849869725482328 0.0087634942882409468806 0.30881776111247716265 3.7897557672704573761 1.4975852573013714863 2.6175690935427353701 2.6131673462659055218 2.6087490197794309665 2.33149e-09 4.79433e-06
97971252.566735118628 6300 3.220172564215610489 0.072090916628019960366 0.23580162591791498095 1.2942778141993336316 0.13065469547036046016 1.0879135985898218397 1.0250568442674572456 0.96343758774878829332 3.26125e-09 5.36181e-06
97971252.566735118628 6103 3.2849549282758627733 0.07485129953411097381 0.12315595438642419623 3.5991682140891341213 0.041889747562512742729 4.9873039273924542059 5.0586887136639413498 5.1290964727153403047 3.07621e-09 5.25842e-06
97971252.566735118628 4755 1.800781016044346261 0.074061074056372522278 0.019453083496788314832 1.7956914295289954087 5.4827901146343736016 3.1615644477354694075 3.1631025386372062513 3.164695460985750497 2.45943e-07 2.26531e-05
97971252.566735118628 6335 3.1056453876988001639 0.12052433980024654381 0.27629245126194218463 1.7849797749305198469 1.8542381493825002003 1.8152416087662459621 1.6962694324798028855 1.5766925861154019728 2.80706e-09 5.10036e-06
97971252.566735118628 6956 3.4765304242255812284 0.2602337526481081631 0.45799073411781660026 0.84806655431415989277 2.2417709631410311921 1.3116498198129649122 1.0653478670409279871 0.83765441467931811559 2.20649e-09 4.70707e-06
97971252.566735118628 6197 1.9387103748153429184 0.51019977537518923505 0.3327802850220208386 2.3423908068643704006 0.75409477056066220868 2.205895126945285778 1.6901889797598605991 1.1836212351603938586 8.02678e-09 7.23931e-06
97971252.566735118628 5080 3.2231506628448101104 0.097604053170913113169 0.19084000256715308308 3.9125107053803374058 3.3488342966249637911 3.3727689357997325814 3.3963054686334905874 3.4208985178905759739 2.57476e-09 4.95559e-06
97971252.566735118628 6233 3.1583310357670200119 0.11621363297722317465 0.15083101088186814942 4.5680297640951321725 1.5543616187682660623 3.6726488799718768341 3.7348108218207718423 3.79977798986934312 2.38928e-09 4.83362e-06
97971252.566735118628 5489 3.2113302109773624871 0.10000728406390822778 0.28680006187076823032 4.6678976563812728529 3.4739676863980575305 2.1222590894362025615 2.0346156891578988102 1.9451741379157470035 1.80848e-09 4.40509e-06
97971252.566735118628 6756 3.1722337522398653675 0.05526455655468847511 0.28455736559133443242 5.9053229218662117717 1.3541076525912685291 3.5482322872371572231 3.5706766618811793812 3.5936688187083851709 2.22448e-09 4.71983e-06
97971252.566735118628 5116 2.7131603857559838389 0.28592946518168593784 0.11007200010681925106 0.36482592330497276567 2.9094013187421383648 3.8752812908406499837 4.0937377469570677135 4.326673444486798914 2.56354e-09 4.94838e-06
97971252.566735118628 6951 2.9773680825555315366 0.043507639469681280708 0.046769411694891301068 1.4526661721871845234 1.7287152329409729568 0.15511949189925178239 0.14853604463950564885 0.14209732922900791818 2.54062e-09 4.9336e-06
97971252.566735118628 6295 3.2749607835027849667 0.050472867099291808535 0.17635015158017047776 4.3058313718951488624 5.9362739510303486057 2.8167233629736991851 2.8002080396376740623 2.7833101212917701339 2.30061e-09 4.77307e-06
97971252.566735118628 5923 2.9975552765989488258 0.1113317946751272991 0.15871950693952494027 5.4665565493989021206 3.8459303574734264863 4.2096696696001769666 4.3101522252875579255 4.4125983686015581853 2.22479e-09 4.72005e-06
97971252.566735118628 5234 3.0034826946532628966 0.19434296388452937387 0.12584402600845909226 1.6646602507753709421 0.35029678104184924781 1.5793221829773604892 1.3835789635532260711 1.192631956727142617 2.35138e-09 4.80793e-06
97971252.566735118628 6863 2.9764500820684811622 0.16249040672036713095 0.046827597828065788133 4.8705227159058814834 4.0925799403265399334 5.3410026758553961201 5.4670727007777326634 5.5854450527436991791 4.9851e-09 6.17648e-06
97971252.566735118628 5146 2.8076445461706294182 0.068423394548803306847 0.10925929301774961466 1.7771928966072194633 0.62899265779586965852 3.8177137408710599686 3.8617510296319657037 3.906876513673658291 2.55901e-09 4.94547e-06
97971252.566735118628 6969 2.2734503997205930403 0.28621987571426454888 0.36408173849265174082 5.8481074176264957742 1.4314501114073736598 1.9586458341957690976 1.6741238423803410651 1.3894305317864574789 2.41679e-08 1.04535e-05
97971252.566735118628 5853 3.1371670031785057198 0.1409387419255974383 0.20810835490417145532 1.3845449705366079662 4.2358159488757642919 4.3497186270943704045 4.4853555580525625857 4.6226775895478944278 2.34516e-09 4.80368e-06
97971252.566735118628 6657 2.2214436506255244019 0.23545633112772451634 0.25480999088745276415 1.6236698513698712976 1.657469421398626519 2.1962181379284468896 1.9888033803748099704 1.7736198932317961408 9.52311e-09 7.66378e-06
97971252.566735118628 5962 2.8298272613130190933 0.22145121412659179994 0.25183763401599218446 1.2261842488841401266 0.75527623107136265812 4.6797369307360794366 4.9037343490617271158 5.1211439150176314428 2.88829e-09 5.14909e-06
97971252.566735118628 6628 3.2524414722377308351 0.13074175614589786387 0.22583587981348735019 0.15269362727140717295 4.2765443153505966478 0.096118946097761892577 0.084290571472743491821 0.073283319182706779804 2.5094e-09 4.9133e-06
97971252.566735118628 5290 3.227788499592352256 0.10144146290312255898 0.11136072103220663598 4.1490183980421555532 5.3111110016639386799 2.7935392429883063592 2.7571138816000049232 2.7190656221971312156 2.68653e-09 5.02629e-06
97971252.566735118628 5185 3.5379329564606059044 0.03164678121578442388 0.22326254996289515709 5.2925534104380718148 3.6032157887287956655 5.1971754980589963679 5.2249759201707490774 5.2525554160377270208 2.64564e-09 5.00066e-06
97971252.566735118628 6827 3.1046044399673986547 0.12168049744011347202 0.1751180348064008685 1.026788752916966585 2.91111577839050506 4.8724150838385025253 4.9916853088704620234 5.1086506461449392447 3.04652e-09 5.24145e-06
97971252.566735118628 5324 1.9961076833529505237 0.13742954128194223573 0.1713911100324588821 4.6901231948053654364 4.0714012275158397713 0.33736581957465894277 0.29446168230263436438 0.25457622879784302938 4.64884e-09 6.03437e-06
97971252.566735118628 5957 3.205619834743728358 0.038182844174085975308 0.077248397605782226361 3.8089660232232924741 1.3152401628940861844 4.9945438991606199153 5.0310321852171933088 5.0672929564333548669 3.45473e-09 5.46581e-06
97971252.566735118628 6244 3.1843681462996995535 0.11463658562016834641 0.30455482248217824459 2.3540352178604813105 1.6578237431103044486 4.7207866888672880279 4.8356164798630825175 4.949383787090109621 3.08558e-09 5.26376e-06
97971252.566735118628 6327 3.0264579125980830554 0.12553847663723693984 0.20927240544846723025 1.335405058378329235 3.9997718645737330156 0.75680764710466186251 0.67410842696885064917 0.59574718290852701763 2.25041e-09 4.7381e-06
97971252.566735118628 6874 3.2798302042497904374 0.077497649845901850352 0.26014697347827442364 5.3876912992811796244 2.9966851531104761186 3.0574168628070195197 3.0506288596385733314 3.0435890970821137813 2.61974e-09 4.98428e-06
97971252.566735118628 4112 1.9203860234044352051 0.16022508447986594238 0.80630150860689053793 2.4300503057645914673 0.49774979576148054017 4.7332923474607984105 4.8939064909794822711 5.0514992184478604287 1.99037e-08 9.79854e-06
97971252.566735118628 5511 3.2275673601363124021 0.045113536092807153544 0.20769890174780458736 0.83017452312932060732 5.275773228535770798 1.9768110420304458863 1.9349771994773881101 1.8928223969945039418 2.90982e-09 5.16185e-06
97971252.566735118628 6186 3.2554860557469180726 0.070024243759383389407 0.2115109151233237339 3.1248722363275236447 0.32191887805188573735 0.5385436618612038373 0.50363909541057105823 0.46984427752540730561 3.14704e-09 5.29848e-06
97971252.566735118628 5195 2.7386769377448443308 0.17521298187813147407 0.16236905574902024685 1.4039157500042505067 1.0876974088079625069 1.2178241792241135677 1.0573839045232720224 0.90476050818800346498 2.26107e-09 4.74557e-06
97971252.566735118628 3953 1.1558979966373919002 0.16667761052590149284 0.27966224293799107903 0.97790763277003323051 0.70055509842027507972 1.9771574913116183314 1.8180212832648923182 1.6564114643417233719 1.87457e-09 4.45811e-06
97971252.566735118628 6667 1.843384869264196757 0.51632077502154882787 0.27510539964952751557 4.27433535858068403 1.972025068596168218 2.4474264994302767917 2.0023032121810455664 1.5333101851466377497 1.85586e-09 4.44323e-06
97971252.566735118628 6816 3.1275536650224147195 0.153416467484715352 0.10624592734608959144 3.6173286070307182349 0.97960608102221036209 3.1398587931336900958 3.1395688317977619164 3.1392583444195616416 1.76213e-09 4.36713e-06
97971252.566735118628 5762 1.1120686303091511515 0.42221344128554638697 0.19682559705746663359 3.6726140694952449373 3.4898323362090142297 5.7942745367576646842 5.9678412884647196179 6.0987880617381131643 4.50081e-09 5.96963e-06
97971252.566735118628 6595 3.0389479566155959134 0.065079617577679896301 0.25550616579556523211 0.61267263717233388931 3.7169974720696985493 0.23547511272939469773 0.2207425359917369323 0.20649308026940971228 2.5233e-09 4.92235e-06
97971252.566735118628 2850 1.6791104727346646275 0.23664328623738206669 0.58897674232234353831 1.245025711209734931 3.9413689911532627796 4.840330398412606705 5.073763764329809689 5.295122648433404855 2.86233e-09 5.13362e-06
97971252.566735118628 5351 2.9867074275649323489 0.087170015135119668925 0.07613776774623351451 5.6553160079550401917 1.6441378979055629728 1.4399846976219885519 1.3539381830558681052 1.2688098398129208366 2.44807e-09 4.87295e-06
97971252.566735118628 2768 1.5773992197369808288 0.045945215396428373822 0.033867184769018787716 5.6741659862805091663 3.0349670514575830538 5.9427237723158974347 5.9577482039985278917 5.9724379450204292397 1.06163e-06 3.68842e-05
97971252.566735118628 5034 2.8195385320191350687 0.1822936629343010484 0.1280199103657025661 3.6155473864726643818 3.99815740193264757 2.3066266810581343982 2.161649959028266732 2.0102613704430778441 2.20492e-09 4.70595e-06
97971252.566735118628 6928 3.1800181224186454543 0.25136775410076411807 0.26585151236103299333 2.5223093005696037849 5.0179711397000481554 1.4631126864319816683 1.2138614578288469126 0.97833686219880466872 2.08658e-09 4.62021e-06
97971252.566735118628 5914 3.1985533943256565514 0.087019576995611469528 0.036444983290448887403 4.143888995804479336 5.7763108649283667617 5.709881821366709076 5.7554932233720181856 5.7993111229744158663 2.63408e-09 4.99337e-06
97971252.566735118628 5072 3.1019459459513205601 0.13506227624721456326 0.23792814886339658242 1.8302257072543024474 1.2755188240542796319 6.0171801913647948723 6.0506542582271025665 6.0817781696164798788 2.73643e-09 5.05722e-06
97971252.566735118628 6154 3.1638253770485351701 0.14422874104339761248 0.27750070208059762766 0.94454396237583426732 2.5922226623215518515 5.9307384778043346074 5.9775903718667500186 6.0209831173285657258 2.04677e-09 4.59064e-06
97971252.566735118628 5312 3.0029790678091536904 0.038883284336469689513 0.14661275793614522711 5.7887786560605105635 5.6646859037706418505 6.1836773477443012226 6.1874682537720104847 6.1911843667521351264 2.46345e-09 4.88312e-06
97971252.566735118628 6126 3.0327955067394221089 0.32621576570543930895 0.18810362138331687687 1.481616681567774485 1.7075811329293621998 4.0153206886107675189 4.3015269068785313422 4.6005939694812649776 3.04059e-09 5.23805e-06
97971252.566735118628 6952 3.2858193634392129923 0.1822658605081942107 0.14052093448447366963 0.5997375411817078561 2.9211601584550619393 3.4983964340019446659 3.5686167517494706836 3.6441047037090044114 2.57429e-09 4.95529e-06
97971252.566735118628 6073 3.2009493843532110802 0.072171011445298846598 0.31678231326601280493 0.75948553806349017314 1.4813462341051333304 5.9599072539208401977 5.9821028381050673772 6.0035054514578529705 2.87152e-09 5.1391e-06
97971252.566735118628 5578 2.8887446802541187907 0.3721385217446165905 0.23585139393584164669 5.852369296689449385 3.9578500054407674824 2.457837768049515148 2.1730383112387157141 1.8663710045488079992 3.04211e-09 5.23892e-06
97971252.566735118628 5231 3.1602887700265980264 0.16605645576728797486 0.3248870381004488328 2.4384676804426672625 0.54235657111326029955 1.9780489968710079918 1.8195816011288603598 1.6586376525428789819 1.89135e-09 4.47137e-06
97971252.566735118628 6029 1.7813676129489346422 0.1952253029679510421 0.53767100965745007191 2.4202867421816103288 5.7452945812649609536 1.2320000869086378259 1.0524643146793009052 0.88288248737084762396 1.2969e-08 8.49478e-06
97971252.566735118628 6192 3.2284418118452147262 0.25893300532639212941 0.26004168496445800862 4.4912456813237771058 4.8311698040522221831 5.4369209049803153277 5.6178437349489334096 5.7776902996515211441 2.79503e-09 5.09306e-06
97971252.566735118628 5211 3.1217168407022732879 0.11916236454623278795 0.27398623163494773003 5.8766484950197837023 2.7712672559580568965 5.1165639236950868352 5.2238875178123000964 5.3277985267994099061 2.07199e-09 4.60942e-06
97971252.566735118628 5717 3.1357410937253247241 0.20744857327477511655 0.13376061431358160503 4.183155877911479692 5.0321647707031997854 1.6875115654069801074 1.4774097974470197236 1.2708651510070470003 2.31886e-09 4.78566e-06
97971252.566735118628 5643 3.2991368426393261615 0.11823491214847654807 0.075744769102759373913 0.83435818913716930378 3.0957459953643806649 3.1182748609744894708 3.1153340134012847962 3.1122296821619301888 2.47115e-09 4.88821e-06
97971252.566735118628 6842 3.1883419550048639479 0.073052557441090779089 0.12628090912255646172 5.5453853973626863194 2.8064037510268158293 0.32100927502186382689 0.29870368538989799934 0.27720566613477570783 3.94698e-09 5.71398e-06
97971252.566735118628 6572 2.9545752079226499376 0.1388456985070815608 0.17513658272590768017 0.16970594262666133245 4.1119586434268224906 4.7776390342240606657 4.9160119004029487755 5.0519891001471481928 1.66053e-09 4.28153e-06
97971252.566735118628 5131 3.5402046928494179667 0.027855455141042283207 0.24791725969699698884 3.0184570844656559707 2.0749383071958660274 4.6294405111472958225 4.6572358725172255944 4.6850489721252452924 2.25296e-09 4.73989e-06
97971252.566735118628 5534 3.2313127373260757125 0.16194015209447909509 0.081594162736490130627 4.7336950806562683169 4.873228766145081714 0.57563091450541636895 0.49261766764676767627 0.41603067552844108512 2.18919e-09 4.69474e-06
97971252.566735118628 6119 3.1347642075226183067 0.1415352874553850171 0.1720603747218497348 5.445873761660178225 3.7710591010756968622 1.1564674077338139568 1.0300458290125249494 0.90870443093740960183 2.96829e-09 5.19619e-06
97971252.566735118628 5257 3.2077103867223373257 0.17692502714197505531 0.19985380173060213194 5.0149343195272138018 4.7383853974851151136 2.8391248421626258391 2.7810780390058931211 2.7186667072584418392 2.20895e-09 4.70882e-06
97971252.566735118628 5240 1.7375643486440675023 0.3170598180603114713 0.34024799144531475692 6.2671581169625287799 1.4905097369512334549 1.790749555965096329 1.4643713949141365926 1.1491054346905189565 1.54708e-09 4.18172e-06
