79540041.067761808634 0 5.3997560650583933395 0.053265615078513961489 0.032498928100790407114 0.19764821139336852251 1.0903823268387069501 3.7871129557843317137 3.8198756834975680086 3.8532975680684971032 0.000954966 0.000356051
79540041.067761808634 1 8.9777155424368633163 0.025785254719337308976 0.036202908938530065086 1.7472942092791750035 4.5176042066922796892 2.0501244131298714812 2.0271053429475798247 2.0039583066813984047 0.000285285 0.000238018
79540041.067761808634 5775 3.0445750517003324909 0.075718945789402802848 0.0985218685108333464 4.7983784897745209719 4.9908272904970365502 3.4843510575046670041 3.5107779200655384599 3.5381015342879611474 3.02463e-09 5.22886e-06
79540041.067761808634 6920 2.3991062728965473205 0.23405516628412131874 0.24640925171413505246 0.74167711017398685325 4.3532026887870145515 1.017064549106965643 0.82760856280971650811 0.65527015357297779818 4.48089e-09 5.96081e-06
79540041.067761808634 5134 3.5329095009738700206 0.022236241519831327629 0.31805076697270134867 4.1147338963164949988 1.9013165611876110539 1.9655134530456159769 1.9448970931321312161 1.9241987854512943024 2.31886e-09 4.78566e-06
79540041.067761808634 5278 3.2020182485621409008 0.024570325720225168198 0.32271142680428693827 5.0718560282229132596 1.3024647207040238595 4.1453623850770702219 4.1662275794332259693 4.1872235277546234755 3.13887e-09 5.29389e-06
79540041.067761808634 5196 3.5871393443499695053 0.15209453941008727051 0.23532509846546165178 0.4484959285848384436 3.3819373167804411828 6.078914271014069115 6.1077831962234405694 6.1343243158486551181 3.02458e-09 5.22884e-06
79540041.067761808634 5063 3.4715704925715442641 0.036515333910970754205 0.44515536576206266028 1.149317029164723003 2.3811313485861278494 2.6655908307320799189 2.648577071405403327 2.6312949301628325571 2.23728e-09 4.72886e-06
79540041.067761808634 5878 3.2499384277843534896 0.12969797136530952786 0.084318897018167457413 0.35985581574858993559 1.5094754373266818792 3.1579019021265706257 3.1601740033560776766 3.1625838280484281917 1.44428e-09 4.08696e-06
79540041.067761808634 6255 3.1966206607838976161 0.1660756321133638469 0.21306166643585872089 5.8578264081272939379 1.8466617351475911324 2.0048330279602342152 1.847896045951846089 1.6881557168929914869 2.45838e-09 4.87977e-06
79540041.067761808634 5548 3.1734558334359510567 0.041704201098970737627 0.34318161531664104213 0.43383532926590490097 2.6564384261206406279 1.8597841841365758686 1.8195581892801706569 1.7791377269373018777 2.11518e-09 4.64123e-06
79540041.067761808634 6443 3.2137796887333176521 0.20108601838489012503 0.29894312760742819401 0.54199777338745314115 5.4454775008576774553 2.7186445181181833064 2.6268089194560619859 2.5278048973898581409 1.88164e-09 4.46371e-06
79540041.067761808634 5990 3.0927874748724684117 0.040094730691747786089 0.19524418399956833259 0.54052644411792638568 1.8203796036582073903 6.175695791806315782 6.1799148575394218241 6.1840481025594824516 2.30118e-09 4.77347e-06
79540041.067761808634 1284 2.4077942593239911595 0.35849432927918351011 0.68127076475348580242 1.7367268296965454599 3.860350707948798199 2.667954067647585692 2.4660796876603257033 2.2419140043129193174 3.64405e-09 5.56389e-06
79540041.067761808634 5098 3.1449701808655432522 0.077321550616054404714 0.10427320443315307719 1.114602535972269326 1.2304184599146872348 5.3408321706143375707 5.4020614373787809726 5.4617114929910322019 1.90652e-09 4.4833e-06
79540041.067761808634 5929 3.2540346832258446597 0.13052305411148132364 0.17448238970081675348 4.624572086682192662 4.5976743169474856288 2.7082458649891938407 2.6497378521059307133 2.5880968218207520692 3.18574e-09 5.32011e-06
79540041.067761808634 5467 2.9616539063915823249 0.069256679838735651922 0.17458460130134043076 5.0866238231233698031 0.42010143579396780344 0.26738626734100917615 0.2496591020177234832 0.23254760171736452157 2.43648e-09 4.86524e-06
79540041.067761808634 6282 2.8498357034659376197 0.098708408777770387243 0.10173661078539447677 5.4784490786757391589 0.50562192702140218437 5.433719245656358332 5.5056416614706495949 5.574888674508175157 2.68214e-09 5.02355e-06
79540041.067761808634 5694 3.1110592734998805398 0.083909547911196077918 0.2978405780268441605 1.1247304970602067797 5.3149179092551523951 0.55214264668504653422 0.50958287394145229676 0.46865069222517768965 1.21025e-09 3.85309e-06
79540041.067761808634 6392 2.9724708212891339798 0.13187647852221653921 0.15601921566709422984 1.9711780505095668481 1.8739432977566394811 5.4266237612386287736 5.5224713311964741536 5.6133920903158855964 2.75286e-09 5.06732e-06
79540041.067761808634 6484 3.111195660636548066 0.12829269246454227948 0.27849054257077371366 5.808767194605805706 3.0080084633389900794 5.8239242548723995085 5.8779002098800194887 5.9284835524722501177 1.88476e-09 4.46618e-06
79540041.067761808634 923 1.8624565185009540613 0.367199442165820511 0.33620972184592229359 2.1790955368861326669 2.5005224654861257783 0.61483935786306320725 0.42545084944595351617 0.27389607980991209635 2.53731e-09 4.93145e-06
79540041.067761808634 6739 3.1892574626958509754 0.17747374296785040082 0.24802921263653240902 5.5220326924024334403 3.8726629321646197646 4.358781665436319841 4.5315405426833956781 4.7061199450439090697 1.84353e-09 4.43337e-06
79540041.067761808634 5885 3.491082514789891178 0.081240155544136605226 0.2937733117119540327 5.2418840051484885123 2.7965497073856075971 2.7670562780645102663 2.7361168898281338357 2.7040712237335275958 2.25928e-09 4.74432e-06
79540041.067761808634 5405 3.1801836501152225267 0.063197295778950279832 0.081432526434114430036 3.0762278924191117646 3.9270482207207928482 1.1194318351354648478 1.0632961285372399818 1.0080640855725424565 2.93677e-09 5.17774e-06
79540041.067761808634 6764 3.3021332186345349058 0.019908109024650445101 0.23946333489509297188 2.1765156541807471058 5.0672454540047571214 0.014587957344333388546 0.014300382733697832027 0.014015698858392967863 2.4069e-09 4.84547e-06
79540041.067761808634 6362 3.0073013792590495008 0.18048691830922736212 0.31548066095353360927 5.8992202019969539606 2.150742052903645174 3.1984394318919169287 3.2098119132657725316 3.2221150491696777252 2.92709e-09 5.17204e-06
79540041.067761808634 6775 1.7680245741420521632 0.13910410540543721725 0.21716998451278735072 1.6042657724537161545 6.0496158625342486559 4.1352818852476875833 4.2569207667618567115 4.3818439274394274108 6.39874e-09 6.71246e-06
79540041.067761808634 6055 3.2178792121813324378 0.071338840111664761356 0.081415844893066191545 5.4276082337955902091 1.1362942642317344077 0.44713888724359002191 0.4172193446677971429 0.38831142741890889436 3.0525e-09 5.24488e-06
79540041.067761808634 6498 3.2164007562001835083 0.033563845459762570167 0.12408863246390151869 4.1841525126295433523 2.4381720096239991591 2.2682706742067217931 2.242258847924343268 2.2159812896444255337 2.50157e-09 4.90818e-06
79540041.067761808634 6313 3.2505144658309306216 0.02030424283934397986 0.34108109042201217864 1.5107118121810774181 2.8331821725211359109 0.74483310106756994706 0.73117066818709575138 0.71761268201190331339 2.33149e-09 4.79433e-06
79540041.067761808634 6300 3.2219835140761081682 0.065689116585106926971 0.20842190452307735038 1.4230320329195729201 5.0625731424985218609 1.5721934308342142561 1.5064540266209618391 1.4409008373564855532 3.26125e-09 5.36181e-06
79540041.067761808634 5323 2.8189252734838907699 0.20007527428555760274 0.17472081053538623951 0.069633431531399322956 1.194658511393540401 2.2306603776903686231 2.0608345962956322595 1.8843052112066134285 2.25995e-09 4.74478e-06
79540041.067761808634 4755 1.854490139260498216 0.07879579297335570498 0.022555355379103272234 2.8306582319788211599 3.64204873455846867 2.7392610930113181489 2.7071978766650781623 2.6740357637556084747 2.45943e-07 2.26531e-05
79540041.067761808634 3800 1.7482216172394013931 0.090145169864939561633 0.44736231350638894222 2.6896202061606611089 0.32518612025653337305 0.30924285979198734564 0.28288778456547047924 0.25772558011651813814 2.3176e-08 1.03085e-05
79540041.067761808634 6956 3.536225355198321374 0.30160913231515795729 0.40481209463987810615 0.39684990360558042299 1.4812780103060934067 5.5477382209869476881 5.733101280583423609 5.8907701273067418768 2.20649e-09 4.70707e-06
79540041.067761808634 6197 1.9891902730717330172 0.33047574241094335168 0.36410318558005283496 3.2129930840495042332 4.4081430057461439276 2.7907633516587466715 2.6519246752200564821 2.4964910580563337561 8.02678e-09 7.23931e-06
79540041.067761808634 5080 3.2155398359425055865 0.15450527071158570713 0.22836211081003354728 1.4099377603237204237 1.5833790497987565438 2.7098213777916888567 2.6398617530143728693 2.5655533966993968598 2.57476e-09 4.95559e-06
79540041.067761808634 6233 3.160563665538510314 0.14710942445189781336 0.22020083060221656845 5.3791393877719926309 1.3837393596493263725 5.4227279274376574136 5.5296064588481348423 5.63026652277754458 2.38928e-09 4.83362e-06
79540041.067761808634 5489 3.2141082396215114869 0.14641143132754005918 0.29461483485710959762 2.2735172377574182079 5.672768287060954151 1.822324950106313679 1.6773464614900166492 1.531765343629031273 1.80848e-09 4.40509e-06
79540041.067761808634 6756 3.1941568648365139538 0.08491939472623531715 0.33097409070326128111 5.4411298005566299807 3.3877992378410111129 2.3183591172706021766 2.254135149919687553 2.1882827952179404463 2.22448e-09 4.71983e-06
79540041.067761808634 5116 2.7610550420998505317 0.13496834371637436711 0.12163035003108149668 6.1294860240958088937 5.0662309348296439282 5.949136416886881662 5.9909100459149717821 6.029798709396712475 2.56354e-09 4.94838e-06
79540041.067761808634 6951 2.9964285338306919648 0.051456817996071317622 0.076698841079123600273 6.0294593394111473117 1.7709334469582256322 5.8497958634117601662 5.8709249503547029647 5.8915427365364099188 2.54062e-09 4.9336e-06
79540041.067761808634 6295 3.2512488615651675694 0.041643978580931870215 0.26482817460804763954 1.2576790056975881704 0.60311065501230254338 1.2312984404160316476 1.1922899618402731381 1.1535936432058397916 2.30061e-09 4.77307e-06
79540041.067761808634 5923 3.0049968140757488122 0.079757871556068893337 0.21753026200390374045 5.3409361893168902924 2.6734409906771716692 1.7671458448243870798 1.6882213600572846257 1.6090127331811929778 2.22479e-09 4.72005e-06
79540041.067761808634 5234 3.0349503557105395046 0.23005859778399356808 0.084881416170559859102 5.0172510283172151446 2.3591839496786430885 1.1536123519143270943 0.95074157992782071247 0.76350916183260109094 2.35138e-09 4.80793e-06
79540041.067761808634 6863 3.1578548056314841297 0.15802008507384063263 0.067066312629813995549 5.6877558458192174484 2.9588480235121421558 1.9193136471585874325 1.7659844062092622252 1.6109649315518366208 2.72515e-09 5.05026e-06
79540041.067761808634 5146 2.7682491757688492129 0.12698888079353637393 0.068485064204222678708 1.7344523053268303681 0.58856887514204381251 1.0331068529767739594 0.92715541259034839339 0.82557496118793494144 2.55901e-09 4.94547e-06
79540041.067761808634 6969 2.228213286542385152 0.16569102621255749064 0.17007895055891242286 0.2169254577477335022 3.8914580133076199786 1.4315825819550971332 1.2686051449611341901 1.1104221329323369361 2.41679e-08 1.04535e-05
79540041.067761808634 5853 3.1394009803476898846 0.20267320501711297287 0.15018676423480772919 4.7779438227110668791 1.6877985542716578138 1.0065092675594335958 0.84281216624528576542 0.69151313484797050091 2.34516e-09 4.80368e-06
79540041.067761808634 6657 2.1671046524667230138 0.11802417183114427557 0.057318889066148528966 2.2693118565606926751 1.0048894408102502229 4.5506891256920605215 4.6685706684902390506 4.7864815526211010877 9.52311e-09 7.66378e-06
79540041.067761808634 5962 2.8499076225672519413 0.070684005051722259561 0.22883239523039447527 0.14243735413762956266 5.3509940963794555557 4.5560318831584378785 4.6262994854575483217 4.696721718486291941 2.88829e-09 5.14909e-06
79540041.067761808634 6628 3.2458281138279461153 0.11675263781563052778 0.15674927001958510742 3.5770488095959040997 1.5541244537732279429 5.7646443219113923107 5.8198819902951921534 5.8720594008417066334 2.5094e-09 4.9133e-06
79540041.067761808634 5290 3.2014330504125694254 0.087106039283397621031 0.16806811687476225226 5.9770147812889025118 1.6439843485658420796 4.9522357336887115054 5.0360905105410918026 5.118672657627021394 2.68653e-09 5.02629e-06
79540041.067761808634 2992 1.8320190426571953957 0.34614903120725659669 0.12177963107869368975 2.3279146494093931885 1.6379355872555931839 5.1275934837936079091 5.4301414657433006994 5.6908906176404370214 2.26492e-08 1.02298e-05
79540041.067761808634 6827 3.1003077801952345638 0.069247642021450284133 0.1434235299421980081 4.7582372153738958787 4.5534702638469042313 6.2829594651023805696 6.2829745983269065235 6.2829891894180001088 3.04652e-09 5.24145e-06
79540041.067761808634 5626 1.4756196161676158329 0.4996275572656613817 0.27810794455658771618 5.6584069401982777237 2.3182502534548037332 2.9595244674467289236 2.8281167473363981735 2.6740480918170277391 7.93289e-09 7.21097e-06
79540041.067761808634 1410 1.6934689095689645644 0.40217767841195195544 0.25898679603687385642 4.5375079583304085418 6.125542675649199964 1.7246648634590278082 1.3023163099725714176 0.91454656235872822112 1.96181e-08 9.75145e-06
79540041.067761808634 6244 3.1711175216831448687 0.059368234963694262174 0.35049676165178472731 0.084226362990176190104 0.45487408860502148711 4.9555605957770776371 5.0128077507178154804 5.069517039779090517 3.08558e-09 5.26376e-06
79540041.067761808634 6327 3.0137511733132797964 0.20899379364829515082 0.1898016259615962209 5.3366241517457027044 1.6357372912031464818 0.24087729469316826458 0.1951637877244192798 0.15463420317597137421 2.25041e-09 4.7381e-06
79540041.067761808634 5650 1.437417890640229956 0.15261168265712221626 0.084349562511186151892 3.746197296156402512 1.1661768446487343898 2.2754894781525889513 2.1525792793060425367 2.0250746266194266099 1.14639e-08 8.15256e-06
79540041.067761808634 4112 1.9725613122194014526 0.54331084348258140704 0.59122449162392742839 4.8371197077597445357 4.726199535823390363 3.0756893702980505623 3.0205468043648981968 2.9549417647825499955 1.99037e-08 9.79854e-06
79540041.067761808634 5511 3.2127952850601553259 0.11732481568485451928 0.1743048038859335569 5.0500281360971897016 1.1150804068132667002 4.3291235700175318968 4.4406552693728009729 4.5536750871138975683 2.90982e-09 5.16185e-06
79540041.067761808634 6186 3.2300784210935886698 0.050075993620714444321 0.20730403056949303631 4.6695936415163892264 2.6564308318853262492 1.3215726235448499448 1.273320902676264188 1.2254442713773132656 3.14704e-09 5.29848e-06
79540041.067761808634 5195 2.7454495135850289778 0.050364246957199945709 0.1195195616044488901 4.9875343522047241862 4.6773449664447968033 0.68511645455593594978 0.65384043652461509843 0.62320692500102636835 2.26107e-09 4.74557e-06
79540041.067761808634 6935 3.4735160355293062118 0.16515040142566933534 0.46665598641163097415 5.7057369570680727122 1.5943275223038326782 1.1351445482209752136 0.98975206840676610565 0.85170451333816965533 2.603e-09 4.97365e-06
79540041.067761808634 6667 1.4280452276515467336 0.14166286457260451881 0.46347166558095204136 5.8806777790901492153 3.3857051395142478967 2.098709244704384691 1.9713098618459634626 1.8408580699283425552 1.85586e-09 4.44323e-06
79540041.067761808634 6816 3.1294884886639380284 0.13891843408075923993 0.15033924780048177339 5.3161053633344890201 4.8708211117970972026 2.911379258039779927 2.877206537636192607 2.8409048219897048426 1.76213e-09 4.36713e-06
79540041.067761808634 5762 1.303723851747500051 0.11314958210090929336 0.43512420655125771951 3.3839787928746378753 4.3043029034293329715 1.2563726431870785305 1.1503851066082380061 1.0470884561719189243 4.50081e-09 5.96963e-06
79540041.067761808634 6595 3.0479312785663861263 0.14620914414567448558 0.18774571701296213777 3.1379359317730322054 4.5588235424157783626 1.6979588398042135822 1.5510396688095422491 1.4048590583169189294 2.5233e-09 4.92235e-06
79540041.067761808634 5950 1.8773380380111859278 0.26197559580323781514 0.26216914962242438003 1.5109031662140868235 2.2168797779893933964 0.95231736248660181499 0.75134243898608865653 0.5725125547735889775 1.07677e-08 7.98408e-06
79540041.067761808634 5351 2.9778624058082501236 0.19660215093687280485 0.12893292518055071705 5.4120313862764009016 2.238803998807123552 3.5531154715730974836 3.6404255777432990016 3.7344802447143017332 2.44807e-09 4.87295e-06
79540041.067761808634 2768 1.5647091457956745497 0.049781935006299127267 0.059122815556618801835 0.15452629221285738015 0.59579793843811157394 2.1497069101682293457 2.1074409003649638983 2.064656861983201086 1.06163e-06 3.68842e-05
79540041.067761808634 5194 2.3525166700312034607 0.25408587606497018418 0.34048931576720076198 3.4287353375426827817 1.3814655577326961922 2.858906771440673289 2.7766939616749324315 2.6860222331787326766 4.75382e-09 6.07945e-06
79540041.067761808634 6928 3.2085757992618564316 0.21751389307235824422 0.29631176660546637569 0.24012169146048903401 5.5726930182433296324 0.45584902068254562479 0.36770794938746947933 0.28951658964615456515 2.08658e-09 4.62021e-06
79540041.067761808634 5914 3.1791133782205136526 0.11270668110170629916 0.033340384940119704993 2.0115959470312434476 5.6267846541863812959 1.6754084941965199373 1.5624123418601960633 1.4497096218794092159 2.63408e-09 4.99337e-06
79540041.067761808634 5072 3.1299618371257458271 0.10344922915651438844 0.2397694213380405226 5.4087529466211714535 3.2566086623600125627 4.9290342943879377202 5.0291364776245472967 5.1274394721872678105 2.73643e-09 5.05722e-06
79540041.067761808634 6154 3.1711023952667973802 0.12363671840198214857 0.24570647377596230299 5.4922229803214808186 3.7270324855933685271 4.1750693550251769537 4.2850793289286412957 4.3975991264951908022 2.04677e-09 4.59064e-06
79540041.067761808634 5312 2.9744984423155962361 0.13312215834104820789 0.14864910811777298782 4.5834179893570343722 2.2859401929162199707 0.58164345366725400677 0.51209442603571897479 0.44686402615657394577 2.46345e-09 4.88312e-06
79540041.067761808634 6126 3.0173418674041672105 0.27828621969524619528 0.18821427652019059873 5.6456171626251094864 0.97629391569704437881 3.3893786865187465196 3.4700724585927273935 3.5598488413695306143 3.04059e-09 5.23805e-06
79540041.067761808634 6952 3.283617858262735556 0.12277218427924786737 0.13318947438519992965 5.3554429414247346486 0.82208668881896596048 0.99340541608833909937 0.89358830394067290115 0.79790883931227174486 2.57429e-09 4.95529e-06
79540041.067761808634 6073 3.2120224040911096175 0.10395896552624679654 0.30222014065455593546 5.8289860707516067961 1.4791758288035943281 1.3711837847737691209 1.2701434678509784248 1.1708477529921437199 2.87152e-09 5.1391e-06
79540041.067761808634 5578 2.8792729435581088104 0.14975446638830405832 0.25259287862240914491 5.2196251755378293424 2.953121535450137447 4.0626650133202613091 4.188142012618678578 4.3177846227633631671 3.04211e-09 5.23892e-06
79540041.067761808634 5231 3.1568102141902030233 0.04385583217450995247 0.31775720103756399659 0.77839422390448576028 4.3939633767437396017 0.19680570270782068998 0.18840685822710070974 0.1801929159263887803 1.89135e-09 4.47137e-06
79540041.067761808634 6029 1.6494561742370392743 0.29026980168388122339 0.56276666991133406093 6.030198705992606989 5.3436048320473981121 4.186494008011840684 4.4619502323032618207 4.7431647135233090395 1.2969e-08 8.49478e-06
79540041.067761808634 6290 2.0716003859422196243 0.64803576515290906013 0.14122114456006065741 1.721391067046375456 4.6818197595862844906 0.80941212947131535582 0.39085678113441624237 0.1439676486651778331 4.66797e-09 6.04263e-06
79540041.067761808634 5211 3.1563070506005286298 0.01686273615280655877 0.27850636065819839304 4.7916262569714334063 0.38829273677476566773 0.46284947545240645583 0.45537615518169288764 0.44795992098457049213 2.07199e-09 4.60942e-06
79540041.067761808634 5717 3.1443593324386900356 0.081503620036872365118 0.25832325313208542861 6.2399321722814322655 4.6429848604601238193 1.7276385785697523367 1.6465282917228467596 1.5652582850991820784 2.31886e-09 4.78566e-06
79540041.067761808634 5643 3.3270363530874700331 0.10074760851739281153 0.063693906735452901491 1.0345676317452587867 5.1731831795036011812 2.2507298194520855006 2.1696558993781307478 2.0864404892514869516 2.47115e-09 4.88821e-06
79540041.067761808634 6842 3.1952968777794423794 0.088828402708326606452 0.13298652649684003513 4.8231375587488383161 2.3269396494586627178 5.6972378938398593462 5.744687694008347556 5.7902430562345017506 3.94698e-09 5.71398e-06
79540041.067761808634 6572 2.9460637933537312527 0.07999634525736952495 0.21566022360477471453 5.601891260282124918 4.119607088453475896 6.1555699027094457065 6.1653775193333215654 6.1747799277088795122 1.66053e-09 4.28153e-06
79540041.067761808634 5131 3.5248316846491714038 0.077736096807683244259 0.2415024792459070091 2.1302040335889178557 1.1481256846987621945 1.3663112528560441561 1.2907132777505301302 1.216006363544885005 2.25296e-09 4.73989e-06
79540041.067761808634 5534 3.2585261290801450507 0.16074338699290724453 0.1436778555284283776 6.1745679323926516702 1.0913732239201308083 6.0258982247390591169 6.0640764593039904184 6.0990156199523930525 2.18919e-09 4.69474e-06
79540041.067761808634 6119 3.1554646547265257084 0.078627504527383318411 0.20790062275390697177 5.3586799122599284573 6.0976806338693778642 3.2064629596040390425 3.2117766483665382005 3.2172905114393968162 2.96829e-09 5.19619e-06
79540041.067761808634 5257 3.2321979984275750475 0.14940153112961762627 0.25844694550260394195 0.69350819561633003651 6.0044645100037836727 3.8429599401595213592 3.9457193237923249285 4.0533220495417934259 2.20895e-09 4.70882e-06
79540041.067761808634 5240 1.6436300955504330457 0.28958129575387064891 0.39325583744688230592 2.8751180917039320661 2.5675151769008617286 5.398083952627073856 5.6067399653906555557 5.7880251111252416507 1.54708e-09 4.18172e-06
79540041.067761808634 2850 1.7911781402566278043 0.026401043413508160779 0.40000900592275312473 1.6887894661546489772 0.53546871124741302062 3.1589671193199526655 3.1594320172510568234 3.1599029700850542746 2.86233e-09 5.13362e-06
79540041.067761808634 5957 3.24773907963412789 0.071536229567046485944 0.13525122959695604075 5.4555242566369450685 1.0504926072656812774 0.058154492085203082774 0.054135064517556855113 0.050264337356734772877 3.45473e-09 5.46581e-06
79540041.067761808634 6103 3.2794302258301737396 0.077275235233877914709 0.20919593906401950933 6.1608193442731247202 0.64908282609846434941 4.4477099921951950279 4.5231339948259385864 4.5990294548613723791 3.07621e-09 5.25842e-06
79540041.067761808634 6335 3.1030484162940306092 0.11143974261313091545 0.23153922044219779619 1.5125865998358158926 0.74176634961499243737 3.4693335116096131188 3.5073247107519880394 3.5471792436497961987 2.80706e-09 5.10036e-06
79540041.067761808634 5252 3.1223899841200584149 0.13033843227541472287 0.12914888102221760979 3.0545318458046022414 5.6393975596776018122 3.9650533053213492529 4.0654518784290241129 4.1694533040886616604 2.42859e-09 4.85999e-06
79540041.067761808634 5034 2.8620013703571061114 0.29390340975025325276 0.16209178889738326546 1.371886762974213525 0.40480168825552731438 2.8139669324369056547 2.7013311403431616853 2.576076544612017738 2.20492e-09 4.70595e-06
79540041.067761808634 6874 3.2804623956347205294 0.13049138348252167785 0.30715606611641660395 6.1772666698467606494 1.5637860574236162048 1.2300779893467277404 1.1093533338934036259 0.99250992012662930808 2.61974e-09 4.98428e-06
79540041.067761808634 5053 3.0575947197554871337 0.087729681148173158101 0.2548694779761948026 4.7247242703173268907 6.1685533944889554547 5.7269533097389331289 5.7716858282921368328 5.8146282228111116908 1.90259e-09 4.48021e-06
79540041.067761808634 3953 1.0018647841219390227 0.24460066466995081247 0.34539863998761227704 5.9960543889310367049 1.5180399218275475448 5.0986399604150278719 5.3175536934962623903 5.5187153357213514226 1.87457e-09 4.45811e-06
79540041.067761808634 6204 1.7335309969240215722 0.22192687059893337342 0.25578833882540363831 1.04105390469592618 1.2304222521561563042 3.1192482035925679362 3.1135917683982219373 3.1073784315752770446 2.26769e-09 4.75019e-06
79540041.067761808634 4189 1.1076433429145184917 0.029284274092620216079 0.035542930365497521494 5.9731319896467223174 0.6410472209519595399 1.1925567715827902759 1.1654846608619466863 1.1385730118253196697 2.51666e-06 4.91804e-05
79540041.067761808634 5324 2.0826534903308160374 0.16348286021433774962 0.16555807087926877053 3.2821719999459855188 2.8045814105337298905 1.7005817854131382028 1.5359915924481566396 1.3726077413165094221 4.64884e-09 6.03437e-06
79540041.067761808634 5185 3.5290824092180645977 0.04273750649015427977 0.24662875573264494977 4.9745422894018460624 3.175180154321441961 4.3562827281694787018 4.3966526905494962563 4.4372775968962798743 2.64564e-09 5.00066e-06
79540041.067761808634 5451 3.295425768982859438 0.11057796360156281479 0.10088341076303221355 0.27245270049996256345 1.1410619788821014797 4.9882773577340788762 5.093315927426210088 5.1959677082683182192 2.58702e-09 4.96345e-06
79540041.067761808634 6192 3.2216470491547495314 0.17765264497096108776 0.35056113706592645363 5.7750358653316222757 3.8123974192846024067 2.5891988905971001778 2.4875668466671680967 2.3794853984126014268 2.79503e-09 5.09306e-06
