41297741.273100607097 0 5.3982468624547719216 0.059935276999840178536 0.029391135950442348612 0.1175011272364796383 0.94675746805818283836 1.2521477066132318257 1.1957237054434963763 1.1399550677515621899 0.000954966 0.000356051
41297741.273100607097 1 8.9929219120532231102 0.011228742960887020882 0.043184551943702763344 1.5552817199326063324 0.79550409628030760434 2.9989844883755725213 2.9973796310480440575 2.9957659072302762482 0.000285285 0.000238018
41297741.273100607097 5775 3.0363651833295128846 0.20187132061725190924 0.10800882111620095649 1.7570369598591104587 5.8512074129863940186 2.7719170551460718954 2.6905198515224633127 2.6025178272934739176 3.02463e-09 5.22886e-06
41297741.273100607097 5394 1.705272555351798891 0.16235672608849754939 0.31637160137654340986 5.3269446368433674976 4.2894698476593857706 1.0647421346529177821 0.92744931133794494826 0.79754892115549524956 4.23442e-09 5.84945e-06
41297741.273100607097 5134 3.5271159418165831667 0.032258624832908158742 0.31251805539502164333 2.2646042375659920509 4.8588353331332880813 0.17500428858120162245 0.16947407460020141867 0.16403320649395505826 2.31886e-09 4.78566e-06
41297741.273100607097 5931 2.6955303167664639297 0.52225801723587117475 0.66163279887055725936 2.8349537817450083388 4.6538843176385400469 1.9960203577886510562 1.4304696071449884975 0.91334520244366834696 2.66585e-09 5.01336e-06
41297741.273100607097 5740 0.93599044004707510069 0.071885308680594062203 0.13265503557114066702 3.73300522889763009 3.7304593355755621964 1.677450974487057378 1.6056371873141492834 1.5337955044893747392 3.09097e-09 5.26682e-06
41297741.273100607097 5588 2.7913251946210380083 0.29077018398029041979 0.22448187879935552203 0.02959289184181194618 0.22691195781506431906 0.62900928137814093866 0.47323047408770102518 0.34070786128806868076 2.40685e-09 4.84544e-06
41297741.273100607097 5846 2.8180805511166768795 0.065039756246197108491 0.14856865368342420108 5.205897789344904325 4.8336600798538054136 2.7936218696951806706 2.7707205144373694417 2.7471482587656130825 2.37403e-09 4.82332e-06
41297741.273100607097 6171 1.7199730402479194158 0.24101659352426571536 0.26676327922985171304 3.4414960711049591424 4.7567491993772703651 0.027032501120310640369 0.02114091832542522309 0.016045985746639315067 2.39216e-09 4.83556e-06
41297741.273100607097 5921 2.0311177128439328321 0.43254359843657436135 0.57897357559416862127 4.5162797188357490796 5.5227730303851476634 2.1600082141085445997 1.7336492783159793696 1.3068287770422104543 2.32801e-09 4.79194e-06
41297741.273100607097 6443 3.2068944378271186935 0.26268038398804732791 0.22323980829701170481 3.2879326603988667799 4.4591999895518847907 2.3796407657561799986 2.1760046608042609151 1.9599806243068389477 1.88164e-09 4.46371e-06
41297741.273100607097 5990 3.1074463944569918894 0.13027653878484934946 0.18202716619567155254 1.2683443933448503849 0.23063218886366909643 0.48415044878038765441 0.42660168424349553806 0.37269592985683269726 2.30118e-09 4.77347e-06
41297741.273100607097 6883 2.3563022708680954054 0.41807247364358679498 0.47080433453631870266 1.3045819146355372986 4.8333186888615644605 3.1678780221351834356 3.1826218404500048464 3.1997702019051996736 1.23696e-08 8.36184e-06
41297741.273100607097 5478 2.1132418496646057093 0.4088260054361682605 0.22452495532326202654 5.4245588123779509004 2.17798615002609397 1.9335452808297977079 1.5076141850605186967 1.0996039214400283868 2.28234e-09 4.7604e-06
41297741.273100607097 6793 1.2768000098651532959 0.31096549871186013325 0.39664305809159294824 3.9929459642771845118 6.1997457274640899172 1.1068686897660924284 0.84224704063248134744 0.61022291539327744303 2.0508e-09 4.59365e-06
41297741.273100607097 5467 2.9690266786462000681 0.21446292984832501793 0.12380377325550713519 2.0761163642909008509 4.8232168319375583465 3.1008304239801369739 3.0909129704006867989 3.0800487091370696291 2.43648e-09 4.86524e-06
41297741.273100607097 2413 1.9047317760778728069 0.27392239991934858034 0.50576442612544825206 2.7206565220100746849 4.1138094410716732341 3.0813535364452664389 3.061818992796950134 3.0399903696828811661 6.11801e-08 1.42469e-05
41297741.273100607097 5694 3.1160436463687717357 0.05300360967340726065 0.26412550470529644331 2.6987826662837326452 3.7297908935999428692 0.25413073444188039041 0.24112993546320721228 0.22847267221837747053 1.21025e-09 3.85309e-06
41297741.273100607097 6392 2.9646286631819362967 0.26325075325159658091 0.17354103026411910049 4.3663626436624252136 2.3081645582799268368 3.4656184518227539648 3.5632744226961405865 3.6710217662304747144 2.75286e-09 5.06732e-06
41297741.273100607097 6484 3.1122358316509588505 0.18654301453336519234 0.28481298109518005113 0.005216260990973706213 0.8405996707339356 2.6005936260086719436 2.4952688778557536864 2.3829222765362505498 1.88476e-09 4.46618e-06
41297741.273100607097 923 1.7335006031799349291 0.15455078667735258624 0.24626748198502368403 2.6636467622420463286 3.4774280309019447444 5.3538244201767195563 5.4727269758111978248 5.5847149575793189058 2.53731e-09 4.93145e-06
41297741.273100607097 6739 3.1815787379707605176 0.033732100353301257278 0.19866863718809457673 2.0838242752133915303 1.3693017313062167961 5.0080259882703854757 5.0401432239732866236 5.0720796863319348446 1.84353e-09 4.43337e-06
41297741.273100607097 5448 1.482113286337207736 0.41126565032324524651 0.19749067930899116829 4.5201326588206320878 3.8180192512798440951 3.0058065876987485332 2.9318092787513783115 2.8461640177371596572 2.56033e-09 4.94632e-06
41297741.273100607097 6655 1.5338071762460558922 0.21506696231793989704 0.18924677701829986654 2.4458304155206507247 5.2291297268932712683 2.5862908805263558065 2.4600453815759446563 2.3245541873412904899 6.32791e-09 6.6876e-06
41297741.273100607097 6764 3.2800039917615757545 0.046153002072685113399 0.27553280238234884036 4.5607049387583149525 2.8332309112748430557 2.7759589277959326736 2.7590850792870762476 2.7418585637361370111 2.4069e-09 4.84547e-06
41297741.273100607097 6362 3.0289505715304048117 0.16696990596374786109 0.19901281778917265242 3.8064719613852262547 3.9422762452306043812 1.0391212873635653491 0.90033128442858179064 0.76950488710383935231 2.92709e-09 5.17204e-06
41297741.273100607097 6809 1.6532782366335216917 0.29212861729576233838 0.36449968928279935509 4.3914997948466512057 1.6612864057909522142 0.032327147277350060106 0.023928131596312639945 0.016938706615430426661 1.72631e-09 4.33733e-06
41297741.273100607097 5569 2.0390976951108301662 0.34624266761408850623 0.57820910898886257456 3.4516145854805975191 2.7694218792625568959 3.9955526746407032945 4.2983946071471192951 4.6153871499565433112 2.77052e-09 5.07813e-06
41297741.273100607097 6498 3.2161509509422185893 0.071400465047792960327 0.15449147616316324938 5.9306113841210672533 2.3238488451936891721 0.89785969043339419748 0.84318562046501388529 0.78986620782748739877 2.50157e-09 4.90818e-06
41297741.273100607097 6313 3.2535193123210977006 0.048371630486938183013 0.38244510477236770551 5.726906893824354583 5.6236434592664688026 1.7194824505073245113 1.6714535294117658371 1.6233267396903148239 2.33149e-09 4.79433e-06
41297741.273100607097 6300 3.2867609470769512114 0.063393033242529706062 0.24323120200287856596 1.2100472833654576377 4.7936809953930508144 2.2214866559969683735 2.1700181796344799601 2.1176698140954495209 3.26125e-09 5.36181e-06
41297741.273100607097 5204 1.6122089734450932852 0.3575960703430762222 0.37789947933851653072 1.0934006218366600915 1.8118164685065976105 5.9864594745310766299 6.07827968982909006 6.1510414617830617701 5.21728e-09 6.27092e-06
41297741.273100607097 4755 1.6428429578010954604 0.067359168077156528209 0.094790267183581036758 2.5877769101962684317 4.266047025923974445 3.009136013432857748 2.9999219012478297586 2.9904109669140388483 2.39615e-07 2.24572e-05
41297741.273100607097 3800 1.2647796586056756496 0.12894172519732111093 0.24470058899830346433 1.234556409927627163 5.2580437175085252832 3.6355689623353923956 3.7006483813579156283 3.769037257128609042 1.79108e-08 9.45995e-06
41297741.273100607097 5861 2.3421088757892873922 0.24280912309157606788 0.52038388453837902681 2.2829425472122739649 2.8619873033477967184 0.85898032296395898655 0.68667221822280521959 0.53273921678044000583 1.95257e-09 4.51911e-06
41297741.273100607097 6719 1.8323125300827634021 0.37743369995731890221 0.020690800486923413559 0.57957419026263989892 3.7491994883810839667 3.6290531959662386541 3.8501594737985005423 4.095773032269539371 2.09817e-09 4.62875e-06
41297741.273100607097 6815 2.1720938973716887865 0.23143959074333386727 0.28956824975283196322 3.139922080325783238 4.1162122811736630013 4.2149386617467339278 4.4324920781600631869 4.6549249483986629983 3.57143e-09 5.52668e-06
41297741.273100607097 5480 2.0664942530965753065 0.46706855997235502409 0.82248503232491465553 2.3745765442149644464 5.5161373131617263965 3.8221797628162499372 4.2038822415490404438 4.6118537891867310563 1.6026e-09 4.23115e-06
41297741.273100607097 5093 1.6783677615021941332 0.46495467247119853793 0.38751206258176351671 5.7243200742825646188 2.9099923876115072474 3.5528396317827093398 3.8062360930358449806 4.0930101431514103183 2.98948e-09 5.20853e-06
41297741.273100607097 1517 1.8871238877394749256 0.30621012716622786343 0.57485851394441189743 1.9940247352638045264 2.6214565178156052916 0.51403664911980773145 0.3785171711143467399 0.26535935860492504412 2.17631e-09 4.68551e-06
41297741.273100607097 6526 2.3699445259608480363 0.55163797270008974039 0.22803686893396735158 3.466847367817722958 5.3647916795478955976 3.6793046078879005911 4.0888828308431257597 4.5367225406552513789 1.74858e-09 4.35591e-06
41297741.273100607097 6951 2.9844139628435515377 0.04531627492341840785 0.091469413706825861143 0.80335855802659039693 0.52429029350195766046 4.6929244732605219781 4.7382676882252408035 4.7835687896704675026 2.54062e-09 4.9336e-06
41297741.273100607097 5559 2.2356875570090788408 0.25303780055572949736 0.36767056507554879419 1.3744718316590249785 5.1723444707993095903 1.8667706734424009962 1.6125211692195875468 1.3597036013674788091 5.44342e-09 6.36025e-06
41297741.273100607097 5923 3.0338242646853244011 0.044514063970106376722 0.1404958623321314326 3.5061079889966682011 3.1694408756786343062 1.7097538654918731371 1.6655177679027008963 1.6212032481313849441 2.22479e-09 4.72005e-06
41297741.273100607097 5234 3.0877525574174904399 0.17627541478820005216 0.11323040688960364641 5.3068340020434821014 3.3781112510796940107 2.8854383379785701891 2.836202381425668495 2.7832024611697065986 2.35138e-09 4.80793e-06
41297741.273100607097 6863 3.1261441982425655084 0.17398506614905015488 0.081290410057908130126 4.9235921049551087947 2.5113811144009163812 1.8586399046368415888 1.6866657415437438239 1.5138473067810513939 2.72515e-09 5.05026e-06
41297741.273100607097 5146 2.763747009430224999 0.11466739690959214248 0.16242130829637668743 6.1421113322832034953 1.6326271192269694588 3.9676664285775831154 4.0556326240637181613 4.1464465426797412206 2.55901e-09 4.94547e-06
41297741.273100607097 5492 1.8668081167249177543 0.16974990511678111904 0.40769339188531428242 1.0039586631577948062 2.7541031724712001783 5.6837989170132576788 5.7738395798842425677 5.856610674105721337 4.51271e-09 5.97488e-06
41297741.273100607097 5047 1.5289114055537724735 0.084170787241556396796 0.3153857495301132241 5.6474415411190292957 5.8327294645174436738 5.429648018690294009 5.4914595322540398215 5.551352677778358391 1.0218e-08 7.84583e-06
41297741.273100607097 6657 2.3852463078409331665 0.21587763098835976994 0.31230042436257321459 3.7124505662656446248 4.0158579872370268049 5.1464733994761040492 5.33539748107228462 5.5107174759058308311 9.52311e-09 7.66378e-06
41297741.273100607097 6413 2.7505322718883644662 0.2842729915329293422 0.16422396327719462894 4.4551190855732620832 2.8609428037780681997 2.8333054338370011749 2.7311873605967602607 2.6177678387648368741 2.71272e-09 5.04257e-06
41297741.273100607097 5577 2.1230751872790607493 0.23587028183375033374 0.63313555077831373818 1.2464149183287620559 2.5124425702527881654 0.66836159718983767508 0.53303257542445015016 0.41317567191801163329 6.01747e-09 6.5764e-06
41297741.273100607097 519 1.9119418598309547708 0.14971638962252958871 0.18075319976370932129 0.91651805919050355342 1.4118362792612542123 5.6758890821192276022 5.7567622883583737803 5.8319863704189991438 3.92741e-08 1.229e-05
41297741.273100607097 2992 2.1799763815778421261 0.26560845312644593141 0.22867254398875938581 1.4922160021877706182 5.501946778411243244 2.0005722663003240314 1.7414806602879369102 1.479731827608175454 2.26492e-08 1.02298e-05
41297741.273100607097 5788 1.8039917160702731991 0.37930204089921371047 0.26767669826643825104 0.90999969919847079058 0.57402860674614342162 1.876341814516840012 1.4820825094890563989 1.1042720702890667095 1.43499e-08 8.78617e-06
41297741.273100607097 5626 1.0540463198382878929 0.16165749741837601161 0.089638736058483589608 5.456849533112048789 1.2329834702726440998 3.1969354145278385815 3.2067324492126658697 3.2172553400936756418 7.93289e-09 7.21097e-06
41297741.273100607097 753 1.495683360702622533 0.25486495187323726652 0.19096038540447396459 4.7261509970967328087 4.3307893407129727237 2.5717057621384054045 2.4150878578971286537 2.2457910024194198684 1.27811e-08 8.45356e-06
41297741.273100607097 6244 3.2008642049060456181 0.060688892059358158504 0.3574835140954760182 6.0355381289857570337 2.6035360384524897093 3.6578813417614428616 3.6886795342828007094 3.7202499875097361226 3.08558e-09 5.26376e-06
41297741.273100607097 5020 1.7573200880722470441 0.52841344143979696035 0.4391072589640251933 4.8265135408404944428 3.5694477725262814261 1.940779991590289022 1.3630902747947652998 0.84603426801198078344 4.40916e-09 5.92883e-06
41297741.273100607097 6161 1.9633712878565636739 0.28492957936717211442 0.20321679368688536083 0.85671368273829273665 4.1329583564977436794 2.2032689102705251827 1.9479054716216681609 1.6829970301756076445 2.19638e-09 4.69987e-06
41297741.273100607097 5647 2.0369141051612920101 0.47628201092565736197 0.38606748962486442389 3.6799830355353884137 1.7895224532565190412 2.9865060667385869841 2.8821530664005781119 2.759968186926283984 2.57441e-09 4.95537e-06
41297741.273100607097 6451 1.6493924779866433461 0.2165327368105382233 0.13824319900651066417 1.2619604759071263445 3.3953333935333445126 1.5905158554014779959 1.3718276929356907345 1.159566939720553691 2.57122e-09 4.95332e-06
41297741.273100607097 6702 1.949366647700650379 0.15199605820717371207 0.19635769837338606925 0.21871250600455582891 3.8935061789042828551 3.6402848504787752582 3.7186278575332805119 3.8015480289064411679 3.70623e-09 5.59535e-06
41297741.273100607097 5195 2.7705957215322261078 0.085629570740184401956 0.10046003731021573013 5.0066949254020620685 2.6958856830558173279 6.233854258647581581 6.2379107206147406117 6.2417862397121570694 2.26107e-09 4.74557e-06
41297741.273100607097 5437 2.1233846151892046272 0.38793350961534250887 0.39008345196260779675 5.1252129571792792717 1.3293066766348013985 2.2504470724873568699 1.8945886720306552853 1.5268138750637616496 4.54448e-09 5.98887e-06
41297741.273100607097 6270 1.9820005172800718718 0.38443834313575991901 0.28715056424318963213 0.294977342527097397 3.164962566090312901 3.9951226215059536528 4.3385767530913668111 4.6964665584864704329 2.07589e-09 4.61231e-06
41297741.273100607097 6816 3.1000999448346489018 0.14359652389819768659 0.17306094068856778256 4.2403652036876060549 3.0480606374082870325 3.5503471856564678966 3.6117690393140202687 3.6768245165814588127 1.76213e-09 4.36713e-06
41297741.273100607097 6040 2.3511079936264973611 0.23925982313059143691 0.9032837986715961387 0.051229102824192518373 0.66861832083644079372 1.8536105943813467878 1.6134560879190029681 1.3744139408927551482 4.48499e-09 5.96262e-06
41297741.273100607097 6230 1.5336658451975333506 0.17333327892841018936 0.075518274471313678875 1.4655902974312620124 4.4767537249655982023 5.0041922459855499028 5.1670042415744035225 5.322732066278069496 6.03494e-09 6.58276e-06
41297741.273100607097 5950 1.576074342148725993 0.31132113090981239356 0.2807321590367247155 0.32859828403436891486 2.0983727915581233958 3.1689063051365105039 3.1792805161406447745 3.1910107667788940589 1.07677e-08 7.98408e-06
41297741.273100607097 5351 2.9756711859106772522 0.19973475260584067081 0.14864913901968307419 6.0812926750653959473 0.79440900692331817279 3.9597309523777406426 4.1175753664706462587 4.2830062656299059398 2.44807e-09 4.87295e-06
41297741.273100607097 2768 1.6225100724743899416 0.077990736352130010656 0.019320949097488375468 5.6789345980670704606 2.4589823325215118821 5.2454797377348993948 5.311417879402299036 5.3758291456487059534 1.0565e-06 3.68247e-05
41297741.273100607097 5194 1.669084729034962189 0.28692919854252113554 0.2243008608918357627 4.2829007516365145136 2.5609510065124125866 3.664394242844770222 3.8316302580005880962 4.0142796830018285803 4.75382e-09 6.07945e-06
41297741.273100607097 5310 3.4900588396729128604 0.072976560723004596509 0.34151458726778982644 1.549938054247423036 0.87960285612681932133 5.1898101461795462797 5.2536199140515194017 5.316166311832225766 2.51895e-09 4.91953e-06
41297741.273100607097 5888 1.4469852876570454825 0.21249895806399857201 0.47665115323328571817 0.86078914068514178481 3.056736235868861673 2.8480780718216567315 2.7787839544910415412 2.7033677570394893941 2.79797e-09 5.09485e-06
41297741.273100607097 5964 2.0982012104482206105 0.28161365137138560932 0.71137654791645665853 3.2633723599363029244 5.7534867135554019768 1.9660282624838576471 1.6870424756748674255 1.4073294287596003205 2.1711e-09 4.68177e-06
41297741.273100607097 6639 1.3868589548598380112 0.099455976168238605095 0.28872351855726041681 5.2385373837510993411 5.136745979252460792 0.81206417661027308075 0.74213658274249094671 0.67491785190336639477 2.07227e-09 4.60963e-06
41297741.273100607097 5312 2.9981664724501917441 0.026126310137174525022 0.11455158819640155754 3.0892735241066944241 2.2571555573407362516 2.3057068350905960408 2.2861499457797975765 2.2664282039022252135 2.46345e-09 4.88312e-06
41297741.273100607097 5289 2.1260045535113811788 0.20324296033186495247 0.15878055632479806669 5.8618119582720833449 4.998637327754049231 4.4612573265620429908 4.6647062516688571066 4.8677182048464864295 2.13423e-09 4.65511e-06
41297741.273100607097 6734 2.047803702042686691 0.10884139611711507456 0.11064357762495859172 0.12248703003079620955 1.0450134577560179494 4.2691820338948787139 4.3700782531724975399 4.4726048403669462772 1.24231e-08 8.37387e-06
41297741.273100607097 6073 3.2552154153068730835 0.02900232576152411354 0.22037261763583340657 3.1369198842035226349 1.6172116319537548357 1.3491679834866263654 1.3209608881091416954 1.2928589940256085544 2.87152e-09 5.1391e-06
41297741.273100607097 6692 1.7922427872463819742 0.31649966948145474843 0.26112951179531268542 3.7101270491920361749 1.3498701282265337387 3.1662510613209469135 3.1758130995025601884 3.186641745573682627 1.32225e-08 8.54977e-06
41297741.273100607097 6028 1.7802832827346910527 0.2798071611109849699 0.21296110298629680746 0.66042279533221148746 4.9717797707535220653 0.2007899382918725828 0.15084538362634269948 0.10879765073267566589 2.1303e-09 4.65226e-06
41297741.273100607097 5030 1.1546441843487942336 0.44895242262440576697 0.25540519561415631067 1.0069150527585930543 0.25358773695882702581 3.0904594017984785559 3.0587065299449833766 3.0215371976332550119 2.14686e-09 4.66428e-06
41297741.273100607097 6521 2.961903289676540485 0.13786350865314017655 0.18351577958625828191 6.2021040760970702621 1.0549907772068909395 0.69019922915696574339 0.60652232707872866246 0.52793826130948184883 2.953e-09 5.18726e-06
41297741.273100607097 2010 1.4514144516680693719 0.21780890733301078166 0.19514184511820609202 6.0694279999107560997 0.97038295202397684136 2.1057151260944384497 1.9054357230698826253 1.6997089364101218845 1.54172e-08 8.99881e-06
41297741.273100607097 5717 3.173204645895087328 0.13072398979919935824 0.19770160567395447804 2.9769165005385005429 3.35751963774617046 2.0810804475634441246 1.9628615182157655994 1.842056612963663742 2.31886e-09 4.78566e-06
41297741.273100607097 5479 1.1682882066522970455 0.26491243539512149274 0.28136542289160404451 2.5021606957676025829 4.9210486207491683786 2.5810153193966134388 2.4194652319220582015 2.2443627252046542964 2.12255e-09 4.64661e-06
41297741.273100607097 6005 3.0311291158791759948 0.098325358680142874168 0.64445904333698966759 0.14538783219220474674 4.1917920669645667431 3.9573794815990823714 4.0316351512976833504 4.1080436395870529864 3.36675e-09 5.41902e-06
41297741.273100607097 5540 1.8083747079624097331 0.55057870879952997001 0.12584700172295987253 0.23356715798822885732 0.23491021325450400781 0.34862425376721989378 0.18904772755668897144 0.085580953819843499919 2.31531e-09 4.78321e-06
41297741.273100607097 733 2.0501589945209324206 0.32563808465081461874 0.071044457492312002023 0.72149462288206478444 6.1799811692967363541 2.8960455033424059579 2.798972506534417537 2.6895724054561243044 4.51209e-08 1.28719e-05
41297741.273100607097 4406 1.9617522453098652502 0.59576000054266808892 0.35260268726376609028 1.8944341020771595652 5.4618164982123786899 3.6468723819112334184 4.089446148070003062 4.5733015962479868222 6.27014e-09 6.66718e-06
41297741.273100607097 6119 3.1019552125172138446 0.10635682546274490001 0.18442858052090374543 0.64375788053602489569 0.66759090225264483554 2.0675881878128214986 1.9714509487827400758 1.873516959065116394 2.96829e-09 5.19619e-06
41297741.273100607097 5525 1.5470311761065436151 0.33392513493440101335 0.19042566170376235002 3.6535600462407882283 4.6371379957131075855 4.361686354498852225 4.7015078654401056824 5.0354132324248839225 2.22151e-09 4.71773e-06
41297741.273100607097 5178 1.6265203732298760819 0.1281607676452271305 0.06642049517382329904 0.069613435479442681286 5.7525043441316618953 3.2467801679669481274 3.2612154259772845322 3.2765098351611734451 9.33283e-09 7.61239e-06
41297741.273100607097 6997 2.9054137855472768059 0.1841308674358591857 0.25561023139357369471 6.1434488178295456606 0.81590482441041256578 2.3668847044358463094 2.2279634051323786714 2.082182215289682059 2.77488e-09 5.0808e-06
41297741.273100607097 5667 2.0997753506032683646 0.38940272482760218686 0.68626257944994062399 0.087225919965276982326 5.7230795042284547947 2.4212246394249112846 2.108312050177804764 1.7738216167262579326 3.20823e-09 5.3326e-06
41297741.273100607097 6103 3.2800745708164300574 0.11009969755191315044 0.15835588404695061238 5.3917191931392158821 1.8666980864485489544 1.9961876320644393878 1.8933396186999118527 1.7889175077389125601 3.07621e-09 5.25842e-06
41297741.273100607097 6333 1.2042791603998224126 0.25155616249086626413 0.31348406847678589315 2.8959758556280403852 6.1996450868039651994 1.4804233334141692069 1.2300204592472288034 0.99292987288779255284 1.94245e-09 4.51128e-06
41297741.273100607097 5252 3.1734135709794215607 0.20572657759312862336 0.19346472991829075094 0.68883100614096104408 5.8059356237625863173 2.3282123501417655298 2.1658458500615394016 1.9954794044698320743 2.42859e-09 4.85999e-06
41297741.273100607097 5316 3.4784565857846265757 0.14288155568442417742 0.18655783133243653005 2.7309967478421972586 4.8713331150238659006 6.044673574144944439 6.0763885756417064243 6.1057258653890666977 2.96988e-09 5.19713e-06
41297741.273100607097 6874 3.2710334185864606837 0.045953888608870285815 0.27728341449460730539 0.48925247912264013816 2.4794664152356720166 2.7475673446535071598 2.7295336062864055116 2.7111292174208050376 2.61974e-09 4.98428e-06
41297741.273100607097 6823 1.935429563082135207 0.1958310594575116137 0.17343271451245700909 3.4222941551788514936 5.6753079415433047572 4.6631798310608552072 4.8610035104630471281 5.0546759576238580181 1.69817e-09 4.31364e-06
41297741.273100607097 3953 1.3500840144543642118 0.22743054043117599816 0.37052148605118973013 1.6172412841064700562 6.1947995551745469456 3.5474632583054450663 3.649134190581790449 3.7596722933724833204 1.87457e-09 4.45811e-06
41297741.273100607097 6204 1.6216723556665040284 0.20705732563246151412 0.31406165221958060041 1.4095877140307211395 4.5573370241244095524 6.0849276110883598889 6.1223154057381599102 6.1554812138714867231 2.26769e-09 4.75019e-06
41297741.273100607097 4189 1.1137472530669951798 0.054699570573690313446 0.033281772849597643371 5.9432189807879387544 1.7657159685806687044 5.5981462763612528377 5.6320586920614399418 5.665211166506594509 2.40401e-06 4.84353e-05
41297741.273100607097 5324 1.9397180799017337272 0.070198775747119371293 0.3691200665343280507 1.0647215852910378864 4.5427360548993434008 5.329153819200138642 5.3853324725635278725 5.4402272416794135168 4.64884e-09 6.03437e-06
41297741.273100607097 5185 3.5223837667166972842 0.042322131619730973817 0.27539253741172997625 0.23323764768886626197 1.1666488856513030914 0.056022898553438588154 0.053701144776634755773 0.051429490064602283173 2.64564e-09 5.00066e-06
41297741.273100607097 5451 3.2746160725275395009 0.094660242899588742382 0.07855559499673382684 0.62912804497852081731 0.91316308580277416596 2.6516869710127344284 2.6051032783308194496 2.5567203706220578141 2.58702e-09 4.96345e-06
41297741.273100607097 6192 3.2173923823903853858 0.26338677063219745333 0.34132779175549143869 6.1373041298393271603 1.8951030999416367262 6.0250944104534331913 6.0856571042566738328 6.1373457572938541205 2.79503e-09 5.09306e-06
41297741.273100607097 5992 1.7508649384946897154 0.18845192898538504211 0.32783627154314881613 5.3326807910793032619 2.338035623012488351 2.3440747882716950201 2.198572121913397126 2.0460512127757692902 8.41385e-09 7.35386e-06
41297741.273100607097 5853 3.1515271117972907255 0.22732098886435589402 0.13256321967814999052 3.0046109394655888813 4.5106197866542592223 6.1928965536964915017 6.2115275162168410716 6.2278028991911353884 2.34516e-09 4.80368e-06
41297741.273100607097 5360 1.7971189321339680056 0.1981977587951880837 0.10654658103526484791 1.117620412675244701 5.4822329343271327673 1.3311072135583970066 1.1417282407942892508 0.96149634722856869296 3.7029e-08 1.20512e-05
41297741.273100607097 6233 3.1285784991841651959 0.10190360473276215136 0.19402837251706719912 1.9540764528454903637 3.5637140449627979777 1.9931422765061781455 1.8980290129717301006 1.8015328772969467774 2.38928e-09 4.83362e-06
41297741.273100607097 5650 1.9734045673649001085 0.24312209717220689686 0.36000493013235812523 6.1872031999054168949 2.0656483208778038119 3.8395056655278012592 4.0142388042923649039 4.200478248556013483 1.14639e-08 8.15256e-06
41297741.273100607097 6255 3.2600752281052129966 0.11019664610451271325 0.17922114705543004676 3.943827021693580015 1.9309875649687855415 2.5714606407891147377 2.5089103798348184604 2.4437500024598346471 2.45838e-09 4.87977e-06
41297741.273100607097 5459 3.0333018472267809784 0.16885560274963962168 0.20311465492356400864 5.41626892561718698 4.6910729316525303645 5.2634468042993072245 5.4019487100157483894 5.5322252296457721243 2.51526e-09 4.91712e-06
41297741.273100607097 5708 3.1470999559937200551 0.22484962161519458923 0.2106135655589060629 4.4041195526475416244 3.0740687600150229386 1.8043499373074232128 1.5777444339311050836 1.3529002397359151111 1.65544e-09 4.27716e-06
41297741.273100607097 6956 3.5080254534646284625 0.1197770530503076275 0.42345936672707906734 5.1675591406756309354 3.9789107194479407248 0.035570041038888701446 0.031537315524822993884 0.027760494955182766358 2.20649e-09 4.70707e-06
41297741.273100607097 2850 1.606973355937917125 0.12511674205649556124 0.31756302776207484539 5.1171672233402594188 2.252988288252285809 0.1187124263029912391 0.10470943912242777762 0.091632461980256138534 2.86233e-09 5.13362e-06
41297741.273100607097 1284 2.2715000157234728206 0.25628450296812937959 0.24436673661049129747 1.1073167726365085173 2.0870503093717185372 6.1863217719153018592 6.208633484383379475 6.2277222672674268367 3.64405e-09 5.56389e-06
41297741.273100607097 6722 1.6962450310438472734 0.14152655201528255291 0.46811991808695846418 5.4327818298607875036 2.8849829494082914749 4.5613388309786913055 4.7032442505271783162 4.8447648849280247063 1.78527e-09 4.38616e-06
41297741.273100607097 5002 1.180441541043880882 0.32626825991689684114 0.61486251595978214102 0.8378379994109296236 1.0988934456918033611 3.8562900510572011292 4.1067112347957612783 4.3749417327646780151 2.79003e-09 5.09002e-06
41297741.273100607097 6473 1.7568839388354675624 0.091867925464262395474 0.13647056767498430552 4.8436255602814872745 5.5495359690042844747 5.2110139904799659405 5.2900844114514002925 5.3670443210816118906 5.43469e-09 6.35685e-06
41297741.273100607097 5815 1.1617226645186298217 0.5378992736037543354 0.39420483403080563978 5.8138983390972107657 1.8518330835464695827 3.7443279820764852062 4.1732803099626671894 4.6348875035352659069 2.67562e-09 5.01947e-06
41297741.273100607097 6211 1.8476012595915902725 0.087073924902298663331 0.47712328882819654563 1.1391401106426419787 3.0658766293696446681 4.9273865754928749539 5.0117816683962868041 5.0949821781808388721 2.33777e-09 4.79863e-06
41297741.273100607097 6969 2.138990112866361315 0.050048854373680007335 0.10104672762136880648 5.2603967732840501981 1.4371719987473567937 0.99054668202817042211 0.94923634551664459735 0.90854807518683466938 2.41679e-08 1.04535e-05
41297741.273100607097 6225 1.8804905258934929702 0.084268976904297659969 0.23262275520158240405 0.23312773330229386026 3.8633939976170150743 4.9467020444049918382 5.0279726747695221434 5.10808006017234284 2.38341e-09 4.82966e-06
41297741.273100607097 6450 2.6722524732804053826 0.19385855384697212034 0.10862636359087678162 0.7088079857129808703 5.2887196168483008307 5.8265066462491539312 5.9058013667034581218 5.9772362588732352862 1.74846e-09 4.35581e-06
41297741.273100607097 6886 2.802091519917778939 0.45965124234198861952 0.4385022880419781055 2.9288959694178804405 4.7011681620308181095 1.7182936912249771044 1.2288291697707545147 0.79579319587471020192 2.88448e-09 5.14682e-06
41297741.273100607097 3400 1.1194860931557564232 0.42671138254937679424 0.1685404830038696733 1.3593113275739767687 1.6211297039244139118 2.3217344657055680734 1.9397138978971772971 1.5417124157129136197 2.20416e-09 4.70541e-06
41297741.273100607097 5080 3.219782043883953726 0.19410896321243378826 0.26406234511130904918 0.82301822088338105754 1.6984399742964393365 3.6643852367222642386 3.7712109447837645071 3.8855093453368891865 2.57476e-09 4.95559e-06
41297741.273100607097 6155 2.4014882660516176927 0.43712927747950208746 0.33940031648032570333 5.7159451886083125771 0.2069358962918516065 4.690067278102198145 5.1446186511130278518 5.541546900253011998 3.03729e-09 5.23615e-06
41297741.273100607097 6186 3.2331437354573884235 0.033931996207507135466 0.21319511760039649984 4.9054640347338516193 2.1257222969959230774 3.623046781684359896 3.6390038327340197277 3.655194553625064291 3.14704e-09 5.29848e-06
41297741.273100607097 6417 2.2293139131152384103 0.30285523438544070807 0.74424267529340470961 6.0668609575101388742 0.20285621648030524589 0.37033395002012958752 0.27234196719337516734 0.19087759702357032232 1.63097e-09 4.25597e-06
41297741.273100607097 6237 0.96806511345100276777 0.23453452342031366751 0.25775216356004820861 3.3574769500112870979 3.8011624642150763087 1.0563282614122531111 0.8613330753767478587 0.68338900304248106909 1.89473e-09 4.47403e-06
41297741.273100607097 6029 2.0895166815776318181 0.05696909686247831478 0.18691102189353722696 3.2300763461844499425 6.1569860333526591489 0.078406672616437203538 0.074064282409614698444 0.069848763649525941188 1.2969e-08 8.49478e-06
41297741.273100607097 6023 1.6389753356086673719 0.15689107564604967693 0.49885651978966655262 0.81245874163216025288 4.4600091037812372718 0.2028143734138763421 0.17329968232857309585 0.14624639895121505084 5.48103e-09 6.37486e-06
41297741.273100607097 5643 3.2988143445562880807 0.099668454849255294636 0.069526686219354483232 1.6096480265676647026 5.3497978829666799072 1.7294990997758001861 1.6301342051233644881 1.5306411643035569004 2.47115e-09 4.88821e-06
41297741.273100607097 6335 3.1226300479606736715 0.12835729585895011562 0.25469082006307025567 0.25586271600996490783 1.0863560400818015328 4.6545742709580810725 4.7835511665897367806 4.9115835952639317341 2.80706e-09 5.10036e-06
41297741.273100607097 6290 1.9430634023705868341 0.35445032793456521247 0.38957557323222230528 2.6007351878922726485 3.6895835961232474887 3.8540891241438850479 4.1303436211430701874 4.4264301563804053785 4.66797e-09 6.04263e-06
41297741.273100607097 5215 3.1131579490467395921 0.27106462070346243332 0.29078162092736364874 6.0648426441853535707 3.3666414366566379535 5.4008920253730909877 5.5963665843004601896 5.7682433523055101077 2.09099e-09 4.62347e-06
41297741.273100607097 5257 3.2037730623416353914 0.13023461685589160508 0.21678326898733252248 6.0683722275073801455 6.014713335434285213 0.54540330910508016959 0.48116808382217995943 0.42089355682461532249 2.20895e-09 4.70882e-06
41297741.273100607097 6327 3.0135390465639297908 0.1613241581535966862 0.14140721355447374852 4.0717640857612309446 4.9286505467764829547 4.1900313674390998742 4.3364434960444429024 4.4865009203640724422 2.25041e-09 4.7381e-06
41297741.273100607097 5048 1.7386840502056644109 0.22146000562391773836 0.48399746483803190999 2.071668434480254728 3.0662182295029132284 2.4053610584945692707 2.241504492287645256 2.068016774711476824 1.54672e-09 4.18139e-06
41297741.273100607097 5673 1.5551301852183792018 0.53311993771311683155 0.47632607505439372719 0.066085211770612856119 2.0165705332430157171 1.6628522739822890752 1.0883699027624644806 0.61609396223487311595 2.67237e-09 5.01744e-06
41297741.273100607097 6129 1.4466441688656508369 0.13465484933495525111 0.70416492996075485955 1.8089582017004699477 5.8657182474032119046 3.3873542376898897466 3.422571959458849733 3.4599113025463794635 7.14833e-09 6.96495e-06
41297741.273100607097 5034 2.8868548192211993531 0.28416893069406046202 0.19695117097421027674 0.35685628566714117094 0.78844634094363663657 1.7556932461665011314 1.4647437876479367791 1.1821714037538679776 2.20492e-09 4.70595e-06
41297741.273100607097 6957 1.6838721510330174613 0.53700011018955684516 0.33629130893249020717 1.2959563867550687455 3.4832998918802875465 3.1931725118317393353 3.235522470997062694 3.2858886551060790815 6.68595e-09 6.81142e-06
41297741.273100607097 4112 1.9985071985448945586 0.22075793348251013248 0.78694973702884474243 4.8931152373428936642 0.96150124629272415433 1.7283614258684272258 1.5046131107733589083 1.2843384847822849615 1.99037e-08 9.79854e-06
41297741.273100607097 5288 3.1190915784932631283 0.20524436385846028807 0.23126119887272941766 2.3189306239516422892 3.3250204992022256434 1.1852567839625622881 1.0007737487122556619 0.82798081934527889558 2.94866e-09 5.18471e-06
41297741.273100607097 5938 1.7251271431619521479 0.45285627084025337208 0.10894114854005150506 6.2207992487397865133 1.1107718508497796961 3.7652764535002338775 4.1089452483353872125 4.4818208738069893471 1.88863e-09 4.46923e-06
41297741.273100607097 5446 1.3096682279632576584 0.34470971648193410308 0.2414765570021931429 1.6313928814498011022 1.746616923386029363 3.8528831762478961132 4.1195705017654855595 4.4054621542729019978 4.99881e-08 1.3319e-05
41297741.273100607097 5914 3.1914664144690036984 0.040738368346151847266 0.11288520707898476447 4.8479645028421396447 4.6126719518107002216 4.5374108351377948622 4.5776812352635714021 4.6180505393953703575 2.63408e-09 4.99337e-06
41297741.273100607097 6154 3.1467601240394627027 0.091200148800846481123 0.22406412533082750715 1.610955007885114032 0.53626545454460117224 4.5304710333291220437 4.6210408255114563403 4.7118607296797909711 2.04677e-09 4.59064e-06
41297741.273100607097 5511 3.1797882763538813933 0.12809124019378190229 0.23600669340316249301 6.1851589794208825523 0.36320157558555837829 1.7629679067927201963 1.6353181790508664051 1.5074934727336650742 2.90982e-09 5.16185e-06
41297741.273100607097 5957 3.2124246542579970587 0.033393696832979283262 0.084226498458099388622 4.0607435871131052352 1.6783053746441840559 2.0126833803406745105 1.9822739849583601579 1.9516676328359592318 3.45473e-09 5.46581e-06
41297741.273100607097 5962 2.9130874284267451735 0.23012298556885257828 0.15657457326106549722 3.5044104033884480032 3.2786946965863585923 1.0544133322000601716 0.86320282158360239766 0.68832584934749685424 2.88829e-09 5.14909e-06
41297741.273100607097 5160 3.0381173814585857862 0.1510348460532697501 0.16683855465448421684 2.3843255874348092682 4.8272397275109169001 3.8920375985552273512 4.0016156492892553942 4.1160785500929462088 2.48083e-09 4.89458e-06
41297741.273100607097 6827 3.1028760360696105991 0.11202933742602343148 0.13088620596952127428 3.2597884062022046692 2.6099715494508144431 3.0487186024475718682 3.0376785520291798015 3.0260580637358978073 3.04652e-09 5.24145e-06
41297741.273100607097 1399 1.2835051743539946933 0.14431088271643072174 0.29040884481453627108 4.5184283833132798947 2.9667941077812280959 5.8251539872557858146 5.8853649552917879362 5.9412724098327869271 4.64728e-09 6.03369e-06
41297741.273100607097 6752 2.2000311919944239847 0.31128530616153393673 0.35834859984101291586 5.7390628154835354735 3.0827514020984718712 3.4218611371892051487 3.5260629702169072885 3.6428161817059927508 4.12549e-09 5.79885e-06
41297741.273100607097 5597 1.5032458400272394883 0.3231619756030333912 0.36925482860104702487 0.74375458542525851868 2.6642391830365235172 5.260383719370059552 5.5197988147141670012 5.7432240019099225492 4.51539e-09 5.97606e-06
41297741.273100607097 6928 3.2019428523191351132 0.069749680309331582584 0.1914413604629586485 2.5200569864665891551 6.0920377484989129968 0.84320809323123724344 0.79225150563755564193 0.74259418452241521269 2.08658e-09 4.62021e-06
41297741.273100607097 6056 1.6190946337879685846 0.54851474465532401581 0.24607618734816225081 0.0069003343097950552154 2.5592027526128737769 3.0702206077516365212 3.009549225487411217 2.9373317434900840794 5.38932e-09 6.33911e-06
41297741.273100607097 5640 1.1895803280983308081 0.41564691730782704626 0.1247136339714701031 3.7370955096239133475 3.8216136481387481538 3.2861657024702477514 3.3660612540705443507 3.458579405407989249 5.24602e-09 6.28242e-06
41297741.273100607097 6292 3.3784551733153400654 0.0685743046166320952 0.35556356262388771894 0.5481165299962674764 2.3447149050835727202 4.0167690901245505231 4.0706451194678123784 4.1255767796538389547 1.7586e-09 4.36421e-06
41297741.273100607097 1444 1.9844202204267584744 0.48129175697311976645 0.78164808977844468796 3.7235036873447340255 4.9888874189345635557 3.2236157812450714211 3.280058915704852307 3.3464888347285186576 1.72307e-08 9.33865e-06
41297741.273100607097 5176 3.0610247593767425656 0.16836168605071780147 0.10482782727816307433 4.516273060699545816 4.7007640513063844168 2.6513826905335466932 2.5651451346979809998 2.4733797715966776565 2.68297e-09 5.02406e-06
41297741.273100607097 6001 2.1144846623475310743 0.40056185469515837028 0.2026637559409127376 5.9218383600786168586 0.19376141922423442687 0.014272941925188128293 0.0093376750605628951185 0.0055974129739140773832 1.89847e-09 4.47697e-06
41297741.273100607097 6140 1.8649441750001947149 0.21108763871347885344 0.18834915493292253563 4.684089882002202998 0.29671066345236846162 2.1131383377535053469 1.9202194885438204075 1.7218878012978093839 1.67728e-09 4.29587e-06
41297741.273100607097 5534 3.2476820262283885299 0.14841983113834858465 0.13248426697128895535 0.75291414120379351882 5.3684966129129554346 3.7787729061292609778 3.8731596454568726351 3.9723095096868097365 2.18919e-09 4.69474e-06
41297741.273100607097 5929 3.2478571976275758537 0.1877267796249139642 0.22394098046218249842 5.8402838211222283249 1.9420346969270951831 5.2847114273922182193 5.4358815038142687115 5.5765823932897760074 3.18574e-09 5.32011e-06
41297741.273100607097 6935 3.4804770383621086438 0.06282671426830273298 0.45658135107523895035 6.1007835093263640402 1.5961941746974948053 5.8640071641300863803 5.8888876031210912743 5.9130231059607201161 2.603e-09 4.97365e-06
41297741.273100607097 6775 1.5490190486478689902 0.036249360938598700066 0.30008880875279103639 2.6131843980795714799 2.8244501506838197713 4.3863636342143195179 4.4209119708962667517 4.4556323510554989298 6.39874e-09 6.71246e-06
41297741.273100607097 5211 3.2232124785239784082 0.10906272961526800036 0.24142125223069579865 2.1076633088338376787 4.4299977506196004384 0.95395946531880326802 0.8675199041986852988 0.7843347767566106743 2.07199e-09 4.60942e-06
41297741.273100607097 6920 2.3441193928548940129 0.05199843977760316982 0.071783444191936246481 5.7448564425074346573 2.5252809792278227974 3.8210822638811889895 3.854452316077453311 3.8884592833078412966 4.48089e-09 5.96081e-06
41297741.273100607097 1810 2.0603746489371070894 0.48986070524409791593 0.47858948229932907203 4.1593174293281176546 3.6390846483500394193 2.1654101415665270025 1.6678748625357535662 1.1803206279840723347 7.36354e-09 7.03416e-06
41297741.273100607097 5072 3.0921510726552523529 0.093911617092320501254 0.21513365944462561896 4.3368382155472069428 3.6192872216258447082 2.5998059005597977666 2.5492430997416959393 2.496811133384249981 2.73643e-09 5.05722e-06
41297741.273100607097 5231 3.1687418839439014384 0.054566945545420131314 0.23738345142925737496 3.7976009934381038669 1.6259914789363760779 0.83199616170772328072 0.79236004886642907863 0.75350770690198842772 1.89135e-09 4.47137e-06
41297741.273100607097 4786 2.0304950241292591961 0.4477455633684793157 0.29697430314708772592 4.3365130920717129825 1.1106325472557374567 1.3682336606271197077 0.93315434385620810165 0.57339001191250504874 8.41208e-09 7.35334e-06
41297741.273100607097 6756 3.2185881320493252566 0.10288067747774257144 0.26612455332733281343 2.9546328927922482777 4.4407648778695278935 4.282854675707749692 4.3786238250837863362 4.4758270908479982353 2.22448e-09 4.71983e-06
41297741.273100607097 5323 2.8216532119037465165 0.18679973972051791553 0.15456306291664387298 0.48486848217237032976 0.64355750531907573997 4.3847334830665447569 4.5682293680495087429 4.7530914314722183533 2.25995e-09 4.74478e-06
41297741.273100607097 5372 1.6515878923236106957 0.28041044803992215551 0.28025979703351261429 0.45615361355940742261 0.12011738451295481123 3.9386103901514819547 4.1650528038787246743 4.4044991669566764259 1.39548e-08 8.70479e-06
41297741.273100607097 5855 2.1657998538966398705 0.14242573086627960399 0.43077305466904991516 6.0493719230756504146 4.959524444182241254 5.4001559691030625032 5.505861133177883282 5.6057549264395767352 1.88487e-08 9.62226e-06
41297741.273100607097 6156 2.376605400879164165 0.67703607511509844574 0.32894253180947746751 0.62377011620601097164 3.3602823870670524009 3.2324254014780193778 3.3479832512567035963 3.4867271996880884188 2.69058e-09 5.02881e-06
41297741.273100607097 1410 1.9448685973439088226 0.15779652256857176762 0.32224461157231976127 0.39273264724982676066 1.5367977222745365928 4.1721936323407184943 4.313933964779050001 4.4593689507367786362 1.96181e-08 9.75145e-06
41297741.273100607097 5256 2.0774492184376516235 0.19601144616655652442 0.090010152991914657572 3.1508220760191911758 5.7423755773638482935 0.14471822018889388128 0.11872135492809082757 0.095505237872390680298 4.61883e-09 6.02135e-06
41297741.273100607097 5158 2.4926041369607463416 0.50530220858649288473 0.1792482416332179529 0.6394634621020779397 1.8811216397132048961 3.0751754673680484764 3.0258225064682338079 2.9674541820531388225 5.85576e-09 6.51695e-06
41297741.273100607097 6914 1.8255279114927236428 0.36304527600770730711 0.33474148888798010981 1.6342395385770525085 0.11171057537504094914 5.4939578008109881679 5.7284820614673908068 5.9196947646781472585 4.41745e-09 5.93254e-06
41297741.273100607097 5578 2.9005496188475405894 0.073587020767819699696 0.18863049861939343299 1.4606817557308438005 6.2656595522024041145 5.3413849550796133059 5.3996888739365198617 5.4565688387703348283 3.04211e-09 5.23892e-06
41297741.273100607097 5196 3.5786324824339521555 0.095872598675304884774 0.15138101587014829441 2.2360460361638119231 1.2190329731669029556 2.2295225541663898916 2.1512715312216728059 2.0711026598013746458 3.02458e-09 5.22884e-06
41297741.273100607097 6832 1.6191781956854240931 0.20683261251176196516 0.31031502597427390588 3.3664478387398988346 2.7405238391211548254 0.30900050224577602087 0.25118927203715857299 0.19977976773003969235 7.86044e-09 7.18895e-06
41297741.273100607097 4502 1.3068814208067007776 0.10002549873677686609 0.27505203718358622877 1.9956602293449685614 6.2768861131607165404 2.2132292376406139667 2.1305041660898296207 2.0457415315399631872 4.58456e-09 6.00643e-06
41297741.273100607097 6425 2.3966552222545125517 0.36075511004315785613 0.48776046145622947714 1.902340976341142964 4.1311373752984001939 1.2464504064243668857 0.91551295738386118117 0.62947914879718525061 5.02719e-09 6.19382e-06
41297741.273100607097 6089 1.8851110811172269166 0.34914679888282851294 0.27541703607844986168 0.84177833936513235535 1.2301939269037562852 3.6001657647965399356 3.7899354921604468949 4.0007734903272318405 5.81535e-09 6.50193e-06
41297741.273100607097 6572 3.0102113724249388582 0.19638064451998527016 0.17303343202201557083 4.7851555308085522711 1.4446544848675513251 0.22357182704298314557 0.18348519476969540887 0.14765409962169431801 1.66053e-09 4.28153e-06
41297741.273100607097 6842 3.1653319019242673882 0.032054181200541806418 0.16037530861204180033 0.11557781334634270598 5.2881254628754827962 6.1318504120039314387 6.1366086574104166118 6.1412902460216720613 3.94698e-09 5.71398e-06
41297741.273100607097 5291 1.9311819437391941623 0.4192301370209948197 0.69017741313553571114 0.81505194382359558158 2.3932470979239104381 5.7705647058210836065 5.950977014216034533 6.0877011153449034353 2.6037e-09 4.97409e-06
41297741.273100607097 5063 3.4714629261524221349 0.19484717215774735588 0.38091786728740595347 3.1929418428484721559 4.5109779653349777462 3.6067867850528654294 3.7034713593470045545 3.8072814516980892918 2.23728e-09 4.72886e-06
41297741.273100607097 6557 2.1703579010926916659 0.48536982877320228313 0.13345899614926773347 4.397397920321107101 1.4400668166035299755 5.331454114441422476 5.6941267261074086647 5.963787773930439684 1.93092e-09 4.50234e-06
41297741.273100607097 6055 3.2102225855716457481 0.046674842858107086496 0.060566130452826362485 0.73075367751912889691 4.9293309182794331491 1.8468753870757277369 1.8016634443350136863 1.7562269622733208685 3.0525e-09 5.24488e-06
41297741.273100607097 6197 1.960526998667363463 0.10525601774494325324 0.28544118130920009824 3.4046770536334349799 1.6251674890427321163 5.5654348000208324621 5.6321746546300515135 5.695958818360217002 8.02678e-09 7.23931e-06
41297741.273100607097 5642 2.8908182648003477588 0.25234603459708271345 0.10016626223978729315 4.8779083472337578797 1.9619671814481576266 2.528241863071344131 2.3636746362737666161 2.1865787477971694308 2.80041e-09 5.09633e-06
41297741.273100607097 6291 1.3276843156490227837 0.034915324831685606854 0.37759426539362828112 0.37111631644196174662 2.6570962368393407083 0.43024263663114897804 0.41590315457801441124 0.40179679571609344668 4.97801e-09 6.17355e-06
41297741.273100607097 6390 3.2218125680569249525 0.14645017004861160537 0.33571669420370942039 0.046283274681385447313 1.5289402653459369663 4.8965318116274163529 5.0391189231571082985 5.1778214285458235011 2.74624e-09 5.06325e-06
41297741.273100607097 6126 3.0482212065352718433 0.28576325096693705463 0.2143749738816387862 0.50364749329483937679 6.2390857760251865471 1.2044278056629069695 0.94691676293828153099 0.71498611485850638303 3.04059e-09 5.23805e-06
41297741.273100607097 6104 3.3323032372102199261 0.054381353041203894794 0.15451404964853515667 1.1042312460382939232 4.6740498107501426972 4.4926414164425816367 4.5460585453257893462 4.5996893788851478391 1.75259e-09 4.35923e-06
41297741.273100607097 6732 1.7526209778516357307 0.30351998812204927791 0.12367200014144699716 4.8165131325920214067 5.8983986597759470172 2.4160761577400466926 2.1837296609856275964 1.9354612124597598832 3.70815e-09 5.59632e-06
41297741.273100607097 6286 1.9302495049640766567 0.61816564685929897838 0.66941176524361312161 1.7766997905385208956 1.2945509668133095005 4.4353425971990212417 5.1400899994414555039 5.7025723510301027375 2.66284e-09 5.01147e-06
41297741.273100607097 5405 3.1689932946569485672 0.066911972413312398311 0.13801389142209000149 1.155535866510239984 0.54160078381873433262 0.27526560584180942426 0.25762735706829337223 0.24057906089742789324 2.93677e-09 5.17774e-06
41297741.273100607097 5098 3.1797383379301891182 0.063944258601299597267 0.11950917824628519426 1.013149043806633065 0.92048724369921486321 5.6653466433136374647 5.7014792106432130581 5.7366133978900615276 1.90652e-09 4.4833e-06
41297741.273100607097 6952 3.2107186833634808742 0.17162869606845329584 0.093402872556032009999 3.6558183769062084778 3.6211588622654273806 2.7833468858015892877 2.7174011212500865931 2.6467614785493336349 2.57429e-09 4.95529e-06
41297741.273100607097 6667 1.6102443291489461075 0.27700305426882165794 0.091879539728081133232 6.1787672318867574717 4.4146038088386010401 2.74993424620782001 2.6260484418256875294 2.4894836093523498022 1.85586e-09 4.44323e-06
41297741.273100607097 6282 2.7979439226517461847 0.12053268497627092626 0.11362362346330598384 5.4832142805983004052 0.81539831534661522117 2.7221628080130808591 2.6700285754131272142 2.6152729615657168694 2.68214e-09 5.02355e-06
41297741.273100607097 5240 1.856286540495794446 0.29947777068919934074 0.35721036199864264482 0.79388772971100163289 1.8802455989118476154 3.8825698124522207699 4.1147960349541712333 4.3623720163440706798 1.54708e-09 4.18172e-06
41297741.273100607097 5138 1.7021363068588963863 0.36784760051031484274 0.33499838640846713034 1.9894951291906664004 5.6064541229107538456 2.7189081647197905767 2.5301907114249480024 2.3190403046889409566 2.37553e-09 4.82433e-06
41297741.273100607097 5548 3.1878775932551333128 0.11464444969855502876 0.31614425162607506792 4.538114616034651938 2.7089238789001983676 3.97905020436052137 4.067869273883407466 4.1595147201308133589 2.11518e-09 4.64123e-06
41297741.273100607097 5131 3.5363576605926900776 0.11270920065594895731 0.23360994515132185723 2.6086433078261563878 5.5413194833415122531 2.6081790027864650838 2.5477623008257479498 2.4846970251551008246 2.25296e-09 4.73989e-06
41297741.273100607097 6295 3.2461500258140985054 0.065687736062304241669 0.26656939464466733458 0.31964242380058210946 0.15495033142571898455 3.1782431667261272779 3.18073457887064448 3.1833050668401687844 2.30061e-09 4.77307e-06
41297741.273100607097 6761 2.1199837068715079447 0.31475265058658924433 0.13609424012770118817 1.7819365378568785552 1.3791167981975389623 0.95766548282892005606 0.7171552562010012899 0.51028618163267769336 4.88068e-09 6.13306e-06
41297741.273100607097 5278 3.1486255947838666103 0.16114664233361772339 0.34709163532882697512 5.4073764060554436739 1.8756657869858697207 5.7792241962443613446 5.8523267936286273994 5.9196298512544860415 3.13887e-09 5.29389e-06
41297741.273100607097 5669 1.0455846497161092046 0.061889098610533960221 0.39129330595158079431 2.7616751455091805845 5.2094884896534914276 5.1214543615375189844 5.1775851928285643311 5.2328975573952973832 5.45549e-09 6.36495e-06
41297741.273100607097 6401 1.880588161074506548 0.47396253980740038481 0.32198602967465528302 5.8558799312222058475 2.5794636602609108955 4.2699368832575181898 4.7698884257555063115 5.2430676771982174245 1.93159e-09 4.50286e-06
41297741.273100607097 5053 3.0115155149334587037 0.16131018258231002993 0.30656145377666954577 5.5489449061753619574 0.42508511710652557847 5.7769429386349964162 5.8504240365628232823 5.9180741574354227552 1.90259e-09 4.48021e-06
41297741.273100607097 5116 2.7102636889275153464 0.23030671967992763505 0.14524214292431888995 5.7664304045138026211 2.3403616860721485615 0.44969805686664143796 0.35793804345669222311 0.27725153349385778245 2.56354e-09 4.94838e-06
41297741.273100607097 6595 3.0322185011094417995 0.095284869698064378341 0.20033923303866454924 2.7594034283541759578 3.5968144049015422503 5.8617705165842730608 5.8992003389892264664 5.9348957866539970851 2.5233e-09 4.92235e-06
41297741.273100607097 5290 3.2054143962998078443 0.040750729889607567591 0.11093743277342013598 4.588173350169819642 3.2899085628674060722 4.9140717941659834977 4.9538454592792628972 4.9934140404812579206 2.68653e-09 5.02629e-06
41297741.273100607097 5762 1.7466442897704153037 0.051682584883413505705 0.42701516569388581201 5.070993626788714792 3.5807103261799966276 4.9748513313827844584 5.0244543306136391081 5.0736407234598379645 4.50081e-09 5.96963e-06
41297741.273100607097 6628 3.2719362291819220623 0.096483309673058709199 0.19157711049853851093 4.4652533770469968744 1.0848462249655097533 4.4779937353041683323 4.5730548737128655645 4.6686031344453953196 2.5094e-09 4.9133e-06
41297741.273100607097 5227 1.7432918590621309107 0.28930129168600815515 0.11824127000625996031 0.52349970708744164583 4.2914935923196431133 4.477145574417060736 4.7727123070407824201 5.061487388548856714 5.94474e-09 6.54979e-06
41297741.273100607097 5481 2.3395570114876313994 0.076680860403251963064 0.84576542341633997868 1.0864228769894068716 1.547446612814106004 4.0487825684284715066 4.1107246171737719109 4.1739399122388993746 2.0621e-09 4.60207e-06
41297741.273100607097 5885 3.4915341616353923193 0.019376435952285317454 0.27120118230549183913 4.5678641667776256341 0.44605759283803869675 4.7994977235068638777 4.8187856474615102798 4.8380525137783489953 2.25928e-09 4.74432e-06
41297741.273100607097 3089 1.6939405996294649714 0.3229966007241769077 0.10900306861500999589 2.4538037207270066986 5.6828725663385171174 3.9696268225368172011 4.243284942192303788 4.5313894149382081267 1.46985e-09 4.11094e-06
41297741.273100607097 5878 3.1950694542533204512 0.095154138482051980885 0.067443978560268055822 4.6159035265689007943 3.1343952260449929881 3.0537513458014693413 3.0449674515879947556 3.0357874640288464718 1.44428e-09 4.08696e-06
41297741.273100607097 5489 3.2184937658047507725 0.13555111763253882562 0.35584027210831087329 0.20667771378436500251 1.3837872530889596678 2.5591511238106470216 2.4797689852669058119 2.3964651627504620635 1.80848e-09 4.40509e-06
41297741.273100607097 6960 2.9821673016498406739 0.2083950606590642407 0.14636772735672487489 5.4921476863697531456 1.1041787503248394753 6.2125630974926888683 6.2260172632050743147 6.2379243129823676028 2.28045e-09 4.75909e-06
