38340862.422997936606 0 5.3981052855152897862 0.053510591771181101328 0.02301039062734122273 0.031022857050505399379 4.6612967866173944387 5.7858347315864060434 5.8107942289684286763 5.835142447107159569 0.000954966 0.000356051
38340862.422997936606 1 9.0092566624110368423 0.041364999816931591337 0.052670589382776134002 1.2509849740719858335 2.0473688069433886305 5.1458418582206419956 5.1830696670612290688 5.2199366288564670313 0.000285285 0.000238018
38340862.422997936606 6992 2.4571179829541458517 0.25954622812147321032 0.35257151389672325426 1.3723176668978158688 0.48488861001296162945 3.0206607363957576062 2.9840026550354985524 2.9432698522878446568 1.98059e-09 4.54062e-06
38340862.422997936606 6617 2.8362122560089884082 0.34280969528908794564 0.044813630842541203603 0.85532202369438969924 3.4617766312281896823 1.5923886728140259628 1.2412495203273605782 0.91688672307273344497 3.93262e-09 5.70704e-06
38340862.422997936606 5134 3.5237581654334748649 0.061044092614249000073 0.355258160189593164 5.069209408445830789 5.4535336901970081769 3.9710268967681989771 4.0170331404453269997 4.0639043683769191517 2.31886e-09 4.78566e-06
38340862.422997936606 5931 2.7683871926885554871 0.51493410925153060287 0.81404112241526194182 5.3382179956218163142 4.9794529267795839544 1.4909107676491850647 0.96275558614003087232 0.54011371468409929975 2.66585e-09 5.01336e-06
38340862.422997936606 5740 1.4947228732895045944 0.15508834963492720838 0.028164077052634278048 4.6925796511222843677 5.775247860046560433 0.94088567698694258734 0.82048471628540897704 0.70704124433950743533 3.09097e-09 5.26682e-06
38340862.422997936606 5588 2.7431664201801027048 0.15951904238509356793 0.20993323340912750652 5.4506348870156235975 3.4773517495455137372 2.1461787458344221413 2.005562080601466679 1.8608832971271769274 2.40685e-09 4.84544e-06
38340862.422997936606 5846 2.8149953100543609885 0.067809661163290096964 0.14990489302316900577 4.9711349279572063509 3.3828015556361354932 3.6495640184836330988 3.6835910143225896185 3.7185705585473911583 2.37403e-09 4.82332e-06
38340862.422997936606 6171 1.7460245518232639927 0.23566660573226255737 0.24824624772574685472 3.3178790424229402944 5.859301084827884587 4.6255819239908246843 4.8650570596861619777 5.0979825908973861459 2.39216e-09 4.83556e-06
38340862.422997936606 5921 2.0552190055570824789 0.46721850675305065526 0.59762288888150760791 5.3191391212973639924 2.377187117992799692 2.4587970091074233814 2.0760710928994488 1.6672355064156147986 2.32801e-09 4.79194e-06
38340862.422997936606 6443 3.2123733109201051406 0.13162691051017100241 0.29253357823607584187 5.1490252391118556119 2.3662510575812198965 3.0813922493048444551 3.0728766153505575609 3.0638388520147459282 1.88164e-09 4.46371e-06
38340862.422997936606 5990 3.1178551861073358076 0.030307723568232875638 0.16934374835246207569 4.0872282659258445392 4.8699736376861189058 1.0206476671085269459 0.99501058491328320255 0.96958953534862135637 2.30118e-09 4.77347e-06
38340862.422997936606 6883 2.3934460107368646931 0.21212731230668802063 0.59187797449554857554 2.222713847325016534 3.2153522131213305713 5.4750847348877460519 5.6192580247673866722 5.7499739798114823941 1.23696e-08 8.36184e-06
38340862.422997936606 5478 2.1486353019471780001 0.29576229393525182987 0.39867704128449887868 0.26255248714787976505 2.8317481059583640146 0.77587032846542314246 0.58522447214701145413 0.42184936975804637749 2.28234e-09 4.7604e-06
38340862.422997936606 6793 1.366759442153352655 0.28339881767787938882 0.40801059117433868817 3.6969649506482062939 5.5004156819511047516 3.961331477559844938 4.1949197402477054197 4.4412142513250101317 2.0508e-09 4.59365e-06
38340862.422997936606 5467 2.9781788409444698296 0.21028979053170712699 0.13093968138687289704 2.0875557849754238227 2.8044842260323430416 3.2542205651682150069 3.2809444832017882199 3.310153999375706757 2.43648e-09 4.86524e-06
38340862.422997936606 2413 1.8011142134234725543 0.37761355941449026297 0.59887573714051367535 0.83864880105015859879 2.5289312548641253997 3.3644586002139118541 3.471517884888644101 3.5938542156498622937 6.11801e-08 1.42469e-05
38340862.422997936606 5694 3.1157048178337949373 0.066525271110703637634 0.32180194952005869435 0.44942310302518656551 5.0891298098274404538 5.7969329399802038694 5.8271633835455549644 5.8564597849884600933 1.21025e-09 3.85309e-06
38340862.422997936606 6392 2.9881650233129759542 0.26231565064777900842 0.19801141668043031885 0.0021378907327750510704 4.3181055539496240314 2.2048231506902795651 1.9723047751681175299 1.7308504248562213146 2.75286e-09 5.06732e-06
38340862.422997936606 6484 3.127539420333921516 0.11128526869747069894 0.21250778205769357831 2.4803669495819344881 0.97998227867689335913 0.093898042037588266839 0.083982507966109454234 0.074647474465286300926 1.88476e-09 4.46618e-06
38340862.422997936606 923 1.7843962234157595415 0.22337076335660241422 0.25090434355413926415 5.1257805793492394741 0.70399415734428927305 2.5162804272107948123 2.3707438450940907515 2.2151115263282430412 2.53731e-09 4.93145e-06
38340862.422997936606 6739 3.169435528231879573 0.14236107050516264017 0.24371669969427775526 0.32457800881755166644 4.7227562479188733846 3.5034855359988914536 3.5577652334284919355 3.6153165041523540602 1.84353e-09 4.43337e-06
38340862.422997936606 5448 1.8940196466243890416 0.50917118559171570258 0.26677818186825502655 2.326901402370419536 4.1578995720351148435 2.5743970914270359884 2.1966764112423873279 1.7840197081614850294 2.56033e-09 4.94632e-06
38340862.422997936606 6655 1.5829077077592423883 0.16006336601109472095 0.13493383718220347545 2.5808717843037878303 2.0719390291900010581 1.035021912536034705 0.90216190377129668043 0.77656515219885224877 6.32791e-09 6.6876e-06
38340862.422997936606 6764 3.2635046030315946197 0.044363328499282005113 0.30248565770758173432 0.095292983608002979068 4.7094391970102336131 1.7994568045817949109 1.756015200166871626 1.7124106635426707967 2.4069e-09 4.84547e-06
38340862.422997936606 6362 3.0357667808281165733 0.15825340108862598343 0.25838921584507340556 5.5442747749480760788 5.591311518636162603 3.3869552419825992295 3.428872157118085795 3.4737123516920100919 2.92709e-09 5.17204e-06
38340862.422997936606 6809 1.7643280189691645798 0.20504895737720096882 0.26104325034057618282 1.7520001771248971956 2.0282609901434955901 3.5122986613733986339 3.5953595285374655433 3.6852436231311109793 1.72631e-09 4.33733e-06
38340862.422997936606 5328 1.4418952493191894426 0.4435038218818728728 0.6043391744496056095 1.8637069977952700484 5.7426071361711352736 3.4174636325917360224 3.5815053686837328151 3.770376124598242118 2.1043e-09 4.63325e-06
38340862.422997936606 6498 3.224205208362414421 0.085199245227155107063 0.096383116493641063371 1.4114697985781727851 2.9863088481157906706 2.3536978619151454062 2.2913350468306012964 2.2273120402376562765 2.50157e-09 4.90818e-06
38340862.422997936606 6313 3.2537016703409453733 0.041175187095347565158 0.32741994074242375401 3.6881064063036497203 3.177284772818712355 1.2280850629154878018 1.1895593283449177324 1.1513403098072099162 2.33149e-09 4.79433e-06
38340862.422997936606 6300 3.2603326190549797303 0.10983781056786437458 0.27547342487235476627 5.5637945070928003233 5.6099777223439133422 4.5336850089694378241 4.6430645259535854308 4.7526385085397651054 3.26125e-09 5.36181e-06
38340862.422997936606 5204 1.4582493144747776803 0.27627257780659197905 0.46789542757968127784 6.169496575546785877 3.388152406438488029 1.6024058557600868724 1.3213954422705618263 1.0536706077996422781 5.21728e-09 6.27092e-06
38340862.422997936606 4755 2.0055401812169995068 0.13285660468122711952 0.07195657701171775944 1.0121328947834400402 4.1952395940546249875 3.9582944102311672374 4.0601315911929738434 4.1657148114971036534 2.39615e-07 2.24572e-05
38340862.422997936606 3800 1.2897540722208560293 0.12574861982911003655 0.26211873839022065136 4.8493072861508661475 4.5505236479517519044 3.6886914676233422128 3.7580826264181972363 3.8307873160329126705 1.79108e-08 9.45995e-06
38340862.422997936606 5861 2.2483422782907114268 0.3350315294716921799 0.32950373983250991206 5.4448238529743413494 6.1795374075853537477 3.967203158349227099 4.2524058705442300266 4.5526142214194429414 1.95257e-09 4.51911e-06
38340862.422997936606 6719 1.8038546810317204194 0.14107442892180907523 0.064433026486521147169 3.6507165999469659567 5.8544746376724896564 1.8175099743812073161 1.677824979804495964 1.5375577929947614741 2.09817e-09 4.62875e-06
38340862.422997936606 6815 2.1416695163851402484 0.2201690279392050642 0.37662573343657218539 5.0209721784559508961 2.9783505818235416207 2.773488844418217969 2.6840284589321119491 2.5867656682576889438 3.57143e-09 5.52668e-06
38340862.422997936606 5480 2.1389460132738631337 0.14013362508821974872 0.77879692899564656461 3.785986194141282013 2.7641595160438563461 3.5238263211973590572 3.5800113634300130272 3.6394992445362284172 1.6026e-09 4.23115e-06
38340862.422997936606 5093 2.0168025297151679354 0.43646957239236866544 0.17271454342725517384 0.83210528827419250053 2.761431118586594291 5.0524943762852432272 5.4495457851342807842 5.7727003071530802458 2.98948e-09 5.20853e-06
38340862.422997936606 1517 1.9453760608328856119 0.43555858601811953124 0.49901740115350096128 6.1766000874510265106 1.6564946425079696279 2.7286083395336664381 2.4967632138416950838 2.2349654401630689726 2.17631e-09 4.68551e-06
38340862.422997936606 6526 1.8518701237378947244 0.45736907300308055069 0.24590708887271028882 3.0356280575577492264 1.150868778370030876 3.8613818111474444983 4.2467532261484102207 4.6554290945948046954 1.74858e-09 4.35591e-06
38340862.422997936606 6951 3.000701710481079143 0.066449303384579924692 0.097066238846835004028 4.9018675473976287549 0.1721900762945580976 5.0061682277509431671 5.0692126580731020624 5.1314763887563703548 2.54062e-09 4.9336e-06
38340862.422997936606 5559 2.271564171956621081 0.25048587724980925229 0.34762792483668381038 3.0505135403491521195 3.9254515042365647481 3.6113537880587505136 3.7411464629846458152 3.882489171012635687 5.44342e-09 6.36025e-06
38340862.422997936606 5923 3.0422334386979619225 0.078734995445133473813 0.14089114655856271874 1.7509665143664034925 3.2725921702130627011 4.9353648311237510171 5.0115683769519936419 5.086805859365946425 2.22479e-09 4.72005e-06
38340862.422997936606 6402 2.9500665478282193099 0.28141800236246788947 0.19415216533334392346 3.419069511321353616 1.3807970819151682562 2.917926032225171884 2.8438782836515610342 2.7613282832273551293 2.16272e-09 4.67574e-06
38340862.422997936606 6863 3.1239813039986605858 0.099632435488347131924 0.048429701136680172735 3.091238809449930347 3.7736272170075100263 1.7351193931325077369 1.635853909777576165 1.5364322465313413613 2.72515e-09 5.05026e-06
38340862.422997936606 5146 2.7777218457320342893 0.034910332316192678459 0.15005058101534957116 5.6188867628950518451 1.0192352904979955497 1.8787234060252731016 1.8452710514712149514 1.8116674931261660397 2.55901e-09 4.94547e-06
38340862.422997936606 5492 1.9794376253641126073 0.36294005588805028362 0.28992061985279871106 3.6443705070552572245 2.1419971299131956854 3.4106166362134375802 3.5324260014037669464 3.6706913017400331078 4.51271e-09 5.97488e-06
38340862.422997936606 5047 1.5507488770266690814 0.31868004727117404951 0.20792739256127013014 2.1410206452553408596 1.4194627602654856791 0.95771968862593748195 0.71433433949880942304 0.50556237641456414078 8.23744e-09 7.3021e-06
38340862.422997936606 6657 2.3737736910244175981 0.23914597857056671404 0.12877230713209042445 6.1650836342617889585 2.9335980763619184941 0.54336018895991156086 0.4298243228610760247 0.33016953632139467434 9.52311e-09 7.66378e-06
38340862.422997936606 6413 2.7573993631132278637 0.20953918936249352201 0.15726952789006604094 6.2152712948079109623 4.2169473727931015006 3.5069253735071179712 3.5908897273167412756 3.6818994028337326263 2.71272e-09 5.04257e-06
38340862.422997936606 5928 2.0709612667070120828 0.48319748433982390168 0.19236076245019270714 0.04430520282133031118 4.7316432423509526828 4.2984177049148923899 4.8130375869429178337 5.2937897070869226468 1.85148e-09 4.43973e-06
38340862.422997936606 519 1.8898180857538096067 0.08183596529421871546 0.25248683734055948902 1.1331848246612086228 6.2294168698979195398 2.2972157299623412463 2.2342417716070652745 2.169765253382691661 3.92741e-08 1.229e-05
38340862.422997936606 2992 2.1215280794681685705 0.036427154508878560601 0.15707764337451476933 1.7155082285904923456 5.9254959099549067147 4.6005375968619421911 4.6368189512912341144 4.6731421406609161551 2.26492e-08 1.02298e-05
38340862.422997936606 5788 1.4470181477177417317 0.26160482279619856616 0.078107276254582677644 4.5427313449587547467 3.131891790004065701 2.520151242861004004 2.3467665543560127794 2.1600482535602996137 1.43499e-08 8.78617e-06
38340862.422997936606 5626 1.232708301212881663 0.18188984363424304247 0.21369408149856244927 5.6712259856865481211 1.6539810172815887501 2.194858271399228844 2.0379057820118697819 1.8755011334597222472 7.93289e-09 7.21097e-06
38340862.422997936606 753 1.5278626427912074259 0.039576924500524447714 0.17561231452967152045 2.4658477768560187471 4.9326992991638602959 5.6651650042188306244 5.6877405446258881838 5.7099383324365007297 1.27811e-08 8.45356e-06
38340862.422997936606 6244 3.1987055899551948279 0.08468253204414655233 0.34735696580863695271 5.5822129064633809747 5.201546973126062845 3.55684060661286372 3.5924426249619885176 3.6293414065658566869 3.08558e-09 5.26376e-06
38340862.422997936606 5020 1.6214574919498474515 0.46155573385258547026 0.48656244692590822076 2.6334037726050025796 0.0011091458753802266052 2.2931222702692348747 1.8621206925010627131 1.4200129187599161984 4.40916e-09 5.92883e-06
38340862.422997936606 6161 2.0810300616880712532 0.24065604276988256105 0.21326431293480779816 2.3813368387124360659 4.3971006534243377573 1.6718145443772789438 1.4270144064697283248 1.1888416512791055712 2.19638e-09 4.69987e-06
38340862.422997936606 61 1.8415358081812627233 0.2424604241144903416 0.13688086779505842516 0.99158955333575882207 2.0879077496532056912 0.071137848911223447446 0.055556335057709689551 0.042093050744214668968 2.97121e-07 2.41265e-05
38340862.422997936606 6451 1.4788741012376882544 0.21825896182898701925 0.10594190644912447608 0.15265665346678641834 5.1672370120323449783 5.583956974750544866 5.7148772760088366596 5.8323457349077658662 2.57122e-09 4.95332e-06
38340862.422997936606 6702 1.8063462263897438476 0.094500180051493298805 0.18259492663418597225 4.1554428052840988173 3.9867707868698940565 3.9520876088073610966 4.0230042824314118377 4.0959241681028455417 3.70623e-09 5.59535e-06
38340862.422997936606 5195 2.7574445900280295518 0.098056209079219289193 0.12791394876905995415 4.5671704146687241987 1.1773994429324166067 3.6382603691963253389 3.6872022137882010107 3.7380874289659939969 2.26107e-09 4.74557e-06
38340862.422997936606 5437 2.0988667831328715607 0.2694004485344826394 0.20250210997709658378 4.2148053316379359146 5.9083053427980756211 3.2388473053666242407 3.2697129301641707499 3.3041342396373525325 4.54448e-09 5.98887e-06
38340862.422997936606 6270 1.9309796060103590065 0.17856992769826313117 0.27603579773666192532 1.1985025699509905817 2.3449263392488539637 5.4511063607701757405 5.5764289797091057821 5.6923870173449415688 2.07589e-09 4.61231e-06
38340862.422997936606 6816 3.0887733738019753638 0.096299991159219153203 0.16039596295344599186 1.4705354001093653427 2.2413956034584363586 4.125372203106341118 4.2078984436694675253 4.2922014631077161084 1.76213e-09 4.36713e-06
38340862.422997936606 6040 2.5188957532970599473 0.55555962379357370917 0.38459912289762143711 3.7168841427727752347 3.4048688352184233175 1.3168858255186692841 0.78419864879285527959 0.39183017124803304343 4.48499e-09 5.96262e-06
38340862.422997936606 5518 2.1228183944421319396 0.23087270190539288528 0.10994504717019064344 2.5700817839209912918 3.7169117403553473267 6.1284750162373793358 6.1607979284282841093 6.1889833467356005769 1.73658e-09 4.34592e-06
38340862.422997936606 5950 1.367968013602335331 0.27051507720407980129 0.36501903574143268472 1.7150899367678063001 3.1560731752046042864 2.4553313591081185052 2.260435855614159717 2.0517401233003202954 6.81029e-09 6.85339e-06
38340862.422997936606 6726 1.9975656418041736195 0.49723026974441814074 0.26033982354075096977 2.7809941389238592713 2.6716406305678552791 4.0994005467069074555 4.6027985132709394733 5.0970458849175637184 2.92983e-09 5.17366e-06
38340862.422997936606 2768 1.4842112323611769131 0.122233425850591923 0.025620938103697681737 6.1318813219966559203 1.1060916172502535115 3.3959598648209707861 3.4287794024254902858 3.4634026701388966885 7.34629e-07 3.26242e-05
38340862.422997936606 5194 1.7417760399283306327 0.19337305979410648882 0.11342147330322749355 1.2102939549167119893 2.7799154930497245175 1.7881552945698999668 1.5940463147802907962 1.4007255176901522997 4.75382e-09 6.07945e-06
38340862.422997936606 5310 3.4908873478303812377 0.038356077637487738519 0.35960437686207852304 0.57011532269176923293 0.16273714252304252725 5.7013876748961651586 5.7221397366899422465 5.7425479228989040337 2.51895e-09 4.91953e-06
38340862.422997936606 5888 1.4158379901954263325 0.099090813094190849375 0.43942508487053805188 5.2600360423628300666 4.7404733190219472405 4.6147886137794644767 4.7140503500593267106 4.8131410264008351874 2.79797e-09 5.09485e-06
38340862.422997936606 5964 1.9952226243885797796 0.56148524450714099032 0.45112115028853622123 5.2567285662603673302 1.5341938972272946007 5.7950306328672276379 6.0207489080676168669 6.166417438441346377 2.1711e-09 4.68177e-06
38340862.422997936606 6639 1.388254821027129271 0.27520401067374661297 0.25416236942995157344 0.23115794301302011737 0.93568480234372353177 3.1793799439337893098 3.1917100451211428691 3.2054967791051116599 2.07227e-09 4.60963e-06
38340862.422997936606 5312 3.0075015142165102411 0.04957761755224861927 0.1723853899935173517 4.3548269055762052204 4.7724411923385137158 1.1854398954394882448 1.1399023288418392852 1.0948564672103660023 2.46345e-09 4.88312e-06
38340862.422997936606 5289 2.0850181901222533121 0.10621036203013677068 0.14119632619956878905 2.7304794330130546243 2.2720114447418087167 2.9248106936445812387 2.9006456319257645227 2.8753014606665958652 2.13423e-09 4.65511e-06
38340862.422997936606 6734 2.0257573312039900415 0.22019452461566829671 0.1071354296113689597 1.5940157662040295161 4.2935611886580469232 3.0585852994243221126 3.0377926789287430509 3.0149775144951918016 1.24231e-08 8.37387e-06
38340862.422997936606 6073 3.2424939584805132498 0.069001914078887949255 0.29223285663240361476 5.5165745430874277844 0.24465796631734121336 2.5117004639670588162 2.4698434410790079951 2.4268996784592138383 2.87152e-09 5.1391e-06
38340862.422997936606 6692 1.8428760686097436228 0.33881142257434121445 0.26495016844575131065 3.3392132424606706387 5.61649598685336926 3.0543047030987096058 3.0174648488836339766 2.9755168451991340639 1.32225e-08 8.54977e-06
38340862.422997936606 6028 1.9428733877358881355 0.47885023432102402641 0.183832580661168421 2.9000560663800496464 2.0755626043640300615 3.3365613360857593328 3.4681362623016234181 3.6217376298317902616 2.1303e-09 4.65226e-06
38340862.422997936606 5030 1.1264493927216971958 0.41894759872084835761 0.29247366205786373694 5.4589103299748895637 2.6106051911843821678 3.0181204549703357642 2.9489947468347992299 2.868804234047455104 2.14686e-09 4.66428e-06
38340862.422997936606 6521 2.9647734399409610972 0.062091979936778105009 0.11890709782449199183 1.5342320250087471134 4.6916823805586878038 1.8067971133886127078 1.7459444601568376854 1.6848024417589344548 2.953e-09 5.18726e-06
38340862.422997936606 2010 1.6842886975687316742 0.13786706500892170757 0.15713134686143206964 3.5105607922796941978 4.5950462390291750836 4.575303409432452284 4.7136226772653326833 4.8514896373568801025 1.54172e-08 8.99881e-06
38340862.422997936606 5717 3.1718867612113688104 0.15484459495409147456 0.24822712385617645703 0.40414804723703884326 5.00311156304736393 5.6025369334364594209 5.6949098747755959593 5.7808373496419980242 2.31886e-09 4.78566e-06
38340862.422997936606 6978 2.1137815493118412569 0.67817352379700357456 0.20638006410117232248 2.9446958091485178066 5.9995970006840924071 3.5715986180347401024 4.0667658409488396387 4.6084399761058856271 2.46129e-09 4.8817e-06
38340862.422997936606 6005 3.0422077452163276412 0.2241374349783922526 0.77332647288815881126 4.4588564540984005902 0.85537279429097534678 4.1334665331054223358 4.3353934144278589713 4.5437907641084462895 3.36675e-09 5.41902e-06
38340862.422997936606 5540 1.6369286997521748095 0.38434326676089086705 0.31550419882820057715 1.314121313109252398 1.3546155382472455653 0.78538314143295895331 0.53900889357391112977 0.34173100673122303039 2.31531e-09 4.78321e-06
38340862.422997936606 733 1.8588277097123762083 0.21373902040170741912 0.074511029025919398028 1.0185176974331806576 2.333458440659486488 1.5330970327362101191 1.3187149626217178344 1.1117310815325123219 4.51209e-08 1.28719e-05
38340862.422997936606 5469 1.3822797338469168249 0.5386861284415824791 0.29787601754024667366 2.1333142057233391853 0.15510077493712154384 2.6138068177502744582 2.2247869920013054745 1.7972520828020963624 2.51139e-09 4.9146e-06
38340862.422997936606 6119 3.1106920142983329747 0.11065574406056549739 0.14333107752584817174 2.3009695299628223353 1.634665359956003261 3.0675768370966158827 3.0588879902903656216 3.0497466737521738978 2.96829e-09 5.19619e-06
38340862.422997936606 5525 1.6670642913109166017 0.20313402992340179321 0.2810790692159095272 4.1393726969575279639 2.2342606507057820586 3.1086544639204181095 3.1011216406061667961 3.0929028446707924616 2.22151e-09 4.71773e-06
38340862.422997936606 5178 1.8465312556626309881 0.055562728067909579466 0.23241691941920922249 5.564333309628156421 4.252224041373539265 0.27763429405157724617 0.2627909802917695048 0.24835707690109035117 9.33283e-09 7.61239e-06
38340862.422997936606 6997 2.8946376484092950498 0.072507781738272714112 0.25175605895154401503 4.5992407555700456356 2.8914317729579308569 0.97644307544588260228 0.91750591234155398634 0.85992834001256168719 2.77488e-09 5.0808e-06
38340862.422997936606 5667 1.9643820707721757479 0.41912865151573941436 0.355440925701560273 3.1450524988687340588 0.19988514780625860068 2.3625389032121635324 2.0006521815972759804 1.6196534112111402592 3.20823e-09 5.3326e-06
38340862.422997936606 6103 3.3002445863554616956 0.053856303302017474732 0.16034160234657543476 5.4120350833837234106 4.204662937025394065 4.726492764126543733 4.7803493217504984258 4.8340813023367905643 3.07621e-09 5.25842e-06
38340862.422997936606 6333 1.2727173976154173562 0.2434650724124713117 0.26589356068149111456 4.9858452980578764624 5.0992456029495398795 3.2085152393039315655 3.2273696328337537764 3.2482277314191780881 1.94245e-09 4.51128e-06
38340862.422997936606 6480 1.7610288115505756679 0.091202139328653133998 0.11059711462253860037 3.810911984297633559 5.118699074323021847 2.5382637569247492593 2.4843943167173807574 2.4286788243271111298 9.59462e-09 7.68292e-06
38340862.422997936606 5316 3.4899247011181837586 0.077161325377819264815 0.19516238023880230767 2.5945195135124463626 3.8273829294946719592 3.3537508437516319049 3.3706613294626297517 3.3881823999030329375 2.96988e-09 5.19713e-06
38340862.422997936606 6874 3.2701356867291164754 0.066138022557891737452 0.24469700757204262964 4.0748101576051194428 4.8265555370677413194 4.3217459536230373729 4.383730218001915091 4.4463282763930500607 2.61974e-09 4.98428e-06
38340862.422997936606 6823 1.8996505705373079032 0.4030104824189971735 0.178710609332950493 3.6755544082928701677 5.9439424627608143936 3.3750746736715204754 3.497359055694030161 3.6377311843756161558 1.69817e-09 4.31364e-06
38340862.422997936606 3953 1.3042198644601572521 0.12828080041562403557 0.3213138266445956237 2.3508625205524991131 3.9285408021953913682 1.4471637559735437417 1.3205108803108618343 1.1962270836505790594 1.87457e-09 4.45811e-06
38340862.422997936606 6204 1.6078299649751499611 0.18705539309424776273 0.29411731299353788271 0.77718302459805699289 1.5836217175208575636 2.2804662830232609316 2.1282230857541026836 1.9694842924709612397 2.26769e-09 4.75019e-06
38340862.422997936606 4189 1.1090894171804559498 0.039075198203592571844 0.056745467048554779077 0.71264316008037975614 4.738265071304692988 3.3428110044421783797 3.3507761813979644039 3.3588905876752357393 2.40401e-06 4.84353e-05
38340862.422997936606 5324 1.9016987536523561886 0.13881879013932146849 0.34222320436292713586 1.799858415641970355 0.99581766785227743277 0.91984269067626811545 0.81347433912635980224 0.71259772982954050491 4.64884e-09 6.03437e-06
38340862.422997936606 5185 3.5343916419937526641 0.011852486771525096165 0.21920400158867645035 3.0345389714598960396 0.95921801063434541934 0.64204590142633488625 0.63498152524293760557 0.62795107289007856544 2.64564e-09 5.00066e-06
38340862.422997936606 5451 3.2656782209444097376 0.059336112797661308416 0.084134820613052149763 0.13510738120722737277 3.2535423628840653976 3.4820593751444479658 3.50246113159214989 3.5234119360813380695 2.58702e-09 4.96345e-06
38340862.422997936606 6192 3.2068814988131895127 0.25229471704572098423 0.31396846377448250909 1.2319632045899160389 4.1401171580856814813 2.3905375468978493636 2.1980368924078215187 1.9937664403889387987 2.79503e-09 5.09306e-06
38340862.422997936606 6170 2.2399908209609797893 0.30062042640356528844 0.48435371685982336887 2.9656599210609901895 3.634817175247550658 0.79306448729087331007 0.59580737941334438457 0.42710604972380905586 6.44558e-10 3.12323e-06
38340862.422997936606 5853 3.1254020578885883808 0.18087761637714702689 0.16680055526634690599 1.9619502526826384514 3.8590336101988440554 2.1857521453278461188 2.0288332122960355264 1.8666000461665515076 2.34516e-09 4.80368e-06
38340862.422997936606 5360 1.7078084939676658749 0.22359381195193903102 0.17427787471960576315 1.7165185995107841155 1.6788148077145421677 0.031588159081884704948 0.025163055316023419383 0.019537345581956341856 3.7029e-08 1.20512e-05
38340862.422997936606 6233 3.1038133972691315243 0.19199434744647680962 0.23278590614350327948 0.048261759413908776606 5.1251971299324203812 4.1501311090683925542 4.3225961032714854682 4.5001885295905150741 2.38928e-09 4.83362e-06
38340862.422997936606 5650 2.1049086415532252126 0.33395890416340606732 0.27276231112834026238 4.6889640291001724037 5.0246273877222735749 3.5368253501692228369 3.6938487612512145297 3.8690467029034447677 1.14639e-08 8.15256e-06
38340862.422997936606 6255 3.2508995845341837061 0.10050027893282865998 0.18709986013947146888 1.8315263709329998587 4.9029342959481860831 3.3353243601928364015 3.3557300806022509754 3.3770868557535154153 2.45838e-09 4.87977e-06
38340862.422997936606 5459 2.9859535513254673589 0.21527690931069540237 0.18856764685117047287 1.1004771731426481463 2.3524111522676038888 6.0812279213352704588 6.1207041319188038031 6.1555288742489331355 2.51526e-09 4.91712e-06
38340862.422997936606 5708 3.1444190203036606057 0.18480104641529995768 0.22199021958127412857 5.6355587727278138033 4.4032806720760016006 3.3010972059631447095 3.3337015933970652881 3.368985557632540484 1.65544e-09 4.27716e-06
38340862.422997936606 6956 3.4864965263976186449 0.20093813818295527818 0.40439002033759524624 1.1040781867968070262 4.2653050000635683858 1.9230824643155433051 1.7262637439704247022 1.5277490678380014621 2.20649e-09 4.70707e-06
38340862.422997936606 2850 1.5868398717997593828 0.21107209180900315948 0.40108516982872177703 1.3120653698844140234 0.99341197408899295507 3.563597291279081869 3.6603923508940776621 3.7650499431329986777 2.86233e-09 5.13362e-06
38340862.422997936606 1284 2.1908524539398825937 0.1370907052283783234 0.33611329058273436976 0.82396501230376173464 0.85543682129668496827 1.3459162023757071935 1.2138665626757125793 1.0854161395350587771 3.64405e-09 5.56389e-06
38340862.422997936606 6722 1.8185159201838376752 0.28105492466821935249 0.41191216576895728352 6.2030675935846533164 4.6590861301697987784 2.3031970437551239073 2.0683764048490975718 1.8214021543739793429 1.78527e-09 4.38616e-06
38340862.422997936606 5002 1.1633142757219041563 0.028386643036586913652 0.55084320521793461722 1.3246979123223712183 5.746648092005456121 1.434872150699981308 1.4067975171467934636 1.3787917573211325717 2.79003e-09 5.09002e-06
38340862.422997936606 6473 1.8627982957023865307 0.26263637562257735603 0.23854051458603856006 1.2930926590631142137 6.0776193618088374393 1.307286560251916141 1.0591502987892817966 0.83014719723694851972 5.43469e-09 6.35685e-06
38340862.422997936606 5815 1.1952963637931719454 0.44615467482906523422 0.36572838035506582965 4.6446672698318156591 5.0765898216900930962 3.4770009493497471276 3.6756497792475770758 3.9027557540432868954 2.67562e-09 5.01947e-06
38340862.422997936606 6211 1.7966009934841802309 0.3553811301582971427 0.51228616812589622409 2.6202569953182064388 2.8789016028099227995 4.5601822422543758506 4.9294555090745397763 5.2764970594514739588 2.33777e-09 4.79863e-06
38340862.422997936606 2928 1.5170105752463156623 0.29634966352985719906 0.35523364399533940983 2.1741097238151865234 0.087088580350203961822 1.2720010268845358681 0.99640788907056354606 0.74761501653291717595 9.69793e-09 7.71039e-06
38340862.422997936606 6225 1.9393591082090220201 0.079614128497754177438 0.02344057088162832328 3.1867495024555454464 3.9993776548616426503 3.701601297523822609 3.745432890572927942 3.7906384126455323624 2.38341e-09 4.82966e-06
38340862.422997936606 5873 2.3401134308936208939 0.7035014375047301538 0.53078891448072584858 1.2964954366938077346 4.7037076802417496779 3.3390829058751525515 3.6078764489593013742 3.9241495308342817516 6.23622e-09 6.65514e-06
38340862.422997936606 6886 2.7963372493383560347 0.04586663627555368633 0.45325200589594927258 2.1454976911086487412 5.4959599082290022665 3.6071170309782574215 3.6281474533362936263 3.6495939259251803932 2.88448e-09 5.14682e-06
38340862.422997936606 3400 1.2911299455371310074 0.40899087962013097597 0.14790806747020451839 5.2877393721103578272 2.009546637809215941 3.8985098388089030053 4.2428187903215768273 4.607541667198267632 2.20416e-09 4.70541e-06
38340862.422997936606 5080 3.2216440598558899744 0.14665699253429301252 0.24377538581964144915 1.6083976580771250919 0.95725532745563701731 4.4913132378005142797 4.6372830200885761798 4.7835265679267129357 2.57476e-09 4.95559e-06
38340862.422997936606 6155 2.2762445099321420017 0.41220947384701489558 0.20747800632832719137 0.25370436643388072362 4.3186464898533891699 6.2322336468703829482 6.2503096137450686598 6.2638588450367427285 3.03729e-09 5.23615e-06
38340862.422997936606 6186 3.234872835441257255 0.019516224216281158332 0.21720819645425085143 6.239203028856326938 4.4629687301806795219 1.9966338770255371848 1.9787874214356588887 1.9608730939756826572 3.14704e-09 5.29848e-06
38340862.422997936606 6417 2.2337690873677624737 0.49085636215794098414 0.67145685429271484423 6.155686341768822345 5.3086797567787282759 3.4379407598229967391 3.6417500454489406536 3.8771469175551653841 1.63097e-09 4.25597e-06
38340862.422997936606 6237 0.91234773254975320977 0.21450020002637387728 0.1948478833635387264 1.873357434817725764 2.2324801070855038176 0.66375702063695085631 0.54073536024304236225 0.4303178264131387043 1.89473e-09 4.47403e-06
38340862.422997936606 6029 2.0055063026946484683 0.19230649789352685652 0.16857713664809567677 1.6955186511068853772 2.753364190287186819 3.8597618648668876595 3.9973470533430459639 4.1425511038758822124 1.2969e-08 8.49478e-06
38340862.422997936606 6023 1.7151496782888966397 0.091269706987674809051 0.47580928860229848576 2.344777649593396962 1.4015833247589695176 1.8871877670061039112 1.7990693548852241257 1.710167306978480628 5.48103e-09 6.37486e-06
38340862.422997936606 5643 3.3026653406318335904 0.07780081871910771163 0.068901882962529165111 1.7352935618943630125 4.2483390239397040844 3.6011527310452375872 3.6369605856051707704 3.6739436239562985875 2.47115e-09 4.88821e-06
38340862.422997936606 6335 3.1241040654482001848 0.044541287129104836784 0.23818280358275040198 0.42184550380162033623 0.29645018637586545429 5.5289168343772434611 5.5589420281616170882 5.5884536974469396498 2.80706e-09 5.10036e-06
38340862.422997936606 6290 1.8862226113075739597 0.33343222181831949635 0.41111060704346141792 1.0561016053070999554 3.8494278023899068941 4.1319544524083324788 4.4462019457300803182 4.7678909933356132811 4.66797e-09 6.04263e-06
38340862.422997936606 5215 3.2335557233106464459 0.32205891476176079502 0.23301267454559598802 5.8604580699908916941 1.1247124559848469261 4.1632552665669138037 4.4697344218354704282 4.7823581561841912446 2.09099e-09 4.62347e-06
38340862.422997936606 5257 3.2091754611146035003 0.17807517679922987841 0.16671392716685190516 1.663190390427082388 2.9866683551494355164 6.0556935880721178833 6.0929194495046559155 6.12659702011385221 2.20895e-09 4.70882e-06
38340862.422997936606 6327 3.0126772129059751215 0.22742640513534381763 0.18529741530127610827 0.15839095382987289362 4.5107732526020178909 3.2954415197751001365 3.3352879681852338756 3.3790644608662341319 2.25041e-09 4.7381e-06
38340862.422997936606 5048 1.7688941509624427351 0.12031072603830576806 0.32503920174738643034 4.3723217780622576356 0.27897780760080637119 2.8479972968781068765 2.8109139010672365977 2.7718508030784803076 1.54672e-09 4.18139e-06
38340862.422997936606 5673 1.8123546419517755357 0.42653619740974019203 0.45322454697134656465 2.0920471834591021221 1.8667162618632591187 1.7610246202405996918 1.3095508993134994391 0.89748747877518197935 2.67237e-09 5.01744e-06
38340862.422997936606 3324 1.4054923705450605986 0.41528150200402746961 0.21690298673770647131 5.0132991398099138181 4.9292717656540263604 1.9972700714820035284 1.5688420828639841886 1.1535613738541306006 2.73553e-08 1.08943e-05
38340862.422997936606 5034 2.8548843156585950176 0.19454934290184269785 0.1842362082904308862 5.7537947065016172843 0.86277730161797427932 5.8469737532238852395 5.9231448467789764578 5.9916869342811533983 2.20492e-09 4.70595e-06
38340862.422997936606 6957 1.7374770492471169892 0.54936381129403988322 0.28480851088451458741 1.6076509249041046612 4.6868761311190247909 2.3320393607247997814 1.7989373480074934974 1.2638083673625379877 6.68595e-09 6.81142e-06
38340862.422997936606 4112 1.9945067556212880966 0.30415231582271584632 0.785518552390755187 3.4620844176478873244 5.0762680374840405406 2.3951285535144317684 2.1573969662994576524 1.9040906611287902184 1.99037e-08 9.79854e-06
38340862.422997936606 5344 2.0381053744436186115 0.44826877830621508769 0.08780239887568454249 3.1749164539793888196 0.2264137450277966257 0.50849108982129920253 0.31808305789675400677 0.1778886316774942189 5.14004e-09 6.23982e-06
38340862.422997936606 5938 1.7265511692306818592 0.13477277136881962716 0.16000088520898869682 0.66315087206522072005 3.2903610252466521935 4.1532257044651892386 4.2721307511767996345 4.3940518125056220455 1.88863e-09 4.46923e-06
38340862.422997936606 5446 1.5175494499449220243 0.42988923786974370111 0.28582839178687508008 1.0425181068861246736 3.1586024274643742515 4.2132219703404594213 4.6508994346398244701 5.0799762306255500377 4.99881e-08 1.3319e-05
38340862.422997936606 5914 3.1961657741939917265 0.09432128111198723186 0.11162746971032498633 4.3487021108775607559 5.9621449451858570256 2.7729481079638604868 2.7373159347859084001 2.7002142921502203521 2.63408e-09 4.99337e-06
38340862.422997936606 6154 3.1480041344982025997 0.050581161462640730764 0.26508352993525030605 6.0703831930550586904 2.7968192689220581215 4.1778711566238069253 4.2219865164716363637 4.2666063530679902982 2.04677e-09 4.59064e-06
38340862.422997936606 5511 3.1526055823834502334 0.11410115032937985513 0.17008464414277468801 3.8008339447084322771 0.52824179967208517716 4.91706575623976061 5.0277491567523551197 5.1362233778945451945 2.90982e-09 5.16185e-06
38340862.422997936606 5957 3.210401589613011808 0.032842248894157481665 0.10910773552106299566 4.5816751896252121412 1.8711756555164527072 1.5184100315355200106 1.4856351143682351434 1.4529118866053536419 3.45473e-09 5.46581e-06
38340862.422997936606 5962 2.9199624829677257587 0.13415534076044721701 0.21482466958700524584 5.5982442490640638155 3.5886767692336594138 0.18847595470130126816 0.16479481872327095271 0.14278664406570903966 2.88829e-09 5.14909e-06
38340862.422997936606 5160 3.0289739644780104832 0.017982686846557349725 0.2264147457714273115 0.33520740862913372959 1.0522342068766945555 2.2121330260824296765 2.1976447018985405535 2.1830808788795050823 2.48083e-09 4.89458e-06
38340862.422997936606 6891 2.2114698081245167671 0.42356108305858775065 0.53107872536176548017 0.80668070354096799157 5.4971019489845502903 3.7663417583019938029 4.0808658979045926429 4.4227344394803784766 4.39964e-09 5.92455e-06
38340862.422997936606 1399 1.283270842730400485 0.15125744401060731148 0.2426918137440543799 5.2036822908560367296 1.671517948190167635 4.7851434440677538262 4.9357539278577755582 5.0832537731127303005 4.64728e-09 6.03369e-06
38340862.422997936606 6752 2.194039509403798327 0.30201431784242094292 0.45586134007867912254 2.1268335864566938476 5.2885870311210005923 1.9222053099301992241 1.6179173451111203974 1.3162382600738786742 4.12549e-09 5.79885e-06
38340862.422997936606 5597 1.5389102382196597762 0.17521414218375536143 0.41880712134802183799 2.9095521238319532742 4.2432036243075588189 1.8364021125743195118 1.6624119012429217079 1.4879325672525554047 2.41109e-09 4.84828e-06
38340862.422997936606 6928 3.2066197968823719755 0.15451960582749016404 0.2313387778220304114 1.2347408114895552789 3.8685576537417420973 2.5220130364216530872 2.4257188707114600845 2.3243112144845490263 2.08658e-09 4.62021e-06
38340862.422997936606 6056 1.5856292802906741812 0.49021167406359739127 0.23372769494338907492 2.4714187418649684602 5.84818931604658232 3.6617119595594740389 3.9954945513479591668 4.3650405563098955142 5.38932e-09 6.33911e-06
38340862.422997936606 5640 1.5812545795695378548 0.29202816646460838523 0.11825407094185130807 0.29148850661342695645 2.4342828687392477072 1.5661257900835174883 1.2699856661856319118 0.99107055476455641063 5.24602e-09 6.28242e-06
38340862.422997936606 5842 2.4386182335738686433 0.59294979392101554438 0.57949409280125885324 6.2243330010313426826 3.6387420473617737571 3.8605262921339114079 4.4201302853482378197 4.9879363710723740866 2.75394e-09 5.06798e-06
38340862.422997936606 1444 2.0615690106432622564 0.47168284304005431151 0.79477434465797791585 3.3634873555522291078 4.4867685578262355151 2.6382710571513863229 2.3308774746891165464 1.9890111347357648519 1.72307e-08 9.33865e-06
38340862.422997936606 5176 3.0855513938782954675 0.12894999537988807714 0.086378907592839962448 2.8676281581095799389 3.5660765542873624767 5.0089521566853747458 5.1303411037833077657 5.2481913502507042679 2.68297e-09 5.02406e-06
38340862.422997936606 6001 2.0460724395399969566 0.37900059567256572102 0.2367887926860779424 3.1508481881057353036 2.0663625332505111132 4.3833976576688096216 4.776145952386121607 5.1543764994466458873 1.89847e-09 4.47697e-06
38340862.422997936606 6140 1.9235236676063032224 0.33446268219581348768 0.28789139774095062752 0.97408662772553944453 0.99200004253177431757 3.7840523452101808566 4.0222546848093294614 4.2801791020416066758 1.67728e-09 4.29587e-06
38340862.422997936606 5534 3.2568679798163127082 0.091460730062924516792 0.091516678030623049844 2.5643942454658841257 5.4612821753372315925 0.86224264254569327193 0.79469122698690142226 0.72942052009190683215 2.18919e-09 4.69474e-06
38340862.422997936606 5929 3.2426206945609266086 0.17338710036799262482 0.18295610188394725859 1.9540899312412522981 2.6203399603712194121 2.5680141585045404007 2.4657911183130241106 2.3573335199208225177 3.18574e-09 5.32011e-06
38340862.422997936606 5625 14.878182257607535988 0.45364248504923815331 0.45313798402993116232 5.3736299355222989504 4.3344164250030070562 4.6636405844901904771 5.1393060841667024263 5.5522326126843095651 2.295e-09 4.76918e-06
38340862.422997936606 6775 1.6339732915554798787 0.10131576749760638767 0.33144074360313369176 1.9494748041598271016 0.84476704915390277151 1.405757407208320986 1.3064713066073114778 1.2086743304968494694 6.39874e-09 6.71246e-06
38340862.422997936606 5211 3.221391501328460194 0.11028367366036241626 0.26390644013564573678 4.3126483534936426167 0.83482317465247335431 5.9013700936514190687 5.9405707629137625148 5.977620653877123047 2.07199e-09 4.60942e-06
38340862.422997936606 6920 2.2794261894712328775 0.061178080006316998274 0.097665004617525405517 3.0615103244502397395 1.0851305924935032987 3.6335004471863676656 3.6632224445124896839 3.6937071049916871956 4.48089e-09 5.96081e-06
38340862.422997936606 1810 2.0247943478639389703 0.4435684587541728896 0.4588717348255005879 1.3404295594447221962 1.5628315838550461692 4.8192691069150690453 5.2655563009786394701 5.6429730581293648939 7.36354e-09 7.03416e-06
38340862.422997936606 5072 3.0961936569264598695 0.082021843391760954067 0.24471839490174351894 4.9705327441731625981 1.1010368749067374061 3.6852743686834750214 3.7293165910408427877 3.7747951039689766617 2.73643e-09 5.05722e-06
38340862.422997936606 5231 3.1651229661510811297 0.080306533013162331724 0.23064523060929326137 2.5261755587958694136 1.3044040969657835216 5.367869939111452382 5.4300904231787221477 5.4905868904498094096 1.89135e-09 4.47137e-06
38340862.422997936606 4786 1.3974736021397295982 0.30911343974324118067 0.22549046486530052724 0.13557509748296842078 4.7068463087163605607 3.4134221658992935922 3.5137396700088507906 3.6261383611466708743 8.41208e-09 7.35334e-06
38340862.422997936606 6756 3.2215188733510187191 0.0718563195455684256 0.33638913241240070429 5.5844906342367037766 6.2234940644639502594 2.5852585413732787067 2.5460715008335133014 2.5057643975295409433 2.22448e-09 4.71983e-06
38340862.422997936606 5323 2.8055716377037849263 0.13019307998522186565 0.11105686826212463059 1.1984857579621304158 2.7513958916863190396 3.7241481995024017237 3.8001983597929052117 3.8798784483591104433 2.25995e-09 4.74478e-06
38340862.422997936606 5372 1.6267419183017957085 0.27041080287860130849 0.24325387195498737736 6.1147175033546323775 2.2299611258935767566 4.2799965472277055056 4.5439657835105435879 4.8105503570373322475 1.39548e-08 8.70479e-06
38340862.422997936606 5855 2.1227062657307911309 0.33730573564820104382 0.45110370980312930467 0.31219212193799328325 3.0408890909163233118 2.7385134238939574658 2.5766370847458617277 2.3960509169779853345 1.88487e-08 9.62226e-06
38340862.422997936606 6156 2.2928467572290576193 0.32718220226263244887 0.77415196840847044779 1.1167376753873134998 3.0952625834536480198 3.3542713973682038997 3.4392109353333126798 3.5351551623044965567 2.69058e-09 5.02881e-06
38340862.422997936606 1410 1.9002669573837429606 0.22805139028024440373 0.31528770009570461497 1.5179596155750707531 2.9924127996523730566 4.7729730866738941941 5.0010488474797050173 5.2196648917399643963 1.96181e-08 9.75145e-06
38340862.422997936606 5256 1.9266805164627185398 0.18401871498903363267 0.037728008246521775593 5.2904406839604476431 3.4810825960254550004 3.5225167206767342698 3.5979893050420570511 3.6790893784382530107 4.61883e-09 6.02135e-06
38340862.422997936606 6653 1.8329901566826602988 0.58101973017168340174 0.19816868313424271242 2.5183259538054048043 3.020269154400124556 4.0855447137944072011 4.7039356628215651668 5.2849346336950659975 2.19009e-09 4.69538e-06
38340862.422997936606 6914 2.1340370756703945787 0.22294257534119280018 0.13368589838291078387 0.87963097775059295724 5.4549012171720905329 2.6617355739417050131 2.5460313563034979722 2.4209664786940274794 4.41745e-09 5.93254e-06
38340862.422997936606 5578 2.9080843542113257172 0.038556125530948559543 0.21462927823097163738 0.58013487446659450786 4.9262006594703660056 3.3183377361337003109 3.3252506516253128588 3.3322920514148690607 3.04211e-09 5.23892e-06
38340862.422997936606 5196 3.5802331101740856312 0.17247097794604215881 0.21725970542841868682 5.6930619313032808648 4.3969571131389457719 2.2924563896761975812 2.1542795183146878912 2.0103440866389332697 3.02458e-09 5.22884e-06
38340862.422997936606 6832 1.6461981068705520137 0.19975891707960669041 0.34277416766448870478 0.70794728961246311538 1.0620976442917069438 4.6088205096641612357 4.8109563027534347768 5.009745624643125339 7.86044e-09 7.18895e-06
38340862.422997936606 4502 1.3701797669515922706 0.10543728105096233927 0.31257075482559898427 5.8471857412156404976 5.8400154581342089699 3.1000197814246153172 3.0953804217810398924 3.0905096637809381654 4.58456e-09 6.00643e-06
38340862.422997936606 6425 2.3031425612971214711 0.25089948128453309906 0.25106434034629993013 5.4569526368722343079 3.6483399984934021809 1.1664913360882014359 0.94418632398303992126 0.74095271094709325155 5.02719e-09 6.19382e-06
38340862.422997936606 6089 1.8506909671253009009 0.26026574012027942073 0.29195343147167984732 3.0326701076402384771 3.5100481563129171114 4.3816099627682918438 4.6418594964493937738 4.9014781708636947499 5.81535e-09 6.50193e-06
38340862.422997936606 6572 3.0212561235392780823 0.19256770626888125575 0.14687540265591919608 3.0818093484986728292 0.94530237956836615787 0.66668648747169478863 0.55512639163215704574 0.4536334441072970014 1.66053e-09 4.28153e-06
38340862.422997936606 6842 3.1597888181680016118 0.11130753850780340797 0.10197662920885311455 1.848814281953681915 3.1141469634778418119 3.979902093419124931 4.0660847542658853371 4.154943230625612216 3.94698e-09 5.71398e-06
38340862.422997936606 5291 1.9931650711648207785 0.557839030790180046 0.59055510599023830487 0.71607461647700265672 5.1168495269063756226 2.6684562079121589839 2.2916993887490857418 1.8726451541625794839 2.6037e-09 4.97409e-06
38340862.422997936606 5063 3.4547769595362245454 0.10878886626541887928 0.40461133359656292763 2.5961273527440691389 5.5976174727607865833 1.2321821297451507338 1.1311831868318469319 1.0327383603882238639 2.23728e-09 4.72886e-06
38340862.422997936606 5818 1.7721700774569359993 0.54943189813255643994 0.27071667744397753808 1.4288138455714622932 0.22018168509579419401 2.5465925976425078936 2.1076293152300715761 1.6354845451781026 6.74885e-09 6.83272e-06
38340862.422997936606 6055 3.211562508407090899 0.10449202361167848896 0.055701406136123683688 4.7654386225628604379 0.64968313166365287969 2.918337097148683501 2.8938906935463046821 2.8682716831340990815 3.0525e-09 5.24488e-06
38340862.422997936606 6197 1.9606016857759611671 0.077912343998091701525 0.2624057123499963784 2.5312967418490077698 5.8585172009865900122 4.0603926667754706159 4.1239000395665659227 4.1887060021364774798 8.02678e-09 7.23931e-06
38340862.422997936606 5642 2.8953244979576688856 0.20034191685748800604 0.13893804848386767659 5.7313041128879884667 0.47236565098688076958 3.3045547350845985157 3.341030064402848776 3.3807213891659926297 2.80041e-09 5.09633e-06
38340862.422997936606 6291 1.4153029281164055675 0.17989406597032070456 0.34728665669379565895 5.9005009763116005317 0.47351671017332475078 0.77919768147313284157 0.65961264417355713885 0.54937161807061674068 4.97801e-09 6.17355e-06
38340862.422997936606 6390 3.242319266205639483 0.10247161925199513299 0.31640303548703962999 4.8325155371856549635 0.53190868777895339292 1.2722372391137157788 1.1755774120008457562 1.0810050939830475603 2.74624e-09 5.06325e-06
38340862.422997936606 6126 3.0184609226593477338 0.31482855530631276286 0.17935604412468522662 0.1489878386291791923 4.7336526519536628044 4.8645969200721186354 5.1737844827470818032 5.4556920754637578952 3.04059e-09 5.23805e-06
38340862.422997936606 6104 3.3391705338757113886 0.087895374200075843119 0.15390874421896674762 0.85651208040008497413 4.8590552685084675844 2.9710440347514168735 2.9554195345644971304 2.9391501440528959854 1.75259e-09 4.35923e-06
38340862.422997936606 6732 1.3516822214509478517 0.18283511719106879112 0.16107612676150401265 3.6329134145702086656 2.2841358491971650579 5.1344254163629727827 5.2961609581862525431 5.4487166730333331799 3.70815e-09 5.59632e-06
38340862.422997936606 6286 1.9804943739460501018 0.3310140307583631647 0.78390919414497151063 4.8755160643363648632 1.0381061966070161962 3.6065532563726030446 3.7862199343374718374 3.985126449759945011 2.66284e-09 5.01147e-06
38340862.422997936606 5405 3.1867028599707682979 0.030889678357027727101 0.10122933098441780353 3.0796356813449579093 0.84081117816741202109 3.1641631340568436848 3.1648713745772800721 3.1655903818388395621 2.93677e-09 5.17774e-06
38340862.422997936606 5098 3.173465428087328899 0.080314220920579382224 0.089446352020536287752 2.1313663959828992311 3.0794655571420856965 1.9334299373600105643 1.8571656996614460677 1.7801222156643805583 1.90652e-09 4.4833e-06
38340862.422997936606 6952 3.219763960919743262 0.086707508199738866916 0.12519276664155506995 4.7648041667828584522 2.74845000046523813 4.7496886380094256452 4.8363047319952139347 4.9223473897715859238 2.57429e-09 4.95529e-06
38340862.422997936606 6667 1.7415941970613255663 0.3747160694472755349 0.10010805545601191013 0.58929803218478282734 4.2262729512844927626 4.5723455239164270125 4.9631148665452986535 5.3261145310252846485 1.85586e-09 4.44323e-06
38340862.422997936606 6282 2.7997883730887047626 0.18178214129016317946 0.069141031622904747245 1.9360984019776119602 3.2164840827151151004 4.3850766797431672828 4.563449606790419999 4.743219241591352997 2.68214e-09 5.02355e-06
38340862.422997936606 5240 2.0019826444941535293 0.29209241301534039081 0.35238824151202757795 0.18241046570557384321 3.5173742399115166535 0.97530368635667441524 0.74818222032158865353 0.54946953610301685345 1.54708e-09 4.18172e-06
38340862.422997936606 5138 1.8845445561859295314 0.31053587888750638912 0.23428671404201312223 3.9769969949953325461 3.3485762425219380845 3.1148484196741690333 3.1047224556958177288 3.0932755303130945457 2.37553e-09 4.82433e-06
38340862.422997936606 5548 3.1894473627855361997 0.043672141487836518836 0.27889818574272023932 2.2689220942998926667 4.3002163820157877083 4.3676676364647306627 4.4090900766545333411 4.450768864377942613 2.11518e-09 4.64123e-06
38340862.422997936606 5131 3.5537782884808568618 0.11304903597184956521 0.22982284110563030999 2.7459144004170989994 2.0133409094054295352 5.2847543701981773978 5.3771847482177879129 5.4661591771264896877 2.25296e-09 4.73989e-06
38340862.422997936606 6295 3.2557196104812979875 0.021862084503809508379 0.26180676020074789001 6.1625940683149211807 4.8512290378724678419 5.2993577039419204056 5.3174527035947924958 5.3354335215662072045 2.30061e-09 4.77307e-06
38340862.422997936606 4963 2.1384700309388233741 0.27516334168856459996 0.35154450577568274738 1.6062163685207948571 4.5953603757512961892 1.9277058781480340688 1.6529995958778422871 1.378765422064088364 2.1769e-09 4.68593e-06
38340862.422997936606 5278 3.1381298901167360427 0.10308934052128103376 0.31413946085458627211 0.86365115582825680018 4.0597862274612968037 4.5699502766115331909 4.6729332867755086767 4.7759423954499693465 3.13887e-09 5.29389e-06
38340862.422997936606 5669 1.3890105598983666368 0.10827080970489183498 0.35780401348374218928 3.9939324280711772097 2.7487702574674712785 4.2082499984850763042 4.3058137948817538643 4.4052584336336151338 5.45549e-09 6.36495e-06
38340862.422997936606 5118 1.2340767414215030318 0.1921858302992605072 0.33839950826026293784 3.9875160139722183317 1.7663188666514308967 4.8812812568765204801 5.0688948547483114737 5.2489964241153428404 3.95744e-09 5.71902e-06
38340862.422997936606 5053 2.9974070746636778395 0.20284791419525766143 0.22817516144854665949 2.2770940746078380812 1.4657964978092117292 1.5756509788924406568 1.3712869661448248149 1.1724627563881617753 1.90259e-09 4.48021e-06
38340862.422997936606 5116 2.7060047845264394439 0.11360198968996480795 0.11451093293987429922 6.2823341424647516362 3.124912510896557194 2.2494658144440031755 2.1575233252587104893 2.0629204509106688903 2.56354e-09 4.94838e-06
38340862.422997936606 6595 3.0307614224002623615 0.10629444767209915435 0.22391173346773057817 3.7944404655067045518 1.8314023358350615123 2.3552670055016622364 2.2769103710197851065 2.1960320800427908239 2.5233e-09 4.92235e-06
38340862.422997936606 5290 3.1932362207010336341 0.058209761176451900455 0.10619201583716501858 1.8032209094803313132 3.1915921077908722125 2.808529478403603008 2.7889437022676095701 2.768838926576174142 2.68653e-09 5.02629e-06
38340862.422997936606 5762 1.7634190755234167014 0.1507325825610283665 0.43731867358401282919 1.0828886643172992432 2.8811668469203448595 5.5347722102749044026 5.6324255586984657285 5.7237380088314724347 4.50081e-09 5.96963e-06
38340862.422997936606 6628 3.2889755229129011838 0.14718017701812660669 0.17050337969279197314 3.1643892195751508467 2.0027763182805435882 3.9359263631936820538 4.0471577220607510839 4.1629552680774537521 2.5094e-09 4.9133e-06
38340862.422997936606 5227 2.0017524261315506884 0.32717594376022135494 0.18999312479971861012 1.629177416641043985 3.6062350447583240154 5.6036083999566397296 5.7900387140167017819 5.9449237718604059921 5.94474e-09 6.54979e-06
38340862.422997936606 5481 2.3702188286750907054 0.23889645846631643589 0.80996035127856202962 4.1141899004572639598 2.0948643084543392412 5.1543189685384671606 5.3618893623391565839 5.5521431719382725589 2.0621e-09 4.60207e-06
38340862.422997936606 5885 3.5100813381748041664 0.085799155087790096585 0.26081759874848109426 1.8762752654797953955 2.6312362087669574073 3.5394019147864916874 3.5740722679983769616 3.6100327018642377475 2.25928e-09 4.74432e-06
38340862.422997936606 3089 1.4696401841183754922 0.25224671558763267498 0.17146920859891151556 0.90621962157566704477 1.7503771542265496031 3.9738963510645861632 4.1806618632578977923 4.3980815480227288816 1.46985e-09 4.11094e-06
38340862.422997936606 5878 3.1944383227089994115 0.039099989049944036679 0.068547484487168408585 4.2365188682340324533 5.084750319759533177 4.779148613671305057 4.8181206401037623976 4.8570022796981238145 1.44428e-09 4.08696e-06
38340862.422997936606 5489 3.2207852472353293294 0.060322245477765906729 0.34013393963731758385 5.0617096294052341676 1.184183844281833542 2.1169099759596017307 2.0645048017461409273 2.0113861488809225975 1.80848e-09 4.40509e-06
38340862.422997936606 6960 2.9796554636966252616 0.16697970932290409629 0.11618928710180163877 4.0709341869846440432 5.6242891477374321596 3.0036958628831369467 2.9784818933424586085 2.9513663157943996751 2.28045e-09 4.75909e-06
38340862.422997936606 6292 3.364925174210481984 0.0048560928527479349862 0.28851689136113567447 3.4748848777065481919 2.2246313565310602556 5.3149742380432289934 5.3189695624242974148 5.3229593384879638762 1.7586e-09 4.36421e-06
38340862.422997936606 6401 1.6389631392078432004 0.29026335495577682 0.18480555136168586028 0.24680384055296947232 4.5078687865006576985 1.0422916111561084662 0.80506195283003567642 0.59581876847247372542 1.93159e-09 4.50286e-06
38340862.422997936606 5479 1.0483170029286068559 0.28407734310087551233 0.28211778062400694189 2.1984063110189668855 5.1613175045353418824 0.96571287884197642981 0.74622341691575122535 0.55337165435733670638 2.12255e-09 4.64661e-06
38340862.422997936606 5417 1.3935872359963625833 0.26160010462460897562 0.092414912380737582187 0.42980905368171673508 0.46989311915705544997 0.74654064283387377987 0.58220410173729564285 0.43835903244605178841 1.15634e-08 8.17607e-06
38340862.422997936606 5569 1.9652479418600179439 0.21422826006498346674 0.39222649828612288214 1.7791009532803854221 2.6766878728429679413 3.1244470301919116118 3.1202794150955441843 3.1157138627683944598 2.77052e-09 5.07813e-06
38340862.422997936606 6450 2.6558930927185677717 0.2016672310662687706 0.078929339162848610734 4.9750787995827820964 1.1566651954761284493 3.2523843608557831963 3.2774500335024621123 3.3047638110781503151 1.74846e-09 4.35581e-06
38340862.422997936606 6969 2.1040690627156668491 0.18641430044509038622 0.034724112978216044312 1.423880513079639476 2.4259453073920180799 2.1400039773207941707 1.9735224035105265461 1.8020219948806630583 2.41679e-08 1.04535e-05
38340862.422997936606 6677 2.2220639211174244565 0.48894808818367785364 0.10546124805895772114 1.337229611766670212 3.8237475113309407071 4.2928271267358972807 4.8144460555874672991 5.300849997919433676 2.33048e-09 4.79364e-06
38340862.422997936606 5647 2.0977174913556657643 0.3272145290733387557 0.51769884460797876979 0.79466155043685804404 0.76708917530744169522 5.4302131265734736587 5.6574256691079503057 5.8490795192117595036 2.57441e-09 4.95537e-06
38340862.422997936606 5992 1.8494953186814002688 0.18138487147687165635 0.29971920410260322054 3.5830719950051599376 0.18058555993611491441 0.82709316278465228045 0.70050115452443750819 0.58358030122953963303 8.41385e-09 7.35386e-06
38340862.422997936606 6761 1.9397974186119197881 0.2744001433002445367 0.11854768226603544512 1.5097918604220785799 0.31547338185713003078 4.0876278983146079327 4.333524234738291625 4.5884653264868289213 4.88068e-09 6.13306e-06
38340862.422997936606 5252 3.1533830004269569613 0.15366619185923441337 0.15204076800259813673 3.3034857070162702009 3.6181950486178884319 1.8670441676982238999 1.716068166610117407 1.5640206036734629613 2.42859e-09 4.85999e-06
38340862.422997936606 5394 1.823627512516059479 0.19071162579256767389 0.32897780015941974208 4.2136279935091547344 5.8749197443017839859 4.5078539117913285494 4.6994886144016163598 4.8901843713530386282 4.23442e-09 5.84945e-06
38340862.422997936606 5577 2.119064988870977384 0.36699727738771237284 0.54168220748822881738 2.4843370082265212595 4.4094835218686565526 2.7691366153682532847 2.6013709243885001499 2.41261462468607224 6.01747e-09 6.5764e-06
38340862.422997936606 5288 3.1156564818224810054 0.17371722189258947955 0.24719788825465466298 0.86383662112996817406 0.83547389753911061039 0.99555070123964484186 0.85557998477410623916 0.72443192734374206587 2.94866e-09 5.18471e-06
38340862.422997936606 5234 3.0934568072217127899 0.16638056235401740834 0.074382781617407106589 2.9995774057579205341 0.1368153338964315513 2.0790780725197617329 1.926784807310831793 1.7708358995012023485 2.35138e-09 4.80793e-06
38340862.422997936606 6129 1.408777133240173729 0.21448962744287491944 0.7024760641245605397 0.1776223707258501594 1.2848081819546388616 2.9293795841364183019 2.8782584111894951029 2.8224264833250147788 7.14833e-09 6.96495e-06
38340862.422997936606 5351 2.9551846986382312998 0.15792185292366714422 0.1205404145135033217 0.70008886359461841575 3.080804401507977186 2.6248389940748171334 2.5405466785033046229 2.4512410108139537357 2.44807e-09 4.87295e-06
38340862.422997936606 6827 3.1006364642513535301 0.084730236425676022649 0.19606016235690321148 5.7660631938723732048 3.1503824283381547389 5.0616625669987875824 5.140238051318361201 5.2173307301471165687 3.04652e-09 5.24145e-06
38340862.422997936606 6230 1.6932869475887446509 0.25434347574056886954 0.073942662521441437917 4.4254255663935637699 1.3493032294243509916 2.8368668145937716574 2.7484216295297407839 2.6509777077721041749 6.03494e-09 6.58276e-06
38340862.422997936606 6557 2.2802653888145285599 0.27336646291181915247 0.14742539823454836601 3.2678960902062246241 2.631995376817444221 4.8473833077790162704 5.1167972638177916522 5.3681127258836314198 1.93092e-09 4.50234e-06
38340862.422997936606 1239 1.678441515367460779 0.26086902996814770317 0.20928108226554001381 1.7170670532383096596 4.6018187876956231364 5.9280226138833178595 6.0100732922519446433 6.0804373417055241902 1.31823e-08 8.5411e-06
38340862.422997936606 5775 3.0358130053248686409 0.17567581113170352425 0.12517145693024647746 5.3237438581038674101 5.5765038506168496113 3.1283711819428048351 3.1258030265797951408 3.1230292863053032981 3.02463e-09 5.22886e-06
38340862.422997936606 6935 3.4882377320133213239 0.088142433310117118683 0.4447982469005511974 0.10583315714134834684 5.1358434090780669123 2.8039770178486809193 2.773454512713593445 2.74173390689061236 2.603e-09 4.97365e-06
38340862.422997936606 4406 1.3720989595540775685 0.23488490212264781509 0.22815924033591142295 5.3517752965140381605 0.55867629167269061696 2.8851653179542009475 2.8169062252887804298 2.7419752136253046082 6.27014e-09 6.66718e-06
38340862.422997936606 5158 2.0132413101435293612 0.51609302394971545702 0.35338533655163345548 4.7826756143887099171 3.9094939799460406427 4.3947343247478176664 4.9577532855616537333 5.4583887537146882352 5.85576e-09 6.51695e-06
38340862.422997936606 6164 2.0658676075520934212 0.34221202265635808359 0.51214146558644024765 4.4628949216356801344 6.0141327121683740842 3.5886033926539697703 3.7695007941474005797 3.9705343385783615773 5.09634e-09 6.22209e-06
