71753593.429158106446 0 5.3981399228205066976 0.032624253075343404018 0.03205767669284693977 1.0148887724655812903 1.6535427002676397201 5.357260356712019167 5.3830851210464114587 5.4086426079893596963 0.000954966 0.000356051
71753593.429158106446 1 9.0404731059523264491 0.07605647155715464236 0.037303926077324710275 5.7646472220181026458 4.0125065463596154558 5.488517451576179873 5.5414476488902373319 5.5928291269099750238 0.000285285 0.000238018
71753593.429158106446 5775 3.0478352111714031025 0.12854136085539033529 0.17203580342714278051 1.6894991387544600059 4.8687741906624815158 1.7452318586840693815 1.6168505516358597784 1.488445484263101859 3.02463e-09 5.22886e-06
71753593.429158106446 6920 2.4045733041665386942 0.17977183715474323589 0.254200854925367703 0.72505544245308095608 3.3818993031495105939 6.168079890092817763 6.1871766956527212145 6.2044098367771169933 4.48089e-09 5.96081e-06
71753593.429158106446 5134 3.5483440869732483236 0.018132807098224564685 0.34930519427467043858 6.1173107289442389956 5.2558528163520676912 3.3184427567853713725 3.3216618480540431868 3.3249093911847960037 2.31886e-09 4.78566e-06
71753593.429158106446 5278 3.1963162603289325681 0.064696275240587436395 0.36801011692096879946 1.3957863551881326547 2.068737083702135493 3.4789828140032379444 3.5010962219494174974 3.5238569914399420213 3.13887e-09 5.29389e-06
71753593.429158106446 5196 3.5703115220683754316 0.151764887055750336 0.18839015285014160117 2.920962232996326069 0.045011625628558593615 3.2925914998178686943 3.3174266060422339386 3.3439747302954390129 3.02458e-09 5.22884e-06
71753593.429158106446 5063 3.4975762864682802267 0.14363480463485636673 0.41457183833782618176 2.7579023483556062146 4.5103203003992806686 0.38915703183014566102 0.33781790603820327501 0.29021314905691103503 2.23728e-09 4.72886e-06
71753593.429158106446 5846 2.7725202546137808213 0.33508535499325248219 0.1298112624578547647 4.1633975292439089344 2.0244531694111054243 1.6379743507391073543 1.2931178048153344484 0.97086809485657665775 2.37403e-09 4.82332e-06
71753593.429158106446 6960 2.9389572246401871602 0.55699279371408660921 0.11460655086037525863 1.2723790710820712668 4.5273636856066623579 4.4639861383461836297 5.0811972853162306052 5.6007365572779423957 2.28045e-09 4.75909e-06
71753593.429158106446 5548 3.1689013867305861893 0.074324255656058213493 0.33947795762297333644 0.79356711221436415649 1.0114669148221584472 3.8033819868405118747 3.8504943254318959589 3.8988794491482616777 2.11518e-09 4.64123e-06
71753593.429158106446 6443 3.2135196870384885592 0.2064323212042149247 0.28352104163249314261 0.45018420716365598055 4.4456117187672665736 4.2367626810645084845 4.4309755876782874751 4.6292876622087151262 1.88164e-09 4.46371e-06
71753593.429158106446 5990 3.0890725335412665409 0.10761244337259186221 0.2018687939298775269 2.3569464223297469374 5.4970703940411587141 1.0818453321815650892 0.98898769171012756996 0.89908071212737095124 2.30118e-09 4.77347e-06
71753593.429158106446 6883 2.401734450460068615 0.46393540615752798528 0.17906883594534678261 1.8265731173830765943 0.87465915711130304278 1.7992892904329207404 1.3022757059043374994 0.85496568552574370159 1.23696e-08 8.36184e-06
71753593.429158106446 5098 3.1449569423911305499 0.05374788142292110521 0.047399816696376183278 3.5716942032767104998 5.8880762033796356647 2.6357137844711364671 2.6090236547541629797 2.5817332635829681742 1.90652e-09 4.4833e-06
71753593.429158106446 5929 3.2684903833651830496 0.14568330461870049319 0.20707462255939110274 0.084740498820472853758 2.3585829314105257737 2.4465463995796974395 2.3472390387175399162 2.2433069955056295086 3.18574e-09 5.32011e-06
71753593.429158106446 5467 2.9568889287627526663 0.12812705348370376224 0.16555885168098916083 2.277327542897665591 0.59274231071740357546 0.87096242518255095888 0.77653188390282912312 0.68673920660162046659 2.43648e-09 4.86524e-06
71753593.429158106446 6282 2.8576340436036660186 0.073995679123302307567 0.049775122719080917844 2.1834455812913411421 3.3496189211573703659 5.321941540741489618 5.3814148298445250163 5.4394589812859504008 2.68214e-09 5.02355e-06
71753593.429158106446 5694 3.1019961087720462345 0.084413742460628798936 0.32301846013752122388 2.0988627673347175495 2.0404059452962246546 5.7778596436307640971 5.8173310840282148604 5.8552485689246287492 1.21025e-09 3.85309e-06
71753593.429158106446 6392 2.9638468485606592751 0.2234433526615631771 0.15790153629959319259 4.9951552734541913026 3.2495514895734123328 0.44925320291074199996 0.36012072101125758294 0.2813821406769153044 2.75286e-09 5.06732e-06
71753593.429158106446 6484 3.1163842672640109654 0.15905446271398779312 0.20114057798697679291 3.6345861460841271118 4.6259374995051691926 3.4981901559710921745 3.5585823329982466667 3.6230009680911918757 1.88476e-09 4.46618e-06
71753593.429158106446 923 2.0063351021668212049 0.36249412035606098925 0.46778567256949676878 4.9884831477055442406 0.13433458169526446557 5.7471065200111830507 5.9117791224830433805 6.0433376992976182152 2.53731e-09 4.93145e-06
71753593.429158106446 6739 3.1929888215036066335 0.14011239188545707157 0.27503174617749087671 1.1230788084021654516 5.9662808545853431852 2.7236839914988144606 2.6626265669206579112 2.5980541103660721447 1.84353e-09 4.43337e-06
71753593.429158106446 5885 3.5050284659956965072 0.044421429119324652712 0.29927858753381508805 2.0369935836438388677 0.44212770689477265407 5.3148420580818731551 5.3510017579837496626 5.3866687641618478111 2.25928e-09 4.74432e-06
71753593.429158106446 5405 3.1837409493180661713 0.038580195250580193167 0.13937873740266887301 2.0747355157044733431 0.99602995696419327487 5.1188188390507685099 5.153997385737170589 5.1888764057711203037 2.93677e-09 5.17774e-06
71753593.429158106446 6764 3.2921113443709315582 0.045714542331075393167 0.23661212895270122836 5.3777812451597686305 3.8542372001113718305 2.8624372926828280939 2.8495512340895188252 2.8363896605210459079 2.4069e-09 4.84547e-06
71753593.429158106446 6362 3.0070886915581755972 0.11937879917165863941 0.29771857305160398521 0.42759194308070042068 5.3070185836915610977 1.5931203179636130862 1.4733260760326305494 1.3545139041899707522 2.92709e-09 5.17204e-06
71753593.429158106446 6775 1.7724044464479462579 0.28040536160150120182 0.1739551317424594401 0.81908522648031112379 4.7717649416575262933 3.3792918615589129239 3.4575117532653418806 3.5446309558784636629 6.39874e-09 6.71246e-06
71753593.429158106446 6055 3.2142827351848475281 0.082547900249201541789 0.05094852654762955374 5.9500956284757711146 1.4844776173765945604 1.9216714078087764328 1.8429417468212754283 1.7634319041784902726 3.0525e-09 5.24488e-06
71753593.429158106446 6498 3.200637530405152642 0.080186300084612485706 0.12951450013258958283 5.9138403350499402222 2.5278680095955134988 0.080992844581081788191 0.074745060255919218428 0.06875710966507297961 2.50157e-09 4.90818e-06
71753593.429158106446 6313 3.2394419217251448906 0.082729534796330356228 0.29738291759412710524 4.5509587586422970418 2.3010142337516201749 3.5106155967557337583 3.54170688874864803 3.5739319914376532772 2.33149e-09 4.79433e-06
71753593.429158106446 6300 3.2187167859356895505 0.072318205768773416442 0.24017807975719895897 1.0325208946020874023 1.8510386418802535768 1.1919998754784386641 1.1256334901383791003 1.0603633762701625276 3.26125e-09 5.36181e-06
71753593.429158106446 5323 2.8030941144717478331 0.15714103438781329425 0.14705498851025747276 0.35291302998852153161 0.73205689204329005282 2.9411462691501166766 2.9070220016294809895 2.8704984311938064323 2.25995e-09 4.74478e-06
71753593.429158106446 4755 1.8593456653015307811 0.034001215995143330151 0.061231366682812239655 1.5064683095000421797 5.628380784804892123 3.0393872671329176249 3.0358574946813789985 3.0322690658301096889 2.45943e-07 2.26531e-05
71753593.429158106446 3800 1.7376519767121541005 0.35106686560088973259 0.73479394871777692355 3.8821011300055059401 0.1854580390056983219 3.6623597855906329102 3.875629710517099813 4.1107997508693525646 1.79108e-08 9.45995e-06
71753593.429158106446 6104 3.3710346793317320646 0.44276405808761509775 0.27993282195169955084 3.7451171719209703781 1.5430154239536939542 2.7388377844246818427 2.5068309567974709218 2.2442782256331028634 1.75259e-09 4.35923e-06
71753593.429158106446 6197 1.7682530752581484546 0.37426681654587717896 0.42184802962779632818 3.3973302688831705787 0.92763731945426963765 4.6007251546384537733 4.9902231832631365194 5.3501375089295395426 8.02678e-09 7.23931e-06
71753593.429158106446 5080 3.1975668295269112917 0.11519108196837349323 0.1884821372899311287 4.5579751136602686401 0.044175072471122206474 1.0491517451290581775 0.95182908340887972809 0.85800847093327436976 2.57476e-09 4.95559e-06
71753593.429158106446 6089 1.8216681662038904932 0.39638685077407387336 0.40883958239028844739 0.97596892460525530577 3.0321485269272376861 3.749237417729890165 4.0315417618975768477 4.3395500873249401863 5.81535e-09 6.50193e-06
71753593.429158106446 5489 3.2220721729629691055 0.12417972781659411541 0.29523709676826398463 3.189941565252319311 4.7153179375051905708 2.9696322682768623302 2.9469060658059711422 2.9228823732450548434 1.80848e-09 4.40509e-06
71753593.429158106446 6756 3.1942420381071539026 0.091119085559253465423 0.30168490466496677982 0.10934085114042707554 1.0327883032927003271 1.8684634001628350752 1.7800427844814186162 1.6909112138943012127 2.22448e-09 4.71983e-06
71753593.429158106446 5116 2.7227944280537501598 0.16087179245371058256 0.082943387725269726585 0.24524080064455860972 4.4861315884841390655 5.7034722668125867884 5.7864981421180319288 5.8631560651551559715 2.56354e-09 4.94838e-06
71753593.429158106446 6951 3.0029388490726853789 0.01646148134285515055 0.085903203448042642076 0.93502649303749219012 1.2050952758533455267 0.60741616781545682002 0.59808332655120843846 0.58881453246560011561 2.54062e-09 4.9336e-06
71753593.429158106446 6295 3.2584720756189575752 0.050120051868410342433 0.25870329070781455938 0.12815258436208509796 1.4426172944180077895 2.7635277533783400017 2.7445745207130864962 2.7251945935600518922 2.30061e-09 4.77307e-06
71753593.429158106446 5923 2.9944804001041140928 0.048494202207429643048 0.1515057604543781633 5.6214874046954959041 3.1376762138026048632 3.6758610127616324625 3.7010949349522221929 3.7268339329081334732 2.22479e-09 4.72005e-06
71753593.429158106446 5234 3.0305965946964206204 0.10289525746243161075 0.098349959080047275051 1.4940438930215844682 2.4423044009483256822 2.0682420280341973218 1.975355388351439867 1.8807662429367151269 2.35138e-09 4.80793e-06
71753593.429158106446 6863 3.1362334462185050832 0.12147266958713147378 0.010841162788054060917 4.8700889937517617412 0.1209752848470312947 3.2358264950309210128 3.248039988907716058 3.2609460255146869301 2.72515e-09 5.05026e-06
71753593.429158106446 5146 2.7596373062173396029 0.044315468210726904896 0.12567027154043511339 1.972585240179973276 3.0128881484427720849 3.8180439247230935074 3.8462867478396685073 3.874994344390658263 2.55901e-09 4.94547e-06
71753593.429158106446 6969 2.1939868241343321031 0.031272832032564396032 0.21873532731015862818 0.66899083202726195019 1.6330095370161172852 6.2633070878327865572 6.263919274292558903 6.2645217404307889097 2.41679e-08 1.04535e-05
71753593.429158106446 5047 1.6419958273246639813 0.24045810255114494214 0.092691053783968066493 0.090221493935573299217 4.3426162632043006084 1.7160845068576526806 1.4715016572807300133 1.2322279711928705304 1.0218e-08 7.84583e-06
71753593.429158106446 6657 2.3698112607573285082 0.21327401592935632535 0.24722613188184411337 2.4610155766195291882 4.8596918482497937219 3.2938553426191057305 3.3304819811801555929 3.370528036587623788 9.52311e-09 7.66378e-06
71753593.429158106446 1444 1.7600637089502244592 0.044742904225813985575 0.83183349653030735915 5.0085248486279967395 1.9379073198775538245 4.9465779671664416028 4.9898895546049679695 5.0329207369759147994 1.72307e-08 9.33865e-06
71753593.429158106446 6628 3.2369275610305123791 0.14781401590245171751 0.23554281544701760609 0.69262741016867390709 0.45243305673806050171 1.5344685973394969203 1.3866061182512048333 1.2412923931811290501 2.5094e-09 4.9133e-06
71753593.429158106446 5290 3.2022747081119322665 0.052289831265922535886 0.12429291930864531934 5.7103439527730834868 1.836031871713630359 5.7002215960173634457 5.7284093081944940096 5.7559531288947995975 2.68653e-09 5.02629e-06
71753593.429158106446 2992 1.7471826607280747101 0.27869528080906513789 0.063413920434192555531 3.2372495523118161032 6.0832256127686221703 3.7471037965189752938 3.9298483883172199427 4.1274780398305814799 2.26492e-08 1.02298e-05
71753593.429158106446 6827 3.1017533371850598556 0.14821607516746757027 0.15194453605175084476 2.3658444673570011574 5.8789614741919224983 1.3081419092706092488 1.16718000694620061 1.0308735805918389783 3.04652e-09 5.24145e-06
71753593.429158106446 5626 1.2365638475705056365 0.36415908363436538808 0.29031063684887709053 5.1823970809544350757 5.3691717267862335561 3.2434817881366262426 3.2906854167572188175 3.3447779790492018215 7.93289e-09 7.21097e-06
71753593.429158106446 1410 1.6140839127992661073 0.31936843448970936299 0.37076240595719589521 1.2657921023405245275 1.1837424836988508225 6.0671292302426396148 6.1277114190667729687 6.1771650746630220041 1.96181e-08 9.75145e-06
71753593.429158106446 6244 3.1775410851905379062 0.082352868482373137171 0.25651520226379448397 4.963549340402026111 2.5312212882435569661 2.7813944713138973874 2.7511539675580181097 2.7198109497839260129 3.08558e-09 5.26376e-06
71753593.429158106446 6327 2.9919068016528163056 0.15247950422517464464 0.13856594641165664861 4.860804879499063702 1.1169429708637896859 0.59467846558327996931 0.51392686211044280586 0.43896784306544656129 2.25041e-09 4.7381e-06
71753593.429158106446 6390 3.0337147715604686482 0.23584921323835084106 0.13070568060103338048 2.1093692590298465106 5.9789597873316679966 4.1315947375974602096 4.3448281095448049172 4.5649241514970233524 5.26519e-09 6.29006e-06
71753593.429158106446 4112 2.0730088517495577349 0.16495258326256781456 0.75493335460831778594 2.2817062054648058478 5.9297997597392964053 0.81285649735212694988 0.69887066799568065001 0.59274784360577181808 1.99037e-08 9.79854e-06
71753593.429158106446 5511 3.2143337633363691097 0.12253752623594177384 0.20004197515887212067 1.9739425435113429064 5.9591442048992409042 2.4312206381999250659 2.3471366055242985915 2.2597082153926679737 2.90982e-09 5.16185e-06
71753593.429158106446 6186 3.2285137221018440634 0.025409921741645941085 0.25011193513056240167 0.8300592664260421083 0.11725246938768667249 1.41828688075783238 1.3932175480697428505 1.3682072156736675428 3.14704e-09 5.29848e-06
71753593.429158106446 5195 2.7743315478398291596 0.11861981272254480679 0.14792234488978600604 1.3267102530365209034 0.027716519126727730965 6.2795897560546585225 6.2799937255560891458 6.2803723097278343346 2.26107e-09 4.74557e-06
71753593.429158106446 6935 3.4774103437741694655 0.11706589943176021196 0.47757646101290240903 1.6083641371845982526 1.937643332695627052 2.0396522152505007774 1.9321058232934711363 1.8225983164948291737 2.603e-09 4.97365e-06
71753593.429158106446 6667 1.3811362224330574477 0.13075791951507148569 0.46496088314909145289 0.69836118745238240368 4.8863761383580044395 1.9812526982260389996 1.8577561777333566617 1.7323451086432639645 1.85586e-09 4.44323e-06
71753593.429158106446 6816 3.1256815683438516906 0.20013191410410499649 0.12516468238452979622 2.8321127373611787448 4.7870629053884776738 1.1030063190349037594 0.93084330579641916259 0.77031273182335124883 1.76213e-09 4.36713e-06
71753593.429158106446 5762 1.382885774459053696 0.066309644828774758074 0.46049524006799108511 1.4812169135334893877 5.0779152443679391737 2.0724164198789933877 2.0132849861782058376 1.9533616998760769956 4.50081e-09 5.96963e-06
71753593.429158106446 6595 3.0633166597346517257 0.047399783031126706268 0.26302835801722063147 0.34866508255971717656 4.827642228762565324 3.4128629579409124339 3.4258680690616669651 3.4391619080322417545 2.5233e-09 4.92235e-06
71753593.429158106446 5950 1.721859538033100101 0.34974928790791143252 0.25948869697775445164 0.60088662008846349671 2.4080324645169786102 0.63680198540677579455 0.44982249926350953428 0.29774951627687784583 1.07677e-08 7.98408e-06
71753593.429158106446 5351 2.9619894264250294924 0.12147263352554835136 0.073350833577586718737 5.4419195481659494718 6.2069003178317583291 4.9633320809010168517 5.0795451472551444994 5.1929218663997298577 2.44807e-09 4.87295e-06
71753593.429158106446 2768 1.5631163018873093229 0.038313256171782543447 0.012824493967867204094 0.56392869411761137322 3.6056070944366531705 6.1079587499843892573 6.1145166274860285327 6.1209482765010596594 1.06163e-06 3.68842e-05
71753593.429158106446 5194 2.3580275077176078291 0.35510024426893715965 0.033514313846394507002 2.318263674110490502 1.2403029926878743616 1.4798980379544914854 1.1241424313343337804 0.80387840916953123838 4.75382e-09 6.07945e-06
71753593.429158106446 6928 3.2348113232714794663 0.22591410885070953296 0.21143059942629160997 5.0289742652049325145 1.3458028104886761156 1.495044567443263972 1.2697456790239085578 1.0539919500773793359 2.08658e-09 4.62021e-06
71753593.429158106446 5914 3.2133532718328670086 0.035980297206379234509 0.092222691526327754685 1.5955120527507105077 4.8961212444706845304 6.222353350053229093 6.2245028490568667934 6.2266130497287983658 2.63408e-09 4.99337e-06
71753593.429158106446 5072 3.1283189266924993355 0.069603360786120921366 0.19278347682707594468 3.702927327378548128 6.1840418935858325611 4.3482113975448708487 4.4141233651132560922 4.4806535703148249183 2.73643e-09 5.05722e-06
71753593.429158106446 6154 3.1705837555390710136 0.10481452655888139069 0.26266046844051066378 0.56265455066098135628 3.9748737078323284067 2.0970328799909516704 2.003752779829815811 1.9086095609036348719 2.04677e-09 4.59064e-06
71753593.429158106446 5312 2.9793107269998353459 0.12598422473081596906 0.11065273887481916204 4.3976738411528639716 4.3998977912101562282 5.9167405468733349494 5.9595277672237365607 5.9995953258397971553 2.46345e-09 4.88312e-06
71753593.429158106446 6126 3.0197332084722705581 0.27675467277214210737 0.19211902764120614151 0.96245520252892680091 1.5978250357311387653 4.4062621062853972731 4.6855329154204552466 4.9621877897828001736 3.04059e-09 5.23805e-06
71753593.429158106446 6734 2.4529146099866783182 0.21784838362697164782 0.44594267445657720383 5.354461014295305965 3.8996403304027937864 1.9996975685739117878 1.7903059342204692417 1.5776849641233232635 1.24231e-08 8.37387e-06
71753593.429158106446 6073 3.2252554276082712192 0.012412413954154847759 0.2748608682933550984 2.4076217068648060327 5.9918457512242015994 0.66501111428764103639 0.65738878120765331659 0.64980415181050488194 2.87152e-09 5.1391e-06
71753593.429158106446 5578 2.8846549524529696562 0.16552579054862726071 0.22793770634222862426 2.5589182097927714032 4.6917162936433491893 3.3982336995651847289 3.4442426605652305405 3.4935777572437989313 3.04211e-09 5.23892e-06
71753593.429158106446 5231 3.1469956857295846575 0.089178733770164164696 0.25898197645775183906 5.2682628295504123628 0.631738798112123634 3.6154288482179581798 3.6578843484474150571 3.7019081964599718226 1.89135e-09 4.47137e-06
71753593.429158106446 6029 1.6103611739792820234 0.2936454830658840609 0.56934190210662161125 2.0947614658183799641 3.9802563131694328469 3.9212225548151304899 4.1564545799168328699 4.4058793123209394338 1.2969e-08 8.49478e-06
71753593.429158106446 6290 1.7007396990448060414 0.30463692384826723814 0.251456264464102075 5.0789752037296649334 6.0047181420178450395 2.7308453454290493312 2.5857002459220046475 2.4249428696458181776 4.66797e-09 6.04263e-06
71753593.429158106446 5211 3.1779750624360318945 0.02492214844269650259 0.27730285597564779954 2.897321952809650103 3.106607277258345956 1.5479871147627153327 1.5230759485907170436 1.4981821715514527238 2.07199e-09 4.60942e-06
71753593.429158106446 5717 3.1588145988963480804 0.0885344520398572421 0.19199394619479048796 5.6112816398416898167 6.0270630727109919533 3.5404088325110785185 3.5763210009494890151 3.6136085277573757324 2.31886e-09 4.78566e-06
71753593.429158106446 5643 3.324409551592583778 0.1036714713574291985 0.072799945215824890532 1.9221029975285783831 4.0830349176094564712 2.8198819078809473915 2.7853121368587490103 2.749152486408388274 2.47115e-09 4.88821e-06
71753593.429158106446 6842 3.1956926750037917273 0.074049469660958822104 0.19058222784630216018 1.4476184216557521633 2.0238918419249101177 2.7257501679672122563 2.6947468635530649195 2.6627483715527135999 3.94698e-09 5.71398e-06
71753593.429158106446 6572 2.9561687510309471172 0.13533717381120241585 0.19677080729264290193 0.22097642603709999332 3.5001446799135864651 2.4237410208292717861 2.3295523571898621995 2.2313391923526295635 1.66053e-09 4.28153e-06
71753593.429158106446 5131 3.5412264597949936196 0.094857155088939770771 0.23016540908130614373 3.7571640753636539323 4.2658893813841087805 6.1732960338136644296 6.1832518684210802107 6.1927155000187781297 2.25296e-09 4.73989e-06
71753593.429158106446 5534 3.2433861481625796408 0.1612061691163987065 0.13699911531962982725 0.59288785288378265115 1.8518388437450730155 5.2785376404850259391 5.4095876839777154999 5.5331753986727907346 2.18919e-09 4.69474e-06
71753593.429158106446 6119 3.1516264889039340424 0.078525290551675591688 0.20547304831033599837 1.1014463611280533861 0.20646336975256623925 0.78278190220428700563 0.72883341470487283953 0.67653558125479418273 2.96829e-09 5.19619e-06
71753593.429158106446 5525 1.8629716159892826255 0.38123252597562401478 0.37080268711217162503 1.8040890474727113713 0.29618713636417631774 5.2508117901881181666 5.5571666638273580219 5.8102660047353129613 2.22151e-09 4.71773e-06
71753593.429158106446 5240 1.7518770796721143679 0.26794281145880050055 0.45307850586977965746 3.5578961871949066342 0.13069095418874557279 3.8780509093759758521 4.0812871812667186333 4.2976182853840558806 1.54708e-09 4.18172e-06
71753593.429158106446 6997 2.9231900529056478177 0.20357116332269792336 0.24660106844674878346 2.2710489660829464853 2.1793837850129702538 2.862793958515895909 2.7999856824360165319 2.731789008774553551 2.77488e-09 5.0808e-06
71753593.429158106446 5957 3.2534470019836101429 0.082008438385097068291 0.10266687185132099269 5.9790270033896559809 2.3752331043761842899 2.0500408608556353052 1.9757754086651766467 1.9004005804494381593 3.45473e-09 5.46581e-06
71753593.429158106446 6103 3.2895142902199876467 0.083682130380195146602 0.17418538311503689586 2.2505497093775477246 5.5144341996012062879 0.068046234697435883931 0.062575178515181059669 0.057342170935806062448 3.07621e-09 5.25842e-06
71753593.429158106446 6335 3.107486308569768596 0.078601237255072800569 0.26625283335540717022 2.1755847209159719924 1.1556768815309146348 3.6157999884482072694 3.653047737932392014 3.6915188499177489234 2.80706e-09 5.10036e-06
71753593.429158106446 5252 3.1435436129839677832 0.14457001251414267062 0.16688971461609972136 2.9652322991751898229 3.6353127321960192475 1.4261199527545938004 1.2840354763772179325 1.145368967466408705 2.42859e-09 4.85999e-06
71753593.429158106446 5034 2.8532868537423112798 0.21116245169837322138 0.14756202076078372976 2.7438431627300645665 4.0160885243495405561 1.511618203721191378 1.3005468634738572842 1.097048695142335939 2.20492e-09 4.70595e-06
71753593.429158106446 6874 3.2871517994666814566 0.087063893406876619041 0.27330010185478359475 6.1515310704352383908 3.5541038963251163629 1.4455324312228374772 1.3595085158933792879 1.2743807800941897579 2.61974e-09 4.98428e-06
71753593.429158106446 5053 3.049019313535659581 0.15998323710142672849 0.28327261690724236942 1.5061715361330412222 4.193626036651281197 2.9243332050374708508 2.8866675236381178493 2.8463240773590912092 1.90259e-09 4.48021e-06
71753593.429158106446 3953 0.94228778202023499855 0.13614022406616832495 0.38328012316749843214 6.0616902300830339811 1.6892213422915183241 2.5983777758186863416 2.5233179230510427438 2.4444069463452984259 1.87457e-09 4.45811e-06
71753593.429158106446 6204 1.5102915132968346423 0.058848771731395181639 0.16471170703306065031 0.16914291698414771203 1.2780470950670090868 4.6355977842698861124 4.6944400129722083648 4.7532793054381388131 2.26769e-09 4.75019e-06
71753593.429158106446 4189 1.1095849932312527031 0.056637478170144577028 0.049162863217021186835 6.0664125433920972341 3.469906220625508908 5.5204322692965330788 5.5588043323782097005 5.5963364019322279219 2.51666e-06 4.91804e-05
71753593.429158106446 5324 2.0770348949411769901 0.095533330255325316083 0.16996356968284864752 0.83864872800686596221 6.2830649634680453275 3.0793294213518573876 3.073072465616736082 3.0665316249003322646 4.64884e-09 6.03437e-06
71753593.429158106446 5185 3.5297503729040466958 0.027276324699364432047 0.27891695939193916765 1.0921175900329977981 0.79301651375095927321 5.5449092768127128394 5.5630861426265898473 5.5810737664702587679 2.64564e-09 5.00066e-06
71753593.429158106446 5451 3.2373513336637698146 0.090758616610548834003 0.081574058358212103714 0.23613956155056853303 3.1582651540184354388 2.7273004064402588398 2.6891052230760665864 2.649425194151220353 2.58702e-09 4.96345e-06
71753593.429158106446 6192 3.2391947238378158147 0.21154269999150313031 0.32778682981143059116 2.3237914301224171787 4.3173925904812966436 0.69539936044915739988 0.56888893169078158518 0.45493166056943556974 2.79503e-09 5.09306e-06
71753593.429158106446 5257 3.2289384231583335705 0.133386637997001678 0.24703399211196302998 0.18273048188909765677 3.3902942007485914466 2.8767259658007153789 2.8392310392047361844 2.7995117641317772694 2.20895e-09 4.70882e-06
71753593.429158106446 5853 3.151100152231000262 0.18577018602693395888 0.13804772049198246742 3.3971663878002331671 5.9077525073986212334 0.79593696786759760009 0.67043796450883064164 0.55501352092554934181 2.34516e-09 4.80368e-06
71753593.429158106446 5962 2.8552248023608908234 0.12762204632272619587 0.19604632229364232776 2.8063120824391618591 3.1114450246715814608 5.3095167213526055505 5.411713532585403108 5.5093797682425336149 2.88829e-09 5.14909e-06
71753593.429158106446 6233 3.1600591612477777481 0.13069377222771139113 0.15639711417267651572 4.9841414595923607678 4.972875711629676232 1.3678840882188574302 1.241168256114667523 1.1175106707463362543 2.38928e-09 4.83362e-06
71753593.429158106446 5650 1.8833202672735813721 0.3495516151542347183 0.16994443569449296794 0.29341233524657245324 1.1813311983250656123 3.2169211404294268952 3.2500420295781737856 3.287876418834625003 1.14639e-08 8.15256e-06
71753593.429158106446 6255 3.2085280537939229184 0.15203175795222562128 0.21191226448551025996 0.42500094780602576394 1.8556895863698212867 4.5924683867654501057 4.7453935387216512609 4.8973425000269781293 2.45838e-09 4.87977e-06
71753593.429158106446 6952 3.2618043109785901379 0.13111941865232737414 0.086045025498735758229 4.8364177177494731552 2.0109845763250611128 3.9420192402331259984 4.0409863348488048729 4.1436462668853248914 2.57429e-09 4.95529e-06
71753593.429158106446 5878 3.277423056278054414 0.076289266206149980443 0.083317327050987335935 1.6453238556602454157 5.0386978251539513707 0.88195163755798400285 0.82438593008164384734 0.76837961766398732433 1.44428e-09 4.08696e-06
71753593.429158106446 6956 3.5148902181284724655 0.16153213738354976758 0.39448072235601383539 2.8004881759702593413 1.992067073273010358 1.9352378906432556871 1.7791014665241695614 1.6210611983921650037 2.20649e-09 4.70707e-06
71753593.429158106446 2850 1.9218693560890998118 0.27925503902369352982 0.40323604403848839484 2.5803160202306947291 4.8564742017293367482 1.2823322230021347856 1.0213131138731694758 0.78316594517664850361 2.86233e-09 5.13362e-06
71753593.429158106446 1284 2.4300072609267022727 0.20716754304926487951 0.18826935562227881116 5.0300354829508071575 3.6368703861691873414 4.2160503825554815904 4.4092798184478123602 4.6070032256642416968 3.64405e-09 5.56389e-06
71753593.429158106446 6722 2.2460308961145050155 0.41484652753139911185 0.18938938136640404153 2.7466695181681233251 1.6804265096281951752 1.5829261888063621555 1.1540869206916433143 0.77474056594990281521 1.78527e-09 4.38616e-06
