76681724.845995888114 0 5.399960185869272955 0.055010376521691044249 0.015087617654501010028 0.17622180462650166577 1.34048124138841529 2.0977650680687940365 2.0495230216536661771 2.0006967912222699546 0.000954966 0.000356051
76681724.845995888114 1 9.0349290953053706943 0.0053741080000474289111 0.059005071617530983896 0.87402542973241104107 1.6771175418968549131 1.5988608024325707824 1.5934883797021823781 1.5881156552855044684 0.000285285 0.000238018
76681724.845995888114 5775 3.0412478610636668463 0.16739263421114070063 0.109737068254553774 2.3544324531260087952 6.1236863055238117681 2.6403977896694335037 2.5529885197363149096 2.4600520289026897025 3.02463e-09 5.22886e-06
76681724.845995888114 6920 2.3771597959227346308 0.28899187213858551493 0.11122741286446355402 0.26899815207219868185 3.9020589068034712277 1.2199616016182130984 0.95756500937852440103 0.72122958756383981349 4.48089e-09 5.96081e-06
76681724.845995888114 5134 3.5230510361881446357 0.084319747389659166492 0.35189810379154845554 4.7983798400759836156 2.7095037942836106559 2.0602861286300413468 1.9842612772923624576 1.9070468043652930579 2.31886e-09 4.78566e-06
76681724.845995888114 5278 3.2024766244480966648 0.13962131542433803277 0.32087285141158566892 4.0476050897507533932 4.3103295310135871787 2.1265974474720028553 2.0029847545862908831 1.8762014401014623921 3.13887e-09 5.29389e-06
76681724.845995888114 5196 3.5935425309809541083 0.1135316621767268469 0.19794058284731863573 5.8635538961030979621 4.005427418266274131 2.5692251666430836465 2.5044551005395847554 2.4369154506107864044 3.02458e-09 5.22884e-06
76681724.845995888114 5063 3.4785954838163370972 0.09258799768956990639 0.43270507827946458335 4.4099276154257012195 2.6943487230764238127 3.5944926444705691537 3.6368551750869668737 3.6808587918199466849 2.23728e-09 4.72886e-06
76681724.845995888114 5878 3.2510641826918020847 0.13284207797337060919 0.046538579482849361246 1.6803554288130229111 5.9105272688882726229 1.0942621633369959966 0.97934202644388679282 0.86906574130695735114 1.44428e-09 4.08696e-06
76681724.845995888114 6255 3.2004133292639709296 0.1528414816636745055 0.19285790667046828761 4.7460855224723612622 3.343163205331461274 2.5174673037968737788 2.4217165261113886565 2.3209494304665510001 2.45838e-09 4.87977e-06
76681724.845995888114 5548 3.1632431551815241022 0.09279836793492625413 0.28716048084170836541 1.9953305145537560961 5.3215242148327455141 4.5557090153108630304 4.6481743159146260425 4.7407814214775640949 2.11518e-09 4.64123e-06
76681724.845995888114 6443 3.2207139527430874715 0.22757143366572393783 0.27696095610968790579 4.3512970486722304386 2.6060689502889125002 3.4179198518161353348 3.488651844068037633 3.5660565834095736548 1.88164e-09 4.46371e-06
76681724.845995888114 5990 3.0854137732112403292 0.034660323058470311752 0.19394661551641187436 4.7560617609320052779 0.73007997680609348912 3.8683808124478495927 3.8917198865683868547 3.9153489327099193495 2.30118e-09 4.77347e-06
76681724.845995888114 1284 2.4276261196378148277 0.43170403544691099418 0.5468318426008147437 1.1372408177861665912 5.3241561096277880694 5.1524401557238563854 5.5226418372298793358 5.8202220209588828581 3.64405e-09 5.56389e-06
76681724.845995888114 5098 3.1572682424402898071 0.029735149891453593884 0.098377914528743462541 5.0768796806737679361 0.86003717884166785979 3.908585905964288898 3.9294485037469071287 3.9505260414623628584 1.90652e-09 4.4833e-06
76681724.845995888114 5929 3.2596673664662660919 0.14363150671700147809 0.17410205296700051458 2.1140392494760607001 4.5877800187643860141 3.8161157761409500999 3.9115996393332750358 4.011587312865764865 3.18574e-09 5.32011e-06
76681724.845995888114 5467 2.9487061461076562452 0.14175077035821515015 0.14022875434452286569 1.7607550766445736468 4.9678469441428507736 4.2672554314092447925 4.3997170770997797717 4.5345950733064972482 2.43648e-09 4.86524e-06
76681724.845995888114 6282 2.8510038814138480845 0.14647653422671480516 0.048882907880396703204 3.7360444475594678515 4.872372812056894098 0.67965780519740304211 0.59216422357315889879 0.51040716540017905256 2.68214e-09 5.02355e-06
76681724.845995888114 5694 3.106035046036764502 0.16984627500373705722 0.29338850885133843649 5.9260504336801345104 1.2994169103052690684 4.2284424136902956093 4.3858364837326977437 4.5467070384980869946 1.21025e-09 3.85309e-06
76681724.845995888114 6392 2.9694373834827119119 0.25346543899799950372 0.17411997577370399992 1.9406328068331955006 5.7485499652586895536 3.553117610362633183 3.6698559809228954443 3.7976112221160258642 2.75286e-09 5.06732e-06
76681724.845995888114 6484 3.1145799642577292055 0.11018833386150163334 0.24521544008692733319 5.6040387263372810622 0.89999581346256596337 3.939998741102967994 4.022290460296561676 4.107265863176340126 1.88476e-09 4.46618e-06
76681724.845995888114 923 1.9649330746956401583 0.44179209462019070065 0.27129154576073177818 5.2063055577224606196 1.6400571406766053517 3.8853133603200538104 4.2613664284379684233 4.6589801339233005706 2.53731e-09 4.93145e-06
76681724.845995888114 6739 3.1996110045717851555 0.14728143692597950309 0.2440735075149768063 5.8247685603909671315 0.5056889033414538881 3.3195979308497518545 3.3478787528274751573 3.3780458441084011412 1.84353e-09 4.43337e-06
76681724.845995888114 5885 3.4997931471176944029 0.017470488122319084712 0.27167433648258693113 4.149911178670673273 2.7824399988509154191 0.69078913810485553793 0.67973160929401410524 0.66874993460577514259 2.25928e-09 4.74432e-06
76681724.845995888114 5405 3.1878372443777243106 0.025157364414955061399 0.10276316924918448004 2.8105660754804011603 3.6295434513988400482 2.7047450498102096894 2.6939770118153458789 2.6830884689907326113 2.93677e-09 5.17774e-06
76681724.845995888114 6764 3.2865421845617475149 0.03801968322274387746 0.25843918456915265791 0.91414111798259867214 1.1324652200503384503 5.8294124352900240638 5.8458042142556854159 5.8619081562187274059 2.4069e-09 4.84547e-06
76681724.845995888114 6362 3.0076287172002156289 0.21504117888037307949 0.25364949730781161108 3.26047776630438646 4.3064526223737793487 2.2960930931415055589 2.1210563565838880251 1.9377577116938720092 2.92709e-09 5.17204e-06
76681724.845995888114 6775 1.6465280373896162835 0.22222810533905490438 0.1816618901514675255 3.1130493111418204855 0.73760711536590650717 5.9677156294806241732 6.0307698311999375917 6.0862698826748022896 6.39874e-09 6.71246e-06
76681724.845995888114 6055 3.2095216160321915488 0.034939767307006194819 0.072431574800626175037 5.326762852798538006 4.7283158697218938826 0.68776894452258641177 0.66587834916732979718 0.64429430503744755665 3.0525e-09 5.24488e-06
76681724.845995888114 6498 3.2154455612012911025 0.085124910877157553002 0.14784725146781668714 4.4569294672150192582 3.1783114901864566448 0.40982411842890670295 0.37712639707507755737 0.34577912070500116393 2.50157e-09 4.90818e-06
76681724.845995888114 6313 3.2609743085882145763 0.090737371682775250226 0.34992729982257408938 4.2742245143590036349 3.5155666314650808602 1.9958551083162952011 1.9114886706805660488 1.8259665608368036427 2.33149e-09 4.79433e-06
76681724.845995888114 6300 3.2152059620992945455 0.060062784334534428943 0.2233308926085208479 5.6555778821612472385 3.4084456144802754984 4.4727473510859452333 4.5315491389415551993 4.5906324788141681381 3.26125e-09 5.36181e-06
76681724.845995888114 5323 2.8063131811467392218 0.10250714895002992211 0.1068015209026748763 1.6897654553776024766 1.4057893555486875581 2.8503377964349714269 2.8192991826406550437 2.7868307837990800024 2.25995e-09 4.74478e-06
76681724.845995888114 4755 1.8630696760670106826 0.079672005788028507633 0.004567786051780503391 0.98727875428103928357 5.9610071033628901915 2.8015980672541007657 2.7739482257367278351 2.7453126515343608816 2.45943e-07 2.26531e-05
76681724.845995888114 3800 1.7775218186917443042 0.39125034260011626319 0.48626392921447458839 4.8713596317726723939 3.0294669812692069932 3.4908552845369369422 3.6628927420695309713 3.8577385267722736906 2.3176e-08 1.03085e-05
76681724.845995888114 6956 3.5087386254059951263 0.22277859405627939426 0.42250858510219951869 5.2915558673613354301 2.2915004902067339643 0.043392994095023271206 0.034597356043058524744 0.026891343240503563089 2.20649e-09 4.70707e-06
76681724.845995888114 6197 2.0292270087213792884 0.3158744959145531328 0.37210730097533534222 2.1456397714729846804 5.1017473714222205672 3.4222124797097550619 3.5284550943702606141 3.6476296745575407243 8.02678e-09 7.23931e-06
76681724.845995888114 5080 3.2202466708811403606 0.18647237042325656708 0.21847215010465728668 1.2970991091250398952 1.1324314528323149442 0.8132912084969954325 0.68508392023330155762 0.5670957657559395626 2.57476e-09 4.95559e-06
76681724.845995888114 6233 3.1534281783984123848 0.13255606025505822787 0.2064883856914969118 0.31636106993905444007 0.16407139753085744904 0.43957882198601111456 0.38615062797681792839 0.33622666359280156678 2.38928e-09 4.83362e-06
76681724.845995888114 5489 3.2122390711810986375 0.099916075656228037216 0.31721219407811457325 3.0920726517826668811 5.6736792005781593318 0.59451117033673872569 0.54065545865072150988 0.48922884697432578172 1.80848e-09 4.40509e-06
76681724.845995888114 6756 3.1886218702568869254 0.093206365300308957611 0.30265508236828519983 4.340204311391293146 2.4865162537321232605 0.66464124295059179293 0.60908554306852868976 0.55576053285826354511 2.22448e-09 4.71983e-06
76681724.845995888114 5116 2.7498685198697141452 0.21812402631115229701 0.0990961910311569244 5.1735583892507630566 3.946336549462262866 1.1964974851127951894 0.99961215576552375772 0.81611283891213926012 2.56354e-09 4.94838e-06
76681724.845995888114 6951 3.00610593611269028 0.060017192532246417536 0.051310180732421065142 5.683424194984505462 2.1419901523030286938 0.30934426228431360917 0.29156562765808696769 0.27431355799941636864 2.54062e-09 4.9336e-06
76681724.845995888114 6295 3.249224800239870703 0.045084608630052154521 0.24318628703294925542 1.6194917815220630786 5.3399501869171839274 1.2943457640670781306 1.2512231253747805315 1.2084211690461965638 2.30061e-09 4.77307e-06
76681724.845995888114 5923 3.0037638293798627487 0.083595446415773669302 0.20768736703007237288 5.1583147550153150007 3.2211717157367467657 1.6017872642969390728 1.5180257411955544455 1.4345466633417751634 2.22479e-09 4.72005e-06
76681724.845995888114 5234 3.0270365537140566659 0.12773775860886976696 0.097129415190749288089 5.6655012796010648657 4.1885962109832020062 4.0726502745521990789 4.1795440940761476867 4.2895729791126360197 2.35138e-09 4.80793e-06
76681724.845995888114 6863 3.1496324735954059904 0.18034191426293980087 0.031845851437296367192 3.382284506684596348 5.1029402856917265296 1.5457891980437239443 1.3649204568226207535 1.1883869470841812443 2.72515e-09 5.05026e-06
76681724.845995888114 5146 2.7697518174339141872 0.055454900044528118719 0.099686367181960167105 3.6998499969880924709 5.2060563766082328385 3.7361639131747765852 3.7679798192795814771 3.8004886822767485199 2.55901e-09 4.94547e-06
76681724.845995888114 6969 2.1904375880640762908 0.14998324088613407268 0.18232396744465007021 3.1808510863925039125 2.2521010702781629753 3.6311925799648023805 3.7071481659838108058 3.7875219219489442146 2.41679e-08 1.04535e-05
76681724.845995888114 5047 2.2917829979807287089 0.39187562958077859498 0.079916797371735945332 1.5950319082848565255 2.9087219792357026371 5.9759937620757126453 6.0792322071610502832 6.1586035082063421697 1.0218e-08 7.84583e-06
76681724.845995888114 6657 2.3042982394971205373 0.17982323573229477831 0.097413694256909710845 5.3927802538762534823 4.1995217395074408984 0.64758739100473017292 0.54567756454488380857 0.45234977716522867253 9.52311e-09 7.66378e-06
76681724.845995888114 5962 2.8515278601146119009 0.22201985988782629855 0.17972028874215253968 1.5912344240346347757 5.7375106547888981012 0.47018294716226061158 0.37766972431728351722 0.29579869770906425108 2.88829e-09 5.14909e-06
76681724.845995888114 6628 3.245581908258915238 0.16764121764015815774 0.19038991995659065859 2.97210773246990545 5.6955970319493438581 2.227912202170867495 2.0871998965981148899 1.9414190001538396135 2.5094e-09 4.9133e-06
76681724.845995888114 5290 3.1990770469610332327 0.023144263900437490183 0.13220793804361941071 1.1038588563404263532 5.8390051673308249747 4.417849168393425785 4.4400734688302216924 4.4623648826569688453 2.68653e-09 5.02629e-06
76681724.845995888114 2992 1.9804584181659226072 0.30587406618405299508 0.19643747032859670831 1.1871825545994345585 1.1188409553313674039 4.8930289005246745404 5.1906561858317443736 5.4622092728861710853 2.26492e-08 1.02298e-05
76681724.845995888114 6827 3.1037355762456986241 0.15051006745491021799 0.13454942997801838667 1.8731836058578934523 0.92495133295468900947 4.0361945500530787001 4.1599709417300090308 4.2880938637672594282 3.04652e-09 5.24145e-06
76681724.845995888114 5626 1.3374037211112017598 0.4124776980808380622 0.26233049576441175299 4.9147564705296460374 5.1731668979036298239 5.8986446588143897074 6.0333836531417235349 6.135352996835324646 7.93289e-09 7.21097e-06
76681724.845995888114 1410 1.7352118592165590716 0.52988773820477252929 0.32151814232609549071 1.0734025169102230368 1.4064445997868872951 3.144892071594858951 3.1475446881512967323 3.1506985796607285266 1.96181e-08 9.75145e-06
76681724.845995888114 6244 3.1698962185834242966 0.091550231469713513888 0.28543259113823982176 2.913300694871458596 5.265740745298779224 2.8571226888619567497 2.8301909761611820926 2.802140607707056752 3.08558e-09 5.26376e-06
76681724.845995888114 6327 3.00933181611536682 0.22514988800285362647 0.1852852904303887438 5.5341951528969914875 2.3794938301491526111 3.755051372820932265 3.8996059108937841664 4.054391961250082943 2.25041e-09 4.7381e-06
76681724.845995888114 5650 1.6706747943420654501 0.15460193137446856526 0.21350708020855857505 0.69822614728790322047 1.5918333475702663993 2.6526935306908421275 2.5743000145146570645 2.4912245516638784615 1.14639e-08 8.15256e-06
76681724.845995888114 4112 1.9963084237179131719 0.21632359186925628758 0.79050172276369745639 4.4421840481121428468 5.5945339941178398036 2.8280968173409255506 2.7527756574954977964 2.670768686451112206 1.99037e-08 9.79854e-06
76681724.845995888114 5511 3.2112085190814725344 0.060085068845158275119 0.18062794653104927156 5.1168606218666150554 5.5739769559527410081 1.7169188825778893825 1.6571765173774783975 1.5973154726752283317 2.90982e-09 5.16185e-06
76681724.845995888114 6186 3.2333571644667906675 0.057344431028507447667 0.20108218992839152484 2.170465015034898304 5.8077244162289254348 2.6429444275230524752 2.6147897856476434164 2.585958596801177567 3.14704e-09 5.29848e-06
76681724.845995888114 5195 2.7637808731411501739 0.17139720527298177299 0.11494215526412562833 3.8424904894698719282 3.7628409098412904932 0.34041456695238597741 0.287113696524700035 0.23857653520550536896 2.26107e-09 4.74557e-06
76681724.845995888114 6935 3.4805793832283846712 0.10542639934514237698 0.43844696201882765729 0.36867649959610926391 4.7002451829947800022 2.4712836971654725815 2.4027955330043200277 2.3318014868375049886 2.603e-09 4.97365e-06
76681724.845995888114 6667 1.347071849492994966 0.22418056949068693173 0.42548659573076491602 4.9890678634504252997 1.4340234311554380664 4.6631549337634616847 4.8902434797479124029 5.1108877209508065675 1.85586e-09 4.44323e-06
76681724.845995888114 6816 3.132275253348753008 0.18225825482588894899 0.13338869999038491243 2.273448044120307987 0.51418956634005208439 5.0124651807529332359 5.1829915162652122618 5.3454374323600974961 1.76213e-09 4.36713e-06
76681724.845995888114 5762 1.356472352137732873 0.10536066669255776673 0.47089359720255052899 1.3065765474598649565 4.5712209150408664726 3.6331448832627022405 3.6854374003604721821 3.7399541549781454286 4.50081e-09 5.96963e-06
76681724.845995888114 6595 3.0586051530404878562 0.10226140916325544838 0.22658331422275687639 3.2720244773313944542 4.005322378009013029 2.4758792653248979931 2.4099180351997828708 2.3415954920276971229 2.5233e-09 4.92235e-06
76681724.845995888114 5950 1.8022755543463175876 0.31389755698123061878 0.26223597559605921203 2.0863727007695813676 1.4604963841443372452 2.4681526223413623455 2.2393891250922899339 1.9930753625828612208 1.07677e-08 7.98408e-06
76681724.845995888114 5351 2.9752017606631988578 0.10111047044387436178 0.089064849982883845247 1.2970819538675784077 2.2777145379194996266 6.1087701991479175234 6.1255244716311825215 6.1413996735025468965 2.44807e-09 4.87295e-06
76681724.845995888114 2768 1.5587682399066873362 0.026985057896716319048 0.0065715105049022563138 6.2094823441219899607 4.2770998552895056477 4.8153670469675260435 4.8421752412301835022 4.8689333434281225621 1.06163e-06 3.68842e-05
76681724.845995888114 5194 2.3581706290871440324 0.23832764605084155729 0.31527932177078427101 0.005766758719120326955 1.4619091852258094821 4.5877858852182065164 4.8301890968731804321 5.0668650337195044742 4.75382e-09 6.07945e-06
76681724.845995888114 6928 3.2025814797735829842 0.28606090642197801177 0.28850214976556931568 1.0542122402451068464 0.36833440766408326317 4.5665893700000159683 4.8598040192940885618 5.1427623279391303512 2.08658e-09 4.62021e-06
76681724.845995888114 5914 3.2122696277438209655 0.065283046959962148792 0.065061150082309088249 4.3081863867499956555 4.5478270458757306116 1.8720658460789516564 1.8090663354975236032 1.7456276818549836261 2.63408e-09 4.99337e-06
76681724.845995888114 5072 3.1375835244098126964 0.14088460735853383654 0.23185040821354541141 5.7746653267864811454 1.7839510396965319039 1.2494168142986525893 1.1182025477795660695 0.99150278451790985201 2.73643e-09 5.05722e-06
76681724.845995888114 6154 3.187528843467451356 0.15916927593920127126 0.234859761703131803 0.096074006934358094356 2.1314468982102954264 1.5864922579900035959 1.4264623996618528423 1.2689481771781989661 2.04677e-09 4.59064e-06
76681724.845995888114 5312 2.9758788977939891751 0.093997303437125395709 0.16717929319819088696 5.7354899393436218347 3.5099998173944166879 5.4238662902149235023 5.4930609993885290976 5.5598405151165843918 2.46345e-09 4.88312e-06
76681724.845995888114 6126 3.0185103338089591674 0.1962453811436907225 0.16951926757358065645 0.11998965981697445882 4.6999961775131513519 4.5575177624805345289 4.7557059010591240522 4.9517671979278974348 3.04059e-09 5.23805e-06
76681724.845995888114 6952 3.2593642616028346559 0.18206930202376914174 0.12439949075245333721 0.72270241483168273788 0.96298250600575774349 2.9938918266534084722 2.9641755852135305283 2.9320425786457366968 2.57429e-09 4.95529e-06
76681724.845995888114 6073 3.2168830285288776416 0.041161165248086245549 0.24505336657042217641 2.5884745545873437678 5.0336610934533858597 4.9966127371051047845 5.0359072961863038387 5.0749331354652538195 2.87152e-09 5.1391e-06
76681724.845995888114 5578 2.8809573256328979696 0.036120252542319208899 0.23774069345014223198 5.1469350669557156763 2.387809859014182301 3.7104331283954867793 3.7301960301106809048 3.7502499932176545094 3.04211e-09 5.23892e-06
76681724.845995888114 5231 3.1531457863706191524 0.056575603579466893223 0.27497430704788189404 2.3461832597993015348 3.9966494577975151259 5.8771700003763500675 5.8989647980053012688 5.9201714044328355158 1.89135e-09 4.47137e-06
76681724.845995888114 6029 1.6601765793627698553 0.22504983437901057708 0.62331138289022869348 5.971820315828333392 2.7179702431699377385 5.0994607896522126111 5.3011733250509216475 5.4883284599807593551 1.2969e-08 8.49478e-06
76681724.845995888114 6290 1.905803054121738338 0.42271434579359429273 0.60114002729491355925 1.9476072943860986975 5.9641553792207364637 6.2054274601989227733 6.2336390562610075605 6.2545743993960067897 4.66797e-09 6.04263e-06
76681724.845995888114 5211 3.1618358187067094889 0.1363972702630811551 0.27165047630095801034 3.4534594382399266266 4.4776604940431337099 6.1169522114378329647 6.1381915449739645751 6.157899076070217248 2.07199e-09 4.60942e-06
76681724.845995888114 5717 3.1492652434348498147 0.0691038162519908572 0.20580548846655458139 2.9215088493602241471 2.2494040486580231253 0.44019625870896639253 0.411611293868906436 0.38396378566882666261 2.31886e-09 4.78566e-06
76681724.845995888114 5643 3.3281353813091820726 0.090835568639592745299 0.057736412042406697054 0.44395853136514090709 4.8860179492982540594 4.1474039992742000038 4.2261616880553853903 4.3064696058654590161 2.47115e-09 4.88821e-06
76681724.845995888114 6842 3.1855768876253782729 0.09591525803467254585 0.14171205352774632336 1.7314613755328589484 0.52412286165759169876 2.8774564950564101018 2.8511377362178240702 2.8236687460502278846 3.94698e-09 5.71398e-06
76681724.845995888114 6572 2.9483177237855096031 0.14876943066738629318 0.18523729659311799489 4.9224212127930773164 2.1455887113056983928 2.3862591950457558987 2.2779018478237591516 2.1648005701596031436 1.66053e-09 4.28153e-06
76681724.845995888114 5131 3.5296436309284082711 0.036090831994949224004 0.26463192396346230106 4.698747947163491645 0.89125000539048004899 2.171149043458029837 2.1410548344549678035 2.1106749634548305217 2.25296e-09 4.73989e-06
76681724.845995888114 5534 3.2586176944089912944 0.098364927163990756309 0.096999124048997131808 3.4152960753728045518 2.4144242234233428412 4.7503453783311009317 4.8486152219533575902 4.9460688517762347871 2.18919e-09 4.69474e-06
76681724.845995888114 6119 3.1366883818879109924 0.14996158882212617947 0.15988750970671536389 3.3147506378594586707 4.6150316276581380137 3.2225114931462535139 3.2356924043111905398 3.2497829362146646304 2.96829e-09 5.19619e-06
76681724.845995888114 5525 1.6313531983220248556 0.47957736121496263859 0.39269695355185013641 2.9409322073953112486 6.0425698098044753337 3.4446366985475540545 3.6455656161241982716 3.8771575275328147292 2.22151e-09 4.71773e-06
76681724.845995888114 5240 1.6200926867086289374 0.38416216061373742452 0.52345640401907933548 5.5156442605573658966 5.9387247077093441305 4.8053037782947507495 5.1909797022102095454 5.5319792529906264278 1.54708e-09 4.18172e-06
76681724.845995888114 2850 1.7849644398469841633 0.094250189165520650847 0.39288629846083789054 1.2714137392436157814 0.65063440125139870851 1.8132962914359849194 1.7206142098806145313 1.6274197852503502482 2.86233e-09 5.13362e-06
76681724.845995888114 5957 3.2517447884594830043 0.10732055375476362569 0.1205397099190721466 5.20610549033882819 2.298692742084578633 5.6261713548669849416 5.6892002006733317643 5.7492640785765614098 3.45473e-09 5.46581e-06
76681724.845995888114 6103 3.2947701339955624 0.084000525085030239292 0.15250676989066083711 3.4072772812718761237 4.2820299453304455639 1.4018138047895287723 1.3194925267599746377 1.2381305393974675333 3.07621e-09 5.25842e-06
76681724.845995888114 6335 3.1154266281653884008 0.10663679240155346517 0.23778140617904688914 0.42080636822432510025 0.634885445440636631 2.4738543263352466006 2.4047601069471906676 2.333105997534456133 2.80706e-09 5.10036e-06
76681724.845995888114 5252 3.1373505715513467784 0.056232403363207048019 0.16555578693806988211 4.5157478607020884454 0.17275632719432948425 4.8076324080541450456 4.8634902350300563967 4.9190819212699388174 2.42859e-09 4.85999e-06
76681724.845995888114 5034 2.8590956138011391907 0.204135856566923235 0.12152038423568101155 1.4772290344155276642 4.7277784131237190479 5.4273512920663442571 5.573012086484028238 5.7061015457711974364 2.20492e-09 4.70595e-06
76681724.845995888114 6874 3.2768467410884447588 0.11765003451987958438 0.26216251758632547197 1.5776492458752133796 5.8328104650438934442 4.5877648888714102071 4.7056384955240462276 4.8232858494541961392 2.61974e-09 4.98428e-06
76681724.845995888114 5053 3.0594006615961206741 0.24726749188074398367 0.2536383272937293154 0.36267843454908654799 0.9357010279087750737 3.1038159727654099918 3.0929688043281009513 3.0809504441743738035 1.90259e-09 4.48021e-06
76681724.845995888114 3953 0.89539851000975423378 0.17448095037845134936 0.3077222762341695339 3.2408703548586390575 3.3693743256413699605 4.5204459494467652547 4.6955417976700033478 4.8699979873824306154 1.87457e-09 4.45811e-06
76681724.845995888114 6204 1.7309211452323758351 0.27917178932227965094 0.17952067858252093724 5.889868272150848405 5.4346785344734067635 3.8081098758182729824 4.0057599204249640934 4.2180853803597617713 2.26769e-09 4.75019e-06
76681724.845995888114 4189 1.1081109995191662509 0.022654421969615742838 0.014713345467902306379 5.4062016161981354401 2.2295424730104391742 0.10881385617644193098 0.1063806899296302344 0.10397523990791623927 2.51666e-06 4.91804e-05
76681724.845995888114 5324 2.0808664680023842841 0.14232311840787442714 0.19267950319652926705 1.8771128241005223813 0.68000696529240767241 0.997092661956703874 0.88156298044205727571 0.77172742060541954512 4.64884e-09 6.03437e-06
76681724.845995888114 5185 3.5328948065741170304 0.049066435852797428419 0.23196645714108207748 3.6210885913939998559 3.6338405568751497299 4.2770546485057483466 4.3220295094449969753 4.3674047918209621955 2.64564e-09 5.00066e-06
76681724.845995888114 5451 3.2557345533846349106 0.028770108294510380459 0.074683758417460013868 5.7227491017248279803 5.8212525270207642336 6.2227040605459489342 6.2244187850796830475 6.2261085313016577558 2.58702e-09 4.96345e-06
76681724.845995888114 6192 3.2208923333219994234 0.24985583896082155797 0.30625704202351672345 5.0033514508624685746 1.6721026164739341002 0.37249483591892468271 0.28991351081545602142 0.21848738546147947193 2.79503e-09 5.09306e-06
76681724.845995888114 5257 3.2277160072628872101 0.14519732956825401327 0.23174492958015929789 0.46122033329980788308 2.1584593124074098469 2.8310840599268791706 2.783161898960117675 2.7322259282169572003 2.20895e-09 4.70882e-06
76681724.845995888114 5853 3.1294392403118154178 0.17132370615145009474 0.16345284707466645191 5.4857829072784269897 4.3295166234686339735 0.44921895633499353551 0.37969990291000282889 0.31620018239088604206 2.34516e-09 4.80368e-06
