42874743.326488703489 0 5.3973767551649549645 0.055692738175203038153 0.032984604789080350373 0.19483128431848181772 2.2128996145634967085 1.1942112004101355094 1.1429178983787739998 1.0922459649960398753 0.000954966 0.000356051
42874743.326488703489 1 9.0081432243537840066 0.039786012658503733253 0.03639625038723717787 1.7764254309439992952 1.996288837547288697 2.1915328830180418329 2.1587798999708165404 2.125675516446620783 0.000285285 0.000238018
42874743.326488703489 5775 3.0398978470579658406 0.13473863122330981268 0.11030219724072930221 4.7761761658642782891 5.0748508411972759191 3.2055251332581575774 3.2147991727962383912 3.2246541110622550796 3.02463e-09 5.22886e-06
42874743.326488703489 5394 1.7353442743024329875 0.037797670778548293768 0.37293476950700155115 4.4886462219724672096 0.73128599941262573125 6.1615736246872989668 6.1660760793959035198 6.1704924245441796771 4.23442e-09 5.84945e-06
42874743.326488703489 5134 3.5392144427324052636 0.055459921809239337565 0.33185994433030485684 1.7302533227453573694 1.2907408776207027756 2.0419358257934141498 1.991859669896541174 1.9412439041133304762 2.31886e-09 4.78566e-06
42874743.326488703489 5931 2.6661298088596332434 0.55504356994700931871 0.77053025008728515122 5.0651729412272459285 4.1324375359353657799 3.6284651128319693747 4.0109542021001711731 4.4349614713245832931 2.66585e-09 5.01336e-06
42874743.326488703489 5740 0.94529699172157666265 0.074042206759532255833 0.15016084039273977502 1.529049812188382429 1.1460979059631899446 2.1027005459032643842 2.0375986230285825229 1.971478049540379418 3.09097e-09 5.26682e-06
42874743.326488703489 5588 2.7871009333517804407 0.30509775589701432219 0.15571351391303825396 2.5619623464818594982 0.1286708734361454165 4.1670731747166245285 4.4558381566596283463 4.7509503510306236862 2.40685e-09 4.84544e-06
42874743.326488703489 5846 2.8187854354212831254 0.17205402640158856675 0.07715256000762786559 4.4053954553783469805 4.5358984953596976908 3.7790870027338665516 3.8898705586490658348 4.0069322835085960932 2.37403e-09 4.82332e-06
42874743.326488703489 6171 1.777037470491162896 0.2099044037336352253 0.26022071161620369262 0.50634121654993435868 1.5816469699659447823 2.0550071875724875703 1.858015410801323819 1.656709661555644475 2.39216e-09 4.83556e-06
42874743.326488703489 5921 2.1261243018345732381 0.22682655851614447196 0.85661958337529719998 2.0369035752844641962 3.2706531025495371168 3.5832401099588087057 3.6927510113078945153 3.8115342746948011055 2.32801e-09 4.79194e-06
42874743.326488703489 6443 3.2050696843641870437 0.19409899657294024666 0.31045466882839589662 6.0673654098945384305 0.90130468228182269996 5.2578220545419078746 5.4169106487097637981 5.5647988356284789901 1.88164e-09 4.46371e-06
42874743.326488703489 5990 3.1127110607576944368 0.10477829077379520462 0.15992348698796798878 1.6877268975164396725 0.28079162202242297086 0.39083530675746847027 0.3526674731352894554 0.3164768067367482729 2.30118e-09 4.77347e-06
42874743.326488703489 6883 2.3361941624280433416 0.275616291274669023 0.44892447195230189561 3.6874249494362989488 2.5034866360625027681 3.8819496461585649705 4.0927002648425263587 4.317068265698400964 1.23696e-08 8.36184e-06
42874743.326488703489 5478 2.0352583890467101924 0.50101945498616962116 0.26315432589962622911 2.5041753988971944267 1.013563416161124664 4.6474000703290094805 5.1799858748066451852 5.6272229185958639874 2.28234e-09 4.7604e-06
42874743.326488703489 6793 1.2233774879103429534 0.41226938179942168583 0.34189356742643095544 5.0831897467682658487 5.0802342504354287556 3.5723613062689008046 3.7955191566361810018 4.04630573750101874 2.0508e-09 4.59365e-06
42874743.326488703489 5467 2.9770383752014000223 0.20875314153828158914 0.13080998127228857242 2.0608730088706108674 6.0664020855285372136 3.2578446946358958769 3.285193066186538946 3.3150671831429483483 2.43648e-09 4.86524e-06
42874743.326488703489 2413 2.1773622192353281335 0.68676179125438641115 0.36133657533976565324 5.0065532746758414362 2.1919200977797888008 3.6705555368530684568 4.263763957346235145 4.8825667675720767491 6.11801e-08 1.42469e-05
42874743.326488703489 5694 3.1228866334620808409 0.093687295410352172675 0.34366769996939305898 5.4582444189186265504 1.8926026826112041235 2.3680501544775314215 2.3001950809288445043 2.2303441550193041643 1.21025e-09 3.85309e-06
42874743.326488703489 6392 2.9727913292687597746 0.205113588064024438 0.15331046659573463464 1.9322231800663707268 5.1360597569287458342 3.8552871819682517085 4.0022775260006282494 4.1578129490228157294 2.75286e-09 5.06732e-06
42874743.326488703489 6484 3.1159199515267332892 0.15834387567363106264 0.23091151551495625593 4.4344150857124091658 3.6517933481496966941 5.7226758487388247332 5.8019917382431724917 5.8752792274927072569 1.88476e-09 4.46618e-06
42874743.326488703489 923 1.8612073518262317595 0.18153310112717402358 0.22878451268991056855 2.2417811042992301651 4.4749114722107439235 3.0094664446416916626 2.9829457586184022766 2.9542667528546076028 2.53731e-09 4.93145e-06
42874743.326488703489 6739 3.1745961554151143069 0.14613364701140674207 0.25987503933980454773 0.70138289430792999379 1.5117818443969408548 0.74913116652846578614 0.65425551733851039504 0.56532315899128815495 1.84353e-09 4.43337e-06
42874743.326488703489 5885 3.4968742120007996199 0.050709673479565710308 0.29373041417477735449 5.3841985521883080068 4.5858385487726405216 2.5869320629563765657 2.559621008974524603 2.5317473173978863876 2.25928e-09 4.74432e-06
42874743.326488703489 6655 1.3979243799566309914 0.25327464800683291424 0.13290280280045474459 5.1116501960039260055 5.9097158263127615996 5.9296296447249501327 6.0091275195797351216 6.0776737722412033094 6.32791e-09 6.6876e-06
42874743.326488703489 6764 3.2697300715129395954 0.031390382630063391745 0.27834937181714014542 1.395009751024392175 0.33536564003107799392 3.9965647786532918495 4.0205017878689242039 4.0446737440239708405 2.4069e-09 4.84547e-06
42874743.326488703489 6362 3.0203016823929917933 0.15260727498458151463 0.1941720166657890656 3.6619184117714635995 5.3614869356150141044 0.059132932753298415862 0.050706614421227286238 0.042971731769698803816 2.92709e-09 5.17204e-06
42874743.326488703489 6809 1.667646861963274052 0.17714792042132659899 0.45462700263925992505 0.35848568250670098667 1.4169632188160530273 3.6024705276491619799 3.6887308434262426893 3.7808912214837815391 1.72631e-09 4.33733e-06
42874743.326488703489 5569 2.3118813578329637792 0.54280613522605647425 0.20692069327646780974 6.1355939393931482329 0.91223245953151510523 3.192357319221004186 3.2347990514617808167 3.2853188339955501363 2.77052e-09 5.07813e-06
42874743.326488703489 6498 3.1961925711006764494 0.063594243267019776034 0.14946171913681038923 5.5084768667365278105 2.19416227497550409 6.0149966500995244445 6.0313625889226134547 6.0472083411854455903 2.50157e-09 4.90818e-06
42874743.326488703489 6313 3.2542462317762042012 0.095218464691350312989 0.38871040005651963378 6.0317952138379116178 2.6196169218220513031 3.8831306780220433694 3.9499159572304187726 4.0187712929632146697 2.33149e-09 4.79433e-06
42874743.326488703489 6300 3.2697910665035507805 0.069246652277843809276 0.26803207810023216284 0.48324393893428296831 3.4836583636440479061 5.0868878533924082319 5.1505830241797694313 5.213287212269387183 3.26125e-09 5.36181e-06
42874743.326488703489 5204 1.5988262577499881001 0.15232430092375373598 0.36119677107053826948 4.4869354901072906472 5.4735417654240983154 3.0272986197955105148 3.0083858702162311616 2.9881551931616119333 5.21728e-09 6.27092e-06
42874743.326488703489 4755 1.7691329573133414144 0.071637345189959150682 0.11923684386645860833 5.8278047582092025181 0.79680862435491672802 5.341013146464578476 5.3978170597986734336 5.4532749774646394059 2.39615e-07 2.24572e-05
42874743.326488703489 3800 1.2892663472683336678 0.10603000497367112698 0.25604573974683153548 5.5074977838586169909 2.8606793504140788365 5.1739511771631594428 5.2668853921768192805 5.3570284650379473845 1.79108e-08 9.45995e-06
42874743.326488703489 5861 2.3105346858765218876 0.33578991940015029405 0.081081712615793111176 1.0716200154619552887 4.5254932157605862741 0.39952747651551595576 0.283619872338647383 0.18965486303854089956 1.95257e-09 4.51911e-06
42874743.326488703489 6719 1.0614088808081740822 0.17072218562205765391 0.11126262789132211617 2.317842261474670984 1.7636939526488080165 3.6205803458849739052 3.7063410247917474294 3.7977120978649914207 2.09817e-09 4.62875e-06
42874743.326488703489 6815 2.1827959773844969327 0.13957769214222567888 0.26739033552213320455 5.7014512807478201495 0.37720397374313047179 4.9340781275658720517 5.0686283856790019797 5.1994426873142529644 3.57143e-09 5.52668e-06
42874743.326488703489 5480 1.9831842408540316658 0.53598092217547832483 0.77212129064045276206 1.4186307126982042881 0.91595314436247832202 2.7620234446674505335 2.4691379963078166071 2.135271123518232006 1.6026e-09 4.23115e-06
42874743.326488703489 5093 1.8026858729130423864 0.49349900466688789713 0.27491720916193279622 0.21574871994987360191 1.3731542107984644474 5.1214320858729269759 5.5529261612801787962 5.8821209503907647687 2.98948e-09 5.20853e-06
42874743.326488703489 1517 1.8234713143720679973 0.49592715552918498201 0.47482563815356454429 3.5458185711522722805 4.2906617423616371099 5.7024284217710459188 5.9396762681522554672 6.1067011593977538197 2.17631e-09 4.68551e-06
42874743.326488703489 5116 2.716848037620862133 0.11500973141351414353 0.040465343649042376239 3.1403616985641393811 2.1713545498168942416 1.3139037064751757367 1.2040209474993031069 1.0966606779073326816 2.56354e-09 4.94838e-06
42874743.326488703489 6951 2.9813412332339770394 0.05339164337140645672 0.030518571499054611418 3.0254805526118104808 5.1817201025227239697 2.3170992914566750365 2.2771516277104861814 2.2365348655407841783 2.54062e-09 4.9336e-06
42874743.326488703489 5559 2.2417891872754069915 0.26111904319772971661 0.33659635677330929093 2.4913957998635138935 1.4535834162801841707 2.3105763135890993176 2.095824922701799764 1.869876105626865348 5.44342e-09 6.36025e-06
42874743.326488703489 5923 3.0250113467911945442 0.041790056879247507171 0.22116292402026752062 0.21813003566318092674 2.5855824585734517029 1.8378192347539705764 1.7972744614141153985 1.7565515863082423742 2.22479e-09 4.72005e-06
42874743.326488703489 5234 3.056067949783050075 0.24571066901039470554 0.11107398482758132352 5.9814888210979404448 2.2059244527677543957 3.4173441770718531174 3.4945164136944182331 3.5794445467552207241 2.35138e-09 4.80793e-06
42874743.326488703489 6863 3.1261568878547292272 0.16183884191735872782 0.086229704764401921002 1.0884778058362734043 0.741515124990727581 2.5082714735076430124 2.4051716340484947665 2.2964740916212038613 2.72515e-09 5.05026e-06
42874743.326488703489 5146 2.7660219987093412897 0.049360592617277397609 0.10737242843807985604 4.6359686288504695639 2.3842551724135048197 4.5394549241747172985 4.5883068302840319674 4.6372879229669745627 2.55901e-09 4.94547e-06
42874743.326488703489 5492 1.9345635479805491919 0.24861990359411689777 0.41851982065050424842 5.8865194227422632522 3.2033348734951521131 2.95049183372751056 2.8957387828261755836 2.8352285250083815171 4.51271e-09 5.97488e-06
42874743.326488703489 5047 1.5453558082766574167 0.19455363723737864601 0.30029556660143652547 4.5661334211875796996 4.4850438675017141321 3.4948257458554734534 3.5696400370735212881 3.6503983077837771631 1.0218e-08 7.84583e-06
42874743.326488703489 6657 2.3834177001601442036 0.23686648610446323082 0.26923912699455410102 4.5681530438233366453 4.5965612704605192107 5.3812888654063932847 5.5562755317305656533 5.7136883997410494729 9.52311e-09 7.66378e-06
42874743.326488703489 6413 2.7566388400319539187 0.11043264443376384076 0.13664728975115722487 4.4116245725169864755 1.1477371012917054749 3.2319604261645089593 3.2425404714156744745 3.2536694817658942114 2.71272e-09 5.04257e-06
42874743.326488703489 6628 3.2798415036900134822 0.13307200264743801466 0.2302942192469759064 0.1093132676718119034 1.4373228488515872314 5.5535050929605640491 5.6383320624685566713 5.7183191361731831037 2.5094e-09 4.9133e-06
42874743.326488703489 519 1.8263098727541728916 0.27730181721783764281 0.082864279387065309379 5.5344142252061763187 3.2898353308684233909 3.2441284490410602359 3.2778162051025416801 3.3154745208466134265 3.92741e-08 1.229e-05
42874743.326488703489 2992 1.734331098065033272 0.061025849120870681586 0.15688317116963929054 2.0441718074381269865 3.9691473556590670668 5.592620589003116649 5.6306290885483747388 5.6676851674586172791 2.26492e-08 1.02298e-05
42874743.326488703489 5788 1.7738158755757122975 0.34309731074653487815 0.27264258712563543829 2.4789300937212668252 5.5093552953031768027 5.1891910191796650764 5.4779315044013889846 5.7253069070202693425 1.43499e-08 8.78617e-06
42874743.326488703489 5626 1.2230009514156334749 0.1174890252953375569 0.14546827079349033962 4.5501291804174925915 5.4141599438110539211 1.5572093515285811982 1.4395531954700582222 1.3230745786912776474 7.93289e-09 7.21097e-06
42874743.326488703489 753 1.4673517243844080848 0.17153990048345504893 0.23808819234752373606 5.702574205478293301 0.20098152151895523621 0.65735328761121591956 0.55859681975815911326 0.46768121735565004737 1.27811e-08 8.45356e-06
42874743.326488703489 6244 3.1862490504196787633 0.14271940165660479405 0.33635093124635140338 0.90299025591646087108 0.99070551381491422926 5.8438966027618137744 5.9011720314113551566 5.9543763078747558026 3.08558e-09 5.26376e-06
42874743.326488703489 5020 1.7347513094125488475 0.33942923616953413202 0.46763710032651684134 2.8838294305989302657 3.8659891096849823278 2.3368551434482318641 2.0519184288019891582 1.7510224889682688421 4.40916e-09 5.92883e-06
42874743.326488703489 6161 1.7853903955811365467 0.42982310265748374656 0.23538766877934155786 0.14088384296713934996 4.1556905772685528433 5.3351670293760058428 5.6565947094959376784 5.9086371520638865107 2.19638e-09 4.69987e-06
42874743.326488703489 5647 2.033318428495475505 0.42979778112065553097 0.46214895574038933335 6.2516236985815760718 0.96822229171275575599 1.8146904787380344626 1.3590956892124561595 0.93889314964111991735 2.57441e-09 4.95537e-06
42874743.326488703489 6451 1.9136820496827258165 0.27090880041231069075 0.13539905052120315698 5.6589115643211602702 2.7663426315428409907 3.0628326125796916379 3.0376471998587155632 3.0095381436793053886 2.57122e-09 4.95332e-06
42874743.326488703489 6702 2.0280992793714718303 0.21307594308074695455 0.13287991739140880831 3.8224661424134729337 1.0634098349435159303 3.153429494400695976 3.1562890427971930229 3.1594203770649929019 3.70623e-09 5.59535e-06
42874743.326488703489 5195 2.7668959547501161822 0.085557898286870728843 0.058945265507546105999 0.98810312008525835736 0.57557180220415049554 4.3318798010069894389 4.4127073353676058431 4.4944519627071519707 2.26107e-09 4.74557e-06
42874743.326488703489 5437 2.186021085183258883 0.35270400799515683188 0.4334613050459549255 0.505863320970998398 1.3555231313023230477 5.8604538159686221377 5.9884778883871288002 6.0909242576414825976 4.54448e-09 5.98887e-06
42874743.326488703489 6270 2.1636934034681991612 0.53935060172153681535 0.4304945981804312316 6.1909904578693568666 2.0631241747240638418 3.2042813297001271344 3.2561017432387844295 3.3177274073108540264 2.07589e-09 4.61231e-06
42874743.326488703489 6816 3.109409398742539743 0.12219135229659551511 0.20533712617484764507 5.4014266050300356881 2.3417986050251555774 0.41937275202755558423 0.37208857686012442034 0.32766445920223430388 1.76213e-09 4.36713e-06
42874743.326488703489 6040 2.1660321462731895181 0.18476271270037342154 0.91765420711601530801 5.7388287681516958472 3.8113367042347050528 2.8689863321098267868 2.8138753208087243785 2.7544034025349573014 4.48499e-09 5.96262e-06
42874743.326488703489 6595 3.0334391780028377994 0.14756465469213475572 0.20343029137464524458 2.4465067093254537767 5.9270446748341987231 4.918251913799948305 5.0610827335367414292 5.1997669208192052182 2.5233e-09 4.92235e-06
42874743.326488703489 5950 1.4215887346719735529 0.30275454374181703932 0.29026121431527318606 5.7411840771910807035 4.2539294556831439564 2.3680619735526153846 2.1256299326336107747 1.8682921705702262294 1.07677e-08 7.98408e-06
42874743.326488703489 5351 2.9663555305002913265 0.17782576921608259091 0.14916019309278114036 0.32951665997467122216 0.98007990410449674634 4.6189713258998397194 4.7984652246942740561 4.9756326343328503015 2.44807e-09 4.87295e-06
42874743.326488703489 2768 1.6146212312462024929 0.031278483480831217878 0.032867687282023425044 1.6723515575243124154 0.94429862074093762203 1.7517772401305593544 1.7209176320815902095 1.6899909394865371137 1.05906e-06 3.68544e-05
42874743.326488703489 5194 1.6392739156810589574 0.27770592295574736408 0.16534295173551508129 4.145487133788687828 1.6542854624608975822 3.3438873464318841222 3.4099479809015558196 3.4835805924906972919 4.75382e-09 6.07945e-06
42874743.326488703489 5310 3.4876260908678764494 0.11592527425558488141 0.32435872037181051608 4.106980577668899457 4.8019333544281304071 0.33727777407062425885 0.30079272851336674721 0.26644668546595090541 2.51895e-09 4.91953e-06
42874743.326488703489 5888 1.156196039503872619 0.35506383639296051902 0.38107192258404354313 1.7190001757464583587 1.0939342725493241826 3.2135392714313026907 3.2458305893740346804 3.2827747228066055385 2.79797e-09 5.09485e-06
42874743.326488703489 5964 2.1158486002749192778 0.43077096082295407431 0.65291922735863416882 0.072870597473454590265 2.1407141238083839951 5.0517453549077799835 5.4437462171537811528 5.7643555241052331084 2.1711e-09 4.68177e-06
42874743.326488703489 6639 1.3681056496878312156 0.1290800639683239992 0.2520326739607383626 5.6939160326286506475 4.3691705896233008488 5.1082494345401840974 5.2247992270995116115 5.3373009377354545535 2.07227e-09 4.60963e-06
42874743.326488703489 5312 2.9988813071678501743 0.11417078690622897708 0.19366461128702477934 5.6255015675347266324 3.3919507737967964367 1.6981531766398294536 1.5838277194994270225 1.4696666265374520588 2.46345e-09 4.88312e-06
42874743.326488703489 5289 1.8661361479145586184 0.38935557549987998005 0.24843095299404488463 2.3105140798706140792 5.6857069462949825223 0.64736470227101283736 0.43769704784328516967 0.2726668425526759254 2.13423e-09 4.65511e-06
42874743.326488703489 6734 2.028320774261909154 0.087934789251604292271 0.20289477317010545798 3.6121608472477579888 1.7649376312791105192 5.8412010469839872329 5.8774396049592168012 5.9121478204301629589 1.24231e-08 8.37387e-06
42874743.326488703489 6073 3.2512154578750123157 0.031631488736572670184 0.21399651339432246289 3.2674772635721067715 3.4374255525997163829 0.95762491636949409468 0.9319841958673958926 0.90659029177986238945 2.87152e-09 5.1391e-06
42874743.326488703489 6692 1.7775397305733970921 0.3544400855615260082 0.3073231934139225574 0.85434787924618360577 1.7514045373839803865 3.0548440959181220045 3.0160257456062868897 2.9716366623963810234 1.32225e-08 8.54977e-06
42874743.326488703489 6028 1.6926861759866544954 0.2789219262389354137 0.23357902432014451821 6.0164418794625857956 5.7211815045993024142 6.0675408150329115387 6.1209888025959431346 6.1660308640291088267 2.1303e-09 4.65226e-06
42874743.326488703489 5030 1.2039112685741431008 0.31945783722799492299 0.20510839424490365235 2.7325732275205538713 2.7333369931045230494 3.1933884275898134497 3.2136989931583466173 3.2367139726197864391 2.14686e-09 4.66428e-06
42874743.326488703489 6521 2.9621476370454034033 0.029489833557809857351 0.10254773345052710376 3.4121874938248213383 2.5258436566361592845 3.9525097902519554793 3.9741108010116135141 3.9959223213784360595 2.953e-09 5.18726e-06
42874743.326488703489 2010 1.4952530092386979721 0.34239698618502883987 0.23978240988954399593 1.6840928574560700692 0.078344764381757123206 3.5278670839251411451 3.6865516306449892525 3.8640444110368048491 1.54172e-08 8.99881e-06
42874743.326488703489 5717 3.1613063306364432847 0.10641192563097351398 0.20303115581666689171 3.8459537598592343777 3.1120290464318025592 4.1078214008647417899 4.1983051980394758829 4.2909627040208579984 2.31886e-09 4.78566e-06
42874743.326488703489 5479 1.2359589768471554994 0.39374221021614236316 0.22242133877096634254 3.1870711101194948434 1.1657208983273716907 2.3232899703509586331 1.9783785033070508952 1.616890903616932551 2.12255e-09 4.64661e-06
42874743.326488703489 6005 3.0200453069072747958 0.41942164754072758237 0.58205609253389323232 5.3165618941000385433 1.3711614060537120618 0.8848915580736270714 0.58841529329905739587 0.35561802249272500553 3.36675e-09 5.41902e-06
42874743.326488703489 5540 1.8535785801986739418 0.47758619534302576559 0.15599831790758611483 5.6575590181367916287 2.5322636831288831694 1.5909400492588252618 1.0906746981272226193 0.66708499471027971062 2.31531e-09 4.78321e-06
42874743.326488703489 733 2.1691801264688352902 0.29031312400682368624 0.26169642011952942706 3.5842245835127717335 2.861011276541402637 3.6561368014300170692 3.8234176970395465922 4.0063762444700481424 4.51209e-08 1.28719e-05
42874743.326488703489 4406 1.9118482633311701946 0.50710321690613568979 0.24593307421973623073 2.0454901766967403809 2.227390493211392819 4.006014793846878419 4.4991393634767540277 4.9947558492568262523 6.27014e-09 6.66718e-06
42874743.326488703489 6119 3.1155887000861399727 0.088793315800402602966 0.17388945830520752267 1.2640045192330124912 0.19094952686324007107 5.8950019024956938907 5.9273427910833529353 5.9582766263348068136 2.96829e-09 5.19619e-06
42874743.326488703489 5525 1.8580328167356483515 0.31954179125674292417 0.21622458464881866291 3.4070293110688312233 2.7319276992853138708 0.70426166051771232901 0.51596966319551240687 0.35831461092605093599 2.22151e-09 4.71773e-06
42874743.326488703489 5178 2.0035948165182628777 0.24482012988894985561 0.064713623154838945117 5.460946030992148259 2.2497545878626237226 2.5198302288035736574 2.3590986407097518374 2.1864881450537319019 9.33283e-09 7.61239e-06
42874743.326488703489 6997 2.9007140814784282412 0.092598571685411662502 0.1702102292051449195 1.9039399624539792288 1.1969029636672809946 2.1524649172825318644 2.0729415032638129901 1.991774031622493446 2.77488e-09 5.0808e-06
42874743.326488703489 5667 2.0919345495011727465 0.33387398545900515145 0.74149136133345316946 0.36617461307638615731 3.1460890776928760459 0.77390353165270564517 0.56076408040783842779 0.38319873893201333859 3.20823e-09 5.3326e-06
42874743.326488703489 6103 3.2947948623080773878 0.030543526794607343128 0.17933955336406956493 0.057148619530075397965 5.9724473233501820246 5.780243386805618222 5.7947742255845913206 5.8091059612351214625 3.07621e-09 5.25842e-06
42874743.326488703489 6333 1.313718814416354963 0.39481683212997070731 0.16970147820714845399 4.8099538894451079329 4.5669431680416963104 3.0421214925434774123 2.9907424143432246311 2.9314098263036756364 1.94245e-09 4.51128e-06
42874743.326488703489 5252 3.1669168447248474685 0.23794516519192673853 0.19649543639702024556 0.50146657425722052093 1.6017316204439349114 2.0011214559741743457 1.7711047603721914445 1.5379172480983624993 2.42859e-09 4.85999e-06
42874743.326488703489 5316 3.4813216567823372927 0.08800533198231272336 0.26094750592432880421 0.20008652162488424486 3.2057984741078184854 1.3840707840616646163 1.2981833524502626176 1.2134280006478861402 2.96988e-09 5.19713e-06
42874743.326488703489 6874 3.2854436931152255497 0.040746717931018409942 0.20945084607211539307 2.8141949640415244716 3.8971566187403241521 2.9908956074157893035 2.9846500373326336764 2.9782813606046589783 2.61974e-09 4.98428e-06
42874743.326488703489 6823 2.0195640219149835204 0.19491626392546318458 0.17960061315290820616 1.4998699989892605444 4.9498886703723004032 5.8619176647639097411 5.9357293927939558387 6.0020997169573115926 1.69817e-09 4.31364e-06
42874743.326488703489 3953 1.3191370192825819796 0.26234861697544115122 0.35368401306478697288 3.3517831203601389234 6.010834450567460685 4.2582482427845569362 4.5117695563021413818 4.7688563334483760059 1.87457e-09 4.45811e-06
42874743.326488703489 6204 1.6316387285646980487 0.2554768445000458188 0.32952340270203062111 1.6057403793838904704 2.0750774386769279545 6.2563658841579581349 6.2625317540659901638 6.2678078835187278628 2.26769e-09 4.75019e-06
42874743.326488703489 4189 1.1121411596575985214 0.078782240530610669893 0.0014374548535562917378 1.9997857555231604021 0.91421271639798595832 1.7484908156389600276 1.6703228331126394046 1.5919304603468322767 2.41004e-06 4.84758e-05
42874743.326488703489 5324 1.9488434829058935982 0.10095610405341565174 0.3530830691512263364 6.0585744567949113559 4.2336614698513601596 0.96166923650940139279 0.8810379213035042234 0.80316040521297260568 4.64884e-09 6.03437e-06
42874743.326488703489 5185 3.5265631966857324819 0.028845816039146102844 0.22077797663609921575 4.1982031769262651011 5.3161492528585938544 3.3453410421575098255 3.3512626051764540236 3.3572664894128165791 2.64564e-09 5.00066e-06
42874743.326488703489 5451 3.2748328025263608865 0.07161418462258734019 0.039251753304931469302 4.9175493500442311046 5.1827858971484079831 5.7142358200171585736 5.7517303149945648855 5.7880235375107362827 2.58702e-09 4.96345e-06
42874743.326488703489 6192 3.2232784678194272843 0.20656848302811603446 0.31564761011723069251 4.7839569078373349598 5.0849298261550384126 3.284501036942729435 3.3176665378020433472 3.3538502133986973774 2.79503e-09 5.09306e-06
42874743.326488703489 5992 1.5364933008643968382 0.020718547935092541945 0.34317825543824576062 5.3692262004313642265 1.5921196822311589614 2.4571221610297819815 2.4439153693451216576 2.4306049570109031777 8.41385e-09 7.35386e-06
42874743.326488703489 5853 3.1380388167796864352 0.21022736818545745274 0.1605255336833119606 1.5647679739549527067 1.4837892521851114846 4.1742950489856944785 4.3667767738261247246 4.5645730256366361388 2.34516e-09 4.80368e-06
42874743.326488703489 5360 1.6075046603940423839 0.13608237698953715156 0.071002786015361363248 4.8660581319111448906 4.6973823211386580567 2.7569426517084103523 2.702184306349199705 2.6442943063657211589 3.7029e-08 1.20512e-05
42874743.326488703489 6233 3.134108307224896528 0.15542715971397649821 0.18706484954118890451 3.9458985228311842519 5.4630161953010292208 0.42568769588135246806 0.36542313166904605293 0.30988208790830223949 2.38928e-09 4.83362e-06
42874743.326488703489 5650 1.9051674106723182067 0.14902174535917572795 0.39464367800204530612 1.8217010547019221178 0.35539108181765566297 3.9643271692795378769 4.0799451366191075152 4.2001438886498254632 1.14639e-08 8.15256e-06
42874743.326488703489 6255 3.2499065429766247348 0.10415608099973790168 0.24914949088561097468 6.1403002309745815523 1.0128570059438886108 3.357785931422094805 3.3813927105099415016 3.4061306556344868035 2.45838e-09 4.87977e-06
42874743.326488703489 5459 3.0486867528334347099 0.27118373422768726755 0.20024561940370488866 5.1555918110828127254 3.7350383903195489843 4.8913917070973429446 5.1552657825209111664 5.4002864090441073941 2.51526e-09 4.91712e-06
42874743.326488703489 5708 3.14034415375012399 0.24257388885534908463 0.22987831026464980444 0.58512104393517150314 1.3884389505511764984 2.8694785963727533762 2.7944240112121998543 2.7118914629117489845 1.65544e-09 4.27716e-06
42874743.326488703489 6956 3.508204812140053086 0.10669439383803926147 0.42823934038419092518 5.3078229329497075284 0.96015553182131507803 5.3355094070239053039 5.4197193249510231539 5.5008176636142609439 2.20649e-09 4.70707e-06
42874743.326488703489 2850 1.6378393888683262514 0.30304944285681467697 0.35576883993340724377 2.2442280277952555423 2.1120932592517731585 2.5893109111882117723 2.4022581565834846273 2.1980645604484956301 2.86233e-09 5.13362e-06
42874743.326488703489 1284 2.3431258196950315309 0.2989829097277922898 0.34994216384539178488 3.4117188822668178538 1.4762523013826112095 3.9855684184217787802 4.2387404433308883966 4.5048083201242548057 3.64405e-09 5.56389e-06
42874743.326488703489 6722 1.6266923825606915965 0.093015480433624647683 0.51374887141407155067 0.36768237587819418977 2.5169635925202173965 5.9052084629942180882 5.938178220934183571 5.9696363676402057763 1.78527e-09 4.38616e-06
42874743.326488703489 5002 1.1918700533120234475 0.37673483350017478166 0.58789937958374838267 1.197699755150552603 1.8229366021124449038 4.2533193239223017201 4.6326232789762391562 5.008160247470708093 2.79003e-09 5.09002e-06
42874743.326488703489 6473 1.8460649639323136739 0.36886906004919284285 0.15589504552552188588 4.3585378125668343685 2.9300432913609513186 5.7205030684728965795 5.8956306288401769677 6.0350356824997986038 5.43469e-09 6.35685e-06
42874743.326488703489 5815 1.1548077237445071308 0.37733089247645124065 0.53966649938443600476 0.92831100993409598754 6.1055662029230193255 0.16311904717721040226 0.10981001446235820473 0.068458525120834001765 2.67562e-09 5.01947e-06
42874743.326488703489 6211 1.8372536667277110656 0.32385026915331932562 0.5635274791701638808 0.79943510558105612684 0.15131491949283112919 2.6753907769017670759 2.5001189920890452001 2.3063345010782549949 2.33777e-09 4.79863e-06
42874743.326488703489 6969 2.1279465616444759313 0.04747917462583410575 0.10474239242381415405 4.0389153776410697816 2.2015617386612484907 2.6864584914970355278 2.6651212491134663729 2.6433450937038176498 2.41679e-08 1.04535e-05
42874743.326488703489 6225 1.9467974115959496562 0.29244263064591530243 0.17191161259524981308 1.5901876673941479634 1.6737071632972675417 3.3899282991062591464 3.4758143265033258906 3.5717454553993452926 2.38341e-09 4.82966e-06
42874743.326488703489 6450 2.6784230005891065396 0.21992538784686152531 0.12978521126875575131 0.93925174825369495135 0.051805265665377839279 1.5998724942289295203 1.3775136994684360481 1.1616835440274573266 1.74846e-09 4.35581e-06
42874743.326488703489 6886 2.7039260191148777324 0.21034348728733689993 0.67026337375265498952 3.6635977188098225454 5.6028716559622493421 2.8322893066379895011 2.760268728957993023 2.6819894788389415652 2.88448e-09 5.14682e-06
42874743.326488703489 5290 3.1897259358515692718 0.033573501892696887283 0.098862590345869957864 4.0081398092795499366 3.8509161304010839366 4.1104889059842815158 4.1384339315741787146 4.1666276197190015296 2.68653e-09 5.02629e-06
42874743.326488703489 5080 3.2130677290220894804 0.19426299872138733105 0.25129434149602758453 4.731261898676335953 2.283795362961016373 1.16998483102412143 0.99648952896897469156 0.83339232025728793296 2.57476e-09 4.95559e-06
42874743.326488703489 6155 2.4478394528400095886 0.50576841141849449013 0.31669710356484920277 5.1994809126196477322 5.8998233006158038449 3.9795813462071070177 4.4631796208151843786 4.9533236961018376476 3.03729e-09 5.23615e-06
42874743.326488703489 6186 3.2358165500417332971 0.053806980503718758457 0.16681203100427727248 2.2211506652345920365 0.20318144613866881421 2.3670989174449696968 2.3287073200487564684 2.2896287311691581046 3.14704e-09 5.29848e-06
42874743.326488703489 6417 2.205655868157677002 0.1925229091179321006 0.80882930306974165635 1.8198194536487475315 2.8606300776513986506 2.2476124103608796645 2.0866407371675887994 1.9191695807850437383 1.63097e-09 4.25597e-06
42874743.326488703489 6237 1.0907285310679331047 0.082770421748072989243 0.26831720220939359045 2.6709587730982096154 5.9373836455890556252 3.735586969437427296 3.7836328781030563739 3.8331983437857668484 1.89473e-09 4.47403e-06
42874743.326488703489 6029 2.0761744657471985498 0.094141567195035469329 0.26287602508786211963 2.049242125276004689 5.0414232406459307256 2.2874393351173858413 2.2140551298300961136 2.1387281916588167796 1.2969e-08 8.49478e-06
42874743.326488703489 6023 1.6889176524875484375 0.09074677543382639322 0.46413513424049351874 2.8921986262996064454 3.5427277736527935659 3.8483620331914725199 3.9095088535502280358 3.9725449890981359147 5.48103e-09 6.37486e-06
42874743.326488703489 5643 3.3016953263256323403 0.10310530444809144768 0.11967163711265249582 0.31319867780656657219 2.0022226560534330808 1.5207465358953280443 1.4178523981066355475 1.3159506564492216008 2.47115e-09 4.88821e-06
42874743.326488703489 6335 3.1165971870108521991 0.026221849693726734243 0.23068479094252913875 1.0801426865583396708 5.3616582375230965596 4.6003462925771057002 4.6264449918938215234 4.6525700590512659716 2.80706e-09 5.10036e-06
42874743.326488703489 6290 1.9812981581683171139 0.38210821840258435422 0.39530031428517975467 0.062560916941411831571 2.9935714000979047889 0.76141982805300145731 0.52296477813423369874 0.33212050685597027666 4.66797e-09 6.04263e-06
42874743.326488703489 5878 3.2004081199622613774 0.078694543097684699351 0.034895601734196035615 3.160628142089132453 4.7152865987382046598 1.4831340374498904744 1.4049297672287248684 1.327315255538576988 1.44428e-09 4.08696e-06
42874743.326488703489 5257 3.1960467689322968887 0.14445128422893196984 0.14102172067396015476 2.7416716891481356377 4.7033835264688912403 3.5121444792825302628 3.5685326966184223174 3.6283481618595518903 2.20895e-09 4.70882e-06
42874743.326488703489 6327 3.0008313190897415446 0.23078535191385826653 0.19225455906129632067 5.338115593639828127 3.5372681561040453246 3.3829440065062379439 3.4460037822362830084 3.515177405795279153 2.25041e-09 4.7381e-06
42874743.326488703489 5048 1.7909867279973310517 0.62788555103535581559 0.54355519076393565836 5.9375049462736795292 3.2080200625476575915 4.3146221701202094323 5.0358248337828239727 5.6311538991007399346 1.54672e-09 4.18139e-06
42874743.326488703489 5673 1.6632271280480892539 0.49057526985649108076 0.46378642023952476592 4.6823728398711006449 0.80611504477529227763 2.3754765918174953754 1.9345888344934538683 1.4761197078344170386 2.67237e-09 5.01744e-06
42874743.326488703489 6129 1.4582501016328708321 0.077567534259624315585 0.69162921501956975412 2.7770883964200128169 2.8017862080858471074 3.1057283428363655631 3.1028303463299828913 3.0998244026122523387 7.14833e-09 6.96495e-06
42874743.326488703489 5034 2.8857240963954868818 0.28350869678995321843 0.20295223774370105274 6.0391927849119513283 2.2313279567204480358 3.5412393186627850739 3.6710028465694541921 3.8141816457511961147 2.20492e-09 4.70595e-06
42874743.326488703489 5227 1.4180653482351159855 0.30264911561831697728 0.13723810662340571453 5.8953384998245610404 5.0564327514455484902 4.8239805106097444209 5.1244631820828319135 5.4017781619935369974 5.94474e-09 6.54979e-06
42874743.326488703489 4112 1.9910333936156792145 0.26884312779544855543 0.78160251369188482595 3.278935145815540686 1.6250116536256844491 4.7430489840520388967 5.0139909079332785069 5.2706989574155338474 1.99037e-08 9.79854e-06
42874743.326488703489 5288 3.1203202947218358076 0.20341056389026790363 0.22130899355998398526 1.5889306560345970443 4.8114190402451972872 3.0169441824654983364 2.988487471981650323 2.9574657904852563739 2.94866e-09 5.18471e-06
42874743.326488703489 5938 1.701074782258618967 0.28780096565307727863 0.084284082650604844056 0.63833341905061380395 0.74536348771272187275 6.0840943919409484764 6.1349099777443099057 6.1774275646094860548 1.88863e-09 4.46923e-06
42874743.326488703489 5446 1.2856907821224110577 0.31648973856082512901 0.12138536931070319225 4.6278574136113661552 2.0440158295182246917 5.299820612206939785 5.5466160924233234297 5.7592182076344391461 5.46354e-08 1.37196e-05
42874743.326488703489 5914 3.2071795572226786675 0.041239782210455155909 0.095728505504960550998 1.984890533930622869 4.3080849090141111191 0.035456362946802710834 0.034023376774188256177 0.032620530815961147619 2.63408e-09 4.99337e-06
42874743.326488703489 6154 3.1352887503881561315 0.06184242714850005096 0.21946601186385700233 1.963315904838073056 4.5949037772521830192 5.0920261936339024089 5.1488531401746389093 5.20489796706808594 2.04677e-09 4.59064e-06
42874743.326488703489 5511 3.1734283425694669312 0.12570474675367551698 0.19315157505637586821 1.6600886672671615329 5.4897906480056724021 4.3423673100983126716 4.4626336087097362437 4.5844381035676553537 2.90982e-09 5.16185e-06
42874743.326488703489 5957 3.218137610004660587 0.068236038168227236556 0.13454012299550308085 0.3291873883846582749 1.289022089437939611 0.7628871201176494754 0.7168258694721520996 0.67199513188488113613 3.45473e-09 5.46581e-06
42874743.326488703489 5962 2.9023369826799054749 0.20907960031643998966 0.13333262466290329851 2.9276838622409395718 4.547961395794452244 3.7145618170412100234 3.8401843506751713875 3.9746517879433325149 2.88829e-09 5.14909e-06
42874743.326488703489 5160 3.0500044296478372452 0.020686848282917023878 0.22428553350996685567 0.78724899607569542859 4.7157371085099608621 4.0288465255663021836 4.0449927255939819304 4.0612409188185374376 2.48083e-09 4.89458e-06
42874743.326488703489 6827 3.0944731955560227377 0.11268975895403113285 0.18934335777164146286 5.226063693346194583 4.7796925239608594183 3.9239381188122832711 4.0069128143739547454 4.0927038539614963852 3.04652e-09 5.24145e-06
42874743.326488703489 5481 2.2728266867924280525 0.50914516357820693848 0.63556623305842663285 2.4427747338951975031 1.8911297889304199416 0.87262441720824768243 0.51982151818837585289 0.26691626461975359597 2.0621e-09 4.60207e-06
42874743.326488703489 6752 2.1604300336436415009 0.41607342923437995452 0.53962017207513013339 5.15331091072291958 2.333391730980212575 4.382512899488878233 4.8190929411265583937 5.2327999659584705228 4.12549e-09 5.79885e-06
42874743.326488703489 5597 1.4451590477095175302 0.26434525912109374524 0.30503434097327158936 4.0036919041665868235 1.6327583270465644283 3.5492097055021671892 3.6707882132705935696 3.8042400362159178862 4.51539e-09 5.97606e-06
42874743.326488703489 6928 3.2095908473408210071 0.11029888491403887218 0.25331797778007003608 0.6752720316908712439 2.2022444120095814313 5.7736678021765301949 5.825134080715511864 5.8739083647268568456 2.08658e-09 4.62021e-06
42874743.326488703489 3089 1.7645732352057028614 0.26253991663822473512 0.12798504728146212206 2.7591073620850568027 1.1710132591928603674 1.6103072121759016699 1.3434667882307815834 1.0876815700616948579 1.46985e-09 4.11094e-06
42874743.326488703489 5640 1.0410240966984745103 0.41909485492828585373 0.14784817695872154442 0.12197828234821785076 3.2705836579542384435 2.8504880859822288031 2.6911365073641060341 2.5086725717630424803 5.24602e-09 6.28242e-06
42874743.326488703489 5762 1.5951965040516284944 0.036862245573176688485 0.41027238432762530573 3.8471849290361426199 1.9420442165491464959 4.9965540583206049519 5.0317643508454441559 5.0667625360799180001 4.50081e-09 5.96963e-06
42874743.326488703489 1444 1.9596648694816058978 0.40987758435136673052 0.83655429236452683028 0.10629079060713934879 4.7207970533773044863 3.6551715014551198202 3.9127142219904311737 4.1983743001114826043 1.72307e-08 9.33865e-06
42874743.326488703489 5176 3.0831050941071556082 0.2277676991849736654 0.099136603003422918423 4.7699141713354382688 3.9661796324231755051 5.5085298184535602672 5.6573928176138856827 5.7908054171090874718 2.68297e-09 5.02406e-06
42874743.326488703489 6001 2.0862116584327625723 0.36226234987314398506 0.34893450786008017861 0.65537650313019335524 4.3320165005916315693 3.6818488528393356063 3.9106843424503967555 4.1626315995278808657 1.89847e-09 4.47697e-06
42874743.326488703489 6140 1.942118087059677034 0.34536147844210873803 0.20259944795242534887 4.8836254266542056257 4.0981685693246525659 2.9509479827328699564 2.8691571383518819083 2.7762279893998491609 1.67728e-09 4.29587e-06
42874743.326488703489 5534 3.2413945727989621481 0.16075665508538020121 0.093913676135723031524 2.0081302814517787425 5.8547942473622329729 3.235172906889118849 3.2516171865950505016 3.2692686990409383085 2.18919e-09 4.69474e-06
42874743.326488703489 5929 3.2582381885079079176 0.11656595878415204615 0.19136957172246157888 4.8303604749770254756 1.5188877955956914256 3.3795495527689429771 3.4087794763398528985 3.4395551189523243529 3.18574e-09 5.32011e-06
42874743.326488703489 6935 3.4838031320561113624 0.10138810088066713133 0.46085294144917626769 5.6985952485570194881 1.3317646061891295073 3.104080894268911095 3.1000647459144530238 3.0958555203138433676 2.603e-09 4.97365e-06
42874743.326488703489 6775 1.6623167946885850643 0.14656783602737227801 0.35910568574173640233 5.5602687796798111464 1.9221510667547578866 1.4177449224534954819 1.2739699879318029385 1.1338116282424848258 6.39874e-09 6.71246e-06
42874743.326488703489 5211 3.2240313840021737057 0.1281548199643728625 0.30758789870002800626 5.8626291286581206919 2.2140045677328341611 2.3506733367457837147 2.2549153592009609781 2.1555984352285824102 2.07199e-09 4.60942e-06
42874743.326488703489 6920 2.3423969475984769417 0.0946157093054409426 0.12138547184931856859 4.2327902405966071342 6.024071971036203621 1.2724227734818247537 1.1830896935680541571 1.0954965005090468999 4.48089e-09 5.96081e-06
42874743.326488703489 1810 2.0968317650265158036 0.4119131521266140572 0.59365224084216028366 3.6849983461385007466 3.5380633329556876454 4.3964035925611906208 4.8286603189491197341 5.2377922745199940735 7.36354e-09 7.03416e-06
42874743.326488703489 5072 3.0895884053336293285 0.10486672166029614717 0.18307755665721431315 2.4952024048597154504 5.0946758231304993814 4.5854596206422728599 4.6903728780177953439 4.795214185795154016 2.73643e-09 5.05722e-06
42874743.326488703489 5231 3.1796906393981996253 0.048206809668914829548 0.31351763075404454062 0.11321281658294009287 4.3783920041888801933 3.7739838905846130324 3.8030578996496808841 3.8326700762628371777 1.89135e-09 4.47137e-06
42874743.326488703489 4786 2.0937987415341803299 0.53843581607689672275 0.45184205158016810255 0.90184145396525150495 1.1775581836551158865 3.2429449315164222689 3.3262610064449580349 3.425128879280588734 8.41208e-09 7.35334e-06
42874743.326488703489 6756 3.2133034997643048492 0.093629896780347721119 0.26780806929578998554 2.6467756938585003113 5.1292948090998535804 1.150773246571388464 1.0667514535448210378 0.98476572908830584119 2.22448e-09 4.71983e-06
42874743.326488703489 5323 2.8288195539536413747 0.17746263404563619726 0.074092956457339709253 3.5086719040919875923 4.9465311758773005124 1.7676806954681838491 1.5896024500094876331 1.412171196667847628 2.25995e-09 4.74478e-06
42874743.326488703489 5372 1.6207136998187565702 0.21680744082389716287 0.22870871791470948065 3.1889675217960977704 1.9511799922102424087 0.47149544797938441887 0.38076800509661884453 0.3001950798821509947 1.39548e-08 8.70479e-06
42874743.326488703489 5855 2.1258952523835059623 0.32066722893423960095 0.43271746768560692686 4.6240581184965128259 3.7833079666300544197 4.2858694507784234062 4.6049144707515576869 4.9237315049066623374 1.88487e-08 9.62226e-06
42874743.326488703489 6960 2.9833023037940340494 0.21394841537492018113 0.13321825739064485639 0.97374246113464546504 1.7382743685140145118 3.1526160112776109301 3.155291566297425021 3.1582223352967879748 2.28045e-09 4.75909e-06
42874743.326488703489 1410 1.9663953363230897153 0.15499402505722306711 0.30140597878768493612 2.3724311452352115914 3.7068079713781907358 1.5950207438771788482 1.4391516343310912784 1.2854987191896867227 1.96181e-08 9.75145e-06
42874743.326488703489 5053 3.0192453321401324651 0.27454430977444033157 0.20876630325972145297 3.9159340346793318766 4.6712636718257805057 1.720528972902303888 1.4396967883489066864 1.1675084101129782344 1.90259e-09 4.48021e-06
42874743.326488703489 5489 3.2212585855611588492 0.1063864630387551663 0.30937138635046296242 1.7408737522225616878 1.022658884687023928 3.4470530930423111116 3.4808545884019346239 3.5162590657144354722 1.80848e-09 4.40509e-06
42874743.326488703489 6914 1.865986880842001705 0.35511613246385942411 0.23172614197481125609 2.8738112437034919466 5.1844129203477855583 5.1140935680407864083 5.4267572620277455542 5.6950500768532918983 4.41745e-09 5.93254e-06
42874743.326488703489 5578 2.8985371995336430828 0.094449322339921024105 0.25988403469114679245 6.2292874370928990047 2.0470015699601247228 4.6542454039170397806 4.7489361624969230746 4.8433224140420003678 3.04211e-09 5.23892e-06
42874743.326488703489 5196 3.5625160547681531398 0.19281757381559755382 0.21195968482155674861 5.678513772701496265 3.1683422795781259751 3.9009900674657802533 4.0449274125431635696 4.1963654614882477389 3.02458e-09 5.22884e-06
42874743.326488703489 6832 1.6415490583935647972 0.20818322955248960704 0.31982523242153254595 0.0699594456263399056 4.1105818921564107882 0.6833379340333523011 0.56062051914946120501 0.44992703243039000593 7.86044e-09 7.18895e-06
42874743.326488703489 4502 1.3153631191963919278 0.19200640111023467571 0.22051135376315558756 1.4609709382675781786 0.86617668018752480563 6.1825123931856129644 6.2002774950673344989 6.2161780950698899417 4.58456e-09 6.00643e-06
42874743.326488703489 6425 2.4234038905579686762 0.25482479495859933216 0.6084253742706201562 2.8963260404535136061 3.3516826109039463688 3.0309018574985584493 2.9980532814581639656 2.9616013650811217062 5.02719e-09 6.19382e-06
42874743.326488703489 6089 1.8200420635763316923 0.26786357102062530178 0.25274353720903214304 4.5163054608735659912 1.1764289805209657835 1.0619975973030855165 0.83948190658597965363 0.64011179749146962514 5.81535e-09 6.50193e-06
42874743.326488703489 6572 3.0117691711638086005 0.10718265896231564394 0.13723692702222484163 2.0885072796496793046 2.811621353160549841 4.8491930579206314889 4.9548078830431991904 5.0588565375856804351 1.66053e-09 4.28153e-06
42874743.326488703489 6842 3.152008000006451649 0.045054838047104119048 0.085293635915659207769 3.6645246628922998333 0.38086417123192578549 4.451632654776235043 4.4954340968272941126 4.5394327349547731743 3.94698e-09 5.71398e-06
42874743.326488703489 5291 1.8799947644835111049 0.2746073894374316815 0.72094437637978370237 1.6615217198381271313 3.3903210829292906858 3.5050405880946824411 3.6194366289232915435 3.7457191540077823255 2.6037e-09 4.97409e-06
42874743.326488703489 5063 3.4773756295263948957 0.15739676017832535115 0.37293206073327511696 3.3962908827218147856 4.504845513604041507 0.88828200725621986322 0.77135823120245983198 0.66163542531226005039 2.23728e-09 4.72886e-06
42874743.326488703489 6557 2.0826676470094662719 0.24784685603393594167 0.2338089494796315726 4.8502581573703897888 0.5053049976010492994 3.7290486610591964123 3.884612443641729751 4.0522845232134105942 1.93092e-09 4.50234e-06
42874743.326488703489 6055 3.2117804585238820536 0.10376123534841558138 0.048066527591149932341 5.2812315710503661137 3.923136420278886316 0.71027126484163938258 0.64502907245946283776 0.5826455692562614308 3.0525e-09 5.24488e-06
42874743.326488703489 6197 1.9570732638212611221 0.10948378196294311637 0.31594868057214897661 5.8925452408305245555 4.6918570830928878479 2.0316520261743185038 1.9309182814898240288 1.8284574620555604785 8.02678e-09 7.23931e-06
42874743.326488703489 5642 2.8999811939872364164 0.16388401636799629357 0.14297371745717574187 0.47369044993731734827 3.7825965392394644837 0.96356992573580579897 0.83433882794075009404 0.71292493064307516093 2.80041e-09 5.09633e-06
42874743.326488703489 6291 1.1289604876661287758 0.1829013085002534067 0.39946928692589606102 5.7886408985616055745 2.9804108467526950754 2.4533679148172637952 2.3273876495343883697 2.1943854566137779294 4.97801e-09 6.17355e-06
42874743.326488703489 6390 3.2239359545490509085 0.10636543994065782159 0.35286610163189979783 5.8644764624535001829 3.2047452746596949424 3.5170412947233731238 3.5581916972841263203 3.6012327624314672825 2.74624e-09 5.06325e-06
42874743.326488703489 6126 3.0325179939790372075 0.19760987235227864267 0.13940142228990887174 4.1316919463175869609 0.96481227826171789275 1.9951535010629195543 1.8060504044568150839 1.6138836664481064354 3.04059e-09 5.23805e-06
42874743.326488703489 6104 3.3394652228118451021 0.058294094038757578169 0.18278163095577865116 0.24179655986817111257 1.8154387224614467744 5.4998966539189453329 5.5402255397162187833 5.5796597834131791416 1.75259e-09 4.35923e-06
42874743.326488703489 6732 1.5823767346695034597 0.40180634085709521219 0.16648646186061746843 3.5986383721737706942 1.2896669320937568237 4.9368731050798944082 5.3227284319351877429 5.6519900482420588617 3.70815e-09 5.59632e-06
42874743.326488703489 6286 1.8949336128368583498 0.29778800919136350078 0.89675515296443741864 1.2428007086737871134 5.6931603865361122274 4.4127484237099565689 4.7152518406221215486 5.0130386294837112615 2.66284e-09 5.01147e-06
42874743.326488703489 5405 3.1928578179882549648 0.054291217902786272076 0.10277269898571408935 3.9436441111033468943 5.6186901065640837416 0.44899997285761344967 0.42598105669751629154 0.40354714563041937936 2.93677e-09 5.17774e-06
42874743.326488703489 5098 3.1776476148337726713 0.010368138617532595205 0.064969282453167853664 2.4104766190183202212 3.0435303702855112107 1.6303141673881711426 1.6199610089371887511 1.6096053985517031482 1.90652e-09 4.4833e-06
42874743.326488703489 6952 3.2154143390949188053 0.16372559103319256346 0.087645375255995056074 2.8333027814531486221 6.1859838884323083974 2.6653463167932729405 2.5838494207105617839 2.4971939204479398633 2.57429e-09 4.95529e-06
42874743.326488703489 6667 1.7752824766883852359 0.27807148113661833699 0.098637420122894239882 1.6315265913147445342 3.0885365512346689698 5.3817315240855991831 5.5854888625305783023 5.7641370321465954518 1.85586e-09 4.44323e-06
42874743.326488703489 6282 2.8170330844463866704 0.16382729118413977276 0.038904974644564438435 3.6424522495165807534 4.3475218898767877818 4.2283111977621725686 4.3798380619904220268 4.5346896915186150068 2.68214e-09 5.02355e-06
42874743.326488703489 5240 1.7826605893835945071 0.34781456794978365954 0.37754670039075854948 1.7970055844588721516 1.1666394803658821644 0.14175976861838923693 0.098695847648855764001 0.064423697432059293111 1.54708e-09 4.18172e-06
42874743.326488703489 5138 1.6603424694294490749 0.4996331935109699085 0.32783467016063122523 5.7707426147441500675 3.5246593502233869444 3.8393952727671547542 4.2656571390002593347 4.7162582432007198463 2.37553e-09 4.82433e-06
42874743.326488703489 5548 3.18771945794604461 0.030120443259967155658 0.25836729568726835016 3.0639062949457964713 5.8579910767340601652 4.3698423145281815039 4.3983616430803840203 4.427009114617736607 2.11518e-09 4.64123e-06
42874743.326488703489 5131 3.5376796713541045492 0.098540202408013449764 0.25706490964680289713 4.7849529457812103317 4.8952534448958751057 4.1289547700663691288 4.2136498046547350427 4.3001864639116149647 2.25296e-09 4.73989e-06
42874743.326488703489 6295 3.2573037893955203437 0.043790936653807323309 0.18797105272267866649 3.4679834046921520496 4.1903627403781680272 5.4936879000090792502 5.5243193992063517328 5.5544518976794314824 2.30061e-09 4.77307e-06
42874743.326488703489 6761 2.1137818597709294721 0.30319160106968007229 0.21739884903397344029 3.3471303909553729028 3.798995539699428825 1.1671122328468783724 0.89959028738752300214 0.66216938470296726749 4.88068e-09 6.13306e-06
42874743.326488703489 5278 3.149332056130365487 0.065598388906129762033 0.35884603188456293266 5.4491296417593630963 3.0900015003449965434 2.3867758572988568844 2.3406880224951884806 2.29358929371263498 3.13887e-09 5.29389e-06
42874743.326488703489 5669 0.97876967855525753848 0.20641928895318226167 0.42219209828898857095 5.3703744896160081623 0.6807533682854155499 0.13252030800398251209 0.10753412308361921801 0.08537976084930358478 5.45549e-09 6.36495e-06
