77864476.386036962271 0 5.399373334045082018 0.04929883038715066057 0.022343571337300648788 0.045318015296491674648 2.2820162940762513948 3.9659061802322286283 4.0027302302338174655 4.0401275474952056399 0.000954966 0.000356051
77864476.386036962271 1 8.9817376210375439172 0.042290575050576206806 0.052796597151926888403 1.2108786987693225257 2.4815434098106980976 5.5209870948057213624 5.5497600708730390195 5.5780701479689156486 0.000285285 0.000238018
77864476.386036962271 5775 3.0522811030849981151 0.15978153016516841167 0.12741004436804548305 4.7845484504687902927 3.2514352085440698659 5.7489724565719635407 5.825516273009601953 5.8961170579187216489 3.02463e-09 5.22886e-06
77864476.386036962271 6920 2.3828015893653788915 0.23770934921821249008 0.38242091670219657829 3.5576927127044779553 1.971560601656640932 2.0912763291772753504 1.8696108094003562883 1.6424352737627168075 4.48089e-09 5.96081e-06
77864476.386036962271 5134 3.5312441425448057863 0.064425567177566755994 0.35597733192063213403 0.64485887844143063852 1.9700411966722304324 1.3286026690515937432 1.2664928459714732689 1.2050272547104643461 2.31886e-09 4.78566e-06
77864476.386036962271 5278 3.1948298272402055886 0.10675924158411126408 0.28662969559526541019 3.1563326166340992529 5.143046107906509512 3.1211182932279815105 3.1188024067410582418 3.1163695478873316702 3.13887e-09 5.29389e-06
77864476.386036962271 5196 3.558151716532201192 0.25575700624550284923 0.19954203218427446487 0.0058610694568748556571 1.6715296797121050876 5.8185791113344809133 5.9228826421532829727 6.0130516878627560118 3.02458e-09 5.22884e-06
77864476.386036962271 5063 3.4769637566913980109 0.079385760335263441667 0.40889236200868162019 1.8945344765721889857 1.9968803074399745778 2.6998759607169189323 2.6646220449911766082 2.6281768358074559799 2.23728e-09 4.72886e-06
77864476.386036962271 5878 3.238408440837425406 0.095197125714499189475 0.043209478186823642443 1.3939926834365465869 5.4400175922632119097 0.67234511252123174696 0.61507313507895478022 0.56014265566743115521 1.44428e-09 4.08696e-06
77864476.386036962271 6255 3.2004526495960661236 0.15136138240138402589 0.16136866145687245311 3.4033011151067560363 4.5318886525861081793 3.0190389873759806427 2.9989080544108666082 2.9773843233034735789 2.45838e-09 4.87977e-06
77864476.386036962271 5548 3.1687344074280057171 0.088239105202751563772 0.30003753691185891528 0.8910729892223651083 1.768685270917251362 4.6524738545458310668 4.7409033051743918463 4.8291065406677722294 2.11518e-09 4.64123e-06
77864476.386036962271 6443 3.2151742903992448497 0.21866455097739140312 0.29213001257336579375 0.93136490356429180171 0.45105598347405251314 1.9477777733761092449 1.7340545797679425277 1.518297623357767856 1.88164e-09 4.46371e-06
77864476.386036962271 5990 3.0911095581824543643 0.089099290253547763774 0.13821808838868676617 2.6399430787552433664 6.2038367393201001576 6.1006062235263964766 6.1161339567139414441 6.1309489834102066652 2.30118e-09 4.77347e-06
77864476.386036962271 1284 2.4692123384475075376 0.38399184154518944956 0.66023592802301600546 2.1844469984978593935 0.76618254823189257952 3.3024914060317778208 3.3821195724433472662 3.4735919623056070726 3.64405e-09 5.56389e-06
77864476.386036962271 5098 3.151965163168890971 0.06687916486985111264 0.11933797678968469103 5.6089767355562267781 1.6999767299944117394 4.9513155704023263937 5.0158339675739416208 5.0796576079126340986 1.90652e-09 4.4833e-06
77864476.386036962271 5929 3.2503969553861837838 0.16540060317972990478 0.18755186381783137128 4.7018388552129977143 4.6769634278561742491 1.9095523760813639669 1.7483492331283339016 1.58554891785166574 3.18574e-09 5.32011e-06
77864476.386036962271 5467 2.9596016938899385451 0.11673189459300330195 0.18293842277472147084 5.7916305907375242867 4.1366398402318935723 3.2962204723337902301 3.3153677443425024762 3.3355508998096210505 2.43648e-09 4.86524e-06
77864476.386036962271 6282 2.8476449945853730128 0.14375064221814462528 0.06935552984079312866 5.4475406453919976713 2.244437961991041508 1.2868652894195586889 1.1511105610772180974 1.0198350268833853427 2.68214e-09 5.02355e-06
77864476.386036962271 5694 3.1092018436666273296 0.047934840855093051315 0.31748082070299188384 5.5837550418964765342 4.9235654452173918116 5.2476910446741005245 5.2884400274191634139 5.3286391553078225058 1.21025e-09 3.85309e-06
77864476.386036962271 6392 2.9722896957881186353 0.19230171412671315245 0.17130458624741468077 1.3827169652230097974 5.6361401511435342826 4.6523359773847996479 4.8466210947102696949 5.037192937426766548 2.75286e-09 5.06732e-06
77864476.386036962271 6484 3.1087521602055101511 0.12005738025509303524 0.25417000470136058565 5.6730952344254763631 1.3395214303179503457 3.5896201998101870956 3.644799471159118287 3.7026956199591198882 1.88476e-09 4.46618e-06
77864476.386036962271 923 1.9288169501357359525 0.35306076677799680397 0.37192031105122513868 0.2555228963207863413 6.0317834244238337504 3.6710052598569289373 3.8888023680083283473 4.1287405191308268471 2.53731e-09 4.93145e-06
77864476.386036962271 6739 3.1812361851308925687 0.17427749173084822187 0.20077564337980255416 2.5421045992023763027 1.2049213458407042054 4.0095204899911403018 4.1513433961294365915 4.2989040173317611959 1.84353e-09 4.43337e-06
77864476.386036962271 5885 3.4956777883524479122 0.0053168506739785324072 0.25191949173115141258 2.9065557328984077401 5.7472467004005070024 5.8668929022382538818 5.8690376888829964841 5.8711772414632861228 2.25928e-09 4.74432e-06
77864476.386036962271 5405 3.1817294690747615071 0.079864811441443028794 0.12757166476494941065 4.4715011329351943559 3.8047725463909101151 1.4530955106731513471 1.3740689017477518696 1.2957445636139812706 2.93677e-09 5.17774e-06
77864476.386036962271 6764 3.295309068665747354 0.020275303639316313159 0.24008070816150858806 2.9929849359736517833 4.8088840685859128854 0.42542436580391146395 0.41713236298268230318 0.40891801891517493006 2.4069e-09 4.84547e-06
77864476.386036962271 6362 3.0019489521342674898 0.18599071772207365072 0.30697323730579711976 5.2404578341368193151 3.2699764589856457064 2.2169798555664343986 2.0585437988611041682 1.8942413253312009314 2.92709e-09 5.17204e-06
77864476.386036962271 6775 1.6330409387753899164 0.14156513681790808268 0.14431924969135090375 4.6173682610046204999 1.6086307338174739012 5.6155806914254844386 5.6989590121699604808 5.7770398536964044922 6.39874e-09 6.71246e-06
77864476.386036962271 6055 3.211743404200132268 0.028507513582373238126 0.053829405418557692287 3.9110528879870432029 2.1766425085747127532 4.51147242556620931 4.5394900488471527922 4.5675725204826633785 3.0525e-09 5.24488e-06
77864476.386036962271 6498 3.2111876707161344235 0.073898720410339513442 0.13976679967130659077 3.8831745214763651042 5.1226726306700474112 2.1319843050563180853 2.068097574358559676 2.0031499683428233283 2.50157e-09 4.90818e-06
77864476.386036962271 6313 3.2559882393160233249 0.11278628222754980004 0.33572722712223940222 3.9914550805307809078 4.6286969832876021513 5.2511176490653177495 5.3454295321261557916 5.4363614928705912277 2.33149e-09 4.79433e-06
77864476.386036962271 6300 3.2220461240436892858 0.10078107725326747313 0.19709142736033283261 3.8443431859483321311 5.0369368226276289846 4.5300578747094757404 4.6302560168120168171 4.7306973594222316848 3.26125e-09 5.36181e-06
77864476.386036962271 5323 2.814978686696636867 0.19090859277916705228 0.12485202303206011099 1.4514623070357788315 0.079131011061363290549 4.8838006679673657828 5.0700476818945645618 5.2488753950611295451 2.25995e-09 4.74478e-06
77864476.386036962271 4755 1.8592792206439088254 0.025633898689158524098 0.054363925040907652708 0.43505933709453348257 4.3150345058472456827 0.27040241201780945701 0.26363757297270229429 0.25695752874368449348 2.45943e-07 2.26531e-05
77864476.386036962271 3800 1.6571771428468498044 0.42168438748429387664 0.4335379509121115027 5.6196137759066155937 4.0948504025660472649 3.7474848542275878138 4.0529449331628413233 4.3862160089639692373 2.3176e-08 1.03085e-05
77864476.386036962271 6956 3.5214414366741730866 0.081623558634149287472 0.39746784032057985714 1.9618779178176182221 3.6726230211388521951 5.8172547365176949796 5.8526878165962648026 5.8867512010973470638 2.20649e-09 4.70707e-06
77864476.386036962271 6197 1.9496688919643525573 0.23370854172579602626 0.37545179901262581978 3.731194907707148456 3.9534059957575724553 4.4021097766963954712 4.6351933822152702191 4.8682059163383746281 8.02678e-09 7.23931e-06
77864476.386036962271 5080 3.2161714967868650916 0.14461801078814895405 0.21319970574667188035 1.5415594904781177998 2.2039492148746910871 4.89245002792652528 5.0334098145207866182 5.1706398411569249873 2.57476e-09 4.95559e-06
77864476.386036962271 6233 3.1597846577185686456 0.082612622311812183851 0.19712254956004629514 4.0956045963330058868 0.21123159324133300441 0.98015113743513226918 0.91299054420915459751 0.84761623183122491998 2.38928e-09 4.83362e-06
77864476.386036962271 5489 3.2094356952605318511 0.14048316288932949369 0.31572812305127506693 1.6077229750629196126 0.17056280109929533584 3.2907897506440120239 3.3133497831426992342 3.337360306587184855 1.80848e-09 4.40509e-06
77864476.386036962271 6756 3.1902356292585798414 0.053389267310635063479 0.32224458062117167234 5.7544830381095026794 1.0998985043967288711 0.89712365740617716625 0.85605850616973011569 0.81573545560865989845 2.22448e-09 4.71983e-06
77864476.386036962271 5116 2.7481263281446426383 0.15835644779428284523 0.068491634392005465437 3.7333018050271000732 2.4308535923671876766 3.649812445382381032 3.7331154526255017068 3.8214190829038447994 2.56354e-09 4.94838e-06
77864476.386036962271 6951 2.9883786594215093757 0.050222467716243793245 0.019433335356511195063 4.233927946578050161 4.12942408610604339 4.713397152818035174 4.7636394594431799021 4.8137959841369761804 2.54062e-09 4.9336e-06
77864476.386036962271 6295 3.2539588064506088649 0.050321300130002528939 0.2833565385124286462 5.7151154963676482623 3.5298297449550437577 5.4520044539341334655 5.4885770090583125835 5.5244857477422133485 2.30061e-09 4.77307e-06
77864476.386036962271 5923 3.0000905196465450508 0.03399430723900533774 0.2165623493759582241 5.1099840774120650622 2.4151571124088566656 0.77127584533092763408 0.74785978763694371807 0.72474123728189432381 2.22479e-09 4.72005e-06
77864476.386036962271 5234 3.0307034802191896716 0.12159557914356698693 0.082418833970123256405 4.4113304242719548753 0.27355407946054455248 0.091206742751428940275 0.080727466297129915618 0.070922021605623428164 2.35138e-09 4.80793e-06
77864476.386036962271 6863 3.1539422862536716785 0.10194152911537196493 0.067974379823436931192 6.011348635642866256 0.1187216390885771633 3.321897449520937684 3.3411959829801447519 3.3614090056008523177 2.72515e-09 5.05026e-06
77864476.386036962271 5146 2.7734974514903130149 0.070331683414763965234 0.037004474926720785921 2.1202058440716671228 5.2038129386715850089 0.98832665368610339574 0.93065273007283366713 0.87424601705774573901 2.55901e-09 4.94547e-06
77864476.386036962271 6969 2.1872282615468003897 0.12086387678154640601 0.25335971845485599774 0.41416639767412566364 5.6384603688641803387 3.8250151839717720925 3.9053527849680929052 3.9889473241298052386 2.41679e-08 1.04535e-05
77864476.386036962271 5047 2.2731432903298460779 0.68977109734743580205 0.054434281489538306753 2.7560807365169428529 1.2996561905604429032 3.8527323079189534916 4.569792569722038067 5.2525627302616015868 1.0218e-08 7.84583e-06
77864476.386036962271 6657 2.2889837545477935699 0.15016009641952357545 0.13817416651511085779 2.7992882258403919415 4.3823150229631506747 0.021787304570018414807 0.018728258786695841515 0.015916186036240450447 9.52311e-09 7.66378e-06
77864476.386036962271 5962 2.8565892697998047645 0.19011768056247027592 0.17515671311409025668 3.7080192061271950443 5.2131276184459700573 3.405799207938887907 3.4610035808156101034 3.5207019274682003207 2.88829e-09 5.14909e-06
77864476.386036962271 6628 3.2531886655876456338 0.13393307239792559549 0.20458189760002967739 1.1469964266126297936 5.9592277084068348003 0.92362319707956408443 0.82056402748666357194 0.7225878994098183794 2.5094e-09 4.9133e-06
77864476.386036962271 5290 3.2016609572684195939 0.035920948715029453469 0.151483134778703038 5.8593339911705752954 4.1138429671452865222 3.6676007942650872273 3.6859262170752948862 3.704527811663928194 2.68653e-09 5.02629e-06
77864476.386036962271 2992 1.8101563421655981756 0.11238060502466146184 0.071039788980011411845 4.2873613792858478178 3.654165794168709791 1.4071173971014834247 1.2970102667883991465 1.1888153751583143691 2.26492e-08 1.02298e-05
77864476.386036962271 6827 3.0954515786956458001 0.089682412439994821374 0.12145962107754566806 2.0530483008714845994 2.874189509290700606 4.0464821383918270215 4.119132408430101755 4.1934902889990413044 3.04652e-09 5.24145e-06
77864476.386036962271 5626 1.4965024254263068482 0.40458112121699341124 0.23510000957746349237 5.0278820796515617531 0.53724012742088966821 3.7354116225066156254 4.0201713648407615409 4.3316310709469876272 7.93289e-09 7.21097e-06
77864476.386036962271 1410 1.8530712534459523599 0.63599537067312295058 0.16514257112642277692 5.0542523920144066807 3.9847971712550736001 2.7610896991823072888 2.3663576917545450229 1.9212347600838626249 1.96181e-08 9.75145e-06
77864476.386036962271 6244 3.1723088989883576616 0.024832482891599286928 0.27664609519505917179 3.380963990495542415 5.9115654726617270498 4.1283447761901648221 4.1492063046205895915 4.1702036645492253086 3.08558e-09 5.26376e-06
77864476.386036962271 6327 3.0057135268365571257 0.16881607307294266285 0.17639532643287816893 4.1986743599422533535 2.9079273140382637663 5.8419566436998815462 5.9093614807854661919 5.9710093692830561452 2.25041e-09 4.7381e-06
77864476.386036962271 5650 1.6375060310613134273 0.2245352320306765459 0.22222779246383003726 1.3185275331285317701 1.1580013300016855915 5.0627780487842120039 5.2676524901959513869 5.4584538983508865684 1.14639e-08 8.15256e-06
77864476.386036962271 4112 1.9483589794995148647 0.26150783784729009218 0.77319282297453617581 4.1415117107574790367 4.1921113225860402451 5.041801237064646557 5.2820745935443635943 5.5022826520048235821 1.99037e-08 9.79854e-06
77864476.386036962271 5511 3.2079172571577232453 0.13441723250637044318 0.19821181961108097491 6.0141431597837513578 3.296510781389806688 1.4203829665999412324 1.2884066454277460778 1.159313371294876216 2.90982e-09 5.16185e-06
77864476.386036962271 6186 3.2304397668185487191 0.031962177402824601402 0.23482449602280075496 5.0630734297653097187 3.8501567644140219926 1.1102153059353869757 1.0817804072229195711 1.0535643387630357903 3.14704e-09 5.29848e-06
77864476.386036962271 5195 2.7524132578840774244 0.12265237792544143869 0.13488242311209380775 5.4707199141077786919 1.8868876514448540416 1.1332992538352084644 1.0247193224909825204 0.91990446921021273852 2.26107e-09 4.74557e-06
77864476.386036962271 6935 3.4782545877550301583 0.11409258487043162644 0.42820767311705981717 1.6798814234262589018 5.6014635010714650676 5.5161266425363697508 5.5923877543510833732 5.6650820831577872738 2.603e-09 4.97365e-06
77864476.386036962271 6667 1.3983623643216900323 0.24637313078223899154 0.42313938942998630122 0.24968367519096923424 1.2794907111812989786 3.5614617161657271538 3.676495443310867639 3.8020859723683888554 1.85586e-09 4.44323e-06
77864476.386036962271 6816 3.1395369783296604993 0.20999533825900151829 0.1659327186083809913 5.5766592032135484658 3.3982303026826770065 3.3922502572246981956 3.4509476664521772094 3.5148795565387058737 1.76213e-09 4.36713e-06
77864476.386036962271 5762 1.3320330685699937057 0.10414971089281556405 0.44714402772426375954 4.4503868156895691754 0.68803940073864067184 1.177493872318813084 1.0829966921545268743 0.99099435044633965575 4.50081e-09 5.96963e-06
77864476.386036962271 6595 3.0454035042669782563 0.11705794821919446314 0.20456015301079627511 3.3772161182737696627 4.7382434018184698132 2.4147149107522576372 2.3331192697406493153 2.2484590130671699981 2.5233e-09 4.92235e-06
77864476.386036962271 5950 1.7753747877496874885 0.37179429800882096702 0.19362938827445047574 4.5349408537918165507 4.7312712536917462813 5.2822354836828786517 5.574233664039545566 5.8162860211710549763 1.07677e-08 7.98408e-06
77864476.386036962271 5351 2.9760783017813157159 0.15835591607011678672 0.13678296505748102629 5.9341493957643436374 3.5492660902856671967 3.7232919660726535582 3.8170286271520059707 3.9160387040076232168 2.44807e-09 4.87295e-06
77864476.386036962271 2768 1.5625716439057972806 0.084159915402271120999 0.045670992132048074397 1.1427919704275866231 1.3099283391009792776 2.4578203619902367905 2.4027748995060140835 2.3461004014831456921 1.06163e-06 3.68842e-05
77864476.386036962271 5194 2.3465993869013690443 0.22807350806868079141 0.12226058725190501464 5.9094547465891453797 3.1331345517658890643 4.7867162866729886517 5.0142496145191142176 5.2320107745394874854 4.75382e-09 6.07945e-06
77864476.386036962271 6928 3.2028909587399638781 0.26414904206865735814 0.30105575470648993086 5.1798028692279842744 2.9749105124356400864 2.4432897879244408479 2.2511353899120898348 2.0457966296345952983 2.08658e-09 4.62021e-06
77864476.386036962271 5914 3.2048830990268859509 0.095426816083384227718 0.061072629805776032508 4.3526676269255615281 3.6435982999871812105 3.2019298611273234734 3.2079864106065651974 3.2143175016734879534 2.63408e-09 4.99337e-06
77864476.386036962271 5072 3.1323473474862746357 0.073289073605126167643 0.18988917374395580806 2.769776207943651869 0.87939547574518217576 1.7487237352097482201 1.676054422727577764 1.6031709690158282289 2.73643e-09 5.05722e-06
77864476.386036962271 6154 3.1815075612852594666 0.084761044324475884326 0.19413989705944392772 3.1410624884385702771 1.6956680226844322856 4.0380479332516259205 4.1061555532871443219 4.175812174901977869 2.04677e-09 4.59064e-06
77864476.386036962271 5312 2.9785671743082278162 0.080597914499614245476 0.1769771669933060676 6.2191557820623684094 3.8139242523122636186 4.6917610639887428192 4.772496494217016938 4.8529488559116558122 2.46345e-09 4.88312e-06
77864476.386036962271 6126 3.0157292270557847225 0.21806536914077276346 0.17640219649092045429 1.2738177845380733721 2.8769656971094352826 3.3427017020215696874 3.3921279356637965563 3.4461912613704064334 3.04059e-09 5.23805e-06
77864476.386036962271 6952 3.2781854302551107772 0.13258224781696875683 0.10213045765088717143 3.5698287126937446878 0.016814223574221125179 3.1448197399967905419 3.1452801465588571261 3.1457690415575361165 2.57429e-09 4.95529e-06
77864476.386036962271 6073 3.2196161353044674414 0.040006577458209756359 0.24312446040940385861 3.6639763382431906891 5.0279706871970626381 1.5122008768491410624 1.4722990285479726769 1.4324863605040458747 2.87152e-09 5.1391e-06
77864476.386036962271 5578 2.8769731043980470986 0.18011364658907674796 0.23198030786718923379 0.18084492284941636187 1.4865980781899972296 1.0668793903031341674 0.91482686050010386669 0.77209454115657916162 3.04211e-09 5.23892e-06
77864476.386036962271 5231 3.1529642448857635451 0.083829828729010555377 0.29311633024212546683 0.82048582457661933809 0.010441699357155028241 4.9455728484222944985 5.026448425969303635 5.106177916260187466 1.89135e-09 4.47137e-06
77864476.386036962271 6029 1.6679874350557453155 0.21863164661556463986 0.59866392385111633079 4.0636928185584517692 3.4032731977312358218 3.652307553602668122 3.7718991932856114069 3.9007590291774691948 1.2969e-08 8.49478e-06
77864476.386036962271 6290 2.222324990879370521 0.53884801817143423985 0.14867369348756587222 1.380743489464432372 2.8106207860696899026 3.1758648286616204537 3.204184560777869617 3.2378900675824193733 4.66797e-09 6.04263e-06
77864476.386036962271 5211 3.1602646426867839757 0.029950148231475542948 0.2979351659670707031 4.9446618231872783156 5.3263228438822354249 1.6141041794787664987 1.5841582177633535267 1.5542107431437819365 2.07199e-09 4.60942e-06
77864476.386036962271 5717 3.1465539114189811087 0.12504257744801330898 0.2187075807212843781 1.1527995608919494597 5.9846103856724433001 0.23710967149755782235 0.20931959343703593346 0.1833364469582321743 2.31886e-09 4.78566e-06
77864476.386036962271 5643 3.3275352498802841517 0.13836806720848071617 0.053099157038072379577 4.76831896587410764 3.9897962028069713369 3.0951892637683431353 3.0882585325479858795 3.0808822914519953251 2.47115e-09 4.88821e-06
77864476.386036962271 6842 3.1940916900557905223 0.094890937429156343996 0.11708856946716329761 2.5754711793651048346 0.069809948176834613065 3.3407322986676417642 3.3604658767157471466 3.3810695332539579816 3.94698e-09 5.71398e-06
77864476.386036962271 6572 2.9441589451771190689 0.17049371563897050552 0.14889689802508820904 3.2432291315454313541 5.1134612947797872806 2.0545733703404001069 1.8965358116555690593 1.7350076200136825832 1.66053e-09 4.28153e-06
77864476.386036962271 5131 3.5338953828121510981 0.11941550064718216284 0.28077867914505472147 6.1419367006559886235 1.7193450958276415008 3.6067280095548701624 3.6635099923206833061 3.7230437694061113696 2.25296e-09 4.73989e-06
77864476.386036962271 5534 3.2498318472017659886 0.1697342875797454298 0.084335668223446250136 3.4468687531837280957 4.6128151665701109252 2.2241076753735509186 2.0811436322750798134 1.9330377518411849813 2.18919e-09 4.69474e-06
77864476.386036962271 6119 3.1463284490084117984 0.144758854622986044 0.20202517450118059883 0.20020504456515803016 2.0411877856492974814 4.7252109145386214095 4.8703333571240321476 5.0132903542116489248 2.96829e-09 5.19619e-06
77864476.386036962271 5525 1.8765955662423636774 0.56807394146765022303 0.26484081038206441772 3.5173751313781189687 5.8008345661317335384 2.9725127565993401113 2.821426998565166766 2.6426406079371433933 2.22151e-09 4.71773e-06
77864476.386036962271 5240 1.4432633569401305262 0.32340972319277927483 0.5010148846507912479 5.1987734185209450999 2.3936947932626213564 5.9949364323053426773 6.0763839544749655985 6.1427898226214994182 1.54708e-09 4.18172e-06
77864476.386036962271 2850 1.7820988009127594065 0.036516256318781928347 0.3788960630814248165 3.4189082615178114644 4.3352703512956933807 5.7549542081561240181 5.7730783629220843167 5.7909081765415812981 2.86233e-09 5.13362e-06
77864476.386036962271 5957 3.2541972290124672185 0.093382585568859907688 0.11688964736534193656 0.69902870644856918148 2.2222729615296450412 2.1668420873463416498 2.0873455252213020117 2.0061466922153821102 3.45473e-09 5.46581e-06
77864476.386036962271 6103 3.2800517136416464936 0.086222156211430367456 0.16346732816782227893 1.1096056498862929551 0.80673918920619336337 1.5144093279619619263 1.4284260526082166454 1.343076252557230843 3.07621e-09 5.25842e-06
77864476.386036962271 6335 3.1108151784335866807 0.021011065680166904346 0.26031541985047690346 5.0309637998137866077 0.1200309292366747993 1.0380218232098841202 1.0200174405867363792 1.0021135511886840597 2.80706e-09 5.10036e-06
77864476.386036962271 5252 3.1366991904494816445 0.07519886136087380879 0.17301823708900287979 0.61683426588468559526 4.4339279053147437892 4.1075036041539583209 4.1707816553085077516 4.2352181451259811595 2.42859e-09 4.85999e-06
77864476.386036962271 5034 2.857459660538100632 0.22260324079999060931 0.1132456820848118384 2.639747881725900136 0.76323405198559945983 3.0022485030257848315 2.9670069868142263658 2.9283407776783025867 2.20492e-09 4.70595e-06
77864476.386036962271 6874 3.2829180504756432235 0.11565382504728198565 0.27666233388173649965 0.54826438687885203915 1.4482514716060610471 1.2403695544375583637 1.1327360375663595438 1.0280026907887958032 2.61974e-09 4.98428e-06
77864476.386036962271 5053 3.0607651971946006064 0.20137458045712677834 0.2690447074677183581 1.0431020593059237012 0.27117858767813074472 1.294148586731316275 1.1042898370524985019 0.92443313593162002029 1.90259e-09 4.48021e-06
77864476.386036962271 3953 0.87710514508971959557 0.28365290576880153317 0.32988539871018685012 2.3776702626070873592 3.9522603140437584379 4.406017038975878819 4.692759953029925768 4.976358215003242158 1.87457e-09 4.45811e-06
77864476.386036962271 6204 1.8006277917317583537 0.19348497154526025921 0.19167510382794941681 2.9399661740844162949 2.8837600495644353238 2.9599396921410385808 2.9209072288099782178 2.8785536633982258259 2.26769e-09 4.75019e-06
77864476.386036962271 4189 1.1077963573207911807 0.038254513734246466117 0.029387601885655225548 2.0251907491929515004 0.051771273127833000727 5.5961385996395778264 5.620055698582459236 5.6436046497782177411 2.51666e-06 4.91804e-05
77864476.386036962271 5324 2.0685901381901010687 0.14547896793400574844 0.14941634191193348125 4.8599106308419735001 0.14481155157908867648 2.7486689459252953149 2.688629288122678318 2.6249630401778203392 4.64884e-09 6.03437e-06
77864476.386036962271 5185 3.5323833886413940064 0.02089587736770019688 0.2206702891846007708 3.3175965386643500032 6.0806212809276463105 0.3238955736719205114 0.31730974588622984367 0.31078998681159902828 2.64564e-09 5.00066e-06
77864476.386036962271 5451 3.2623883327358882411 0.12223191745280803655 0.036601969639263168266 3.2213323796777681984 5.239974940404798609 2.3263551435055433991 2.2331949594802971149 2.1368127312679363605 2.58702e-09 4.96345e-06
77864476.386036962271 6192 3.2243378703559040233 0.16342644076586249069 0.34525336309647502997 0.32481795864499918292 0.20209393140037654191 5.3884214906315914817 5.5103326236599254884 5.6244337574047706951 2.79503e-09 5.09306e-06
77864476.386036962271 5257 3.2319944022249087467 0.16571088872544870174 0.25306229696591703293 5.963827482213686082 2.6525718967768368017 0.93743732845666316589 0.80944137643581581809 0.68948295067722820129 2.20895e-09 4.70882e-06
77864476.386036962271 5853 3.1334693148093615278 0.17767652730341687572 0.14061466370890129962 3.4951826359184154924 0.39629790252555885388 3.0212649880684860904 2.9976693779451402122 2.9721857806911198274 2.34516e-09 4.80368e-06
