41691991.786447636783 0 5.3966759504198247299 0.060009715319335098227 0.030231000447137348908 0.13125751239668237424 1.2698658638575681668 4.1786952256272691386 4.2311964408735232013 4.2843916690928409707 0.000954966 0.000356051
41691991.786447636783 1 9.0311197930217534946 0.016868070441087221201 0.041602558803023305389 1.604805152608300256 1.2742691121169043011 1.0594174721200402267 1.0447670145391552143 1.0301793793848834646 0.000285285 0.000238018
41691991.786447636783 5775 3.0366410078901053815 0.19614520530962173406 0.14366385113251098349 0.63821469024883858978 1.2274540541064216104 2.6622009458392694725 2.5621263199539558997 2.4547216253068468994 3.02463e-09 5.22886e-06
41691991.786447636783 5394 1.7074629024501954966 0.24915450483745904542 0.29050589238958146598 4.6334017733407790729 4.3836300279369071475 3.2368571370606771254 3.2644061425022834477 3.2949288116016215433 4.23442e-09 5.84945e-06
41691991.786447636783 5134 3.5318805819664538248 0.041988564238362287295 0.36920240377718926972 5.6876657771284957477 1.3550523181925757665 0.85176662659095891961 0.82059242277147870226 0.78987569428066395361 2.31886e-09 4.78566e-06
41691991.786447636783 5931 2.6947365799861469071 0.36294580588321712078 0.65484546857097869488 2.7167731924371802954 5.0988922526832345383 3.3271121337324456313 3.4120692672840498005 3.509045030377541341 2.66585e-09 5.01336e-06
41691991.786447636783 5740 0.93825656112130106923 0.058706757821261716657 0.2094408704774170793 0.29473876885410354998 1.5584586064766554614 0.55131067542127831782 0.52128697292402992325 0.49205120796380080739 3.09097e-09 5.26682e-06
41691991.786447636783 5588 2.7895843559448985083 0.17083421743655974323 0.21234853055292904345 5.5709267651612179861 5.2821850154750693562 2.8450261865327246547 2.7902359421022802088 2.7314395964911168946 2.40685e-09 4.84544e-06
41691991.786447636783 5846 2.817571501754155161 0.097880511438797224155 0.062842837970953857596 2.8148249139867735913 3.077904144540009046 2.8489165637909148465 2.8192155173509623189 2.7882048050718664101 2.37403e-09 4.82332e-06
41691991.786447636783 6171 1.7363928461387940771 0.16376353717023003909 0.32258687078871717269 0.62317734148845227438 3.6825934090574938828 5.5426229133719928655 5.6473891357918732936 5.7446349212546783392 2.39216e-09 4.83556e-06
41691991.786447636783 5921 2.0712794066117234948 0.41751047360455406654 0.69800636705540619609 0.57556452180187789303 5.6684450632459162378 0.14929767424172390999 0.095809663483335874568 0.055869296387637733259 2.32801e-09 4.79194e-06
41691991.786447636783 6443 3.2255660439321465205 0.15144509625319396706 0.23469201193817096351 2.8803385236521785728 2.3920559157922287596 3.7357102877318042466 3.8266586963533764099 3.9224816668955395649 1.88164e-09 4.46371e-06
41691991.786447636783 5990 3.1077483038359994261 0.059025693060265248258 0.13499182499892292686 3.4906176770049217595 2.835062318736692788 4.8482911808484594474 4.9065738363756512541 4.9644901587248355668 2.30118e-09 4.77347e-06
41691991.786447636783 6883 2.3269355299936282933 0.42492197231798956025 0.4586684933770810435 2.3985619147938268547 1.7036500913944059299 1.8737332216032585031 1.4253085823361448803 1.0048757777425731952 1.23696e-08 8.36184e-06
41691991.786447636783 5478 2.1519301948157183446 0.35381897682321783449 0.24052347897591969117 5.331614319660319623 5.3453158908530600257 3.0455414715491322397 3.0026803124810679257 2.9536884086992052367 2.28234e-09 4.7604e-06
41691991.786447636783 6793 1.1962654376215080543 0.3533989497434613658 0.44833666149096318421 5.8014186336283239953 2.9150638497384950831 3.8439366996756634265 4.1163548597672647844 4.408816671109159202 2.0508e-09 4.59365e-06
41691991.786447636783 5467 2.9751610946324027474 0.12347419265795990528 0.20186126990686908966 6.0272413091707086608 3.3807772869839101126 5.3349277863173059089 5.4320352524947530526 5.524892651588023007 2.43648e-09 4.86524e-06
41691991.786447636783 2413 1.8872744548860056479 0.30216795250442551879 0.55403321582571729564 1.8644853420523832543 3.786157996191990005 1.9531770846080056536 1.6508618162660431139 1.3496618676830158812 6.11801e-08 1.42469e-05
41691991.786447636783 5694 3.116683228874304934 0.19739619132371377663 0.27885825426401289473 3.8187056622886572654 3.9852373539925509682 3.2826424544056029831 3.3137348572677525205 3.347547498846987768 1.21025e-09 3.85309e-06
41691991.786447636783 6392 2.9720946899277747022 0.25027004285653031701 0.18590093352689857076 4.4025490437794871923 2.8198753176412689747 6.0382197931480909858 6.0931104930391413177 6.1403946034365990414 2.75286e-09 5.06732e-06
41691991.786447636783 6484 3.1154388427204442458 0.11426577534490786614 0.21041437172111210341 2.5307515628031507227 0.085942680636508644865 0.74867769125018601706 0.6738244924219665144 0.60252503010493885238 1.88476e-09 4.46618e-06
41691991.786447636783 923 1.6781145561344679162 0.15429808679660639292 0.31934552787282544095 0.72133938479738246574 0.23846102759013904082 4.7569075561830151955 4.9111410519395182206 5.0624015864425642164 2.53731e-09 4.93145e-06
41691991.786447636783 6739 3.175833264140155876 0.12350737455592127045 0.22497565762524421307 1.3637069494546691928 5.4131807066920440974 5.7402860670761413076 5.8010906186236281812 5.8583531009277098889 1.84353e-09 4.43337e-06
41691991.786447636783 5448 1.5882638640359918458 0.34365731523640297151 0.22704771508387017187 0.27183019791592710757 3.4138962269512740377 1.5032639728124848055 1.1572928326745131056 0.84259941246140912519 2.56033e-09 4.94632e-06
41691991.786447636783 6655 1.5329135031363703146 0.21243601655700650177 0.11897703350336219508 3.7680277270830897507 5.0501992457329496489 5.631574679586370813 5.7514964856929662318 5.8591993679195999434 6.32791e-09 6.6876e-06
41691991.786447636783 6764 3.2805282660448136234 0.036548407226903611988 0.23931518239342461363 3.5966728954529743056 4.1638114709799474156 2.4345621916048578726 2.4104796216172794665 2.3860763003770846247 2.4069e-09 4.84547e-06
41691991.786447636783 6362 3.0360929600301669318 0.12041163552248455859 0.18808398676973517305 3.2163272687356609936 5.3452175679035791589 3.170928939427112514 3.1747016234659102274 3.1786876003454547224 2.92709e-09 5.17204e-06
41691991.786447636783 6809 1.6586201034235776852 0.39330436523646056246 0.3650536638849560811 3.2957934601162621746 4.4480350655204130561 3.6518223096066764199 3.8943534872927014767 4.1632384672478472964 1.72631e-09 4.33733e-06
41691991.786447636783 5569 2.0156877524461318529 0.49596003501199403818 0.49224653854721039936 4.2588618553083854579 2.4446495348193737485 5.4978177669073771128 5.8112934207372823892 6.0367430748030512788 2.77052e-09 5.07813e-06
41691991.786447636783 6498 3.1862772743702745259 0.098929563259643638062 0.15117652751375695863 5.5375166019936141737 2.0571543870234640927 3.2831023563652248498 3.2978113012264986814 3.3132031606003482516 2.50157e-09 4.90818e-06
41691991.786447636783 6313 3.2522096493326571043 0.13298458034752444479 0.36591667981272485433 0.68865432033333240369 0.96048821705279363581 2.6732901108516422539 2.6091976554661058252 2.5416949071363634793 2.33149e-09 4.79433e-06
41691991.786447636783 6300 3.2762940538541966973 0.041642126173526881894 0.23696406948522830138 1.402779193159885196 3.493729118879294937 1.6085651025906024802 1.5669078736739310287 1.5252660623158904585 3.26125e-09 5.36181e-06
41691991.786447636783 5204 1.5491024866080931321 0.32723949929705181683 0.40015998877257680233 5.9966597480831973499 5.3090857366799255601 5.1148255039400041255 5.4032864361163683853 5.6554815541597465156 5.21728e-09 6.27092e-06
41691991.786447636783 4755 1.673264402764961023 0.13407156202140044221 0.13886371862133742305 1.2828519612170747877 0.31335346008481484992 2.9046822906470430858 2.8708621350702689945 2.835006650846805254 2.39615e-07 2.24572e-05
41691991.786447636783 3800 1.2875995503777404316 0.11665789599594315884 0.22068783143854012185 2.5986100608413140733 6.016342682978485179 6.2495893194500693468 6.2533039482835892642 6.2567893260081151041 1.79108e-08 9.45995e-06
41691991.786447636783 5861 2.362920747508988395 0.33043504887851210539 0.34756552568995119357 3.884668460724766792 1.4126204531104173956 2.4981073140780791775 2.263101401541592228 2.0087401995374833952 1.95257e-09 4.51911e-06
41691991.786447636783 6719 1.6384621388776672291 0.22070902457678481801 0.045135761655570191819 0.57963857539208540892 0.070148252148887604851 5.1578177509153828595 5.3496256872270819827 5.5270190030105705858 2.09817e-09 4.62875e-06
41691991.786447636783 6815 2.1865519534232249477 0.21715851913166850373 0.3228455646809018087 1.5479544025920994876 1.4246787347667086987 4.3902301029107828612 4.6053852292937964563 4.8213017230784878109 3.57143e-09 5.52668e-06
41691991.786447636783 5480 2.0630522884994624278 0.26062866417405949893 0.85814234605979700099 5.6680535107038005904 5.9092558595843085456 1.8913055880906246564 1.6301207131200317058 1.3699505404756551208 1.6026e-09 4.23115e-06
41691991.786447636783 5093 1.6853801045131000524 0.49887414526316392616 0.3321874663568653574 3.3378824936065099038 3.8388823819757527112 3.4803609131601280779 3.7167473556366896759 3.9881172349762032958 2.98948e-09 5.20853e-06
41691991.786447636783 1517 1.870331725475125273 0.40290926240432589633 0.44600143644590822811 4.697113260013396463 4.6943789315178499066 3.2006366666709813451 3.2320617667316859922 3.2684629077594178348 2.17631e-09 4.68551e-06
41691991.786447636783 6526 2.227392064250758974 0.511340593094782081 0.31924808319660841205 0.88584371281332896508 5.710026731970327063 3.2439845730132268464 3.3213356318106366238 3.412751414729875421 1.74858e-09 4.35591e-06
41691991.786447636783 6951 2.9849822591669075145 0.042993536070194487975 0.069964012719368487425 1.2655057790279182761 0.32056850909652834236 3.7463127836755698574 3.7712064590397980091 3.7965224571692437472 2.54062e-09 4.9336e-06
41691991.786447636783 5559 2.2332125158072511084 0.21517276997996104271 0.28861923718963694574 3.847462839505111809 1.4601203641636038011 2.6962972808428697924 2.5923952339946789714 2.4800744367189797579 5.44342e-09 6.36025e-06
41691991.786447636783 5923 3.0305339976204956898 0.053502966626525816363 0.21508878069579198677 5.6300589549520134725 1.6809333695892669791 4.7487327323529839873 4.8021739673618251132 4.8554614259139858845 2.22479e-09 4.72005e-06
41691991.786447636783 5234 3.0696454682020308802 0.13390151769774796819 0.07090152686784702285 1.895485497671480335 3.2199596538594907891 1.9822153077247381958 1.8556938493951831148 1.7271898402941390227 2.35138e-09 4.80793e-06
41691991.786447636783 6863 3.1313860622878779694 0.06439952353507877314 0.053309793662683818694 4.315269037434784849 0.31797425217740010739 5.8821852010152415602 5.9066225249218184956 5.930303920987556765 2.72515e-09 5.05026e-06
41691991.786447636783 5146 2.7637393643182157632 0.072710333004421742742 0.16478191598848046517 5.4174993846565149269 1.2669746468671423401 4.4500085008944267884 4.520963879509132255 4.592346092481983888 2.55901e-09 4.94547e-06
41691991.786447636783 5492 1.8884121932229966934 0.218697245640969401 0.40525268652941015546 0.4958804659332654019 6.0369539843835324788 5.5619865731767426098 5.6967356417160157633 5.8177643169708472826 4.51271e-09 5.97488e-06
41691991.786447636783 5047 1.5214984362978054566 0.1305129094354766095 0.30765009363225875871 4.5809892908704510361 2.0971121729176336324 1.4520441579223102302 1.3230756107976100466 1.1965467634556268273 1.0218e-08 7.84583e-06
41691991.786447636783 6657 2.3897037826834401919 0.20998928338040101504 0.21642734814724676196 4.677605107478163049 4.4934181525497258747 2.5174758199954121451 2.381886225410749347 2.2372647949993194061 9.52311e-09 7.66378e-06
41691991.786447636783 6413 2.7544361418338376701 0.16005412621479428448 0.12384507775659485407 4.283862087995995438 1.7251596870037548825 4.5996038012361744052 4.7607872632514558475 4.9206539711592807151 2.71272e-09 5.04257e-06
41691991.786447636783 5577 2.1239074414603726915 0.43304722144038010345 0.51878675794785511499 0.68642553161445418741 4.6926104504628218805 4.4144802003339131957 4.872920500719344794 5.3003998015134738964 6.01747e-09 6.5764e-06
41691991.786447636783 519 1.8475378906482404773 0.13806669223431053406 0.14794169466061976581 5.8769504010774813452 5.6376243633346696527 1.6650067972384063886 1.52620709298349988 1.3882776300933190594 3.92741e-08 1.229e-05
41691991.786447636783 2992 1.9874467452766069187 0.21169325429660337812 0.16755427356389179794 2.0162196361027548974 0.42864945760881301151 6.2503336424053816955 6.2566867451869558892 6.2622956555506066323 2.26492e-08 1.02298e-05
41691991.786447636783 5788 1.790117854760969518 0.29989949418274536308 0.18901420320568423916 5.5321955446786397204 5.3312676233233720069 3.5594754490654887391 3.7041226980860000317 3.8640675221118012672 1.43499e-08 8.78617e-06
41691991.786447636783 5626 1.0813044610862785344 0.16171806689375861632 0.083513212016106716518 6.0191544735184487891 0.62424686005627438856 3.6322814272169572369 3.7148794403699469946 3.8025947179281303079 7.93289e-09 7.21097e-06
41691991.786447636783 753 1.4763548167649369613 0.22526861538371889537 0.23759779931682170617 6.0951044410965957709 3.7610329796124122304 2.7512410597828269587 2.654240136346156298 2.5487494837918229784 1.27811e-08 8.45356e-06
41691991.786447636783 6244 3.1959875792608833933 0.1456841937242988605 0.34773807758864466733 0.005029669546676608996 1.1438314181837532235 4.1573995622648407533 4.2866974599261462586 4.4193798327770501544 3.08558e-09 5.26376e-06
41691991.786447636783 5020 1.8153436484279725782 0.34639865017110998968 0.51313614749109304203 1.7023567050760974873 3.3113266227244215756 3.2911453504502570233 3.3558174633699748846 3.4294583599365737747 4.40916e-09 5.92883e-06
41691991.786447636783 6161 1.9278936204796728315 0.24564604808087997512 0.17843807924237700679 4.17731991174960271 0.23047173330588488493 5.5231809723230931297 5.6804703634248703281 5.8197224726058163213 2.19638e-09 4.69987e-06
41691991.786447636783 5647 2.0495474183497170984 0.45685928406778397726 0.39462428434298368884 3.4075428914202849917 1.6724001921594202624 5.4061438702475896889 5.7254112623773307789 5.9672263933166656003 2.57441e-09 4.95537e-06
41691991.786447636783 6451 1.7935233188133503646 0.35178268694552294882 0.14038402610157935113 1.3679212270908129856 0.18995128163393987242 4.961505061295156338 5.2954453072350222698 5.58910779735187635 2.57122e-09 4.95332e-06
41691991.786447636783 6702 1.9594795855891158354 0.19365278148657560919 0.13854485744362762811 3.8660458462304054805 3.3204836014302974156 1.1355768518595164007 0.96572542655923265809 0.80645341709365392369 3.70623e-09 5.59535e-06
41691991.786447636783 5195 2.7650378401569799536 0.076668540740043367165 0.058640881063213627644 0.76310066797300257768 0.81402835483373470193 4.8352725876698965379 4.9110819034678083739 4.9862420226139958501 2.26107e-09 4.74557e-06
41691991.786447636783 5437 2.1169227336558136265 0.23902317718518309442 0.49552968878033665234 6.2578245434336672304 0.039050972563271751925 0.16783827296948364283 0.13165284757937414928 0.1002755901952762374 4.54448e-09 5.98887e-06
41691991.786447636783 6270 1.9324037869782999532 0.4290734408910331088 0.22806125684460820668 0.58130918028808953313 3.4858957376957602214 1.6023853985056477622 1.1560581524777797657 0.763360762143551419 2.07589e-09 4.61231e-06
41691991.786447636783 6816 3.1053106770974494566 0.13641194448516871796 0.19830994961132386578 4.9517440488240556107 2.8009943554856402415 3.8184133814947767149 3.9090340877969800282 4.0037443743589014034 1.76213e-09 4.36713e-06
41691991.786447636783 6040 2.2601482038570992472 0.22374335119498942048 0.85902028908032190824 4.8644312864228433924 4.0942622073426253593 3.3688933961869267364 3.4262823037189975572 3.4891227733798819699 4.48499e-09 5.96262e-06
41691991.786447636783 6230 1.324808023169027793 0.14165260832743853392 0.07873967714875333701 2.2578407401179503289 4.1230711109480395749 0.12076075475441067075 0.10474210672781289477 0.089932228446170131564 6.03494e-09 6.58276e-06
41691991.786447636783 5950 1.5468859524576061837 0.33708843831650892042 0.26719396756539515181 4.8391030956332441448 2.1950354735778447868 3.355975394480123164 3.4448859526489514771 3.5455624060736448122 1.07677e-08 7.98408e-06
41691991.786447636783 5351 2.9792810862244092363 0.13770481239961274156 0.15471787769818404201 6.1555342864168771655 0.055468091913465335241 3.128804076802116807 3.126903149264478099 3.1248804065740363178 2.44807e-09 4.87295e-06
41691991.786447636783 2768 1.6296879612196535358 0.052850444292396631107 0.034059645397472679273 0.47780235704970186461 2.3474916325764780822 2.3678687556116675417 2.3302027338444442073 2.2918732227846199123 1.0565e-06 3.68247e-05
41691991.786447636783 5194 1.6653362135398519506 0.23379098554902680296 0.19553966557099669576 4.1379701156426733633 0.86938059653045296482 4.0503890048652841926 4.251402910189479023 4.4607894595833705864 4.75382e-09 6.07945e-06
41691991.786447636783 5310 3.4895789262781939932 0.078330802293592585728 0.37501576319962565131 0.72082781306911547503 6.0212261037172050138 5.3662343128990421803 5.4270352945624802388 5.4862005138021379125 2.51895e-09 4.91953e-06
41691991.786447636783 5888 1.4970626642814075513 0.36625937262274482764 0.36595323622847114597 5.3291328003744409259 1.6424044993644082435 4.2999156322460292401 4.6718034163822057536 5.0377611813860063705 2.79797e-09 5.09485e-06
41691991.786447636783 5964 2.1034239220574511009 0.44430923369549096824 0.60855809761628354426 4.9090992674066651347 0.91474175860125017667 4.5815769633158254237 5.0520627407711966583 5.4709856608616229678 2.1711e-09 4.68177e-06
41691991.786447636783 6639 1.3817875553745191386 0.12477664760627481255 0.26447224392694163031 4.2314973537267395187 5.0800393813330462223 4.8077390362986305306 4.9315386418287312509 5.0533309646222797085 2.07227e-09 4.60963e-06
41691991.786447636783 5312 3.000049654398525778 0.10832536234530122654 0.14705991174636931507 4.4367893847816626263 3.3467585390969842862 4.7769131653498089207 4.8848487602525452189 4.9915671845631921499 2.46345e-09 4.88312e-06
41691991.786447636783 5289 2.0438099722201883424 0.53534921608082464139 0.28651613371734696578 4.0552033746939901704 3.6123188856247798739 3.9078883230364396262 4.406248076099642752 4.9167055483858099763 2.13423e-09 4.65511e-06
41691991.786447636783 6734 2.0410576377984015473 0.094377608719134323256 0.13531828963079325923 2.2987198939915094442 1.7470099126066149786 4.5533666318821595098 4.647397263123546729 4.7415756201020089478 1.24231e-08 8.37387e-06
41691991.786447636783 6073 3.2567484116644274117 0.044870409927233338709 0.26063059969177670983 4.6810259184975366864 1.6744011306736239497 3.6181111985316003476 3.639121413007237571 3.6605360566162059577 2.87152e-09 5.1391e-06
41691991.786447636783 6692 1.8009615811412948982 0.33059391900062662373 0.24405145828994892487 4.9000070488784777112 5.147353866101307851 5.942874712696126771 6.0406465529236044176 6.1200445824059004352 1.32225e-08 8.54977e-06
41691991.786447636783 6028 1.7468577325242391485 0.36044924638205549927 0.1385261778173881575 4.5887192543123562771 4.4632572938779127014 1.7691889380173122515 1.3940290228782235005 1.0391965492407218008 2.1303e-09 4.65226e-06
41691991.786447636783 5030 1.1534068369310310764 0.42912510644936346926 0.24386303999988714897 2.1658792607655552587 5.2284516925348416549 0.61249997689242319243 0.39449364885518417578 0.22956337109801136509 2.14686e-09 4.66428e-06
41691991.786447636783 6521 2.9653253258472940246 0.12534574271719017835 0.099141480193913958385 3.0382539257902578811 5.0987604020710515229 3.5374183097194844549 3.5889183798358432753 3.6431374253454156253 2.953e-09 5.18726e-06
41691991.786447636783 2010 1.4798789639583624922 0.25679174566690243786 0.21806563208791571173 5.4423358977714153539 2.9666654636384999222 1.8004190587670807489 1.539798295645797177 1.2831299128615303307 1.54172e-08 8.99881e-06
41691991.786447636783 5717 3.1621279192884892417 0.16384291551340876558 0.23187799901701419691 4.692757499597949078 2.2872330457550780203 4.289190659661171523 4.4445555222213375401 4.6025568674279835335 2.31886e-09 4.78566e-06
41691991.786447636783 5479 1.189831869661943875 0.2081834937399519303 0.27743106687811791566 2.278455193729606254 1.9776323950709613353 5.4067511475443525981 5.5580091960670854334 5.6960904897561928095 2.12255e-09 4.64661e-06
41691991.786447636783 6005 3.0263967627543788552 0.21998427872091369517 0.63353403461679380637 3.809302056895172317 2.2793994246827513628 3.6426664706222515733 3.7610912676305114921 3.888820083895116575 3.36675e-09 5.41902e-06
41691991.786447636783 5540 1.871096373312409078 0.51008884025605805146 0.14998316366171970948 2.9880697833583305112 3.7468679868573602221 1.6198162003609168913 1.0782072879623696426 0.6287621784158794469 2.31531e-09 4.78321e-06
41691991.786447636783 733 1.9944407649794664295 0.27423458828323143965 0.088181758226620665653 2.4464609871233760074 1.9778299100410257072 4.1034532932353853241 4.3514460155501026861 4.6080100857210775089 4.51209e-08 1.28719e-05
41691991.786447636783 4406 1.8613511934414672666 0.50997728863037683489 0.32310433098431623478 1.0692102394625280226 6.1933227713728129515 0.18503643705592229263 0.10561310789286794398 0.051852893085420397046 6.27014e-09 6.66718e-06
41691991.786447636783 6119 3.108289106145964098 0.11446479963817911274 0.12874333142523863849 3.3630703250869440346 4.7595327022510574011 2.9995088885407517054 2.9822668431614007822 2.964106705992555213 2.96829e-09 5.19619e-06
41691991.786447636783 5525 1.5894424094247843193 0.37955593075068838615 0.22177381729692544066 0.34915894268607267081 2.0837298342219243708 3.652826404345750344 3.8847579418400020046 4.1415738331910647574 2.22151e-09 4.71773e-06
41691991.786447636783 5178 1.75443202450558422 0.23769000738853476862 0.09366033940465898211 0.62038602686840493838 2.4057792838789788803 4.3225042478345248043 4.5552093141561442735 4.7899692424168058835 9.33283e-09 7.61239e-06
41691991.786447636783 6997 2.8970052524905747227 0.039637716543796587543 0.2593056837733421216 5.3757735425387807027 6.2465514589550803493 1.5524818784734069066 1.5128548071419565257 1.4732836082469213945 2.77488e-09 5.0808e-06
41691991.786447636783 5667 2.0952944032326583645 0.33505663601902774262 0.71399962307316500176 2.9544698426175064476 3.7154300824182637797 1.6024932701750906894 1.2591554875715949002 0.9402379480763168873 3.20823e-09 5.3326e-06
41691991.786447636783 6103 3.2857023681647428148 0.090993287456686486325 0.10605400833247825843 2.417413549300691411 4.6285298473352849413 2.5277755355043467489 2.4732355740247156106 2.4168472710159489836 3.07621e-09 5.25842e-06
41691991.786447636783 6333 1.1763424625707719073 0.23925542831021687218 0.28729304002363947879 5.1324745696145246399 6.024662891523680841 4.1152064164368367116 4.32984764605250394 4.5518094539057578629 1.94245e-09 4.51128e-06
41691991.786447636783 5252 3.1693793563129770696 0.23340602671919602473 0.18863693835049824554 5.572137772822458146 1.7814936298769232792 4.269982952185564784 4.4943399237647110311 4.7222192098140745031 2.42859e-09 4.85999e-06
41691991.786447636783 5316 3.4672239051743325433 0.13122955061178714908 0.23773069008530109403 0.97680202171774854758 1.1782729306761547949 4.5376174963902453641 4.6687255286318292136 4.7998300047431694537 2.96988e-09 5.19713e-06
41691991.786447636783 6874 3.2692258617469946991 0.11877709227809440939 0.2103150653418507654 2.4235848966391602133 5.2238534342349236539 1.9698750827801525531 1.8575571848091736449 1.7436303447857421922 2.61974e-09 4.98428e-06
41691991.786447636783 6823 1.9418379212263072731 0.30444495132802174009 0.1388875962377601192 4.7228958940010130618 0.60825556944392922265 1.5375282116185471359 1.2299111736823991059 0.94298425608164937461 1.69817e-09 4.31364e-06
41691991.786447636783 3953 1.263980636205175978 0.20674948282190458437 0.31263070449349800173 3.131227391287239481 3.7883965127573304699 3.8381654124873598732 3.9836915147132643256 4.1379353931251303678 1.87457e-09 4.45811e-06
41691991.786447636783 6204 1.6017762375876334335 0.18325153638843280635 0.3457166400172848042 1.3667916836402975722 2.3710596676435047314 0.331991668260554873 0.27660886286537994527 0.22656378545018618365 2.26769e-09 4.75019e-06
41691991.786447636783 4189 1.1130064798885046518 0.069714694144667313513 0.045993156547522950905 0.39519985166450849468 0.9831542450640831099 4.3064516709728462018 4.3714520558508080939 4.4371540976554264546 2.40401e-06 4.84353e-05
41691991.786447636783 5324 1.9361315271543066974 0.066763435570644735773 0.31955171223831230209 4.0654307398915294769 2.3388546178993085967 2.1171201096979843648 2.0590182866364550307 2.0000549397335078972 4.64884e-09 6.03437e-06
41691991.786447636783 5185 3.5220835669243473198 0.048214474044485644555 0.25122736832865066869 1.2735003515077722991 0.92003246030255592114 1.72984832224381746 1.6820411496735383494 1.6341247050427463172 2.64564e-09 5.00066e-06
41691991.786447636783 5451 3.2899143575280898055 0.091282774590481757793 0.024209997471552030524 3.7713859625394752229 3.760729528648459663 4.8180553183190344413 4.9085204136062756675 4.9980530972942718293 2.58702e-09 4.96345e-06
41691991.786447636783 6192 3.2147298730479434425 0.24976146883715344416 0.33091351647261124658 1.597080298331676973 5.8703603361016698514 1.9410608994599527488 1.6943492812119460567 1.4464917344641068375 2.79503e-09 5.09306e-06
41691991.786447636783 5992 1.7303505395068363715 0.099573572066632295985 0.36539081933657829859 6.0855437942039953825 1.4174212293505557003 5.3816371886764695631 5.4575382881763170317 5.5307235361019833064 8.41385e-09 7.35386e-06
41691991.786447636783 5853 3.1464187702350248088 0.11921731850051778268 0.20360753746769544303 0.28540884938089178258 3.9941472762662599827 5.3558197921507524342 5.4481579816767817803 5.5365355504632578487 2.34516e-09 4.80368e-06
41691991.786447636783 5360 1.6604706299205920228 0.17753391866209491945 0.011242588799258598081 1.5734496775373847388 1.3696941790053125398 1.6518678180360502061 1.4726793860566307348 1.2959993357176839979 3.7029e-08 1.20512e-05
41691991.786447636783 6233 3.1259121220445007516 0.15987961637786124447 0.17817389129453245489 2.8030473353221521116 5.6182170347000024435 5.698421326668063891 5.7816140623327960668 5.8584847963541335503 2.38928e-09 4.83362e-06
41691991.786447636783 5650 1.9844827988606192903 0.22131802067934691625 0.40267596740392685994 2.2131788491456201307 0.38994616032770512692 3.2855597086971899401 3.3217168375861390039 3.3613663482280173866 1.14639e-08 8.15256e-06
41691991.786447636783 6255 3.2552987249892280097 0.1557651021146202186 0.17331949037882324327 3.7832686723041129007 4.2580182155694430435 3.7062247297521104805 3.7959720270784926832 3.8907810950596029009 2.45838e-09 4.87977e-06
41691991.786447636783 5459 3.0260273758277866918 0.24330430362096497343 0.18578237730221636159 1.1425133623556100737 1.4779289226775567112 0.9765258199811071016 0.785678365833891168 0.61358804298404301392 2.51526e-09 4.91712e-06
41691991.786447636783 5708 3.1542360965246323268 0.12231723356039578277 0.23622469750910535247 5.8289531609889886354 5.0570441241622798856 0.10200825092969167951 0.090225300125843357901 0.079204158357600015772 1.65544e-09 4.27716e-06
41691991.786447636783 6956 3.4992793648411799623 0.13106878533076896098 0.43854240469734073748 5.6813568730778172267 3.9170053056138476322 2.0505195161385105784 1.9302284379083962662 1.8075353771611308851 2.20649e-09 4.70707e-06
41691991.786447636783 2850 1.6376486584365046451 0.094016011113636055452 0.36402081319313805974 2.6438438103416190827 3.1359686204746757276 5.6725860461534391987 5.7245910390991037175 5.7744190229368648204 2.86233e-09 5.13362e-06
41691991.786447636783 1284 2.281651552435267849 0.26981224887372778909 0.32658806175946808459 1.7293529525922683998 5.8658355468081149198 6.181957742822716817 6.2063954437162758282 6.2270939333925729997 3.64405e-09 5.56389e-06
41691991.786447636783 6722 1.6775551429992048291 0.10156975729297723632 0.47354826062738480941 5.4572244619122489695 3.5656271787223046132 4.2352261465550151698 4.3277844107247096517 4.4219341790991606445 1.78527e-09 4.38616e-06
41691991.786447636783 5002 1.1654066382481744757 0.3541794447539676205 0.58563426861771472609 5.0177319170691454531 1.8456556730493776097 2.0873179471410532315 1.74090600995073852 1.3918387188630363394 2.79003e-09 5.09002e-06
41691991.786447636783 6473 1.8060142274554003006 0.082261676920557066928 0.21965348649866528463 1.0284015501617198574 4.3841341476719808412 3.0460849784098456006 3.0378909631716868311 3.0293755698698996426 5.43469e-09 6.35685e-06
41691991.786447636783 5815 1.1623299264046114132 0.46487071593731466024 0.49193454648568774035 0.44780244524096940451 5.8370508233600180148 4.0699204517766105482 4.5251428411843823696 4.9818878968280593256 2.67562e-09 5.01947e-06
41691991.786447636783 6211 1.833197884962904034 0.14065205707871991647 0.48272635898883536898 2.1233457532440072058 3.5439790872925098775 1.1779987595304439729 1.0510201395587748241 0.92894394817159942068 2.33777e-09 4.79863e-06
41691991.786447636783 6969 2.1328700858826348252 0.060363724687768904875 0.16793684778862430496 1.079286770390133654 5.9712703730832128457 4.175589128924137583 4.2283124937047649183 4.281740735573765555 2.41679e-08 1.04535e-05
41691991.786447636783 6225 2.0057735898417146103 0.20046455160342782631 0.18146363283674082911 2.7332960352192636755 2.4401048332678634267 2.8117176856585808231 2.7391977535966010038 2.6606912099892907619 2.38341e-09 4.82966e-06
41691991.786447636783 6450 2.6753061581478174702 0.13804514163194320231 0.073351089598251789647 1.8118228054360079327 1.5576275372445649303 5.7548059216819105188 5.8207583167391829804 5.8823432235219010877 1.74846e-09 4.35581e-06
41691991.786447636783 6886 2.7660554777863612941 0.16406686600616063321 0.68289776444142202827 5.9615556936662761345 4.1234279617970379661 3.6968346689480622302 3.7904168722614972609 3.8895542706581149872 2.88448e-09 5.14682e-06
41691991.786447636783 3400 1.0932985417966583075 0.39478977863279962612 0.17839335510239651139 2.8980308445588724986 0.81219486561670839464 2.9822935344757262044 2.9004232364607940298 2.8061322920422475669 2.20416e-09 4.70541e-06
41691991.786447636783 5080 3.2105481281908461177 0.23229679481175813383 0.2602679009146243172 4.719030556468560178 3.618846974807704342 1.6162050485239221054 1.3807590318976383781 1.1526442319231904321 2.57476e-09 4.95559e-06
41691991.786447636783 6155 2.4287689404205150545 0.49900851433651627342 0.17149748388873392591 3.492852934437684187 5.1491072755330398181 2.5173799898553625987 2.1234943221904942767 1.6987825801584637286 3.03729e-09 5.23615e-06
41691991.786447636783 6186 3.2337004053144284832 0.032709409862216889953 0.20307907453589416069 1.2478103909116637915 0.51219353877503037697 4.9526001906703562838 4.9842530971121554728 5.015761155886795386 3.14704e-09 5.29848e-06
41691991.786447636783 6417 2.2307046287643323979 0.35662861786564914457 0.78098035195827442134 0.93236926018374188807 0.62969562217980612484 2.6640713491088843234 2.4621048040544661895 2.2380012681013394804 1.63097e-09 4.25597e-06
41691991.786447636783 6237 0.98374108553957850809 0.23779924989879788755 0.20887534810582120137 2.5182837324308815496 6.0306982164161517801 4.1298298833845867861 4.3447848833009459213 4.5666970184045592163 1.89473e-09 4.47403e-06
41691991.786447636783 6029 2.0904966000582292374 0.079481397239461987203 0.23636115924316286607 2.1745858092673531203 0.5276085951003927077 3.9232942559807910676 3.9809909997392609604 4.0401443463840376324 1.2969e-08 8.49478e-06
41691991.786447636783 6023 1.6477286070227936676 0.15205710888130080649 0.49029009834676479107 1.5480215592206616471 4.1496745940639581107 5.6182852515028569584 5.7072347216401118075 5.7900499298560035299 5.48103e-09 6.37486e-06
41691991.786447636783 5643 3.298469094662793033 0.094684286329794392634 0.084851014989967998847 4.9256214512746785417 2.1925130131744956508 4.9784836393795632858 5.0688513331841882348 5.157583498899032115 2.47115e-09 4.88821e-06
41691991.786447636783 6335 3.1192890297547997136 0.055071635230882980128 0.24126394407701212685 0.74355500381352301886 5.4674751219277366587 1.6176894920715030324 1.5625793680181860879 1.5075095919515082432 2.80706e-09 5.10036e-06
41691991.786447636783 6290 1.9378620161027308999 0.3918353361073763641 0.37980747990038526973 1.4314824086062951647 5.3662995855113786448 3.2325398929344997256 3.2790562564493943576 3.3327498786591620572 4.66797e-09 6.04263e-06
41691991.786447636783 5215 3.1738604777064010065 0.38285238622230205463 0.26390739147238573281 6.1407772696454188122 0.87076183282275265718 0.11609577347846604389 0.077605617515274782914 0.04792393625273422969 2.09099e-09 4.62347e-06
41691991.786447636783 5257 3.2035933462823509288 0.143077546136356204 0.15633188552602225729 2.3679115714866085796 0.06706502103159205086 2.0029404184261090371 1.868491827896435753 1.731707550809694407 2.20895e-09 4.70882e-06
41691991.786447636783 6327 3.0050015089086290487 0.15631307346391545843 0.13658514131857013574 2.0524284796539924436 1.0575182452107620978 4.3757057798061840259 4.5278206363481192653 4.6814788198996444279 2.25041e-09 4.7381e-06
41691991.786447636783 5048 1.7488796901827408092 0.35975153246448687838 0.46016767850791973071 5.1170720043830115742 0.79788345758362622107 2.3652801213738245956 2.066792773841072961 1.7503931252790745354 1.54672e-09 4.18139e-06
41691991.786447636783 5673 1.591737920412746421 0.52012266913566518323 0.47921911634595237839 1.3386218227060768804 2.1467308355715535306 2.949668027261335812 2.8022448916789772788 2.6291105557548473115 2.67237e-09 5.01744e-06
41691991.786447636783 6129 1.4356043550789736596 0.16709040676805167469 0.68409430246651858898 2.5693159965935921107 5.5540022357058989044 0.90570797847657702473 0.7800015931144126391 0.66249015964775159748 7.14833e-09 6.96495e-06
41691991.786447636783 5034 2.8849044857269632303 0.14599435452479778141 0.17238115218077201818 1.1572962905687393942 2.7868431271386473469 2.3995139450411193671 2.2947395401019878847 2.1853605993893348014 2.20492e-09 4.70595e-06
41691991.786447636783 6957 1.6498153696317756634 0.57387901788124884295 0.29681827981040154185 3.0073321130390757716 3.3468061889659987962 3.6991332695288985377 4.1473990534831548516 4.6320938250827632388 6.68595e-09 6.81142e-06
41691991.786447636783 4112 1.9978001132900375936 0.092872479314321146338 0.79634382481490406658 3.3111304751285648429 2.473602603459283511 2.2325173206112634006 2.1569626005049054029 2.0795935560274392273 1.99037e-08 9.79854e-06
41691991.786447636783 5288 3.1289683276083382069 0.24806717454080662311 0.21700575214259185119 4.5657774376408788441 4.3148870652044966079 2.7638846820786704406 2.6587153930257443335 2.5435305166442403468 2.94866e-09 5.18471e-06
41691991.786447636783 5938 1.7905277542688600168 0.45440670451272202612 0.076807751744340901912 6.2421060207446359414 2.5081058209676920789 2.3449963032435450216 1.9376634699497865544 1.5134949606626681984 1.88863e-09 4.46923e-06
41691991.786447636783 5446 1.3456338036884396558 0.34646422653962999361 0.24694144103430124004 5.8462129951360530811 5.740751590964949358 5.9203723717930358816 6.0289865049097004501 6.1161118771651485915 4.99881e-08 1.3319e-05
41691991.786447636783 5914 3.1978685595808711284 0.10144352939501358191 0.12965486468189343916 0.79833817442766052963 1.1400830128771062277 4.3027453704652280919 4.3978930932573456758 4.4943610651151528756 2.63408e-09 4.99337e-06
41691991.786447636783 6154 3.1470077027582830098 0.13525289382615468536 0.27289720927591093469 0.25077165496307707304 1.0243491286674621943 0.94519601293867405722 0.8393655355623801384 0.73870769607434128012 2.04677e-09 4.59064e-06
41691991.786447636783 5511 3.1779703370973355625 0.17586093613350253784 0.18099065541057332562 2.1966911169452014718 5.6808018188835767148 3.3834799407754658773 3.4299241758861880314 3.4799307640502759043 2.90982e-09 5.16185e-06
41691991.786447636783 5957 3.208376019206153007 0.047596985552317755408 0.13454290661108503357 0.44970604237730471553 5.8135912595503453915 4.9958777756253418545 5.0412905350619539036 5.086336213489855318 3.45473e-09 5.46581e-06
41691991.786447636783 5962 2.9091439327037305063 0.21951844543610160576 0.21507362604356819458 5.9994823115201452168 0.83929544732795358097 3.5808596587999104166 3.685838698004869407 3.7994994692988051099 2.88829e-09 5.14909e-06
41691991.786447636783 5160 3.0382296853521251201 0.015317317061147002824 0.15671306533787010551 2.7186796942124500376 0.66519181993613696324 5.7236326834017798859 5.7317112187512044841 5.7397366252743760029 2.48083e-09 4.89458e-06
41691991.786447636783 6827 3.1006719398348936423 0.12631069149073020919 0.19631659405235990512 5.470290798797831755 0.90905587923983222076 5.6501433063424357783 5.7214899188197492208 5.7887657542948760536 3.04652e-09 5.24145e-06
41691991.786447636783 1399 1.2884601110546003433 0.10576780680726717565 0.24331980011912704431 3.6574503316505908579 2.0224303510698087294 0.55129772109117969325 0.49815527710567619746 0.44761880268978260222 4.64728e-09 6.03369e-06
41691991.786447636783 6752 2.1660368592153202982 0.32446889445845150668 0.4192433124369653874 5.2607002745365036844 3.1330510061857577142 4.7499011247572893168 5.0781075941026463383 5.3811183908413191546 4.12549e-09 5.79885e-06
41691991.786447636783 5597 1.536331695475535275 0.33730856819739851726 0.34534455061752961091 5.6005792729065317914 3.0753040914647820081 5.0720222105445458283 5.3761737814645318423 5.6418602901924925774 4.51539e-09 5.97606e-06
41691991.786447636783 6928 3.2101033582631011143 0.027680115606782376009 0.24255599042855291447 5.1966868212525785253 5.5596900100421891011 0.42226868454080301873 0.41106394232470472305 0.40000338704317128791 2.08658e-09 4.62021e-06
41691991.786447636783 6056 1.6090350061331679665 0.67396894032517862261 0.066462001622008992641 2.4075499997705422928 6.1950706559160844122 2.2631490187214038379 1.5082410246193276304 0.83559033044768427079 5.38932e-09 6.33911e-06
41691991.786447636783 5640 1.2453723021572531415 0.43308996825042284096 0.12552220708767339308 1.5643211588231160647 0.6073768159838918157 5.6660759828881008815 5.8874902807016686879 6.0544246369685188469 5.24602e-09 6.28242e-06
41691991.786447636783 6292 3.3331345316166687276 0.17912800590450156379 0.51923078116059417919 3.4514082220168917914 6.0427485610582278852 4.9806529834962685044 5.1503040930409076381 5.3125291740477784685 1.7586e-09 4.36421e-06
41691991.786447636783 1444 1.9857655538096703474 0.46267472983117119423 0.83961727013873821424 1.0662250949014864254 4.5005114852883352228 3.8125714290490013703 4.1856629739769291021 4.585625640266621339 1.72307e-08 9.33865e-06
41691991.786447636783 5176 3.0733563765099458642 0.14116779639809867719 0.088161007413473796435 2.337379121288994277 3.1150380391374352662 5.238477560947262468 5.3568121159724171321 5.4696682088029060509 2.68297e-09 5.02406e-06
41691991.786447636783 6001 2.1001069591316019469 0.35932759691493842968 0.25039782713049718588 4.7344065702839301935 1.6785258891288941108 1.9399020078515458732 1.5724667747982672417 1.2131396792164523823 1.89847e-09 4.47697e-06
41691991.786447636783 6140 1.863455376875193803 0.33493831471418883394 0.23408827732037712499 1.7801354929136341543 2.1457917077461270416 4.7735520453390272166 5.1109768482165964798 5.4196593436294469015 1.67728e-09 4.29587e-06
41691991.786447636783 5534 3.2622380641640975618 0.16220525620223755214 0.13752754952309984016 5.5983880159592356307 1.6442633850818388908 0.83562755962172352575 0.72092874089719549691 0.61385987036989475563 2.18919e-09 4.69474e-06
41691991.786447636783 5929 3.2461609230724604025 0.13903482926715401979 0.20592602913323215796 1.0054477661846661363 4.7816649001426334564 1.7591219902825541155 1.62028371734850829 1.4814191016145530355 3.18574e-09 5.32011e-06
41691991.786447636783 6935 3.4797107274739009775 0.031582484014271564043 0.38451615803195016152 3.5110889135171898801 5.8642298923118305609 0.71539166165459433522 0.6949159791480278292 0.67469305440993276868 2.603e-09 4.97365e-06
41691991.786447636783 6775 1.5782796212886742726 0.11982227652791839489 0.25098321675418178156 5.3240325633023477536 3.4891920002627312414 3.4705311094158428631 3.5117163845814647338 3.5550597909680812236 6.39874e-09 6.71246e-06
41691991.786447636783 5211 3.2273484807560777199 0.060715132068394239706 0.29899441854718444844 0.12455395512622001453 1.8358188450175971784 4.0066378292232904812 4.053813445439839569 4.1018309058099902131 2.07199e-09 4.60942e-06
41691991.786447636783 6920 2.3418143847862245011 0.079532420939919731828 0.13439570461138489188 3.2192071444532937008 1.0123875044010293145 2.9590067620645088553 2.9439535883089522628 2.9283370072680408036 4.48089e-09 5.96081e-06
41691991.786447636783 1810 2.0251218400877228909 0.47478992653107354727 0.30866643831400730758 2.993868659845903224 4.1749960655604052562 4.0148861521171204103 4.4689762239939376798 4.9297698651585450946 7.36354e-09 7.03416e-06
41691991.786447636783 5072 3.0863607939682164982 0.11889029401793731189 0.19112526941884228071 2.2378309235388420539 4.7218979176314546109 3.0421823031918742153 3.0295937111714379419 3.0163059444517719143 2.73643e-09 5.05722e-06
41691991.786447636783 5231 3.174530213390869271 0.062292156749093802182 0.26995037925839709958 4.7698823129837819579 4.3279885089070742055 3.1271595286908535627 3.1262306599346412206 3.1252737658553066957 1.89135e-09 4.47137e-06
41691991.786447636783 4786 2.0197341867088729472 0.45477410481015695387 0.26261055652577031116 5.0373334955911577282 3.9567864912021994961 2.8616785447228121342 2.6892292958583574602 2.4904509927433124972 8.41208e-09 7.35334e-06
41691991.786447636783 6756 3.2131997269017662511 0.063642198030745208981 0.31065119392710860424 4.5733524951479322951 1.8447122532949746798 4.7699211320614764986 4.8333849122815850663 4.8965618170025937417 2.22448e-09 4.71983e-06
41691991.786447636783 5323 2.818008802375837174 0.19118448450338265676 0.12549437501031052156 1.1922388069292375601 6.2750547329469625879 3.024082028760577856 2.9990627530206923623 2.9719054150373778178 2.25995e-09 4.74478e-06
41691991.786447636783 5372 1.6302827224208407131 0.28075787180823852385 0.25199031254178627659 2.2838694005282942356 0.96922904127549991404 3.6933285959284902766 3.8639663820933511929 4.0495943329080938966 1.39548e-08 8.70479e-06
41691991.786447636783 5855 2.154823251876857082 0.16667975027172080016 0.48684816491548771333 1.5558316278254096243 6.1592569181721952276 1.9842811300898466342 1.8255429278826103001 1.6642424026335516096 1.88487e-08 9.62226e-06
41691991.786447636783 6960 2.9858945009175124063 0.11570943129197384935 0.13144676340810818038 0.96007784227158066148 4.3545496386367901209 3.3626546769741754161 3.3896380193725161867 3.4180457977026725835 2.28045e-09 4.75909e-06
41691991.786447636783 1410 1.9615565787733588721 0.13418520370307107648 0.32971553695162403308 0.0013620352461460895604 0.53389995845070736813 5.6887396378581502887 5.7602086919063753001 5.8272289808977060233 1.96181e-08 9.75145e-06
41691991.786447636783 5256 2.1128142904453963702 0.20620008754375840354 0.094380284633832065011 6.1988244587188807699 1.1183200326897553278 2.3160782974447942095 2.1516179868722771218 1.9792322231562886614 4.61883e-09 6.02135e-06
41691991.786447636783 5489 3.2213276822697878288 0.098241518324893389869 0.28281858554577760101 2.6011922609647490923 4.3712890111950812866 0.94246461096887801379 0.86507331858121228052 0.79029749238462543293 1.80848e-09 4.40509e-06
41691991.786447636783 6914 1.8406984096597556189 0.35426559506438903835 0.22257785787372477704 5.4596208661087164415 4.3116962473576556647 4.0452631034323633941 4.3668454234698792504 4.7001709050998492501 4.41745e-09 5.93254e-06
41691991.786447636783 5578 2.9015339569301352718 0.096976803131902100663 0.25718261720110779933 5.7141506712302572168 1.4677488784437189295 1.1188133149410386391 1.0332384697067293899 0.94993910847918061613 3.04211e-09 5.23892e-06
41691991.786447636783 5196 3.5901629925220870376 0.16706736493982241032 0.20174207742010308309 1.1916143125291904781 0.11657205505456917638 2.6631451547282689596 2.579479925086359593 2.4904371910608849028 3.02458e-09 5.22884e-06
41691991.786447636783 6832 1.6157397109925446532 0.18489371394579479091 0.27675486911549246338 3.17182101305520181 1.4733716097273978907 3.6898418554998948515 3.7953519846047694131 3.9077996940836774442 7.86044e-09 7.18895e-06
41691991.786447636783 4502 1.3096579992522192626 0.10375549444553630596 0.31030425102899306111 1.0083452658548668346 1.478046836951251386 4.3882866265876740997 4.4884837320621375767 4.5896492578824288344 4.58456e-09 6.00643e-06
41691991.786447636783 6425 2.4140797825501230101 0.25654382950643817018 0.6273599598592248805 2.2307402938815834581 3.200415223028423739 0.36204489050703059227 0.27972856888946456833 0.20889815722379367902 5.02719e-09 6.19382e-06
41691991.786447636783 6089 1.8665237794840692231 0.2427176494503693327 0.26125681118178400997 5.7003676244881162916 6.1956809929467189235 4.3523719867191585919 4.592282674120069963 4.8332517623438819854 5.81535e-09 6.50193e-06
41691991.786447636783 6572 3.0153147427551525439 0.16083248805386771152 0.18901271246437442719 0.81882899395687713806 2.0303721780709804712 3.3969328700850711655 3.441288384573322201 3.4887708818073885908 1.66053e-09 4.28153e-06
41691991.786447636783 6842 3.1693306837612578164 0.054286979257937600929 0.10584128602123887841 4.1361739421859073929 2.323825196983069219 2.2795298139258388659 2.2375492866011543747 2.1948887381465165269 3.94698e-09 5.71398e-06
41691991.786447636783 5291 1.9167241187645436273 0.51954662941222162775 0.58546381870592212326 6.2679127844424638027 2.024814687472096697 3.1569399146335812567 3.1688851862610909471 3.1830631693107478419 2.6037e-09 4.97409e-06
41691991.786447636783 5063 3.4576129736310954321 0.1603057450217490465 0.39807278889403446831 2.4313062631877730979 4.22195588353102913 2.2257848673383140436 2.0914154718192339288 1.9523484149362420048 2.23728e-09 4.72886e-06
41691991.786447636783 6557 2.0988463402733752439 0.35315080036037654887 0.14658067987055478643 0.77694069861407932809 1.8680403287401212697 3.0067069038680021009 2.9468231978045418273 2.8784742665517728533 1.93092e-09 4.50234e-06
41691991.786447636783 6055 3.2072043811275428027 0.072272915303520438024 0.07324219396821170236 5.5898089337227494511 3.1706869920129472362 1.3243571386373771404 1.2548181343308772995 1.1861232440790816511 3.0525e-09 5.24488e-06
41691991.786447636783 6197 1.9567563307240880555 0.076483385357096866919 0.30171408645686204064 3.4736419968661360613 6.1928889166197853555 0.58775766715411914554 0.54660332353847762565 0.50684814173712400276 8.02678e-09 7.23931e-06
41691991.786447636783 5642 2.8866144555112880354 0.2576413411846893986 0.12355609353859646482 5.5967608027945372484 1.9415722804771295973 3.6136723389906522108 3.7483843136381174155 3.8953003740374696484 2.80041e-09 5.09633e-06
41691991.786447636783 6291 1.3302393843483659719 0.10603647564392894298 0.32235933228368024439 3.9932491995722689815 2.6101993478304073015 0.75743695327335081036 0.68712387008472908256 0.61986320001579719996 4.97801e-09 6.17355e-06
41691991.786447636783 6390 3.2198754154067508182 0.094758121428261218866 0.29939877905951284287 1.3018532897961183625 5.0164402185182321858 3.8286087342021324353 3.8911183006828151676 3.9556762132801632781 2.74624e-09 5.06325e-06
41691991.786447636783 6126 3.0474948885009229826 0.23121938300380712183 0.1552180929280295163 1.5652954996238537255 1.4911644210451753256 3.2488506424558623031 3.2772508516897311814 3.3085215370562122139 3.04059e-09 5.23805e-06
41691991.786447636783 6104 3.3412578032824882257 0.058250666431509459664 0.14625443272251137383 1.3216343403119419353 5.7526555043222593611 5.717918225484083905 5.7483936163209454762 5.7780817573721137137 1.75259e-09 4.35923e-06
41691991.786447636783 6732 1.668597775284515583 0.39257573131824802237 0.15496318058714575461 6.0586656876567630547 3.6416356000941139115 2.0455051788233520327 1.6494868148748953463 1.2581259088240384081 3.70815e-09 5.59632e-06
41691991.786447636783 6286 1.9306633591446402676 0.66918011555185930028 0.58066709588681197918 3.8636378552454644364 4.4597240686739088034 3.8621101524721606069 4.5461067742497123234 5.2060568477788491393 2.66284e-09 5.01147e-06
41691991.786447636783 5405 3.1969321988540291279 0.082491508427000759252 0.14940904806754962131 5.3042844136397091503 3.0347032907679833968 0.89290363190144717009 0.83018780375122303017 0.76930427758613417755 2.93677e-09 5.17774e-06
41691991.786447636783 5098 3.1786023742124109859 0.074891208099566022871 0.074476556364206455974 3.3266466124660061254 3.7654538701985384996 5.7339462433495294036 5.7718793868135271907 5.8085248955177704033 1.90652e-09 4.4833e-06
41691991.786447636783 6952 3.221291590384211645 0.1016287141881854067 0.15066539852607005456 5.5928330779391588479 0.42703331710165604029 3.5416349893962544293 3.5832654971112978259 3.6267069324957175169 2.57429e-09 4.95529e-06
41691991.786447636783 6667 1.5701983194035848967 0.25909918567906103926 0.0889943968148930592 5.0862393148097106987 3.4037011795636593625 3.0672883461810571681 3.0447594571566174437 3.0197092456013456818 1.85586e-09 4.44323e-06
41691991.786447636783 6282 2.8019389067897337853 0.1703266096619601988 0.096293080951737247686 0.68004395198434886005 0.5134395583788703421 4.6162480012905113824 4.7880303287632584031 4.9578698991907019789 2.68214e-09 5.02355e-06
41691991.786447636783 5240 1.8429443680014978568 0.25360125674548872343 0.34876306931106609843 5.2541581794490666013 5.6521528655631074756 3.6403947503471556502 3.7792469187370167916 3.9302188651811031939 1.54708e-09 4.18172e-06
41691991.786447636783 5138 1.6657387370798166781 0.32311186656594992339 0.35819494298529680476 0.63506967887241005943 2.7336998170524702267 0.79805060304341945976 0.58581693500645892758 0.40717475362254218485 2.37553e-09 4.82433e-06
41691991.786447636783 5548 3.1857026762842401979 0.11451090255262037776 0.34272443787368628287 0.32597440132624772025 1.5886704187509455011 5.5984271830980452123 5.6679691425187872511 5.734057399862357407 2.11518e-09 4.64123e-06
41691991.786447636783 5131 3.5401341783585076328 0.089353464668619597688 0.26353651222089191641 1.3416457495060218896 4.9803521013005900286 1.0140457320583651235 0.93982534491657276909 0.86767643607832822816 2.25296e-09 4.73989e-06
41691991.786447636783 6295 3.247635733041651207 0.076484632848609401812 0.27368458280903756874 6.048070317224003567 1.8730940976354202299 2.2792651861602779562 2.2196318944301776099 2.158689860056264731 2.30061e-09 4.77307e-06
41691991.786447636783 6761 2.0526214976991328243 0.3242103528162028625 0.12067021680260596461 2.1982468591356143506 5.6170113454914680773 2.0218130664839106814 1.7012142811481232307 1.3797572439169014658 4.88068e-09 6.13306e-06
41691991.786447636783 5278 3.1451945693807283888 0.092578178684166484436 0.32567318332442274365 4.7112327882956073211 2.0370366225622569267 4.0042096754399771896 4.0768390186570826472 4.1513408774469695572 3.13887e-09 5.29389e-06
41691991.786447636783 5669 1.0403834608380606586 0.14086351326992349597 0.50303225638314708057 0.51780455749576337343 4.586623345899250026 3.8069878145333726494 3.8994763143474022726 3.9963039078359621215 5.45549e-09 6.36495e-06
41691991.786447636783 6401 1.8424004981483921295 0.52207046369634924066 0.24579764704432374711 5.4334427944643142183 5.2706578314619285663 2.833134723559085355 2.6003320883285443443 2.3313526247518110424 1.93159e-09 4.50286e-06
41691991.786447636783 5053 3.0063383017754063964 0.27220227362349469491 0.21037972589872605544 3.2894552130081797792 4.726155089583667035 2.6912905448416202248 2.5535230972978069097 2.4025172791862732247 1.90259e-09 4.48021e-06
41691991.786447636783 5116 2.7187245257606620363 0.17333537278288138617 0.13858916508401361578 5.4728560229311593588 3.5681080163772875835 0.48667215741746067126 0.41087690495119227885 0.34164443394928944997 2.56354e-09 4.94838e-06
41691991.786447636783 6595 3.0342438874426549411 0.10299846665962279768 0.26213778184582742226 0.71431530280437616209 1.5465685157281723328 5.3557678842764051552 5.4358684823797842611 5.5130665389342663474 2.5233e-09 4.92235e-06
41691991.786447636783 5290 3.2032182457498969974 0.059477997009534794293 0.15608664976079753006 6.0398821753452240912 1.6651346911182065558 5.7175952897892425852 5.7487140336703124177 5.7790112998740337247 2.68653e-09 5.02629e-06
41691991.786447636783 5762 1.702942225776141294 0.068729770995571246028 0.42795578125931943436 4.66157252860870841 0.59700341094199782521 3.4515309213586817805 3.4732284271474358484 3.4956061605179669094 4.50081e-09 5.96963e-06
41691991.786447636783 6628 3.2756472375840881561 0.070374732885982699271 0.17486924664442635158 2.0961419892356070172 2.6937435288169297998 0.4567707572966142604 0.42664810271468855962 0.39752551065795171947 2.5094e-09 4.9133e-06
41691991.786447636783 5227 1.6180647408577419899 0.30284204206765868994 0.18746458743219535092 6.2820377148664325873 0.4878946719003616761 2.2203031482472965763 1.9494360847518488189 1.6680448539334122859 5.94474e-09 6.54979e-06
41691991.786447636783 5481 2.3425637235714265039 0.56263280279762395431 0.58632824637009628432 5.6072978604773169309 1.5536907990332018414 3.9694996284510621898 4.5276435854393071168 5.0807020953632742177 2.0621e-09 4.60207e-06
41691991.786447636783 5885 3.5056326439469454037 0.0078978812818539332469 0.24092242526161058991 2.8584866047310639736 0.63750338686976382174 1.7252221240570493332 1.717413402341495976 1.7096002577670992295 2.25928e-09 4.74432e-06
41691991.786447636783 3089 1.6075974890099353765 0.27966061765635380487 0.086052630617886274877 5.5338552289311886412 3.6925719984655369643 3.0591292347239660288 3.0317302142106381524 3.0010677848611386764 1.46985e-09 4.11094e-06
41691991.786447636783 5878 3.1914380212035031725 0.1112972847176476876 0.10820613343977511511 5.9476834213121874129 1.7928962708838245277 2.357151744749752087 2.2750848660323685912 2.1902682760844540688 1.44428e-09 4.08696e-06
