46422997.946611911058 0 5.3984924654170143299 0.020201297161775447209 0.039126193177344323337 0.50830839243170633512 5.6080797253103318312 2.7402894328649058941 2.7323235965257723912 2.7242847153915166203 0.000954966 0.000356051
46422997.946611911058 1 8.9933418470876098638 0.087967056653600633753 0.012534435555294105857 2.9239405200150971886 3.4587515515394922083 5.0603107986043838196 5.1418959727359521139 5.2218730836487203817 0.000285285 0.000238018
46422997.946611911058 5775 3.0485290971565319751 0.12996635005568515919 0.077663977907270143053 4.6458409309726018677 5.9237733469384226126 1.3997649703703318735 1.2727333910645266535 1.148497629335303305 3.02463e-09 5.22886e-06
46422997.946611911058 5394 1.9741165575178325486 0.19305617999579488542 0.32678107432371333863 5.3939125995684458204 5.9513301620285652405 0.63856668875806577024 0.53093727631232434661 0.4331848611526331605 4.23442e-09 5.84945e-06
46422997.946611911058 5134 3.5414444300760141715 0.062551797911735859681 0.37805243788517606252 6.2684009408717242806 4.6178396244923725078 5.2038306711924580128 5.2582166530548661854 5.3116795444624811395 2.31886e-09 4.78566e-06
46422997.946611911058 5278 3.1580857380575757531 0.017937518866257912142 0.30836786225372442294 2.1085377683344925792 2.0289655709170220099 0.30269315548901232216 0.29739110154737669056 0.29213492729371054457 3.13887e-09 5.29389e-06
46422997.946611911058 5740 0.93699239231628506097 0.05138708753373607413 0.29030044141436356364 3.4389085491969941799 3.950045510303284324 0.57473273668969393491 0.54737189711945599679 0.52062774926683319521 3.09097e-09 5.26682e-06
46422997.946611911058 5588 2.7516364190987792071 0.26109297309715462365 0.11466008256170875934 3.685512576104274185 2.3351338698984585029 1.2529319348469347695 1.0117784011848003356 0.79042994907774821733 2.40685e-09 4.84544e-06
46422997.946611911058 5846 2.8303621886217809056 0.12975832578474391643 0.12079465826537440221 5.6037819875631242894 5.4065114313036932714 3.8448718151624103889 3.9334946041592910859 4.0258423934285989532 2.37403e-09 4.82332e-06
46422997.946611911058 6171 2.0901038258909538925 0.23024698116573558138 0.17544286843705841905 0.65717802964890470463 6.0031458187966677542 0.41495684826768036713 0.3299979008803805014 0.25538842906218289786 2.39216e-09 4.83556e-06
46422997.946611911058 5548 3.1819181959075075738 0.023881143732862909757 0.2537664334721249082 4.1598279336091179559 0.78595174963378933164 3.641107665060518972 3.6526694369495249504 3.6643501036528065562 2.11518e-09 4.64123e-06
46422997.946611911058 6443 3.211299383736998081 0.21099283091201428975 0.30463916413312214226 0.52437860740024067052 1.5062439266906262336 2.4721812832396032888 2.3279241683222595682 2.1745721081114557371 1.88164e-09 4.46371e-06
46422997.946611911058 5990 3.103861985897189868 0.043894229722324713816 0.16495045006228947759 5.1497118473269809513 3.6381149224812729948 2.5954337147947525999 2.5721885421995360765 2.5485238341130793671 2.30118e-09 4.77347e-06
46422997.946611911058 6883 2.3587608592430604482 0.25966913865371737957 0.42958066874052830419 3.391612541633913569 5.978736195515606866 3.4378418390589211562 3.5260681476064417161 3.6234630236420284355 1.23696e-08 8.36184e-06
46422997.946611911058 5098 3.1775766335801862716 0.040839592534891215603 0.046361342935626714823 3.6429977697631916733 4.3829366032546124288 2.6330080212870270451 2.6127524946459699251 2.5921476018146822895 1.90652e-09 4.4833e-06
46422997.946611911058 6793 1.3588304134832822623 0.41556920423565729683 0.39168462803603326661 1.0011979099689525263 4.3112897952279611857 2.633138519339928596 2.3729896683569862148 2.0841143709362874858 2.0508e-09 4.59365e-06
46422997.946611911058 5467 2.9687569517732068647 0.15119251688934035038 0.21076506041472373165 0.18450211303207411651 0.45017123888692961442 5.3155344457932383051 5.4354478779566246516 5.5488097932279343283 2.43648e-09 4.86524e-06
46422997.946611911058 6282 2.8288045636075827005 0.089012943653293472024 0.079006755156838456844 1.3390303594133463605 1.0403044012410243013 1.2219753896504710333 1.1394620097827696803 1.0586018770996536986 2.68214e-09 5.02355e-06
46422997.946611911058 5694 3.1159769993038679559 0.12977956831600589993 0.27011983370269243565 3.1031933146078474195 5.8646086273714175263 4.7575600370609247847 4.8871939342358974301 5.0149957241335245683 1.21025e-09 3.85309e-06
46422997.946611911058 6392 2.9875163092703203027 0.18464087227786590839 0.18697029980054039044 1.8486224787001781511 0.43413602546336016452 3.2568971471735994605 3.2805071226017012975 3.3060739975208086605 2.75286e-09 5.06732e-06
46422997.946611911058 6484 3.1124019935550193416 0.11989091026743209367 0.239161983390433458 1.9894773545772796997 3.3301727909457077281 1.8776651350173696464 1.760970803373310023 1.6432413741104219262 1.88476e-09 4.46618e-06
46422997.946611911058 923 1.8722137313384459301 0.048693754397936842016 0.10241742336496625909 5.7006664084110800772 3.9296176121083972177 2.1425416329446318464 2.1010265709846933646 2.0590189242776224532 2.53731e-09 4.93145e-06
46422997.946611911058 6739 3.1966730553985147623 0.026929135365034884142 0.28177356453358365362 0.53523824437262934595 1.4421298815604455257 3.2636227324659925486 3.2669457570496942544 3.2703125741924008452 1.84353e-09 4.43337e-06
46422997.946611911058 5885 3.4972741115837941983 0.041735089175485240442 0.24795195894361457545 4.6308283843223723153 3.8002636518211807548 4.6268210083953009715 4.6684898500265461507 4.7101847311125615292 2.25928e-09 4.74432e-06
46422997.946611911058 6655 1.095552970145859506 0.30953944059718080384 0.0083931967513609078563 3.7606487388936580274 3.2019152494772500361 1.7724279320767768464 1.4540384412005453729 1.1466064881244368845 6.32791e-09 6.6876e-06
46422997.946611911058 6764 3.2676557596861264265 0.028202800534751205214 0.32999186308127759215 0.39468897581041179068 5.6625529105262142338 5.8295705096210843621 5.8417770266220641062 5.8538256349052870675 2.4069e-09 4.84547e-06
46422997.946611911058 6362 3.0187571629270779638 0.098404473494675945289 0.19005849238209682195 4.1083853277313284735 0.19919620768884449546 1.0319123882698924 0.94938504864143624662 0.86937653924280888784 2.92709e-09 5.17204e-06
46422997.946611911058 6809 1.6343406450892397075 0.082772910158240814438 0.47183660354100676049 0.99238772005303033108 4.944047057146917723 0.70935794539746876985 0.65701045636030019903 0.60645670287452035918 1.72631e-09 4.33733e-06
46422997.946611911058 6055 3.2244642711726556605 0.064819666787556448617 0.096417799344090282521 0.14320442261574078957 5.3245559040857166622 4.0910447660463633568 4.1448075850631314054 4.1994637658618820808 3.0525e-09 5.24488e-06
46422997.946611911058 6498 3.1979726885445654005 0.043077435626181340145 0.12571241359819251837 5.2971984283585245024 4.090250087060780082 0.55517178126545296823 0.53286501354038906531 0.51098153766308485046 2.50157e-09 4.90818e-06
46422997.946611911058 6313 3.2518402991045789463 0.082610877839660132316 0.35159380584082239318 5.366568860941413277 3.7225090380722734018 6.269184306226653014 6.2702968549035666967 6.2713615517829879309 2.33149e-09 4.79433e-06
46422997.946611911058 6300 3.2682308228934853211 0.064474779241592214407 0.27455340193825567008 0.8899085999395907054 2.1203333024794970285 2.3744348275252384894 2.3285793562893268849 2.2817473559133212291 3.26125e-09 5.36181e-06
46422997.946611911058 5204 1.6553421920372237697 0.34303885633363068175 0.4449594493076114432 0.56976204270233143934 5.4365225235301277706 3.7972356148495052253 4.0467887910335083035 4.3166047311844426559 5.21728e-09 6.27092e-06
46422997.946611911058 4755 1.9012995750724444033 0.029099088265220611482 0.058426280977858208177 1.9017773562780440066 5.7077605676310447791 0.49113449022685462531 0.47758180491267604451 0.46420690656553958986 2.39615e-07 2.24572e-05
46422997.946611911058 3800 1.3466143493405660081 0.2046174941077043008 0.24230341792513146459 2.6633315378971813558 4.3282461807578114232 2.9250666812019661123 2.875656210378350508 2.8218800918263768907 1.79108e-08 9.45995e-06
46422997.946611911058 6104 3.3251906347844841783 0.07395424050109360159 0.11645542370807672461 4.680695457378525326 2.3202446771494162903 3.2523835425331895088 3.2608842408688145653 3.2696854506521608741 1.75259e-09 4.35923e-06
46422997.946611911058 6197 1.8726696942381877431 0.031201736438744295116 0.34855190370424016244 1.2700037515295441448 4.9335787718336279184 0.34647975391187357808 0.33603481183191091786 0.32574615529193656771 8.02678e-09 7.23931e-06
46422997.946611911058 6815 2.1815416479034923647 0.10917960551085248433 0.2770999434543734985 2.6618494285542326772 5.423601394884229876 0.32531500321737782944 0.29204511894389162396 0.26061107149885331946 3.57143e-09 5.52668e-06
46422997.946611911058 5480 1.8661785491119178282 0.59906460536579930753 0.63736518914212747511 0.096923114316971356597 4.2171513664522910503 2.4379405090622245922 1.8763631241500291491 1.3050492317288255872 1.6026e-09 4.23115e-06
46422997.946611911058 5093 1.7511355799349386242 0.45790776388455045609 0.34936798584475009521 5.9999010511100738796 2.4596484946826127072 2.626735051844258706 2.3264481162978674078 1.9931715241756500223 2.98948e-09 5.20853e-06
46422997.946611911058 6557 2.0996802764195012792 0.20399854553463833695 0.27938173232252155875 0.56445704522456630059 1.0190376690071369925 4.1758867452388841457 4.3624002596500588425 4.5540317157656504676 1.93092e-09 4.50234e-06
46422997.946611911058 5116 2.7172713876041854064 0.1702731164421251997 0.14506836246606638618 0.60628812657186836876 0.67903505188025614636 4.5555054810392245912 4.7268053672412557731 4.8970607898707827488 2.56354e-09 4.94838e-06
46422997.946611911058 6951 2.9709948678493436347 0.0236583054639286465 0.046011488341779364919 4.9958138449772029333 5.9625516002085783285 4.2837165264797949504 4.3053427125354097882 4.3270679973565266963 2.54062e-09 4.9336e-06
46422997.946611911058 5559 2.2381855794039386964 0.30058098555079809655 0.38176770340754589972 3.6021284604746264257 3.9391969070667083308 3.439234183148869306 3.5449334357559436626 3.6629094369343344617 5.44342e-09 6.36025e-06
46422997.946611911058 5923 3.023893052214280619 0.044721310064777551607 0.18510752995119769682 1.5917057402061176585 2.9355498890835880488 1.7787739022879465178 1.7347983290004849177 1.6906770989753290291 2.22479e-09 4.72005e-06
46422997.946611911058 5234 3.0240395907524466601 0.16863998761231410728 0.044096958428641822025 3.1359684819246020915 5.2999570204679038454 4.0136247633728423523 4.1509722464246614493 4.2937262845593933136 2.35138e-09 4.80793e-06
46422997.946611911058 6863 3.1209411148427550486 0.12851691372324311469 0.08022673536377139536 1.5659353456875095834 5.5793817668811342969 3.3964580162601145652 3.431157400651131173 3.4678534929777500295 2.72515e-09 5.05026e-06
46422997.946611911058 5146 2.7661967021871296524 0.079456245705454814354 0.18716708063865081235 0.59980414922035907299 5.2790602151220582527 0.77283486921922106561 0.71882537455092865297 0.66650334719548975926 2.55901e-09 4.94547e-06
46422997.946611911058 5492 1.8799952947556639593 0.25478220170601434402 0.36932118014330367339 4.6792614926030813294 4.8490778654827790817 3.2743759206627873759 3.3137202669797480858 3.357359084242848013 4.51271e-09 5.97488e-06
46422997.946611911058 5047 1.5439940381433612249 0.18606550214397882259 0.25218706964651810276 0.74966848172871047851 3.3132189577132273861 5.9871496622291191514 6.0373874364399711112 6.0826628093493777527 1.0218e-08 7.84583e-06
46422997.946611911058 6657 2.3555854025918416816 0.23551256396955039252 0.28186858980506529493 1.2483156700501898406 4.841331840482879123 4.6649994184231866612 4.9038194640479186859 5.1350299367130753936 9.52311e-09 7.66378e-06
46422997.946611911058 6413 2.754159786465925297 0.21097800422983983837 0.19563970589813692302 6.201545469430611135 4.0600292517211311605 0.37521428135277257176 0.30410814767677457615 0.24093239506925295812 2.71272e-09 5.04257e-06
46422997.946611911058 6628 3.2625439760734256112 0.10977685898211252125 0.23292103191399080031 0.090982903380025292872 1.8370436339567535189 2.1488227505775490123 2.0538127179285066148 1.9565945530260844265 2.5094e-09 4.9133e-06
46422997.946611911058 519 1.4210403638305808549 0.13973427507901228783 0.16313280796327472855 4.7714560802545173956 0.0063688857895270864148 3.0822890252982677595 3.0733390756094314256 3.0638091146936203835 3.92741e-08 1.229e-05
46422997.946611911058 2992 1.9155715440390028714 0.11399875424572784854 0.084478434582819950105 3.1276384138031940729 0.38170659246256133379 4.3610319221766804532 4.4704627278478472618 4.5811416443211054883 2.26492e-08 1.02298e-05
46422997.946611911058 5788 1.7257680722349260094 0.27000726991831580648 0.1682065982982659802 3.7836711967385951993 0.37362771038673836532 6.1793090337985354665 6.2044012093583367218 6.2256514894134431515 1.43499e-08 8.78617e-06
46422997.946611911058 5626 1.6839078384818058076 0.36032344565067625508 0.077185294024975717453 3.0367814074923731305 5.9607538133497675048 3.9922998467742387696 4.3091941714098593863 4.6406240648692946849 7.93289e-09 7.21097e-06
46422997.946611911058 753 1.7428082500988346659 0.29215725935790576306 0.057616660187302916329 1.7793368565455289776 6.1172941756810050862 4.7443711070696314991 5.0393154705280727157 5.3159982767833753314 1.27811e-08 8.45356e-06
46422997.946611911058 6244 3.1815056079976238301 0.11395929739309548778 0.30717946131313911273 5.2758682510876768745 4.3378165397111541068 1.3799382828507489318 1.2690008363338423081 1.1601920039387363381 3.08558e-09 5.26376e-06
46422997.946611911058 5020 1.458603332355639548 0.2189155476102440101 0.49780421491178050708 4.0805492757414292271 3.6710794038054119781 4.0460253449235814571 4.2324877752561800293 4.4266747407931674729 4.40916e-09 5.92883e-06
46422997.946611911058 6161 1.9997003023807777833 0.39352891942247331114 0.27216689667808713349 4.500975520666570695 1.7892091804498426733 0.90001881695848251486 0.61700929133092019541 0.38931405186705869692 2.19638e-09 4.69987e-06
46422997.946611911058 5647 1.9263346132660696952 0.40754162009768485353 0.43981943866016964817 1.270909825891671785 0.79015349442397209145 3.4127923275120308766 3.5561469445777795784 3.7202973794192355506 2.57441e-09 4.95537e-06
46422997.946611911058 6451 1.5477255136359462373 0.36072257443277344624 0.080185852669141938209 2.5157364545980218651 4.4843237713973351788 0.21633065671350082404 0.14858544212532787121 0.095184321279961847662 2.57122e-09 4.95332e-06
46422997.946611911058 6702 2.2432794998953218268 0.38297820484960348741 0.36226433185873646581 5.2977960316847116928 0.92370230019920007702 3.1203481166327704521 3.1097884584138988373 3.0976101981466293012 3.70623e-09 5.59535e-06
46422997.946611911058 5195 2.7683088314457995338 0.059164301612614024484 0.1035053060375597106 1.5764465680725052721 4.5763727256140382949 1.694603894202907135 1.6356424307380323935 1.5766024789946635476 2.26107e-09 4.74557e-06
46422997.946611911058 5437 2.0688409688351110383 0.33691641967614105457 0.4540881312929343494 3.8397430714044578082 3.9269027576357844467 5.7036538115107289215 5.8692391415230149576 6.0047554581517310623 4.54448e-09 5.98887e-06
46422997.946611911058 6667 1.9197159323440542433 0.35436788549582898256 0.059078275752799919163 0.5586924183524600851 4.3612472742507044643 2.4677454684769069004 2.2026044943792548736 1.9166434610657019366 1.85586e-09 4.44323e-06
46422997.946611911058 6816 3.1159039664523175972 0.096034798118222519658 0.20742286887067509782 6.2735244990671166221 5.0885895681540862512 3.2475349037162217769 3.2582250693437933009 3.2694004628729285145 1.76213e-09 4.36713e-06
46422997.946611911058 5291 1.7906850831313225747 0.51616324872506236243 0.5104471874903591111 4.856611454046734444 4.8347051976620205593 0.98421164174865083396 0.58812802142750741918 0.3017583046360710064 2.6037e-09 4.97409e-06
46422997.946611911058 6595 3.0344344753444567608 0.086940691398594865946 0.27562193080086005992 6.0486437613157928439 4.9813407070402746513 4.2340167850614109923 4.3128855292473824434 4.3929800103207945483 2.5233e-09 4.92235e-06
46422997.946611911058 5950 1.3244012861836877981 0.30616190701299195176 0.32686519443715011946 1.3499130919774469106 0.51028690326821357637 2.5110615093449473179 2.3000728292741858816 2.0717811563726469259 1.07677e-08 7.98408e-06
46422997.946611911058 5351 2.971865588090204735 0.15729522999361095215 0.12873775324601602343 1.6930834500539893028 3.3370701971000116259 3.2787242521433102027 3.3022010546331310721 3.3273555201920292923 2.44807e-09 4.87295e-06
46422997.946611911058 2768 1.5947134907620243993 0.047871201756857093002 0.017861931768606894438 0.092414807337236989926 2.8248162665964637874 6.2028024700405808289 6.2065588777136326826 6.2102234883264983978 1.05906e-06 3.68544e-05
46422997.946611911058 5194 1.7733772862377175095 0.33398161302445100729 0.071972247076122736198 6.2252810515316081563 0.44741904942640275955 1.7050827210818246815 1.3597689917694630868 1.0331963465291074122 4.75382e-09 6.07945e-06
46422997.946611911058 5310 3.4736657994315893738 0.10425573482430595951 0.34343398910077294062 2.0219153615003784275 1.436193471501850949 1.6587187170314707796 1.554197032224395203 1.4499556602046166365 2.51895e-09 4.91953e-06
46422997.946611911058 5888 1.1478276465328356437 0.33083518508382786516 0.38423077750825507248 5.0826046144008110161 2.2318960232805946653 2.6809811810994612635 2.5029162034454470742 2.3056943311944517738 2.79797e-09 5.09485e-06
46422997.946611911058 5964 2.1808254948756680136 0.23597372831950813588 0.74345719806256271855 3.2412791052599025932 3.4717525508545614699 2.6702778379396083785 2.5487755621442147458 2.416937123181817082 2.1711e-09 4.68177e-06
46422997.946611911058 6639 1.353110515966610583 0.010493926113503955141 0.29040042449085673448 5.8243099272633092056 4.7118431184284563784 1.3664901802863060887 1.356225242010757448 1.3459719645806402788 2.07227e-09 4.60963e-06
46422997.946611911058 5312 3.008904727960818537 0.0076746024167145508732 0.14920730370536100517 5.6024406440703042875 4.1344002769619763171 4.1930861706494635399 4.1997617811383634034 4.2064498821658746763 2.46345e-09 4.88312e-06
46422997.946611911058 6126 3.0439957497270921927 0.24063808696804758758 0.11883700025435718628 3.3747550017127512234 5.3014668893092231627 3.9342139312341521951 4.1238882602617366047 4.3240447369217127616 3.04059e-09 5.23805e-06
46422997.946611911058 6734 2.0804697659187953995 0.16316705368483705452 0.29742077359882634902 3.2141848233182712669 3.6657831103625775349 1.7755876037553477431 1.6123836188534002023 1.4493576437768813658 1.24231e-08 8.37387e-06
46422997.946611911058 6073 3.2473913163512766467 0.064026646197393705107 0.27690631062971948761 5.6264836579015078399 5.7225390365882509158 1.86511540475070281 1.8032232030625543473 1.7409182170550530078 2.87152e-09 5.1391e-06
46422997.946611911058 6692 1.9024885196485274985 0.26065229781285914612 0.23150260875501821323 2.0470842981396808469 5.7177042078640996081 3.0771118271224953133 3.0574147997108545027 3.0354995516675566947 1.32225e-08 8.54977e-06
46422997.946611911058 6028 1.4532100133373795359 0.49735415747034555922 0.37092521785193094397 6.0176720212024017442 0.70338618944929354182 0.87741768916979023807 0.53087217593197932874 0.27906889388906663818 2.1303e-09 4.65226e-06
46422997.946611911058 5030 1.2414428568749873438 0.31744246947808901771 0.32764195204150758922 5.07508080169843101 2.8191902506899242375 3.34493387451226587 3.4231963364281434714 3.5114124942030131571 2.14686e-09 4.66428e-06
46422997.946611911058 6521 2.9624322267083527116 0.068312783674031735126 0.16734171715055615182 5.6395736137982908076 5.4572752389362122472 4.1128180842178636567 4.1703766491209606215 4.2288983209186712386 2.953e-09 5.18726e-06
46422997.946611911058 2010 1.359345600453220948 0.35972307290944044444 0.13325533869817371424 2.8836953936539364562 5.1614494104477977032 3.752830719783379454 4.0034995253132894533 4.2765600216277910306 1.54172e-08 8.99881e-06
46422997.946611911058 5717 3.1614618729560506338 0.11741329923731463891 0.23257284872683992027 1.9058142131868309743 6.2357515720067153708 1.1538627796786911084 1.0487421263158451801 0.94696867093295444828 2.31886e-09 4.78566e-06
46422997.946611911058 5479 1.1132258036332627338 0.41895472712485859468 0.21701238212850920695 2.9391930767053002782 0.68126715187323094725 1.8769652163029575398 1.4358516909504226433 1.0207057729318955719 2.12255e-09 4.64661e-06
46422997.946611911058 6005 3.0193808424834802651 0.40042672244272031756 1.058229892728490551 0.34000109240739856409 5.2366845912654600426 3.930974579948562031 4.2754055781937481129 4.6382051756761182304 3.36675e-09 5.41902e-06
46422997.946611911058 5540 1.7253900717373098495 0.46170457794655089812 0.14421370784660453301 5.6699116023428697275 0.32490851325147718232 2.74653965461187477 2.5044659196444416516 2.2298032474366875633 2.31531e-09 4.78321e-06
46422997.946611911058 5131 3.5448718504453129441 0.082510648969715938428 0.27896250951109602401 1.7380289782930460341 3.1810085162623864541 1.0868995335891002973 1.0151481896152652062 0.94505054744564831459 2.25296e-09 4.73989e-06
46422997.946611911058 4406 1.7701327397872916869 0.38590662080552839974 0.444778701876944349 0.5220978693123712322 2.9354328136250784631 3.7224483475317726722 3.9856341640137236126 4.2740355299335224259 6.27014e-09 6.66718e-06
46422997.946611911058 6119 3.1289572856613787621 0.10349972977159231646 0.22867394059356299651 1.0708180552460830892 5.6014611680417081274 2.4271418685883587862 2.3564013274227728623 2.2832311056730216769 2.96829e-09 5.19619e-06
46422997.946611911058 5525 1.6075302907928505913 0.25870398389732762734 0.27203696370332103305 2.3819597421427336492 1.2363582733905154054 4.868735594121106125 5.1221248015610676418 5.3594148464606687909 2.22151e-09 4.71773e-06
46422997.946611911058 5240 1.7608573363549613333 0.29342951360375207903 0.43591380875631624559 2.2598903405355197371 0.22343030728486401593 2.1828421050547568427 1.9157103816614009517 1.6395625414310535106 1.54708e-09 4.18172e-06
46422997.946611911058 6997 2.8949618402702510522 0.040608562147191565317 0.17020467066787023369 2.3327298883316158751 2.848726378914981705 2.8729220292984187779 2.86192273862600155 2.8507132159626471513 2.77488e-09 5.0808e-06
46422997.946611911058 5667 2.0815065278348328093 0.31835395268097660404 0.77282225568531759397 6.2195708157611262479 0.064274721309079227427 4.0589864573407217208 4.3451754580416199758 4.6423051850595449253 3.20823e-09 5.3326e-06
46422997.946611911058 6103 3.2938593975393732904 0.07313784700404325767 0.13715610517025456083 5.4184434277417032888 5.938672803868083605 2.9515348780028038966 2.9371836565817601716 2.9223375149873160872 3.07621e-09 5.25842e-06
46422997.946611911058 6333 1.4252387638098347189 0.36059413496299241864 0.32055610293718667103 3.167729762290042661 3.8947135801733510085 2.9774834453919951649 2.9028034730786664852 2.817513463005285157 1.94245e-09 4.51128e-06
46422997.946611911058 5252 3.1708350393000426237 0.18606399558011546547 0.14157699784981617186 2.877260865230682807 3.101582097966527396 0.58242484705829444813 0.48675589656971368635 0.3997224089262502722 2.42859e-09 4.85999e-06
46422997.946611911058 5316 3.4722508327371248704 0.1267213032972622222 0.26643915415069069352 0.42888195069449569496 5.3629841317539606038 3.3879414863520422863 3.4210065723871032617 3.4559553377350287207 2.96988e-09 5.19713e-06
46422997.946611911058 6874 3.280728989645872673 0.07349956571152302387 0.29880785222877276341 0.10645549976353659016 0.95363228343293071632 6.1350853385282766439 6.1455640696289464131 6.1556472717075250145 2.61974e-09 4.98428e-06
46422997.946611911058 6823 2.1604651324826922298 0.45243570513625241958 0.59210759448892802403 1.9974540794174862057 5.7618521519956438226 5.1919668639414791045 5.569595901656489545 5.8657384319273351281 1.69817e-09 4.31364e-06
46422997.946611911058 3953 0.9869003940666203345 0.18210505703611462591 0.3627747370038550967 2.0370006292952163029 5.2467719346957881754 0.55491974200693272579 0.46522873133218733965 0.38353144316718745799 1.87457e-09 4.45811e-06
46422997.946611911058 6204 1.6926399233384463727 0.21253180707229818447 0.34220605174137763704 1.6699831654451384733 2.7965103855067008354 2.9630529676086938551 2.9203625361718286157 2.8737266974483599569 2.26769e-09 4.75019e-06
46422997.946611911058 4189 1.1073901361592592973 0.059351564920873164932 0.017659867024864078777 2.2372084492464918704 4.4046426216523055786 1.564740541035088528 1.5053658369711260256 1.4461412731776859264 2.41427e-06 4.85042e-05
46422997.946611911058 5324 1.9300042255297866767 0.063415700787314316367 0.34736238856432749555 2.2971164870065656771 0.42699253941595716189 6.1471534787186827842 6.1554996083584141431 6.163574901844118159 4.64884e-09 6.03437e-06
46422997.946611911058 5185 3.5321905323696571877 0.02864627081551904958 0.22326041771168850247 4.8081597580123096591 2.4661025414592145921 0.49466351947912423626 0.4812308993413128011 0.46797138201035243243 2.64564e-09 5.00066e-06
46422997.946611911058 5451 3.2648308339469811479 0.04401538164124618735 0.021957276647020591148 5.275017965774002171 4.0862653446345831298 1.5913382688739583504 1.5472980373332041459 1.5032948071108107602 2.58702e-09 4.96345e-06
46422997.946611911058 6192 3.2060198496160148274 0.1930428222054735854 0.32650899853347387092 5.1822899068250016796 0.45218368424014715456 5.9639960060010146492 6.0199543530527428459 6.0701843977552503162 2.79503e-09 5.09306e-06
46422997.946611911058 5992 1.6533232693067809738 0.130455215916346845 0.22506490891734451387 3.3010424093484207475 0.29472953183895223006 1.5835872662598040606 1.4526604442148352003 1.3231144922349864501 8.41385e-09 7.35386e-06
46422997.946611911058 5853 3.1444787154318984967 0.14313779265998188839 0.1139939486731301882 3.8756364116495953809 2.4018061621637980529 2.2336245265435756835 2.1150973956027017131 1.9926445283143490173 2.34516e-09 4.80368e-06
46422997.946611911058 5360 1.738610445230617918 0.42336866535239348064 0.21300069534698401474 5.8449259112963307672 1.0508276339080464545 4.3883438579356681686 4.8340075470532690716 5.2542490307881495326 3.7029e-08 1.20512e-05
46422997.946611911058 6233 3.1476753875815925987 0.11852810316272587021 0.27530416268739249519 0.56752278058016447648 2.2783026476015937334 0.30040167568061310055 0.26709982946637306211 0.23581608861048469761 2.38928e-09 4.83362e-06
46422997.946611911058 5650 1.8991893175765941493 0.14064541091842855391 0.32124343534102517417 4.3740860188988701651 1.3762994753050570296 3.999398310768115028 4.1113800640323256985 4.2273795492118324546 1.14639e-08 8.15256e-06
46422997.946611911058 6255 3.2464926586637998795 0.10236747068753951351 0.24001523922220829865 5.9679383181390246449 3.7471090151028212389 2.4323555649171004767 2.3628320983442270276 2.2909294181636625787 2.45838e-09 4.87977e-06
46422997.946611911058 6952 3.223159063734190255 0.12717441609500132471 0.13833082045949887662 1.643308286472489943 6.1944067824345552253 1.999801425112810449 1.8806531914703426001 1.7595351740046154543 2.57429e-09 4.95529e-06
46422997.946611911058 5708 3.1443493486062745745 0.1815310616965461199 0.24668048564718203508 1.6569709464383479691 0.38390054715645571815 4.923471106431348332 5.0986428961640690716 5.2667999808621130953 1.65544e-09 4.27716e-06
46422997.946611911058 6956 3.4982455162150674077 0.17775437298752833071 0.44311712002134251431 0.28003466877265681401 4.9029448953234275876 5.0540896539343211913 5.2176257022042324962 5.3731714299887025632 2.20649e-09 4.70707e-06
46422997.946611911058 2850 1.6622760490065289218 0.30903006852249470526 0.38671041328652433489 1.6401295093543344361 4.5200715625383125484 3.5553500327849052454 3.7040429887863841607 3.8688365671496893761 2.86233e-09 5.13362e-06
46422997.946611911058 1284 2.3779480156369796617 0.33082783666716181203 0.43080179963191439496 3.8559991315877035767 1.3523626689203684936 5.3830365323683295742 5.6230511674734069416 5.8259223450138044598 3.64405e-09 5.56389e-06
46422997.946611911058 6722 1.4856768381669669399 0.13101271067690209438 0.48008753453379432452 3.1064804283106823846 2.5649128602254074316 3.5352786883645328508 3.5890040975770372 3.6456845486787718968 1.78527e-09 4.38616e-06
46422997.946611911058 5002 1.0396294340012806057 0.2408458853292027857 0.47501366631126840101 1.1076902040033826946 1.8479613954997204939 1.0454619897827350794 0.84684950174231921061 0.66640838960224180187 2.79003e-09 5.09002e-06
46422997.946611911058 6473 1.9278972958039886088 0.35684939605393334316 0.28038999193851099623 3.4168423261642537625 3.3960634950077426275 2.0772536958749157066 1.7265017481522508813 1.3739693797976857415 5.43469e-09 6.35685e-06
46422997.946611911058 6295 3.263456632572762306 0.026722267935067919864 0.27777106506124488172 0.85129747469444527752 2.3477854895801266721 4.2961328651579417937 4.3207092258236183824 4.3454077932152594954 2.30061e-09 4.77307e-06
46422997.946611911058 6211 1.8270964339515547437 0.16137940414318335813 0.52737679841379203616 0.86153032217164926543 6.1314532253171085685 6.2304838157136215315 6.2383988672462793446 6.2456240602586818866 2.33777e-09 4.79863e-06
46422997.946611911058 6969 2.1541477275427718396 0.045766382965093790891 0.065336340521239238965 2.3868944311586091089 3.2891846899265129167 3.1958949208984708257 3.1984383656162824749 3.2010385873067894735 2.41679e-08 1.04535e-05
46422997.946611911058 6225 2.0338431121221156594 0.40851448331687761906 0.52435038303121916936 3.8123910860679837143 3.2854740453988982019 2.7410807615864305475 2.5345048603910318441 2.3014563146683797434 2.38341e-09 4.82966e-06
46422997.946611911058 6450 2.6459781075045465393 0.37327195456647760397 0.20215715428942548915 1.3066300045455891965 2.4370660908663261957 1.4970174688363406812 1.1207417879372600922 0.78463899351088572942 1.74846e-09 4.35581e-06
46422997.946611911058 6886 2.7092676815963749881 0.27289466399727385637 0.73120586185786295985 1.8714330030110182257 2.4786843861206273587 3.3516218888195199455 3.4187241224004569773 3.4933874742267256863 2.88448e-09 5.14682e-06
46422997.946611911058 5290 3.1896583353278118445 0.019177988588841985568 0.17302469363766173616 5.8121563125649631232 4.1917612275801712229 1.5334036452036279297 1.5142447549042645782 1.4950974245170898236 2.68653e-09 5.02629e-06
46422997.946611911058 5080 3.2143712357297791193 0.17724279504058604306 0.23663116136979264748 4.9325258128687261561 2.146935082846931131 5.6907567649572881052 5.7835655671816299517 5.8684811359027264643 2.57476e-09 4.95559e-06
46422997.946611911058 6155 1.8332813684845057356 0.5409310862243233986 0.43532865032883638623 4.7231740788276210807 0.6204584424772610074 2.4144202160004870628 1.9240055018262223197 1.4164674663576715119 3.03729e-09 5.23615e-06
46422997.946611911058 6186 3.2332953213482316102 0.029919730592092665111 0.14608655364562875278 3.2001965313297171534 0.65115505711424703783 3.4568757188685887982 3.4662893197557211877 3.4758343516028196163 3.14704e-09 5.29848e-06
46422997.946611911058 6417 2.0456197333019079387 0.37875812162525274163 0.74523459342010267559 5.6975088113977516713 4.8920050786234954288 3.7695857768303779878 4.0427702668615896897 4.3397387470461286085 1.63097e-09 4.25597e-06
46422997.946611911058 6237 1.0798172943862029971 0.09506685884003102105 0.19225750054669027422 2.2132315960799306964 6.2745565871074084896 3.4764253568520024906 3.5092085896867928341 3.5433748276486451978 1.89473e-09 4.47403e-06
46422997.946611911058 6029 2.0741963192073948896 0.30824886497038617161 0.27483483810101450029 2.6868899766197760215 3.7162899657778196705 1.8295127711820655669 1.513869701483617547 1.2061201635504696927 1.2969e-08 8.49478e-06
46422997.946611911058 5063 3.4848795407333650331 0.088194680800260577547 0.47138829376166324625 0.57315434300866263673 6.2788922781760039271 5.8381155880167936445 5.874696307863477962 5.9097292726641219573 2.23728e-09 4.72886e-06
46422997.946611911058 5643 3.2966075692341809678 0.059974033332192061563 0.1287104391098677636 0.45767788114299906566 5.7030892385860116889 2.2001777081442028816 2.1507887964884955245 2.1006225101426401203 2.47115e-09 4.88821e-06
46422997.946611911058 6335 3.1142792617042167613 0.071363715524406720614 0.2530771502866778766 5.7269687634269690335 2.3193002709740935252 0.5429741450254987889 0.50715418396835687531 0.47249342656982912247 2.80706e-09 5.10036e-06
46422997.946611911058 6290 1.9599150732329959634 0.3914647431416896084 0.42786943141046179795 1.4414277241019401998 3.0497040232689149875 2.6500268364876387039 2.4164724823289795985 2.1568431269557217789 4.66797e-09 6.04263e-06
46422997.946611911058 5878 3.22630805184872127 0.049925051233644136828 0.11008963604123363222 0.095751662237147580625 0.85160558502928429547 5.2040768324787132215 5.247594945091144325 5.2905386569787546946 1.44428e-09 4.08696e-06
46422997.946611911058 5257 3.1976370120466959257 0.1555501423904962488 0.20074470166091704093 2.0693982081226267589 3.7089791987253297734 4.8669926822094540242 5.0194912592532441309 5.1677637619434317884 2.20895e-09 4.70882e-06
46422997.946611911058 6327 3.0036760235779440542 0.18733411522679424555 0.12648876324972307961 2.6993673145233434418 4.2148808844306273613 3.7309055466941134505 3.8447871629781888991 3.9659282094788266271 2.25041e-09 4.7381e-06
46422997.946611911058 5405 3.1987996104298295208 0.055714051525629824935 0.10747824670845142203 2.0056899737841806797 3.1042730477864530769 3.3785661637460155937 3.3920202628989515325 3.4058272217929821402 2.93677e-09 5.17774e-06
46422997.946611911058 5673 1.8110479535466199597 0.4017305421477460059 0.55752087548776685377 3.3827977718817034969 3.5964495878123212691 0.88036945383066533832 0.59703170984668996191 0.37118275450838444929 2.67237e-09 5.01744e-06
46422997.946611911058 6129 1.3210138307179706274 0.40220695362672564954 0.59126865739297207458 4.8063234252421915826 4.7026886006637340643 3.7137504762906932143 3.988133649845937434 4.2893838551721907848 7.14833e-09 6.96495e-06
46422997.946611911058 5034 2.8781744667206305976 0.20486696059046560769 0.11393693907168186974 2.6674297631277865683 5.1694301498275967433 5.748814139243817678 5.8455683666672433318 5.9323873339638808488 2.20492e-09 4.70595e-06
46422997.946611911058 5227 1.9489567861276304583 0.51466046842448420762 0.4010543200587278756 3.4450787873574926223 4.5627303480233791788 2.6928170337186774219 2.3750858346367871299 2.0181053912694038033 5.94474e-09 6.54979e-06
46422997.946611911058 4112 2.0291133161159913278 0.53143817939630177971 0.68745553636381895313 2.6143377546823365343 1.8822309295849593003 3.1782541408543125705 3.2078548865920732958 3.2430434035913160429 1.99037e-08 9.79854e-06
46422997.946611911058 5288 3.094900314081556747 0.23001301485383904288 0.24611469356405954456 1.7986139844385553577 0.99646103521237239242 4.197876025131176192 4.4123556987313143907 4.6320932624030222158 2.94866e-09 5.18471e-06
46422997.946611911058 5938 1.6820347232406442917 0.22826517884490543642 0.25759732027430698453 0.020212282265750221993 5.2447587586154780226 2.4225531261446646702 2.2560545625989671947 2.0793189599037691373 1.88863e-09 4.46923e-06
46422997.946611911058 5446 1.7151151730582747668 0.34432204215201323017 0.29887174990104820038 0.50382060947484941238 6.0833546180048152507 1.3835993469362475317 1.0489465002550093509 0.75045422002379780224 5.46354e-08 1.37196e-05
46422997.946611911058 5914 3.1925236018990692521 0.064869809618555401842 0.086415133917134609454 2.5706435913074749955 5.9159813828137499669 5.567724944071959392 5.6092971649973595305 5.6497778006463397205 2.63408e-09 4.99337e-06
46422997.946611911058 6154 3.1366200879416670233 0.11693134882686380405 0.29619087146006889411 0.21926189900196460525 2.2797357036284298104 0.48965683432862211477 0.43720052514734797366 0.38769121092982017363 2.04677e-09 4.59064e-06
46422997.946611911058 5511 3.1845953401270716832 0.10920425511950601627 0.22803366564256330462 1.4269015043063488779 5.5899827814064124709 1.3316983124748411615 1.2267414810665868696 1.123937176235987101 2.90982e-09 5.16185e-06
46422997.946611911058 5957 3.2277979611631524293 0.039430488940195122793 0.14336882440154613549 0.11031151384958760853 3.786032422677656939 0.47922497783206080557 0.46135015319004701873 0.44379737491154325202 3.45473e-09 5.46581e-06
46422997.946611911058 5962 2.9083053295918745995 0.1806278527041680626 0.22450372457534178983 0.75654722768890059204 1.8846053114507930193 2.9344206352289177175 2.8932993446277865957 2.8489100560407374374 2.88829e-09 5.14909e-06
46422997.946611911058 5160 3.0581769560144773656 0.077511112196288187159 0.21034206676003919245 5.5833271850598498176 5.419857422865847596 4.2713514600276099031 4.3427035079023124098 4.4149780497757689091 2.48083e-09 4.89458e-06
46422997.946611911058 6827 3.0980056541918319368 0.1224646018007441578 0.14790407345220998869 2.3076667455737336354 2.627011248067330218 0.045633245546343639831 0.040350023978745763742 0.035409915132864538956 3.04652e-09 5.24145e-06
46422997.946611911058 5481 2.2656019440457226821 0.16821332035044100905 0.87099087141594677686 0.092836488524421861834 3.1298496126415780161 4.1137595276919647347 4.260471355578083319 4.4117979672088631915 2.0621e-09 4.60207e-06
46422997.946611911058 5138 1.6766914523106783985 0.49680802453644351546 0.51108717782488011228 0.31981535246709352771 6.0923504547911182527 4.3603554665382073807 4.8968546890165525198 5.3852340630457389281 2.37553e-09 4.82433e-06
46422997.946611911058 5597 1.5944190869585039838 0.4156026548749598426 0.25759654943785059711 3.1776920488569646572 1.0805591041445490319 3.7152599334473395132 4.002355602668750123 4.3175237693591856925 4.51539e-09 5.97606e-06
46422997.946611911058 6928 3.2037817536372958926 0.1120602041818372363 0.23132360922601982733 5.1052979241318299231 4.1538334107529983896 0.94715578455640359046 0.85886022089618108133 0.77401961554892906303 2.08658e-09 4.62021e-06
46422997.946611911058 3089 1.9984462004274319291 0.3840822261562515938 0.41664146549945163533 2.5743962582651933602 3.0568027605373471189 2.1870533686396962381 1.8226814692567183673 1.4507192232872747617 1.46985e-09 4.11094e-06
46422997.946611911058 5640 0.97408810279672997101 0.29454670749374817218 0.27493571775077213504 4.9188551186120204051 2.525295534990543711 3.0671453724008617137 3.0407820531650058271 3.0111388917983785696 5.24602e-09 6.28242e-06
46422997.946611911058 5762 1.549001888643793956 0.066801521577927694406 0.47314883080217168265 6.2688930542282612635 1.848786689836238839 1.3602576820685978731 1.2953348586491000294 1.2310517688039614992 4.50081e-09 5.96963e-06
46422997.946611911058 1444 1.9040499455641470838 0.44691114317966551539 0.79699834209034770005 4.0051437222821757445 4.819238161939830789 0.64427274088256625273 0.40699584784846759566 0.23008501580273579834 1.72307e-08 9.33865e-06
46422997.946611911058 5176 3.098770283359671307 0.15872554103467056974 0.13695722550551417407 5.8707017472850271389 1.9212691855354924186 4.4488927386053669366 4.6060695172812637921 4.7638987999297395248 2.68297e-09 5.02406e-06
46422997.946611911058 5642 2.8980720716506116474 0.20255535699088653145 0.054783983536217592536 3.8637265610949755867 0.90505755565231582604 3.9029129227005365799 4.055118370760318669 4.2154738960525603986 2.80041e-09 5.09633e-06
46422997.946611911058 6140 1.7615605442259023583 0.30850526061108562992 0.20001086012500410294 6.2637549215448444784 3.0577847824212804895 2.0678678488291715176 1.7694871365512281347 1.4670514597079429286 1.67728e-09 4.29587e-06
46422997.946611911058 5534 3.2471362187713097569 0.15188495855771211307 0.14112944281934730606 1.2822005147412602888 4.9456885266443668669 5.200440571800696965 5.3305257452567333942 5.4543058576816383365 2.18919e-09 4.69474e-06
46422997.946611911058 5929 3.2444320741084844428 0.12492959177098796053 0.23471821604272311013 1.0844934821709588668 0.55697489417481349516 4.1505472923884134673 4.2602463487787041174 4.3726221488127787751 3.18574e-09 5.32011e-06
46422997.946611911058 6935 3.5026924032200894565 0.071053671384704086833 0.49105327463007802935 0.73415484324279101092 2.7098557691354323573 4.7970339563943200645 4.8676808757660374738 4.9378795175272331974 2.603e-09 4.97365e-06
46422997.946611911058 6775 1.7041784066948790777 0.19123109813828154113 0.36844648297962756534 4.9017241136417082359 0.4696918166968666597 1.4128157744718865541 1.2256066061006454238 1.0456559870498682852 6.39874e-09 6.71246e-06
46422997.946611911058 5211 3.1981702963194265088 0.076619045323397624858 0.21868846590793472595 4.1016968201672678873 0.68567595683844473342 3.9655589417852596945 4.0233590220790258485 4.082498437426425042 2.07199e-09 4.60942e-06
46422997.946611911058 6920 2.3285026058244828739 0.072861589555328093448 0.15741667871457273864 1.4030467969172573106 5.8889684722745210266 1.1876442701761120713 1.1209110789748351067 1.0552994354606608507 4.48089e-09 5.96081e-06
46422997.946611911058 6390 3.2217775898382705613 0.059573677979913280955 0.35962959260561833119 0.93418250346924724958 0.33298571660259673743 5.6567437216367926212 5.6908730747329610011 5.7241319190240051995 2.74624e-09 5.06325e-06
46422997.946611911058 5072 3.11339049520659783 0.084916688731940109802 0.26051027436185686392 0.62495872283085107668 4.0843716097936626497 2.1394391863646782248 2.0661086727757753678 1.9913972468416567541 2.73643e-09 5.05722e-06
46422997.946611911058 5231 3.1636618977038248879 0.075239116045887982631 0.2715914418552063947 5.354096743583942164 1.4486503623276987263 2.8036805737624139745 2.7777829851353668111 2.7510101144030598697 1.89135e-09 4.47137e-06
46422997.946611911058 6291 1.1577039090435448099 0.20297924017579804801 0.38348271445130560631 2.574490294040496785 4.5748534477682021304 2.835814890627769369 2.7674016417894455877 2.6932087430686983964 4.97801e-09 6.17355e-06
46422997.946611911058 6756 3.2156658482986255621 0.06451559681302036775 0.34512979680460309506 1.3107012548113412542 2.4721343128463599825 5.2871188942245943565 5.3403781052714274225 5.3925848081661600375 2.22448e-09 4.71983e-06
46422997.946611911058 5323 2.8332255158500130321 0.12821336128991839276 0.088794474853124055747 4.7815951313984719206 4.3843793001278026367 3.1623820163152993601 3.1652424328269197495 3.1682743678652616204 2.25995e-09 4.74478e-06
46422997.946611911058 5372 1.6554630542985819819 0.25218081026151467627 0.25373799369480148913 4.4594726852628561176 3.6247785002479013805 2.6494199228092383258 2.5130852960645713168 2.364818613350969212 1.39548e-08 8.70479e-06
46422997.946611911058 6286 1.8591370028862850283 0.54673506697069140792 0.69118833046260841346 5.0445567081578657209 1.9767719475041807264 3.8834394530014022529 4.3876003779229968416 4.9057511549306429544 2.66284e-09 5.01147e-06
46422997.946611911058 6960 2.9780464119999270345 0.166062101673828455 0.14949023982767672969 1.2402707506167129914 2.7626976001607319589 2.6833693854177997906 2.6034434289436574339 2.5183286830119731015 2.28045e-09 4.75909e-06
46422997.946611911058 1410 1.8291270486671291629 0.18464026302832745041 0.31909770378632995591 2.9660288970658172936 2.5501345313064502918 4.0081446061755805488 4.1588997094327027071 4.315972357446549168 1.96181e-08 9.75145e-06
46422997.946611911058 5053 3.0348193457166194875 0.18667756601319554499 0.29413345139422986119 0.28252319827529154272 5.2567035571017743933 6.2322951368149084317 6.2410517232457296544 6.2489147911893114795 1.90259e-09 4.48021e-06
46422997.946611911058 5489 3.2201989835669579954 0.053885218777228675868 0.36683254546662130702 0.98109999999733477072 4.2040686039955099673 3.5697410641313194191 3.5926917358070378228 3.6161832629424486285 1.80848e-09 4.40509e-06
46422997.946611911058 6914 1.8644080172660744132 0.32167766981198808729 0.25322880993108309866 5.0886859828226524982 2.0263721795366516076 3.3298435407285773557 3.4036352222468138073 3.4869670874862936927 4.41745e-09 5.93254e-06
46422997.946611911058 5578 2.8931660339274665183 0.040800390405788936055 0.27713456792449780997 0.44539986757361155201 2.1476220522346389785 5.9575053224150300579 5.9703170661522850793 5.9828749734383883663 3.04211e-09 5.23892e-06
46422997.946611911058 5196 3.5651702436934069596 0.14984885490519517237 0.23790000643501596489 0.79380314289293441021 3.8311626396024403007 3.5226276593724730191 3.5828665649308462093 3.6468657659976311258 3.02458e-09 5.22884e-06
46422997.946611911058 6832 1.5905890569370200183 0.20507826270911885813 0.30768379565849252044 5.212968231602777891 3.9695856770173141292 3.0467215841948824817 3.0248280192403185218 3.0009365067606754707 7.86044e-09 7.18895e-06
46422997.946611911058 4502 1.5295120879574348738 0.15675366234421433953 0.10064878462505932877 1.3071988379741590336 0.68294168345672345843 1.9192641002079771084 1.7672064746412330383 1.6134666436770874753 4.58456e-09 6.00643e-06
46422997.946611911058 6425 2.3860521315899290151 0.33544836466350341775 0.51157692549103472857 3.4793973715063319929 4.2899865463556148271 2.596419714679868207 2.3870045586306436469 2.1572262422764922896 5.02719e-09 6.19382e-06
46422997.946611911058 6089 1.7994282274135930955 0.34817264493376526291 0.28477149724940481468 2.6916665669013188911 2.3424301777367686483 3.177079252405555998 3.1926222534487371796 3.2103816542199798967 5.81535e-09 6.50193e-06
46422997.946611911058 6572 3.0043000258920868895 0.15962003602918198308 0.21406319475291582521 6.2600733606485254867 5.3032706927463895141 3.6327338320793907123 3.7142321499772448234 3.8007226433537679711 1.66053e-09 4.28153e-06
46422997.946611911058 6842 3.1653655367906492479 0.063911225739559915371 0.079540542386014490006 3.3801585597412180384 3.94345898644902082 3.0061457905856103778 2.9972241108785193653 2.9880293581210617404 3.94698e-09 5.71398e-06
