35581108.829568788409 0 5.3976483972351942953 0.038291903108891189866 0.017976591737774678254 0.05470990019014110306 2.0339356106923416334 6.1298388993644303824 6.1355812755681382598 6.1412128137410002537 0.000954961 0.000356051
35581108.829568788409 1 9.0381021430478210021 0.075078847427811554183 0.057857578417309228624 1.0307198596478699404 6.2577265224887499429 2.104139866723071961 2.0381596431395649915 1.9711323034488947847 0.000285285 0.000238018
35581108.829568788409 6992 2.3910219382008905953 0.23649360527991358794 0.30454472193710857564 1.2918445636229443085 3.3623079831868483147 2.2991323353625769954 2.1051779948933218023 1.9016554493035702222 1.98059e-09 4.54062e-06
35581108.829568788409 6617 2.7444097886255658381 0.23844141798815873812 0.029056464331453368821 2.3007505507208154683 0.27709829611926345416 3.8114818842017137435 3.9770529955272726497 4.153882439741427568 3.93262e-09 5.70704e-06
35581108.829568788409 6751 1.3233923464137111736 0.48320295664884788112 0.18289002546752786138 2.9457441708557747795 3.5683882354747238352 2.6843294307351284189 2.3905671416603593293 2.0608348766339248392 2.66624e-09 5.0136e-06
35581108.829568788409 5931 2.719773198188391472 0.50769474225419564117 0.68419164152172018412 5.5206276707168822071 4.1784590817119129369 3.2336060876559775679 3.3023830813595109746 3.3836642422766045613 2.66585e-09 5.01336e-06
35581108.829568788409 5740 1.7312454059579935883 0.1596171842373917682 0.15507902043785276591 2.9882795163521538306 1.4616015763786234238 6.1796223754411911955 6.1950007717175203936 6.2090583026572732095 3.09097e-09 5.26682e-06
35581108.829568788409 5588 2.7120208420446019204 0.16733524813525749164 0.13210681393540710249 1.4408743146642526423 3.1715097853578231302 3.2322111814325351631 3.2488582258568166061 3.2667731362995291455 2.40685e-09 4.84544e-06
35581108.829568788409 6582 1.7462974764204821643 0.51955549325598804344 0.11798686441705015515 3.3686579279113191276 4.4060735843011116231 0.97230756626596637204 0.57767747090458254622 0.29395873618513274073 1.86721e-09 4.45227e-06
35581108.829568788409 6171 1.721481560001576705 0.18778801378905188302 0.071832194051104400478 5.5824937914220864599 4.72899233460454127 2.7000392241579920238 2.6115418301277593116 2.5166004935387733532 2.39216e-09 4.83556e-06
35581108.829568788409 5921 1.5944080838006653433 0.42576056405481021994 0.28527542887901785607 2.2460846709156383483 4.9927099917160999709 1.2117221006834959507 0.82844223394286709006 0.51470813963128436708 2.32801e-09 4.79194e-06
35581108.829568788409 6443 3.1980880405616565199 0.20040609591382807508 0.26829249056678494689 2.5977129627527784095 0.29553828338892429439 2.7746647775880450837 2.6944960949024925334 2.6078506577956543921 1.88164e-09 4.46371e-06
35581108.829568788409 5990 3.1113153504464574617 0.061305706761030046015 0.1885500713330696132 0.33343795611047122307 5.4138780549548011223 3.9128710890064781758 3.956599800524021493 4.001213833184886326 2.30118e-09 4.77347e-06
35581108.829568788409 6883 2.370173893449846414 0.18438926575472985858 0.095883038096311282161 4.3010466512231282366 0.31941381951326913713 2.0183299139512453912 1.8440745158712699148 1.6665276917735338813 1.23696e-08 8.36184e-06
35581108.829568788409 6035 1.9563189026176748264 0.29128064995592112263 0.11907210609812435287 0.077919569026966131742 4.6835747521286243966 3.174132223666742636 3.1855117597505522298 3.1983004332935753844 1.91047e-08 9.66563e-06
35581108.829568788409 6793 1.4773057509397584663 0.3268359022521651891 0.37260831732523608251 6.1182029230399654907 2.5768240039289400656 6.0072011842519597025 6.0859910130770789038 6.1500243023013307919 2.0508e-09 4.59365e-06
35581108.829568788409 5467 2.9707929030613859922 0.13007324789757310213 0.15810624170323769877 0.24440615535043169748 0.49233932744231512224 1.5925127443495523671 1.4619158622877164166 1.3326128592900869929 2.43648e-09 4.86524e-06
35581108.829568788409 2413 1.9559782367377553935 0.37754118681550014047 0.58839306326904738942 5.5267447001206297941 5.8853708739610599565 4.8223611199130669291 5.1993066518488380012 5.5329697333157330519 6.11801e-08 1.42469e-05
35581108.829568788409 5694 3.1224947443365977939 0.037979688405151951214 0.31154505446029778781 0.41855657955026964734 3.4900301448495807399 4.1579656411204979349 4.1905912019343309893 4.2235167242147042543 1.21025e-09 3.85309e-06
35581108.829568788409 6392 3.0139565990553394137 0.20548732304892111666 0.20216633301299785641 6.0979710400885025479 1.0225813955502165431 3.2479290180699833535 3.2725112345997082741 3.2993365602807140924 2.75286e-09 5.06732e-06
35581108.829568788409 6484 3.1299646779512664274 0.15256216612191358939 0.2653260468437048103 5.9685684658583255668 2.8675423101431483097 4.1486241769332465879 4.2836767305230889491 4.4224322984710697781 1.88476e-09 4.46618e-06
35581108.829568788409 923 1.7406676469101907134 0.17791760569895712085 0.17633759577407151498 4.1456676036825976794 3.8503130220240331383 1.8209917543461060507 1.643747452221426375 1.4663030634907898708 2.53731e-09 4.93145e-06
35581108.829568788409 6411 1.2944852675737341663 0.39452890716984467812 0.16940253030093757602 0.9999116126138766214 2.5579447887477488877 0.48819666862430100007 0.32532778507535947687 0.19922869466779952186 5.10394e-08 1.34117e-05
35581108.829568788409 5448 1.9241023066975126987 0.24555937708298003486 0.14303124401753494754 0.91954681091650591895 2.0418638697508502133 3.7142805609296458691 3.8649498255992811302 4.0274867787026806809 2.56033e-09 4.94632e-06
35581108.829568788409 6528 1.8543621915511641074 0.10389558907829699042 0.068138038210113854865 0.67005967458945203674 3.6054871436151167963 3.9883726181211294204 4.0691623968388057619 4.1522959781466060036 2.31313e-09 4.78172e-06
35581108.829568788409 6764 3.2601658097060215447 0.029727790648765458487 0.25951857248544279999 2.8540401010506473156 0.55902730485793272752 2.6266463379764473096 2.6118108270360891332 2.5967880340670492778 2.4069e-09 4.84547e-06
35581108.829568788409 5259 1.8528763305992961286 0.25883873997997536298 0.12998743900871112533 3.8029226752530931321 4.9546864733409075043 2.5970251520492393382 2.4435988643039356916 2.2772478762874905911 2.21606e-09 4.71387e-06
35581108.829568788409 6809 1.7580041569088113995 0.11908904251172382216 0.26141411759045996011 4.3430661278203919196 1.9481559650458759592 3.1081276677915590234 3.1038748840088983272 3.0993841758900368966 1.72631e-09 4.33733e-06
35581108.829568788409 5328 1.5442620160677678065 0.43127616916143662884 0.64625315673897576474 1.2633877881946373734 0.47985636700140976707 2.8591755332265966771 2.6979867757908380099 2.5128834266032753497 2.1043e-09 4.63325e-06
35581108.829568788409 6498 3.2371120804456903208 0.083388797602665029607 0.1240588813754508607 0.60541117767790786353 1.0504258165131226122 0.40107372500945109861 0.36967153045610506856 0.33954239309651912393 2.50157e-09 4.90818e-06
35581108.829568788409 5668 1.4543741852446070428 0.53479015236574423131 0.20625949937959672797 3.467923960264414962 5.4950061561218737083 4.3115944061841462442 4.8961982647054167472 5.4219796533025306218 5.17696e-09 6.25473e-06
35581108.829568788409 6300 3.2647267409968172558 0.067483180080390781086 0.26316327976933984178 5.0666247646941000582 2.0791163410085484742 0.57989062873204089144 0.54389341125882362249 0.50897278890169739274 3.26125e-09 5.36181e-06
35581108.829568788409 5204 1.4903571958940737829 0.46668865140845972039 0.29872454829116684705 4.3592534879108715273 2.2271010348363011744 4.8535825430823953397 5.3188708117808820575 5.702329455583706519 5.21728e-09 6.27092e-06
35581108.829568788409 4755 1.9631229374252245901 0.12303638016320221638 0.040694929109697804137 2.7561985856231614456 4.1358296517085264554 2.9844972479650619945 2.9639204509866785564 2.9421751362925538942 2.39615e-07 2.24572e-05
35581108.829568788409 3800 1.4624747630197738602 0.45157064109691319453 0.20975600330144619776 4.2632933010079625546 2.9692698872948346533 4.8612410562890389087 5.3094592415729335855 5.6829019867277699163 1.79108e-08 9.45995e-06
35581108.829568788409 5861 2.1561411627564757154 0.34216186278840743373 0.38298794432517124786 1.1025764267502822236 5.5384676045396217248 3.1129934214909624757 3.1007450571655934546 3.0867724538481362551 1.95257e-09 4.51911e-06
35581108.829568788409 6719 1.6909642659817294419 0.21248385659878446519 0.26307647453164234586 4.393232189016164746 3.9703293892411011257 5.4692329751500201596 5.614499943903696888 5.74623037534000769 2.09817e-09 4.62875e-06
35581108.829568788409 6815 1.9240613296125639309 0.55105974747493802202 0.24713895354680290306 5.2210105512609708001 4.5504555826644423888 4.3953759006798573949 5.0055393126361575895 5.53308990202786255 3.57143e-09 5.52668e-06
35581108.829568788409 5480 2.2616875284988209316 0.53686456347863953376 0.23067046299088625472 0.15556536783477065145 2.734234768929103776 3.8521541627613560266 4.330293732390981809 4.8284425372915480423 1.6026e-09 4.23115e-06
35581108.829568788409 5093 1.8861979720628734292 0.24463358193953457786 0.055876905874224475079 2.3034617463486561917 1.8318807124369256289 3.0694697768589751519 3.0490390995466878366 3.0264297036736356183 2.98948e-09 5.20853e-06
35581108.829568788409 1517 1.9456132976160298576 0.29874650251128692657 0.65219007795408967532 0.078756172371808971788 2.7104648199406407016 3.8203212082863404753 4.0373243327673886682 4.2705457346192572388 2.17631e-09 4.68551e-06
35581108.829568788409 6526 1.2832642739421846745 0.13359136880594116303 0.25862314798744634459 3.2791504382323970468 5.3748450581623812283 6.1406028196170350242 6.15848353194721021 6.1750994700876002952 1.74858e-09 4.35591e-06
35581108.829568788409 6951 2.9993029128408217332 0.0093307844328172056397 0.091985156379825142037 4.7194047406287138458 4.8205748111900472708 6.0974378950205032623 6.0991532865363877747 6.1008607732983701766 2.54062e-09 4.9336e-06
35581108.829568788409 6202 1.7073626800590246955 0.25091211770439747486 0.21218500751770461021 2.4088180008461841375 4.2224465070981658243 3.7064903055641789109 3.8591709327311591871 4.0241612258876893193 4.75227e-09 6.07879e-06
35581108.829568788409 6083 1.5550052193990462346 0.063654501988158765369 0.13531046084164932708 2.3736138438418756813 5.1363756919119740729 3.822223992892828992 3.8633336464383698505 3.9053897023374357644 4.91269e-09 6.14644e-06
35581108.829568788409 6402 2.9729594294356611606 0.2035011827666737827 0.22655021399374405955 1.6156139085539169553 6.1711848128745350195 2.2813321685698442209 2.1146253127968250851 1.9404824766011399273 2.16272e-09 4.67574e-06
35581108.829568788409 6242 1.913731736016474505 0.46511502524790837576 0.33042493239768400137 0.17456916842752415175 1.231545085443575438 3.8981325415054732808 4.3051616626056956605 4.7322407499666674369 2.33848e-09 4.79912e-06
35581108.829568788409 5146 2.7809590165674653583 0.099277156894799850617 0.12471133997799097037 3.9781922317065876449 4.3707323051941910919 3.2626060478134522036 3.2752444347215798892 3.2884735365368493731 2.55901e-09 4.94547e-06
35581108.829568788409 5492 1.9639742978774668014 0.25338560315387770316 0.34366918207055485723 1.4233377213114826176 0.32715869837087357963 3.2860626943873052497 3.3285577644429928945 3.3756565117116830166 4.51271e-09 5.97488e-06
35581108.829568788409 5047 1.7622120382942065842 0.16472684266904089045 0.20913413392784041545 2.8718992270170091707 0.72309097313846781852 1.1882651347646895346 1.0392895446231815715 0.89728769851132594848 8.23744e-09 7.3021e-06
35581108.829568788409 6657 2.4032165663220452778 0.15373180683873671759 0.20396031573175854579 0.59454692496675598523 4.2426885705927865899 5.5991987228225976736 5.6913300787538601 5.7770973073444160661 9.52311e-09 7.66378e-06
35581108.829568788409 6413 2.712650830077411257 0.11395007022234082683 0.12045081812333906235 1.0422571341594748517 5.7607098667722524965 2.980279460186853413 2.9608203415139788817 2.9403333319637092735 2.71272e-09 5.04257e-06
35581108.829568788409 5928 1.9590763647499689348 0.12330225805006581052 0.1522887081211880822 3.6495518667022652792 3.4240568800486044232 3.6679224462194861545 3.7335940310530340014 3.8023995187968222531 1.85148e-09 4.43973e-06
35581108.829568788409 5018 1.5248431072076131798 0.45407487730766016298 0.24101989844729640455 4.9774028133561847298 1.8893875510207174262 3.6662562637767535101 3.9676407583289572401 4.3015032066643676956 1.65949e-09 4.28064e-06
35581108.829568788409 6118 1.4423748310999688904 0.44910305023105306921 0.26591387002500987968 0.46958262902002928518 2.131118436298854224 1.7501857359504691125 1.2721218351349841136 0.84290176065666144734 8.21375e-09 7.29509e-06
35581108.829568788409 5788 1.4096969908781464831 0.044273027694154365452 0.26595558547045300424 5.4716806626204910202 3.5245286823354788908 5.4113075061659676734 5.4447373226315765038 5.4776590254292507609 1.43499e-08 8.78617e-06
35581108.829568788409 5626 1.2744826608715507099 0.25373681853493251781 0.14400033508552856354 6.1840233965586666187 5.2719791940325295698 1.7672839476832127303 1.5091968461542923929 1.2559412770889704092 7.93289e-09 7.21097e-06
35581108.829568788409 753 1.6882700608090701611 0.37075877730498063567 0.076536193133691782231 0.72522169673967018522 2.8005864910895366116 4.7369321604701379869 5.1149057639990367363 5.456032756911636028 1.27811e-08 8.45356e-06
35581108.829568788409 1124 1.6315969593783443692 0.46501843824964983476 0.15745139353712958585 2.9561401609905524346 4.4490530600145108409 3.1613659341044799689 3.1743121242345142541 3.1895245667200882167 1.32419e-08 8.55396e-06
35581108.829568788409 5020 1.7181961986554490363 0.4547131970550316038 0.37426491920205628983 4.9009948140778583081 2.4901114242987048009 4.1071339433559383991 4.5576352985678845187 5.0069144580328366345 4.40916e-09 5.92883e-06
35581108.829568788409 6161 2.0092774748765123149 0.33831044749416949724 0.24322860363912360282 0.13723330615801040966 3.520539268001120714 2.083570262902009862 1.7544176676358034239 1.4217945854961626662 2.19638e-09 4.69987e-06
35581108.829568788409 61 1.8230012269104551859 0.095705484631719461852 0.038684429807390362244 3.5677736698714932473 0.4441947102228642752 1.5871683348859120244 1.4912537699599341945 1.3958508909071014603 2.97121e-07 2.41265e-05
35581108.829568788409 6451 1.5488310609139148699 0.23429071264619680259 0.23512140639266565501 1.0334353877962301205 2.4934461931567661885 2.5715862813114593877 2.4293612835931037708 2.2762466019272804552 2.57122e-09 4.95332e-06
35581108.829568788409 6702 1.8888617894336394709 0.28594278739776551879 0.27931703972090060617 1.4511101155096164383 1.8191878493237201297 3.9317062382228216144 4.1619214658184056077 4.4056248032501095224 3.70623e-09 5.59535e-06
35581108.829568788409 5132 1.5600883300907717466 0.50514958944851973133 0.31554054355872190873 2.9113950768697063332 0.76448442280026862594 3.2887444128065772553 3.397290860000032886 3.5250537870942100227 4.5221e-09 5.97902e-06
35581108.829568788409 5437 2.196278293901991141 0.29296592543870925152 0.13953605984353081859 2.6762122346666519235 5.8698423723478345693 5.314784954435929798 5.5413175346915659603 5.7392646572662675553 4.54448e-09 5.98887e-06
35581108.829568788409 6270 1.9531748135753967954 0.29863691799357566792 0.21579789881652566841 3.9205639917276378092 3.4372744020766128337 1.7135601801198729888 1.4067657944611511311 1.1121374412655276043 2.07589e-09 4.61231e-06
35581108.829568788409 6816 3.1056259900965899057 0.099555530235114889082 0.13900028007360465399 2.611580755022933964 5.9820963230210004724 0.29437144121634695182 0.26673620060062741555 0.24049490925270336494 1.76213e-09 4.36713e-06
35581108.829568788409 6040 2.3426935684498948476 0.60166120067779560454 0.25447093104077972425 1.3850196714049174407 1.9308921205185147763 2.6613843819340199381 2.2288640245305750831 1.7528444334767985247 4.48499e-09 5.96262e-06
35581108.829568788409 5518 2.1712777215777543383 0.045588386751536764951 0.095938525429344723161 4.6971966332825605406 1.3326955409053060642 2.155587534343273326 2.1170747628631616521 2.0781211354177520079 1.73658e-09 4.34592e-06
35581108.829568788409 5950 1.5292187314675766974 0.35736355692282051333 0.26882816992722063931 3.8897277288685003782 2.7734676835612472878 0.23741937662757003902 0.16376660676811349848 0.10550363748325761182 6.81029e-09 6.85339e-06
35581108.829568788409 6726 1.9703548215549360201 0.36234710483384391377 0.54837297004854845817 1.3261892810147901667 2.6183561917926279072 0.90621399896696464005 0.64309078511527439925 0.42580148419107516355 2.92983e-09 5.17366e-06
35581108.829568788409 2768 1.5031614169494256217 0.026111269580897995823 0.046750355703739261692 1.7916519026985062712 0.26677379426108149829 1.2251192663841841135 1.2006578407266821351 1.1763148979197772803 7.28036e-07 3.25263e-05
35581108.829568788409 5194 2.0458134583704747911 0.22344419435294801679 0.16012618025259250931 0.34382475303273180023 4.171780656021258693 5.900119673812615595 5.9766332449895269718 6.0440627240858111335 4.75382e-09 6.07945e-06
35581108.829568788409 5310 3.474411680693821225 0.10470994040861528185 0.32576698678230470163 2.8862555798175528743 5.1675916460159481147 4.1539026281881552549 4.2454316167593102449 4.3389315337129907846 2.51895e-09 4.91953e-06
35581108.829568788409 5888 1.5289335262509244906 0.076563434870871249771 0.39633591463988765424 5.1342086766174315215 0.55099440127006693579 3.8730428808466954571 3.9257505277128235122 3.979821862646417685 2.79797e-09 5.09485e-06
35581108.829568788409 5964 2.1733620845631556051 0.14766183291540069256 0.5450144689365087336 2.8505682103372880221 3.4511196450004941738 5.563226084169311747 5.6558824782769052675 5.7425545445559418312 2.1711e-09 4.68177e-06
35581108.829568788409 6639 1.3421430578605006989 0.44678550003014966263 0.28194108256394706524 2.5302787027797046804 4.0531683803195903693 2.9687015684122624037 2.863113827660397348 2.7402954439271143272 2.07227e-09 4.60963e-06
35581108.829568788409 5312 3.0090540454945333693 0.083281396372819310736 0.18407896922438848897 4.4464054342815586551 2.6669552585402693801 1.6734608598293392312 1.5901657303107561425 1.50689995594817705 2.46345e-09 4.88312e-06
35581108.829568788409 5289 2.0006994237448787466 0.11462831371650544776 0.1831023975576745455 1.2077155193122000032 4.3733330126542764305 3.0840194299272849499 3.0769987228833692861 3.0695995773719548794 2.13423e-09 4.65511e-06
35581108.829568788409 6734 2.1069208542971047393 0.18189833724522017078 0.087573967048415357617 0.088793903647361005493 0.94047368512300044685 1.9810108310166729684 1.8068559853638328505 1.6300022235537183768 1.24231e-08 8.37387e-06
35581108.829568788409 6073 3.2298066849420123958 0.04954204633987944334 0.24355964730259857531 2.347643729943809987 2.3416673151425193566 2.2344507668681194978 2.1947999387083538814 2.1545943039922272888 2.87152e-09 5.1391e-06
35581108.829568788409 5364 2.5897137164396086817 0.23565840659410736135 0.053012738659873132052 2.9869977935126006408 5.7470282293358119219 1.1575140334629721028 0.9493938128720670333 0.75778874155679820657 2.91675e-09 5.16594e-06
35581108.829568788409 6028 1.913325135094417373 0.40236373609621489678 0.17608784259781631865 0.32673496221398656836 1.6178717991895279482 3.440828621929785669 3.5954683423992093161 3.7718855720155555211 2.1303e-09 4.65226e-06
35581108.829568788409 6691 1.8217023993500067736 0.43422903988499395034 0.32874484406729714836 1.4452847205575594103 5.7439386550519220265 3.8781044553122816509 4.2434023391093749211 4.6307462655267972451 1.99622e-09 4.55253e-06
35581108.829568788409 6521 2.9691299359328247043 0.041349502156706893774 0.12549611900093468608 2.158824867706528039 4.3803062069346978546 5.0427797716747129186 5.0816439406764786213 5.1202063418579557563 2.953e-09 5.18726e-06
35581108.829568788409 2010 1.8941951534646692679 0.24487506501574921036 0.10091777765030915393 4.7649798698078971171 4.0976077552806753346 0.46885801124164561138 0.36780062834796700688 0.27975236442845136109 1.54172e-08 8.99881e-06
35581108.829568788409 5455 1.834459752325443338 0.6247944739068641562 0.2247461382122250273 1.334854224523399191 5.0527620630746419295 2.0103507341619262228 1.295926273834920428 0.69458628693704904666 1.18753e-08 8.24895e-06
35581108.829568788409 6780 1.9866296473299138725 0.33376177247203453469 0.26903767683914731057 2.1249988786519145023 1.662978162051445441 2.4424458251865979186 2.1891881458329360832 1.9172351107285428018 3.2776e-09 5.37076e-06
35581108.829568788409 6017 1.8653615674121146739 0.21894695138088846043 0.094839344618377452445 1.3132149578507794629 4.9290897730033647051 0.43745101934242802688 0.35217607574577142193 0.27665226470272369363 1.07446e-08 7.97837e-06
35581108.829568788409 5540 1.9841653358976907295 0.4039247577818136925 0.37121216765124342984 1.0650193699140100279 2.936801130156967421 0.88309881291813774329 0.59754738896275161331 0.3702926353043894947 2.31531e-09 4.78321e-06
35581108.829568788409 733 1.8050145780564315068 0.1588191463364695688 0.21382545231928029583 0.18188531211761527207 2.8350637211378346692 0.75288836011433801776 0.64971595764955103469 0.55363668561863310646 4.51209e-08 1.28719e-05
35581108.829568788409 5469 1.1525154890995594759 0.32981965043437638796 0.20700495908247212862 5.4593121049884789642 0.6748658615383329451 0.15411681566546947542 0.10951558719672234432 0.073467353865305035088 2.51139e-09 4.9146e-06
35581108.829568788409 93 0.99735541597386778712 0.10512540875185001632 0.062767707874714598337 1.9955268579394420669 5.3529802591048927241 1.7426382815932910386 1.6379245894594565147 1.5330359500268995188 9.80253e-07 3.59167e-05
35581108.829568788409 5525 1.5566158890750487753 0.14460759987143637084 0.21731438167131267303 6.1850689478035763003 2.4965221773259607119 2.0744693531998752434 1.9427126461945307678 1.8079914827669041344 2.22151e-09 4.71773e-06
35581108.829568788409 5178 1.6861865054351816706 0.16938370590608087252 0.20520359512300348492 5.8724740439862364028 2.0926473788606787529 4.1924676497812551901 4.346784826646412192 4.5049736142359719793 9.33283e-09 7.61239e-06
35581108.829568788409 3770 1.4888633395547452576 0.59857946237844794624 0.18340428874731357078 0.33728196585104974758 0.31172942086924376737 2.7641155527115457424 2.4132403306361043249 2.0148013444630050728 1.55823e-09 4.19174e-06
35581108.829568788409 5667 1.9582283897913648207 0.22338015742060049473 0.21536126785241410664 5.9463217582548653084 5.2647392028241641881 3.7128113191603833165 3.8477875884018155617 3.9927486768164039965 3.20823e-09 5.3326e-06
35581108.829568788409 6103 3.3053223639839393044 0.072729018739778009128 0.15259433238967040625 5.351311178589608808 4.8248410462984470115 2.9699685463669647234 2.9570685604415833936 2.9437243326950053302 3.07621e-09 5.25842e-06
35581108.829568788409 5181 1.011012413030571544 0.16937400636267926912 0.19164135330330270279 0.53628377951574768279 1.3760716436133193508 4.3319325877192431662 4.4951585255387831452 4.6605519213822264035 8.5624e-09 7.39688e-06
35581108.829568788409 6480 1.7885190187734085754 0.20289920468076458326 0.21472063392853360519 2.5614007334021589024 5.9368708048018890011 4.1941027847026397524 4.3811889210993211208 4.5730611204107729506 9.59462e-09 7.68292e-06
35581108.829568788409 5316 3.475816964968861722 0.071128662609905496383 0.23535442759851135652 0.1465933303246012287 6.111241095225355302 0.09710611988243222914 0.090437567067775934126 0.084013629084029234351 2.96988e-09 5.19713e-06
35581108.829568788409 6874 3.2693760045832305217 0.058811585603466866312 0.24359972800452500685 2.9559326903303726475 2.9846173791394461361 3.9984791849713667844 4.0438343595784580486 4.0899848933489781899 2.61974e-09 4.98428e-06
35581108.829568788409 6823 1.9545008426626804265 0.26944009226979309668 0.32780740068307023805 1.8786269176841754458 0.89453380495893430879 3.7130274762209531936 3.8804825371932816225 4.0619417391861984967 1.69817e-09 4.31364e-06
35581108.829568788409 3953 1.5224757212360735537 0.13504158929136156342 0.35240131888242171021 3.3057462190920854361 5.5098345478379409101 5.5148059127275832481 5.6046426380399294587 5.6894027306977141833 1.87457e-09 4.45811e-06
35581108.829568788409 5767 1.8153579626720750539 0.70236545212845713504 0.25867342515338320741 4.5605390217641925688 3.0492130117167812742 2.7683048295355341395 2.2931751051781872341 1.7662359085498295919 4.97944e-09 6.17415e-06
35581108.829568788409 4189 1.180381930013686409 0.15035273735190490818 0.094232759443797858845 6.1026749085707461262 6.1350325522647635168 2.9380471557297962448 2.9050393898094064582 2.8698037333568229279 1.38545e-06 4.0307e-05
35581108.829568788409 5324 1.8841290060542894569 0.1090204083822330916 0.31960927041022446637 5.3189969012496671752 0.125082195278618441 0.44879813472574442423 0.40358963717319840114 0.36077491333385669492 4.64884e-09 6.03437e-06
35581108.829568788409 6836 1.8147660338683784254 0.41599421710004130803 0.18084474026699345894 4.4149890455158260494 5.1923027316179197754 2.0595488170628377667 1.6373695254813214195 1.2222968092336294887 4.61039e-09 6.01768e-06
35581108.829568788409 5451 3.2643782694316638704 0.039279656608072838209 0.058243181729580331685 1.4412381869921111477 2.1521489564987796861 5.42198513363106116 5.4514162734165951818 5.4804488140126785822 2.58702e-09 4.96345e-06
35581108.829568788409 5538 1.5226037611398075544 0.50570413594261687251 0.18113267456473966521 3.3794854249044861128 4.2047519857579356284 2.6414063529009639275 2.3028347598091207793 1.92668520355441375 2.97954e-09 5.20275e-06
35581108.829568788409 6532 1.1624982758257924598 0.47088061151658155978 0.17435332215818591384 1.6835757471409846797 4.5723742544249006414 4.7759699871210852251 5.2579456712506029703 5.6604725749786695133 5.62757e-09 6.43118e-06
35581108.829568788409 5853 3.122861082335288696 0.17950386550770336402 0.17157856931489404162 3.5420358313061011124 4.6312868226519761095 5.9800190623465310225 6.0297423233880333981 6.0747508418900588723 2.34516e-09 4.80368e-06
35581108.829568788409 5360 1.5277393893073487607 0.16447401546565040831 0.1573495471841479254 3.0212838185716308637 3.8570269382906219313 0.82029782445335275298 0.70578424139741779975 0.59910130984095277817 3.7029e-08 1.20512e-05
35581108.829568788409 6233 3.1156042281127360738 0.15592170530818208474 0.22191479690141788228 6.1660943844980371509 2.4906809575015143032 0.66079004433890031756 0.57018285690933556698 0.48601850529586709815 2.38928e-09 4.83362e-06
35581108.829568788409 6121 1.4199126072958589972 0.6429352074706783382 0.21776037119849558921 1.3856212927514348632 5.2854841952817528394 1.8583772632747039832 1.1158249703645388706 0.53829323696652298104 1.90564e-09 4.4826e-06
35581108.829568788409 6255 3.2464123326428118155 0.1245083110154798639 0.18528627180639362093 3.1786097100161674334 5.6240952980854084231 1.3475032773583650592 1.2274202258131252652 1.1101802855724196561 2.45838e-09 4.87977e-06
35581108.829568788409 5459 2.9759197455460233428 0.23014422683103916145 0.2004000764027187298 5.216529426582216189 4.9628834872193401395 4.5789229823216786031 4.8126980797545240165 5.0416854312336329969 2.51526e-09 4.91712e-06
35581108.829568788409 5708 3.1613700854336399537 0.17132161609271026603 0.20598732179257522867 0.73886346254811985368 0.39710164015797910775 3.6572670901905084406 3.749222375643375571 3.8470338367849081784 1.65544e-09 4.27716e-06
35581108.829568788409 6956 3.5030417421419071111 0.083568969060932224435 0.40578328256238771488 3.7254903332351396728 0.33038114237413607199 2.6027642329213551697 2.5582138398578462279 2.5121801193880139991 2.20649e-09 4.70707e-06
35581108.829568788409 2850 1.5207531029238734455 0.24432831434998392162 0.35879881226237220204 4.600680831443606067 4.1828571567918881868 2.6088794244100519393 2.4680415213748281289 2.3156379433053322359 2.86233e-09 5.13362e-06
35581108.829568788409 1284 2.3095379006812772893 0.210266505750260152 0.39533154659116348517 1.234847307106907488 0.034115704320690332096 3.8485290803692340234 3.998508228114175278 4.1574332391853605628 3.64405e-09 5.56389e-06
35581108.829568788409 6722 1.7098221435348159858 0.19926793621048827232 0.24232103729528178815 5.4614095952208874252 4.9408355176688392163 1.4112987748800152055 1.2163140674454520074 1.0294353511781824118 1.78527e-09 4.38616e-06
35581108.829568788409 5002 1.1304196271742426028 0.24948717582309015706 0.4012304282442065162 1.1667263982026572222 2.480060397328113897 3.8738449228786135947 4.0604118248930198831 4.2587256122155148219 2.79003e-09 5.09002e-06
35581108.829568788409 6473 1.8288264943094716397 0.10922124376284303438 0.28703476188397697433 5.157492330766137556 4.0904275391911522064 4.754898007861129372 4.8639854943226303874 4.9719541056199458851 5.43469e-09 6.35685e-06
35581108.829568788409 5815 1.3627808105662224669 0.33501560547011172142 0.42315279127080812627 5.5458380905127038218 6.0234406614771334176 2.2552723542482868702 1.9574986686483344389 1.647221365911251123 2.67562e-09 5.01947e-06
35581108.829568788409 6211 1.7600953886292991513 0.22204039391561403161 0.34408878096461881224 5.5429625321052107267 1.8884665068140655819 5.3081720980348103822 5.4827905382653501221 5.6421336244328363918 2.33777e-09 4.79863e-06
35581108.829568788409 2174 1.3601068165298002555 0.31953211269412118423 0.178528987641749598 4.328329294545742556 0.15849205223529974629 1.813433052376751009 1.4848296300878172094 1.1664775051858242705 2.03153e-09 4.57921e-06
35581108.829568788409 6225 1.9165230284377043901 0.18800803216876565971 0.15700461577711880001 0.60802463539051831987 0.91983388826790701831 3.2207583966640744855 3.2373266404786691375 3.2552979184689467829 2.38341e-09 4.82966e-06
35581108.829568788409 5873 1.9179890788957523196 0.42680044630099545078 0.3808348530797420195 1.1416450254743228943 2.4680782835524079921 4.8347005604958841474 5.2611656807078786002 5.6252961524238749291 6.23622e-09 6.65514e-06
35581108.829568788409 5741 1.7753264493684943748 0.26010715038640175312 0.18794958386185836585 0.16379268597288759723 1.4945039254037109089 3.0230924088666557559 2.9870736554285284292 2.9470419044820324039 4.83963e-09 6.11581e-06
35581108.829568788409 5780 1.4983353999898436637 0.33018452360445738059 0.16041884993239158286 2.4406008238983338821 3.4333820271627133458 3.0511092186759505296 3.0141673485490088069 2.9722072528544223324 1.95079e-09 4.51773e-06
35581108.829568788409 5080 3.2297845331564962734 0.14615879046851884548 0.24886088666646946632 1.2928821910907606352 5.9131214362871391543 5.1625897228758814705 5.2906214275300582628 5.4130191840209391785 2.57476e-09 4.95559e-06
35581108.829568788409 6155 2.1515751102968327935 0.1999132947532071547 0.16007299430030796916 5.6249327299208866648 2.4227145667953817743 4.7947562649269599433 4.993706111185399088 5.1857609359178908903 3.03729e-09 5.23615e-06
35581108.829568788409 5782 2.0434960329634872522 0.23554684027448496986 0.24127840375035469744 1.6382546657827754544 2.3323549693657739112 0.8920777631738603386 0.7195194217798631664 0.56428856712091335357 5.0598e-09 6.20718e-06
35581108.829568788409 6417 2.0715317668254558114 0.4298474270502649075 0.72703833450822819007 0.76681611028849228084 5.3915982375610695954 2.2976691222803524717 1.9055474518845789689 1.4995599516345783364 1.63097e-09 4.25597e-06
35581108.829568788409 6237 1.1040448702710359274 0.21600916740729869669 0.20523093382663520901 2.789802611627748341 4.7937445640585290008 4.9500516645046808151 5.1564317390004310582 5.351492835014874494 1.89473e-09 4.47403e-06
35581108.829568788409 5750 1.5238114375226470276 0.40695218387832393647 0.13015834355650091059 4.1419072920638386748 3.9870120111332165713 5.57547024060738039 5.8124107038229428923 5.9969947573621498194 1.52873e-08 8.97346e-06
35581108.829568788409 6023 1.7031492491018804802 0.019502384869935582984 0.47669861659815321309 1.1422399992097220789 0.96589217482697065087 4.2150749493871471074 4.2322962812970130742 4.2495939627554113471 5.48103e-09 6.37486e-06
35581108.829568788409 5643 3.3300359313170218023 0.048185888805920520928 0.092501692227067042196 5.1478553282461518847 2.92562417673810371 6.090697569142299983 6.0997076908204190815 6.1084992021312904953 2.47115e-09 4.88821e-06
35581108.829568788409 6335 3.1168369530433102099 0.048801769582646446766 0.20299460755676326795 1.9965910840446048358 4.1766739267564538807 5.8112898344553549634 5.8330138378714941894 5.854248460277942101 2.80706e-09 5.10036e-06
35581108.829568788409 6290 1.9135722198521514237 0.34278991049737267405 0.30270164555405543183 1.0907627824882946133 2.0067122578443266079 4.2064037226560948568 4.5414092167430251124 4.8792007482171388943 4.66797e-09 6.04263e-06
35581108.829568788409 5215 3.1318592239153124623 0.35982422660009644177 0.23184484294341523025 0.61916005565266063471 1.5777981609975264554 2.8094682256762437689 2.6624245412212022011 2.4965307711237803012 2.09099e-09 4.62347e-06
35581108.829568788409 6358 2.1075836551834070676 0.4238066171342948496 0.14215664692803547942 0.30101823209853428853 1.4903072823697942617 1.3301084132745848443 0.9255189589389941629 0.58692587406086316193 2.40091e-09 4.84145e-06
35581108.829568788409 3761 0.97286586495194327107 0.20134915632834857191 0.021935503073031277499 5.6460369016823523935 3.7311824092325345248 2.33688067481653583 2.1794839026972487872 2.014297224626120375 4.38307e-09 5.91711e-06
35581108.829568788409 5048 1.828284064287274413 0.059906446063545705505 0.425737667106607931 1.3585650011138583615 5.2512341864949600989 1.5979372499765640558 1.5379682162051595551 1.4780940473772505861 1.54672e-09 4.18139e-06
35581108.829568788409 5673 1.8400409599365987745 0.20075915326881127454 0.35387748133286911489 3.8142562331309060042 4.417577134551839535 5.5938792106121733028 5.7133708129872946557 5.8216755302372114045 2.67237e-09 5.01744e-06
35581108.829568788409 3324 1.5340696699695441918 0.40535357377143799162 0.25391723627670431673 3.160605236799075346 0.089209976739593341288 3.2206656113668379326 3.2630666313699294712 3.3121855349390250112 1.99813e-08 9.81126e-06
35581108.829568788409 5034 2.8685963294825422842 0.24014181117037655677 0.12964486358194099447 2.0254721086932345742 1.8044957235351866132 4.521177108947256329 4.7649016090190894346 5.0047123916021840628 2.20492e-09 4.70595e-06
35581108.829568788409 6957 1.5923279281664106666 0.29567389738573340852 0.23816763700182225216 1.4150107651581158574 0.96931874172901610898 3.3001595307365705345 3.3562828064866683242 3.4192745646601032661 6.68595e-09 6.81142e-06
35581108.829568788409 4112 2.0774315670491279029 0.26397134243213421501 0.84616690567625696406 2.7625051059658822794 4.569244176811201541 2.929708499054056503 2.8646684457611217844 2.7924991191433337079 1.99037e-08 9.79854e-06
35581108.829568788409 5344 1.8273902587388743957 0.19119599671035220068 0.23095490269380361537 3.4053877742924694161 3.34034064236548911 3.7104244926486926737 3.8234481610895589832 3.9439465189818241342 5.14004e-09 6.23982e-06
35581108.829568788409 6577 1.8119953922418066128 0.29348796992020570462 0.21822394024247451783 2.1282642458591487511 4.7314320594138559173 0.99521789117835079974 0.76352485250826052088 0.56058610960130161871 1.63583e-09 4.2602e-06
35581108.829568788409 5446 1.4161436320352849272 0.50360410891617812812 0.061233616261555205706 3.5597616893388330794 2.8306385459485512435 2.6647819219346948749 2.341295974904901378 1.9799284218949131375 4.99881e-08 1.3319e-05
35581108.829568788409 5123 1.5805802626349572115 0.52327796576327800793 0.18276350675756605768 4.4450938811377218585 5.4785464848949088079 3.377860141243272718 3.5597074542751938608 3.772178389088227668 2.85229e-09 5.12761e-06
35581108.829568788409 6154 3.1205961224964178236 0.064831660264996607279 0.25675437195174544147 5.4718497556880576482 6.0644173569358379439 4.051695042366139532 4.1039671026068607063 4.1571647896198067329 2.04677e-09 4.59064e-06
35581108.829568788409 5511 3.1530359904009452876 0.063513616152637578094 0.15303409678756627055 2.5877616473455078427 3.0589214897313357078 4.5236891902798390674 4.5864923864473894355 4.64950332318499715 2.90982e-09 5.16185e-06
35581108.829568788409 5957 3.1800033977685382425 0.047882408433867346131 0.083188563933196360556 3.5271654664269522783 0.028894650099483505656 1.7295181253949087896 1.6820395843572222283 1.63445314441035916 3.45473e-09 5.46581e-06
35581108.829568788409 5962 2.9113227605662865827 0.14921454572451478549 0.16889863284026845891 0.53365902518616037398 0.44361086216811701499 3.9212925605943542706 4.0326216083106070087 4.1486685914975822698 2.88829e-09 5.14909e-06
35581108.829568788409 5160 3.0129456057679600001 0.09954538434432584626 0.20085642133568892831 3.7182312600082378928 4.3304962885384759019 4.3700809937429152541 4.4656129616758697409 4.5621426196571199796 2.48083e-09 4.89458e-06
35581108.829568788409 6891 2.2608619833308942759 0.32740160302855148 0.7625823473451992518 1.2801255502104713635 0.58720798559578069042 4.8430913413884733032 5.1668741867245806532 5.4610403171706769498 4.39964e-09 5.92455e-06
35581108.829568788409 1399 1.446177398688964999 0.1803809910064307076 0.28631930003050243272 4.2611920952698838505 0.17744769683185598885 2.6600579923896647827 2.5685056599203388572 2.4706979608238537338 4.64728e-09 6.03369e-06
35581108.829568788409 6752 2.2493750367437370663 0.24567290243487246992 0.45237980054610060776 3.6180325258399266275 0.32112290907958601638 3.376128640245735113 3.4420919409541408385 3.5148104216868540917 4.12549e-09 5.79885e-06
35581108.829568788409 5597 1.5835986508051200783 0.048854436123514380363 0.45796263205726778223 6.2410349306105290523 2.2823625415713109099 5.0346588047580871361 5.0806615524022999963 5.1262403288185653949 2.41109e-09 4.84828e-06
35581108.829568788409 6928 3.187680557616772159 0.13881647508039562933 0.2273860968224402368 0.95894229997930913179 4.238186119608140956 3.7105769350326012201 3.7903810113428630935 3.874256895284455382 2.08658e-09 4.62021e-06
35581108.829568788409 1123 0.75195126731806527509 0.13069320332231287862 0.057165597965426744043 0.49748251936009374452 0.32145140472131139564 3.9719579014566233077 4.0732499000668767053 4.178145519431129884 2.24876e-06 4.73694e-05
35581108.829568788409 5640 1.6337078916708009935 0.064982078531066175819 0.27110291552405857418 0.81140325381420030926 6.0731669227478821682 5.726147933579043503 5.7596115128266669458 5.7921011462342297804 5.24602e-09 6.28242e-06
35581108.829568788409 5842 2.141584758551352774 0.33568787353482515412 0.5752221305773146387 4.634591502698917509 0.50028435594723019708 1.7796729511267339596 1.4324274565244565771 1.099947989745141852 2.75394e-09 5.06798e-06
35581108.829568788409 1444 2.1512855808181696737 0.37060523940390194264 0.22208165271771518334 2.2775441519838808269 0.82183765681211906617 3.0703413293505956716 3.0365002337364850327 2.9976240853622684313 1.72307e-08 9.33865e-06
35581108.829568788409 5176 3.0999735395899392643 0.16175712756817409166 0.14037357686913048971 6.2310201203606396803 3.3602490412934518105 5.2273600919401514986 5.3633981697029380342 5.4920715399151500691 2.68297e-09 5.02406e-06
35581108.829568788409 6001 1.7943296799785168893 0.21437466710048438956 0.32764339002882497676 4.5858727422058302992 1.9469656394509398112 1.8373144611058616071 1.6227512285832683681 1.408665828441913348 1.89847e-09 4.47697e-06
35581108.829568788409 6140 1.7358400561158437991 0.35055165947183308806 0.18631330160869957746 0.55266922490323877604 2.8992322773559346949 5.4248665652808520932 5.6686333015846219752 5.8707587783916936885 1.67728e-09 4.29587e-06
35581108.829568788409 5534 3.2663684606576746106 0.13652502320326131979 0.12611382278221081044 5.0916842749341695296 4.2483265050543339569 0.93383488267371250746 0.82798586439362664713 0.72742554833138894921 2.18919e-09 4.69474e-06
35581108.829568788409 5929 3.2517986413540844737 0.15133956338170029277 0.21999599089795288109 5.448696047101378781 3.3526293639410602587 2.2479678628524286665 2.1235585986027643024 1.9947569063039733983 3.18574e-09 5.32011e-06
35581108.829568788409 6162 2.0280889277245348623 0.17129997928401680118 0.1493649331883998288 3.3803749621773775402 3.9079657334720363515 5.9500388468445857271 6.0022073311129053863 6.0497080283260364908 1.62993e-09 4.25507e-06
35581108.829568788409 6775 1.5029457538746358036 0.26448211402886334653 0.09704880133968411815 1.6586500095489673523 2.9030668391391145633 4.8754931299731154581 5.1340607743326174273 5.3753758349714715337 6.39874e-09 6.71246e-06
35581108.829568788409 6061 1.3410321405782350546 0.23304009278068796296 0.26624387701300833431 5.9852025115584046588 4.662239481805040775 4.0452843434710796799 4.2448944881085814984 4.4529294252284694622 4.03777e-09 5.75746e-06
35581108.829568788409 6920 2.3041899397071730071 0.037993841594850259746 0.1109203355686008835 3.407810742066397669 3.6122170323752444965 5.4684290325885767103 5.4957241783884480668 5.5226452472319591536 4.48089e-09 5.96081e-06
35581108.829568788409 1810 2.0259044772337788665 0.34404238218614691114 0.41907305192027699547 5.6021904446080306172 3.8475228748864136463 3.6204830879633140839 3.8139657834603997166 4.0282506364306414071 7.36354e-09 7.03416e-06
35581108.829568788409 5072 3.1018312592675099104 0.11012723893289473598 0.2396263815984906731 4.4089947623956264877 4.1640627057040369152 1.8577268668720277045 1.7502010942705754637 1.6418413884130511615 2.73643e-09 5.05722e-06
35581108.829568788409 5231 3.1643041308552173341 0.11653946142175239387 0.25664331394809852815 3.9132486655504576945 4.9527830153577072636 1.2125166482638385368 1.1053071881769482854 1.0011672786455572126 1.89135e-09 4.47137e-06
35581108.829568788409 4786 1.4430763171798903777 0.13448426086640755117 0.3653150990469045678 3.6091635254473413141 3.9844773895810421394 0.45863682804526362258 0.40225616926654655936 0.3496061972197918033 8.41208e-09 7.35334e-06
35581108.829568788409 6756 3.2167993274993365027 0.030832569746103401925 0.29056474007602295373 2.9389404606075708593 4.2860327130203845769 3.4030874086463769324 3.4111808008442197071 3.4193925773482534147 2.22448e-09 4.71983e-06
35581108.829568788409 5323 2.8005736176864655107 0.093955083481183587768 0.12047592079966150391 3.9318964451845830332 1.1171976842496105231 1.3398272798532655514 1.2492039119235087696 1.1600655960564831837 2.25995e-09 4.74478e-06
35581108.829568788409 5372 1.6481006913882518816 0.15345147493469465938 0.22518969239284364336 1.0069705762673182292 1.3192474689158335543 2.7170771255478300965 2.6487137506406086551 2.576106023905176734 1.39548e-08 8.70479e-06
35581108.829568788409 5855 2.1510661347939570298 0.21061005872828658658 0.15194955254251715782 1.802989145426080686 2.2770841631350546841 5.253582475739237978 5.4262174848362594304 5.5854093672127245185 1.88487e-08 9.62226e-06
35581108.829568788409 6156 2.3306565648917820788 0.39792778008817369928 0.57119525107442747913 0.9289878372522691885 5.5198292683936465153 3.0106361120381008867 2.9424209930488669507 2.8636880232008521396 2.69058e-09 5.02881e-06
35581108.829568788409 1410 1.866378481684700219 0.12302481244538251981 0.19531709298726576685 6.263579852846979712 2.1774844826292834021 0.96163552601891044702 0.86388876616388921015 0.77034389705400063697 1.96181e-08 9.75145e-06
35581108.829568788409 5256 1.8091451373378726331 0.30156782771490864281 0.27665810699118575933 0.052797069728812789924 2.297110337082315823 3.3795573420601385806 3.465132866574117898 3.5610088416932819122 4.61883e-09 6.02135e-06
35581108.829568788409 6653 1.5227905735893292327 0.41287325544771680264 0.19914601619592808834 3.7994138056392152691 1.7419489011869044859 3.4236559774246941856 3.5751500132154334644 3.7485987597885657152 2.19009e-09 4.69538e-06
35581108.829568788409 6914 2.0474518727501056503 0.16407945304695942257 0.25185845241996113186 3.6295604885003593942 5.537628799017099368 2.4578047227474018044 2.3464188679304678331 2.2292685514722938578 4.41745e-09 5.93254e-06
35581108.829568788409 6633 0.97755624364706461549 0.20168488855432600837 0.10673512047205846454 3.1605292406869973654 4.7817811407536972013 4.2261101236343971976 4.4147126873847186701 4.607527597902480565 3.02269e-09 5.22775e-06
35581108.829568788409 5196 3.5695284850907995633 0.12368811598199863644 0.18828652169871229471 3.2990795359406841492 5.5015974641658793587 4.4371149802836926668 4.5585067821731035664 4.6807333350388891091 3.02458e-09 5.22884e-06
35581108.829568788409 6832 1.566492469655013986 0.06731117249111286116 0.23762646799765518857 6.1028609047883382033 5.819832936459279793 3.9365693191631225822 3.9858262970654902979 4.0361388566835287861 7.86044e-09 7.18895e-06
35581108.829568788409 4502 1.3141277521698755404 0.23844211427847666895 0.16094248021951387817 3.5392439858042195056 4.8722438883458316639 2.5290814326755124419 2.3750160439376548638 2.2096150737582780366 4.58456e-09 6.00643e-06
35581108.829568788409 6425 2.2512302013062317485 0.28899417571221153178 0.25876401367535273312 3.5178845336136777 4.273622301340040508 0.794371427212863912 0.60403098337358662739 0.43989246672339099575 5.02719e-09 6.19382e-06
35581108.829568788409 6089 1.8615351352977591581 0.34098399899117876055 0.31969862986081920564 3.9743394637971038996 0.81845157469556073515 2.386917865820108009 2.1124853706783182083 1.8203169614873142557 5.81535e-09 6.50193e-06
35581108.829568788409 6572 3.0138246855923354062 0.17729457245727572867 0.19000508372885807629 5.6002645092753127187 2.4641202618599926666 5.5212119467219356039 5.6369638813268307942 5.7437260686849755942 1.66053e-09 4.28153e-06
35581108.829568788409 6842 3.1549220609947195015 0.050541324980442794979 0.1051805337781588634 1.6209520076492596186 2.5056295991598322992 5.0337845498842463954 5.0813793539043130565 5.1285188417089413448 3.94698e-09 5.71398e-06
35581108.829568788409 5291 2.0308843888564327429 0.57117064061825828514 0.49350377839126530199 3.4785829844384905662 1.1055648551572747618 2.9381427475345467393 2.7556779889506053394 2.5406855390988059007 2.6037e-09 4.97409e-06
35581108.829568788409 5063 3.4559000446553711505 0.11952553539886268119 0.45144310573510143536 6.0448349645323933288 0.72200097093713355711 6.1959072935956793771 6.2057738774633985912 6.2150172816925115526 2.23728e-09 4.72886e-06
35581108.829568788409 5818 1.8898113661761681836 0.26797323619498852887 0.094785517563372362337 6.1960641032894798741 4.4845246407858976312 6.2225191709214744407 6.2370842301511197903 6.249433709459078834 6.74885e-09 6.83272e-06
35581108.829568788409 6055 3.2058624060783635912 0.096107739396118968545 0.054993690562515573639 4.0766857445276798444 3.8160117251378591341 1.7070180936750454226 1.6110252041577493021 1.5149952228582981295 3.0525e-09 5.24488e-06
35581108.829568788409 6197 2.0468510540035076417 0.080468917345139362451 0.17432895074164578286 3.6198398176875379306 0.10136802574807460275 1.3915501402327241642 1.3128482832137438052 1.2350416428747135189 8.02678e-09 7.23931e-06
35581108.829568788409 5642 2.8885748131135282613 0.19795023492162838741 0.12341214281215441562 0.33785835523338780817 0.87301082815461250597 0.23791779910063473591 0.1949775818617228984 0.15662580432704098499 2.80041e-09 5.09633e-06
35581108.829568788409 6291 1.5713027784568895928 0.24692342195787023162 0.41385645123407133195 1.7321034077312316146 2.8339920568006857771 4.8129133714991763071 5.0581163610014607812 5.2904291280167941025 4.97801e-09 6.17355e-06
35581108.829568788409 6390 3.2319554308949398624 0.10209385680436301735 0.32266338885621159704 5.9482976300017069704 3.5294879074098681748 3.8000422188508351518 3.8652954841599864722 3.9328983561071644282 2.74624e-09 5.06325e-06
35581108.829568788409 6126 3.0196878825155568649 0.21709069432673983036 0.17587510712254969536 3.511295002835017609 2.281088398730786615 5.3095319879477109737 5.4802349751139125544 5.6364118619685168454 3.04059e-09 5.23805e-06
35581108.829568788409 6104 3.3551168116072167535 0.058028837029455278274 0.13447254250087634087 2.0835208033907766101 5.3932641980532904924 3.482189826364852081 3.5021360054663928096 3.5226075754191490397 1.75259e-09 4.35923e-06
35581108.829568788409 6732 1.3831428523837141498 0.33726635829496803831 0.2337156685955806279 0.61724573112200997738 4.5637991340902503978 0.96863144181151594747 0.70941095681353549818 0.48972005232341953018 3.70815e-09 5.59632e-06
35581108.829568788409 6286 2.0988451515572941197 0.54612294844972042451 0.71129403689832426672 2.0112237483120942727 4.1725417252560816905 3.6655111627496679283 4.0606481510195333584 4.4948317689493553218 2.66284e-09 5.01147e-06
35581108.829568788409 5405 3.1882428803364066816 0.056891519525548009395 0.15674509797254129739 5.2049349187506290804 2.9939733528810918983 2.2688090884716434203 2.2243822881361690058 2.1792156266560769318 2.93677e-09 5.17774e-06
35581108.829568788409 5098 3.2199493418737974437 0.063382553856691670191 0.09186395373493393135 3.8016489403194775321 3.6572644848415332142 4.6605569644654440964 4.7240011152328751365 4.7873793958326977815 1.90652e-09 4.4833e-06
35581108.829568788409 6952 3.2095717601148012754 0.11742512170486005263 0.12137357715496434329 4.4668915171242336015 2.0743117287291954476 3.1478001746746220313 3.1485774100330523595 3.1493975892394532323 2.57429e-09 4.95529e-06
35581108.829568788409 6667 1.9077538364244190916 0.31941816095822345156 0.25465229997462773825 5.5226788047566728324 3.0367129465417654899 1.8129876644272799879 1.4844989618472830273 1.1662694540180844616 1.85586e-09 4.44323e-06
35581108.829568788409 5796 1.6488073495200734619 0.25288288324752755676 0.30043982171851785212 0.34143247238248747299 2.8948276175504088492 2.9376797227911284338 2.8781463327491492166 2.8122932254061252522 7.64873e-09 7.12382e-06
35581108.829568788409 5895 2.3390514821899475173 0.54394845277549586093 0.18284517088619506309 3.4582116389775574561 0.49233286337844850422 3.7345208155337688005 4.1656831223969614797 4.6303465730708071035 5.57854e-09 6.41245e-06
35581108.829568788409 5138 1.9641909617347363959 0.40612913031727737589 0.28706833589657626549 2.8513275437791505418 1.4723092520918219517 2.1038225533326921912 1.6996928359959833088 1.2969328148351566554 2.37553e-09 4.82433e-06
35581108.829568788409 5548 3.1898321144865846577 0.082213170663497411872 0.32812877952413765925 4.0870087382041102586 3.1609335413552575034 2.175413941863766798 2.1060648130600183592 2.0353506577498663432 2.11518e-09 4.64123e-06
35581108.829568788409 5131 3.5258122623522050176 0.077112152326672012137 0.25479197450305979267 4.1148689020265258875 5.7611761249698405507 6.2431736005509561593 6.2461480026715898717 6.2490033760186820544 2.25296e-09 4.73989e-06
35581108.829568788409 6295 3.252577122290872591 0.036976907387657603765 0.2468618176662364383 0.59052860990803246466 2.4582657041402891096 4.3950745908529249562 4.4304178050746010342 4.4659344509833269754 2.30061e-09 4.77307e-06
35581108.829568788409 6356 2.2523231530399212552 0.60605113447632119605 0.17992211721634843169 3.7682673700404953898 4.0369216124353268782 4.1233298905437862913 4.7885562311419169745 5.3928502276566980811 5.8318e-09 6.50805e-06
35581108.829568788409 5278 3.1420050723094647971 0.03071471886947190269 0.32256217126572017673 6.1521583739902352406 4.0772217883345556189 4.7128943730315189242 4.7436136809298714567 4.7743134278679981719 3.13887e-09 5.29389e-06
35581108.829568788409 5669 1.3840378535998336673 0.14600269777261201676 0.2411063206126029812 4.2560215522374527097 4.9241365168902886396 0.66135985810145225816 0.57619081667880533981 0.49664362240042736474 5.45549e-09 6.36495e-06
35581108.829568788409 5118 1.1931572749318486437 0.076296257144139761897 0.26278770178628618748 2.6189250790740183916 0.74170086935236168024 3.3818199473576293634 3.4006991109090458636 3.4202475043477496008 3.95744e-09 5.71902e-06
35581108.829568788409 5053 2.9981403180959702581 0.17640228299786492316 0.25873004786250336506 0.37321946934449440336 1.3162261612065213612 0.78810284918423945122 0.66961763573967703067 0.56012716663849582144 1.90259e-09 4.48021e-06
35581108.829568788409 5116 2.7036325265479645985 0.1584445123142350087 0.10397655872503668018 5.8292213851152201443 2.2401040843154169657 3.3160784869319335222 3.3461158876411762897 3.3782960241573807281 2.56354e-09 4.94838e-06
35581108.829568788409 6595 3.044910719896583462 0.090865946720669846237 0.21074302696679436675 2.8446305123265402948 0.66566093112893498507 2.0655967784122308828 1.9837382920292592203 1.9005101587137516184 2.5233e-09 4.92235e-06
35581108.829568788409 5290 3.1865667119493603643 0.045326685918208986514 0.13294056684565150328 0.60190417512140348411 2.2958057032311702805 4.980799138624437461 5.0242571045347208525 5.0673973227314208501 2.68653e-09 5.02629e-06
35581108.829568788409 5762 1.8034936591327441757 0.22488085569278137843 0.38315760258429393259 0.66889941631793614629 2.9798263608939774549 3.2414925082019596658 3.2671141780466137483 3.295267500757192547 4.50081e-09 5.96963e-06
35581108.829568788409 6628 3.2940163190475821864 0.13314548025862571468 0.1871693940085361052 1.0921924202419470706 1.6750316666964286672 5.4150516181201311383 5.5128067119257746498 5.6055301545725484402 2.5094e-09 4.9133e-06
35581108.829568788409 5227 1.9489624063105246421 0.016286769785651529496 0.050577488220280214515 5.7783817723608166261 0.8957210869810705578 1.8070572453708861893 1.7911919614188445138 1.7752991517576810487 5.94474e-09 6.54979e-06
35581108.829568788409 5481 2.31960702273088204 0.10186193528188912383 0.87434012540951289161 0.36596485854038640628 4.4791439704364668373 0.45348819256659167465 0.41071590238358057778 0.37004591583700136015 2.0621e-09 4.60207e-06
35581108.829568788409 4662 2.0323422803430921668 0.4429226743990034576 0.1330118287899140217 5.5146761918161830707 3.3661767109780469376 2.9148391110826876726 2.7791059111036031659 2.6220453199044424508 5.28399e-09 6.29754e-06
35581108.829568788409 3089 1.5034900448829897623 0.27710099289280554213 0.27984541518025085605 5.6878366107633455684 1.3789022813205307205 2.0124102315193823642 1.7421229016557544522 1.4690788150746754148 1.46985e-09 4.11094e-06
35581108.829568788409 5878 3.2052904746702433059 0.091383516773195644367 0.060187304523822475477 1.5536266002722300961 6.1809376008317284956 0.56498643730133613072 0.51779097122509243345 0.47255961309166816253 1.44428e-09 4.08696e-06
35581108.829568788409 5489 3.2175942410028528506 0.073277381439562569443 0.3099208155713416013 3.9065390158938515519 4.3592033930338356384 4.4182330939119944802 4.4891826354136057375 4.5606422039421117276 1.80848e-09 4.40509e-06
35581108.829568788409 6960 2.9837520007407802858 0.19440353180903138797 0.13669868288542408319 5.3412794273663086742 3.719476163935544033 6.248012970007306599 6.2542985334790452967 6.2599134433434100444 2.28045e-09 4.75909e-06
35581108.829568788409 6292 3.3572731006453473412 0.066965640141708041022 0.32959534963796088824 4.9386192486568152304 0.45340623037777649795 0.015945418839897983893 0.014911134518644876545 0.013912637852604277378 1.7586e-09 4.36421e-06
35581108.829568788409 5358 2.1993613989474489756 0.39005234022039941832 0.3947592258033190693 1.7791614149881473939 4.4226212981207737585 2.8804300890511500555 2.7501545667846638565 2.6013425308337656539 6.59336e-09 6.77983e-06
35581108.829568788409 5535 2.006268359483201813 0.51735782591544043907 0.57259787880116974623 0.15694378720937304794 0.061640443573792919052 1.4250649566520676714 0.90679359809445481133 0.49935787420616400967 2.07392e-09 4.61085e-06
35581108.829568788409 5713 3.072891686194090699 0.1733543471991349505 0.24808699248107229929 5.9419581625004873615 2.3390882019828391769 2.0041654297785704841 1.839970838901168193 1.6728588514616986593 1.49134e-09 4.13088e-06
35581108.829568788409 5569 1.8997930788290358084 0.23127438556432708405 0.28867410478111849015 5.6208362962833486876 2.9539230348015426131 4.1161615780787226271 4.3230900931940130505 4.537059462472576854 2.77052e-09 5.07813e-06
35581108.829568788409 6450 2.6639299882901976702 0.10416970685065650437 0.014913157357970160261 1.2524615411951016686 4.5998006130057316199 4.9561768340172118741 5.0561966221988461356 5.1542701131231707379 1.74846e-09 4.35581e-06
35581108.829568788409 6969 2.1068262465367304515 0.092513394266424714418 0.14711702765196743581 0.91191373187026292246 2.5208831967528499973 6.0936889834738572347 6.1103918231010965201 6.1262981043604192166 2.41679e-08 1.04535e-05
35581108.829568788409 6677 2.1750649917518272147 0.26394753483357741297 0.080744589626928708892 2.6476792768327812588 4.6050095557426171666 4.3233928429966983487 4.5838961157811111136 4.8456677050669947349 2.33048e-09 4.79364e-06
35581108.829568788409 5647 2.0637355106603259003 0.25981973097466182221 0.23901595355051097336 3.6200534742757679574 2.084798795549970496 1.9642182827116825283 1.7084269455741698529 1.451064109670926916 2.57441e-09 4.95537e-06
35581108.829568788409 5992 1.8079300117636165623 0.21827951031132269977 0.20524850911517794616 5.437849391464461668 1.2720874790733280868 2.6865441761209920557 2.5788451599427162364 2.4623904178778839302 8.41385e-09 7.35386e-06
35581108.829568788409 6761 1.4713663636506748578 0.4577270432706758152 0.15421090556635527746 6.1328591204133697801 5.9952710833612883334 0.82949473134076778802 0.52469856621719979106 0.29539922250658606773 4.88068e-09 6.13306e-06
35581108.829568788409 5252 3.1448961510041821832 0.21652361258246360931 0.17729483057341635655 5.7743716679449690332 1.7142946495328534873 4.0689442292163660042 4.256036032742117392 4.4504018393001745224 2.42859e-09 4.85999e-06
35581108.829568788409 5394 1.516146902109633432 0.10697455111672503347 0.11353961939599961639 0.33892384388018537145 0.76298820891716245818 3.0951437718698207036 3.0898804005880178281 3.0843509707323604196 4.23442e-09 5.84945e-06
35581108.829568788409 2895 1.0907225533204605306 0.19914103822693002277 0.11743343042980031177 4.0810429227796944929 3.5455717128186385878 6.2352003706187764109 6.2439682059840677653 6.2517759385158147012 1.06911e-07 1.71603e-05
35581108.829568788409 6189 0.87600104844964643558 0.10788339244371090986 0.042495317196601510579 0.81204319268801161691 1.0755727091594025069 1.4946295720033853094 1.3872896135390124783 1.281217600567438053 5.43987e-09 6.35886e-06
35581108.829568788409 5234 3.1113177671715872563 0.19306867260415169762 0.10543119592302675758 5.2795184171477433921 2.5882565548728728722 2.2151237955627052223 2.0499866984787948887 1.8786636397790033026 2.35138e-09 4.80793e-06
35581108.829568788409 6129 1.2918184473093110576 0.43068174254248109412 0.5295536670189340267 4.4260535020008182627 1.1293980142355617424 5.9853288975159824048 6.0944519303096864604 6.1752542486284340839 7.14833e-09 6.96495e-06
35581108.829568788409 5351 2.9610923490228509003 0.11742879374566886352 0.081128251599392839366 2.3593818353531337273 4.4702263995461510859 2.0082720661011674856 1.8989096181179092593 1.7877454116495625769 2.44807e-09 4.87295e-06
35581108.829568788409 6272 2.2649059684440273621 0.51632137985470816233 0.16335061045295651283 0.53272404569854003853 2.181080825103300036 2.7417542447453833176 2.4526658665108098667 2.1244356644297828218 2.92426e-09 5.17038e-06
35581108.829568788409 6230 1.7883968622421759775 0.17123227668735088725 0.19618744195155615739 1.5846245019357234618 5.3312496426747530975 3.1090465006422629557 3.1029035272218830066 3.0962803526342779215 6.03494e-09 6.58276e-06
35581108.829568788409 6557 2.1710504341640226578 0.14195053330847587358 0.26831231812805783621 0.36352186417961912523 4.1250203388036066343 2.8073705966747088958 2.7571976911882116745 2.7039664796540971992 1.93092e-09 4.50234e-06
35581108.829568788409 1239 1.6727489530373056414 0.075293005808590232619 0.1697756481071613921 2.9482368512916794501 0.71493380177036480738 1.1926606165664197512 1.1235766778492126683 1.0556885149926613643 1.31823e-08 8.5411e-06
35581108.829568788409 5775 3.0170452165004935097 0.11609895397961046692 0.095322255722254653487 2.0862648501209557494 2.477484303603826099 4.3367248138945617697 4.4473473991407850292 4.5593923645126244182 3.02463e-09 5.22886e-06
35581108.829568788409 6935 3.4932591926248419689 0.029977590266688662612 0.44158572149997210587 5.2963157455453497846 4.6229409357837978334 0.46700337277524855972 0.45368257448260140841 0.44054403996439156499 2.603e-09 4.97365e-06
35581108.829568788409 5807 1.661929626247230285 0.097563066131879372378 0.25261081007266811271 1.1730155459177562527 3.6730928184291249394 2.940938972539077767 2.9204669082155154669 2.8990685866216967526 4.88354e-09 6.13426e-06
35581108.829568788409 5927 3.4761365457043540417 0.15284227315543677528 0.15303158049319190437 3.844026010243245306 4.2636151174646865769 4.5125631085511876961 4.6652866593969450904 4.817959413774961952 2.21586e-09 4.71373e-06
35581108.829568788409 6445 1.742035415774877638 0.34329150012841391781 0.071654440193437307638 2.9510036459918032037 4.3747494546003755644 1.5478481099347720651 1.1989080163535059675 0.87908294767366534916 2.3322e-09 4.79482e-06
35581108.829568788409 5478 2.2022744382648857808 0.31277284061377624846 0.20310457712709958922 0.67457675004196393509 5.6162518807735040127 2.1228746711802553016 1.8268065172946186259 1.524227573457897611 2.28234e-09 4.7604e-06
35581108.829568788409 5076 1.5574015796163696024 0.22100834204410180206 0.14088878671562121703 5.0128211489991052474 3.4349017948689160029 5.3180760305232457341 5.4905977727261818799 5.647993751413909358 1.5547e-08 9.02399e-06
35581108.829568788409 6119 3.1097765148203686536 0.075623505748633607082 0.18388128061784500544 4.3629564034767618352 5.3259132323337468051 4.0654991188240447997 4.1273220186532650899 4.1903674529598058385 2.96829e-09 5.19619e-06
35581108.829568788409 5559 2.2690954306947377361 0.2169648109577765327 0.067479218755687936371 0.22775413495816929088 2.8089645095111643869 0.90521541834544028138 0.74382011930767999441 0.5969123730183365506 5.44342e-09 6.36025e-06
35581108.829568788409 6737 1.6692054785355090463 0.42145822041114350265 0.28603482624110138088 5.3704299374233928077 2.4275741481656241127 1.1711023928953709916 0.8004493297456185541 0.49798180086102017405 2.16814e-09 4.67964e-06
35581108.829568788409 5288 3.1234442638673813875 0.2782446882630993934 0.23116292657617601436 0.67466366918690823251 1.8553801720633542605 1.136034811704160985 0.89429734569083729756 0.67733066177838119337 2.94866e-09 5.18471e-06
35581108.829568788409 6005 3.0381267343390931934 0.17690100385814463979 0.57569784969110016082 5.0688537634629167172 1.1617674862175997319 3.9141780374185985991 4.0469267482162685212 4.1860826460740936383 3.36675e-09 5.41902e-06
35581108.829568788409 5209 1.3637310255515586732 0.47479588538004852127 0.13184904916232678684 5.9010097545446322798 0.35467690586581651635 1.6882373863322865937 1.1824135050501884958 0.74297914353242522356 4.75685e-09 6.08074e-06
35581108.829568788409 6692 1.860463084232883535 0.19242128322542062513 0.32833381253502241792 0.47174928569500385045 0.056518826489858092765 3.1090335311151293674 3.1020307812266803005 3.0944202206100266395 1.32225e-08 8.54977e-06
35581108.829568788409 5406 2.0255540700367520301 0.28586810298783887907 0.35436451748122321792 0.082512325333743155586 2.7692759226162295683 3.7771940506382160052 3.9729629846476943733 4.1841781994372073683 4.61584e-09 6.02005e-06
35581108.829568788409 5938 1.7340130418142030155 0.16856938974232846262 0.22344799755857452928 4.7459016970205185615 2.6813043175755488789 3.2369328320422940948 3.2545870555694453863 3.2735939468027019927 1.88863e-09 4.46923e-06
35581108.829568788409 6827 3.1043336814872488638 0.14134787954738553539 0.17306503434951181486 5.8685173549566975737 1.7341118055196158565 1.2183933685715695461 1.0884363461642854176 0.9632158831480588379 3.04652e-09 5.24145e-06
35581108.829568788409 5158 1.9619945912956706646 0.41852191527086990419 0.48990203338491200569 2.0162943989512176479 0.24280671210753485001 5.3529477509668419444 5.6614171595609077414 5.9051950043474636942 5.85576e-09 6.51695e-06
35581108.829568788409 6167 2.1900418276342463741 0.17125569606719703852 0.017667324038204659797 3.7459861384194734768 2.721779986920009442 1.7904894019098041014 1.6192992362033982179 1.448244942919199918 5.7681e-09 6.48427e-06
35581108.829568788409 6401 1.5711318577993473866 0.14535660128878094555 0.29953724796157571442 0.98058547371585336183 6.2587758650881628597 3.0419452700305367188 3.0262681337037862228 3.0095420864164919017 1.93159e-09 4.50286e-06
35581108.829568788409 6586 2.1251042525980294862 0.12922745064115800928 0.26089171307773412201 4.7304600378893333357 0.068785748541968755321 5.2019961357643351718 5.3130164184068346955 5.4196266323908686147 2.89513e-09 5.15315e-06
35581108.829568788409 5195 2.750467020454704592 0.058615979666026232775 0.16760761148608330218 4.9244957224258953943 1.0260784204438899714 1.3587707943322655524 1.3017854018708143737 1.2452775903253352485 2.26107e-09 4.74557e-06
35581108.829568788409 4963 2.1512908775137096207 0.17872340212489648548 0.41373278380687611433 1.034499444216913755 5.5190592302402246005 4.4615696494921586179 4.6396256115830905031 4.8178760961918793981 2.1769e-09 4.68593e-06
35581108.829568788409 6056 1.3628344314700149287 0.36624924057538277289 0.21555861154284886028 6.2209041509300577744 0.8133522657695365643 2.7557049444429750906 2.5828715889754203516 2.3887220683977417046 5.38932e-09 6.33911e-06
35581108.829568788409 6170 2.3339115234250100706 0.35092778069533325791 0.24466410210201264275 3.2610143536798572583 4.0825048918688482402 2.4455553475439262279 2.1772374950971506991 1.8888866081462341029 6.44558e-10 3.12323e-06
35581108.829568788409 6886 2.7803963697365796648 0.23494673242527253088 0.54290188999383159896 0.29577948200384751587 1.3761702199510963407 3.7354432039959042378 3.8831143799470035916 4.0417999586734154605 2.88448e-09 5.14682e-06
35581108.829568788409 2992 2.0046122107880366414 0.17047982987957402412 0.064797036884047545802 0.54306325301667368599 4.5572301864115818404 5.5930464755505973073 5.6955017016192766022 5.7900216427348780712 2.26492e-08 1.02298e-05
35581108.829568788409 6978 1.733438504976419603 0.38086728119281554328 0.29996790789776694997 4.6190407553511558802 2.6419206924542364412 3.3358673256160482623 3.4306148749849372237 3.5391678157707184837 2.46129e-09 4.8817e-06
35581108.829568788409 6186 3.2387624618638515273 0.037012420586208037709 0.20751857999075051797 4.9151383751250685705 3.669270882454474858 5.2899998267410524022 5.320705514086220056 5.3510783231416416683 3.14704e-09 5.29848e-06
35581108.829568788409 5846 2.7986090702705537225 0.098042053352267330424 0.084105673114074200325 2.0498376991702280669 5.2169724137824644572 1.2774151690890365174 1.1847203034717670445 1.0938947544966923786 2.37403e-09 4.82332e-06
35581108.829568788409 6333 1.744738686277273354 0.14649992858047192201 0.12062400761792074766 1.8043404130308600131 3.1847979710258398356 4.4397430936490076547 4.584215146978618094 4.7295133327996428108 1.94245e-09 4.51128e-06
35581108.829568788409 6138 2.0218439860079571169 0.42873588721413052882 0.11999925812359939215 0.21543871976067283103 3.8793926812019323691 1.7118221577919203735 1.2591175035052943887 0.85103807338033976571 1.45536e-08 8.82754e-06
35581108.829568788409 6244 3.2052529561088394239 0.12430613306478711932 0.31907728790759304349 0.55081298938443856716 1.7258593090677816217 4.6079611174797516782 4.732721791908797826 4.8570022303376561013 3.08558e-09 5.26376e-06
35581108.829568788409 6192 3.2059149200250365297 0.18407868725958079215 0.3372050229351908901 5.6672630660060310248 1.0945192513100761023 5.784566984311909188 5.8666151705995481791 5.9410982469684290308 2.79503e-09 5.09306e-06
35581108.829568788409 5914 3.2026528701800001109 0.096526841373041044614 0.13229198666154909358 6.2016807550098613788 1.6102812887933080077 2.225145721771727203 2.1460901091991946288 2.0651009524432462072 2.63408e-09 4.99337e-06
35581108.829568788409 6739 3.1763509704800192424 0.088683765081146601061 0.20437343069712884946 2.8244864042272324056 1.073539116359747414 2.0048163449596927421 1.9227074981125797937 1.8394586589343031591 1.84353e-09 4.43337e-06
35581108.829568788409 6164 2.1016180802665500593 0.28657108653085344718 0.48895235217798665994 3.4962167490647431123 3.6213214908401067937 2.0691085109279168108 1.7943986062771868362 1.5149617083446669241 5.09634e-09 6.22209e-06
35581108.829568788409 5923 3.028528438727320804 0.061743993761163622203 0.16035111077542155145 1.5771220798417089348 1.1762406438386774354 5.916924540117829423 5.9384363204966712502 5.9593033480502324295 2.22479e-09 4.72005e-06
35581108.829568788409 5650 2.0427635471861824712 0.30773075773157898549 0.2459827546359145134 3.2193657703875993015 4.2109681559434175568 1.6157294379370883419 1.3010401370131374765 1.0044381853095272206 1.14639e-08 8.15256e-06
35581108.829568788409 6897 2.1049526048661730826 0.40797957386447752937 0.57795742694751195412 2.9466607366532358014 2.645626860401649072 3.3176807551468652235 3.4121894591858930035 3.5212450809366266924 2.6229e-09 4.98629e-06
35581108.829568788409 6655 1.7201793844780970399 0.25541268729609345467 0.017177103518838922336 4.842429222147015544 4.8896727267535755601 2.3456663608693237855 2.1422530029347863767 1.9274218125281465941 6.32791e-09 6.6876e-06
35581108.829568788409 3400 1.0437701688129734645 0.35131286097409886171 0.2546239649149515949 4.5782163834980176276 2.6980346929200220707 3.539064387647916643 3.7073522884116059117 3.8956760911757171151 2.20416e-09 4.70541e-06
35581108.829568788409 5798 1.660902333712189316 0.44075479457936805883 0.29757369512833048431 5.3956055506457296644 2.1557927939521523975 4.207680869706921456 4.6579731528635077709 5.0980755528424657186 2.01067e-09 4.56349e-06
35581108.829568788409 6362 3.0204999257009568225 0.09224325338797384477 0.23539705306639308047 5.9015289645022317444 1.3517720572398097545 1.8220831893498672382 1.7315669950973833213 1.640513291451703326 2.92709e-09 5.17204e-06
35581108.829568788409 2928 1.9599675743812601247 0.25894023429500612199 0.24902664068634169925 5.9641615371633296405 5.5514372351760075119 5.1403542829415620474 5.366635287410907118 5.5721061297762473075 9.69793e-09 7.71039e-06
35581108.829568788409 5185 3.5200610223553758793 0.062321124857601044311 0.26203120144213604137 5.6012217360192542159 3.2738714873006444783 1.754598302297872392 1.6929352211532211481 1.6310783691505752468 2.64564e-09 5.00066e-06
35581108.829568788409 5885 3.4963795846864655914 0.044748037521659143889 0.25628692931697882873 2.5148879259934546759 1.3301703537602378447 0.16603003076287303763 0.15879075033439990494 0.15171499884428835125 2.25928e-09 4.74432e-06
35581108.829568788409 519 1.8789581177220160413 0.24297081551657298548 0.11419046738687489706 0.49107048680752940495 1.1223911026824739956 2.4702387120598232606 2.3008060795421383382 2.1197520275472019335 3.92741e-08 1.229e-05
35581108.829568788409 4406 1.4761670054649624895 0.14956089599171834559 0.13277645748591135333 3.8757620028925585665 2.0304130287228789875 1.5317207882689083398 1.3821485765717695937 1.2352410820733272789 6.27014e-09 6.66718e-06
35581108.829568788409 5578 2.8905407658853881081 0.19216837710755024782 0.22711833413979093388 4.3379032230292482453 4.2675007928563566395 4.557044497484231016 4.7509940377650856647 4.9430192335423290828 3.04211e-09 5.23892e-06
35581108.829568788409 5134 3.5288216090965600635 0.0069381614330340747251 0.35354260461320841102 5.2852244580808109831 3.4685778538552836103 5.2922454865714581018 5.2980385874197111207 5.3038205264340074763 2.31886e-09 4.78566e-06
35581108.829568788409 6863 3.1200115017073537516 0.11989662978271435623 0.072828831439203073339 1.2747059959237452276 5.7572612996320646772 1.5591585903843996341 1.4390648332149023059 1.3202069942164458283 2.72515e-09 5.05026e-06
35581108.829568788409 5211 3.2111039269535748275 0.022096242955265740088 0.24975572447150662381 3.6724535536657056944 2.4098080038171940664 3.8292527969055014658 3.8434002370604991583 3.8576655527336094487 2.07199e-09 4.60942e-06
35581108.829568788409 5577 2.1163577617323734437 0.38453882278293394226 0.63454306358504031227 0.38403852872585902967 0.77547055170495571286 3.3831061545238672039 3.5016601343818316572 3.6371475386057636747 6.01747e-09 6.5764e-06
35581108.829568788409 5417 1.4037032671642430959 0.43935303105631035026 0.073578530784033063794 0.59930674980596931878 1.8576575039891212171 4.7714615411771612585 5.2196563142489811327 5.603683934735609995 1.15634e-08 8.17607e-06
35581108.829568788409 5880 1.5655052995635754254 0.3789597197921160121 0.25093364257615419222 4.4000463483986562707 2.4083361806490306556 3.709444407919471498 3.9619204038203683638 4.2390799423929106382 2.24295e-09 4.73286e-06
35581108.829568788409 5030 1.3649584002342198819 0.37790724980513729081 0.40198503505115923407 6.1028946945679996006 0.66822831445870423117 4.0927176819006350073 4.4494673607227657186 4.8143877383717192942 2.14686e-09 4.66428e-06
35581108.829568788409 5240 2.0493869686883909864 0.19061839153256365798 0.18808070517743977201 1.0680381324199956783 0.96257157678804006196 2.3132418424282064073 2.1619209309521405515 2.0036477226237594529 1.54708e-09 4.18172e-06
35581108.829568788409 5678 1.5349593037794062589 0.32259182735973174205 0.2576791376203906303 3.6511499117816912374 3.595486434043553281 4.4107429723078004358 4.740595159479810583 5.0630586701668187644 1.85255e-09 4.44058e-06
35581108.829568788409 5625 3.0374401171183476045 0.30081354297512630236 0.066178943039186338693 2.5546102415832381283 0.027108123154888884299 3.1239142840186229222 3.1174800837918810181 3.110227399092926337 2.295e-09 4.76918e-06
35581108.829568788409 6997 2.9724598056603483975 0.19501265120403959985 0.21146312756115592801 3.6277919838716701229 0.46740262187950409878 4.5100617567724041734 4.7062098218544026196 4.9012187500837498533 2.77488e-09 5.0808e-06
35581108.829568788409 6029 2.1084602462935571054 0.11533624974616946135 0.077603050530479472657 0.89377128409223116634 2.5575384033130004191 0.35790753955092080574 0.31945704165630744997 0.28323556336417832213 1.2969e-08 8.49478e-06
35581108.829568788409 6282 2.8176223896365288901 0.069824769606239470154 0.088274882230784862402 0.011536815277557991091 5.1898779723056058799 2.444005221755739754 2.3978690480049329459 2.3505953750191572738 2.68214e-09 5.02355e-06
35581108.829568788409 6604 1.178330484351917784 0.10926224572983142536 0.18412110856204091935 0.44589557654825900945 4.4898214153950366523 2.2731019547204729392 2.1864301585372927228 2.0972276320160285756 1.53681e-08 8.98925e-06
35581108.829568788409 5362 1.3587184518506911779 0.23973532509683234681 0.36315194188187899238 0.16329514006864681575 1.4201772112723185515 5.2334798072600845487 5.431773389376015615 5.6121050573765565161 1.49782e-09 4.13686e-06
35581108.829568788409 5717 3.1711465036828778707 0.081389056658790204235 0.22313753053931076331 3.8048752114926043255 2.6449950543555789118 5.0259501857193482621 5.1024991222546516312 5.1777731895356913228 2.31886e-09 4.78566e-06
35581108.829568788409 6740 1.7821246325592083881 0.34105727716494677049 0.26426532860396118041 4.463389513440679579 1.5917549942945861119 3.9820347430015430312 4.2766041297214050232 4.5857858591132218962 1.33102e-08 8.56864e-06
35581108.829568788409 5479 1.1916893620892750061 0.36859424945782859329 0.033451109057116248935 3.1193422027701993571 3.6075501372683844714 0.12613954487074230393 0.085738995025695180496 0.054174800019091223779 2.12255e-09 4.64661e-06
35581108.829568788409 5257 3.2020871625249118786 0.16198664858938754962 0.18482824760484681259 4.8790188563929586252 4.5436239108966764988 3.3282356102544738974 3.3611261839742740953 3.3964027247803643128 2.20895e-09 4.70882e-06
35581108.829568788409 6565 1.9946451314515081243 0.58372954234018914477 0.27749274867990414428 0.040712453468774077725 5.2874251024444429703 3.4564319207089155839 3.7420987143219659465 4.0719409709737846015 1.41094e-08 8.73682e-06
35581108.829568788409 6327 3.0047203142806648835 0.18246551927473231292 0.15177196884627450202 1.1774023008990186501 0.41792280232975631549 3.1646266557294175925 3.1692940738091652797 3.1743479814078665591 2.25041e-09 4.7381e-06
35581108.829568788409 6313 3.2449208682455199515 0.082913772944237768003 0.33682413224412244279 3.347388436463794914 6.1020242320062587638 5.6804529577561275744 5.7259720926984156719 5.7698188045115337275 2.33149e-09 4.79433e-06
35581108.829568788409 5890 1.9277877666964051695 0.59167236215841501057 0.71531190991570148263 0.65652653263029314701 3.9047740629822587088 2.1044973796343677819 1.4518480889970795111 0.86435648642334761416 4.73576e-09 6.07174e-06
35581108.829568788409 6709 1.9445886017433420268 0.56220008998656267885 0.51364626741263830212 0.25058358201447594737 5.1603237148281611013 2.5126922239914009083 2.0397422475379438644 1.5382343722179698808 7.37402e-09 7.0375e-06
35581108.829568788409 6204 1.5931647218323532478 0.16058086256562856264 0.25990692502021622845 4.0538895344306116186 3.8929086301006616821 4.7186611117275969463 4.8798557253439742709 5.0381900915191666357 2.26769e-09 4.75019e-06
