56574948.665297739208 0 5.3962657263699718158 0.057693144792057907133 0.014525957341422588917 1.0056105390279772571 6.1779759946235959234 4.7722146023120384228 4.8297373468372217786 4.8870337115312532106 0.000954966 0.000356051
56574948.665297739208 1 9.0548365226699196739 0.031012835207862094605 0.059518601439942822595 0.34423931471883434385 5.4604086585392188624 0.93516335711872433656 0.91043046417423389993 0.88593752361471689305 0.000285285 0.000238018
56574948.665297739208 5775 3.0360140603257956826 0.20399106020285395768 0.14971940595235402882 1.3580843657476255881 5.8699926986356372183 4.8546888371511744964 5.0551492958437833636 5.247274307359697687 3.02463e-09 5.22886e-06
56574948.665297739208 6920 2.3957938957898465837 0.12263145449525322817 0.15177443383937916366 0.52282121072708742648 5.0976470995030842559 0.51886983321959456728 0.46093990102619569749 0.40639464271906455828 4.48089e-09 5.96081e-06
56574948.665297739208 5134 3.5443983015734827902 0.089747537108927674665 0.33797232288713491277 6.2371337297336957306 0.84049873272370423383 1.6512383613594960874 1.5613357296324170687 1.4715922088258932554 2.31886e-09 4.78566e-06
56574948.665297739208 5278 3.1877320742405039766 0.088154768398435126575 0.30707671445934558996 4.495338286737768918 3.8940209581321090226 0.0038789720966141403614 0.0035508471224149529451 0.0032378236745146684282 3.13887e-09 5.29389e-06
56574948.665297739208 5176 3.077700415280827162 0.16493496136123556028 0.099304438940708408823 5.6717640994081826022 4.4481760116268684868 6.0286690675587628618 6.0673672233117770247 6.1026874854067170162 2.68297e-09 5.02406e-06
56574948.665297739208 5588 2.8191192591745415363 0.1797879616627651167 0.16080008202874732093 4.3212715211557917172 1.5411993550090217209 5.9565048766824091331 6.0100617141279748523 6.0585578193441103068 2.40685e-09 4.84544e-06
56574948.665297739208 5846 2.8037810578379183113 0.18847426263252831102 0.1602782230570292954 2.9184299184917392722 3.8436390514980396382 3.0284556453773716633 3.0047462046008113212 2.9790345967134839178 2.37403e-09 4.82332e-06
56574948.665297739208 6171 2.1015046245822990301 0.67918135830736492409 0.2590566431611967535 6.0683661797956469641 0.77004526303233189477 3.7085294690751351432 4.3173227641030376134 4.9441875170995253086 2.39216e-09 4.83556e-06
56574948.665297739208 5548 3.1774061972210563276 0.071581482591893313971 0.30736099985793802203 0.66815796079286526865 6.0061012297394400505 1.1605362796264018233 1.0957593975700565814 1.0321037150922043324 2.11518e-09 4.64123e-06
56574948.665297739208 6443 3.2115628102789215426 0.15635328039697096725 0.27100680308522911988 5.5058475112376497052 6.2705492545430674411 4.3644592023165849071 4.5161376230805050369 4.6694896131913044002 1.88164e-09 4.46371e-06
56574948.665297739208 5990 3.1004040527172551656 0.1225255333354186571 0.17219683761916207421 4.7526198052205801403 2.9707278948479953762 4.0596219336939096678 4.161028956774666554 4.2653977825892379627 2.30118e-09 4.77347e-06
56574948.665297739208 6883 2.2944886951946519282 0.25395282136616581514 0.14205247135929738311 5.7127601172603057478 4.7741184522459656492 3.1898720809646503582 3.2041764851870491171 3.2200594528215362722 1.23696e-08 8.36184e-06
56574948.665297739208 5098 3.1855565675009152038 0.085195745737389791397 0.11481519387011931976 2.1137042861834669516 5.6844817482525922259 2.5105855947530693051 2.4584469653084926044 2.4046683511933064636 1.90652e-09 4.4833e-06
56574948.665297739208 5929 3.2727024923838632375 0.07860453100575959251 0.18507557614682662583 4.0027257975186234518 0.016771125263141506423 0.27466574684925110228 0.25409337363722772629 0.23433471019934051793 3.18574e-09 5.32011e-06
56574948.665297739208 5467 2.9607010422548185602 0.14197960979304313778 0.16853907537544607353 3.012365306127035236 3.1507925117529840264 2.9050871898739627497 2.8691627366321603709 2.8309599237923754877 2.43648e-09 4.86524e-06
56574948.665297739208 6282 2.8308202134265463279 0.10697442859944442106 0.039635006508684449134 2.0929091493247566902 6.0209359330673475341 5.3054369354297223893 5.3917566952795663582 5.4749796064475004798 2.68214e-09 5.02355e-06
56574948.665297739208 5694 3.1057848144777562283 0.07460998858322775984 0.31703593428235982143 2.0517137917349503873 0.016535285055899223011 1.8030349148435960149 1.7297288881740229272 1.6560592254438266657 1.21025e-09 3.85309e-06
56574948.665297739208 6392 2.9729619139731338073 0.14076470839049010086 0.18090988949744088443 3.492074557143483915 1.0011788196854007893 3.9458287170465906613 4.0528844089205016132 4.164130179435111323 2.75286e-09 5.06732e-06
56574948.665297739208 6484 3.1129007966164872201 0.1434235598155364777 0.24543042701718334464 3.4932691777988478243 3.0306174945087596129 2.988634092106333906 2.9649842707021178967 2.9397859374951744726 1.88476e-09 4.46618e-06
56574948.665297739208 923 1.6436836447159868246 0.093017629962450526504 0.19453396997019489767 2.8704047718828253899 0.41314653455991512399 2.3673631679967135355 2.2999658874275157316 2.2306000418396654261 2.53731e-09 4.93145e-06
56574948.665297739208 6739 3.1479300319340715042 0.038289137203399332965 0.20869077337456778953 4.2523475946845774587 2.331898557586608689 5.3041655132079261747 5.3356166483966216418 5.3667073830799685297 1.84353e-09 4.43337e-06
56574948.665297739208 5885 3.5100680486800768243 0.076295118138769782434 0.26857081150031020256 5.4446913637332539082 2.1423837801528105018 4.1201563617595393652 4.1849092833228063171 4.25083424892241446 2.25928e-09 4.74432e-06
56574948.665297739208 5642 2.9099797444965571636 0.27291452710652241986 0.12426883635166036113 6.2680328745597782003 1.2223439016141983693 3.0561508001039681126 3.0285924057230051432 2.9978185863141475487 2.80041e-09 5.09633e-06
56574948.665297739208 6764 3.2648866910877156755 0.01261187684438093079 0.26029965695518370028 4.6066982465464789698 3.2522585388997917732 5.0763912531317796351 5.0881507242163506177 5.0998826495549494098 2.4069e-09 4.84547e-06
56574948.665297739208 6362 3.0096575390434883168 0.19359809566258751046 0.26692519843994405582 1.590877745060972126 5.1519808466562366789 1.6874776763315746386 1.491753090870095555 1.2987594646899522921 2.92709e-09 5.17204e-06
56574948.665297739208 6775 1.8551271577923693634 0.22017725749041971994 0.26901471324600567669 2.4237114010602476277 6.2201734698356645481 4.1516752796703961792 4.3516791986819454152 4.5576872900734750615 6.39874e-09 6.71246e-06
56574948.665297739208 6055 3.2229596954228454386 0.033175086304420640937 0.064185886403077735407 2.023729606768156053 2.378178513139323158 4.8810917558173336772 4.9137110981143692356 4.9462161490949112519 3.0525e-09 5.24488e-06
56574948.665297739208 6498 3.1968998558608601179 0.026393406029807744279 0.12833295666999625095 0.13120732772616483519 4.8138950764596772913 2.0049215733588829913 1.980839754117216911 1.9566342687690512214 2.50157e-09 4.90818e-06
56574948.665297739208 6313 3.2579919505317072037 0.060621562560379267659 0.34288969772754879228 3.8699456465974346742 1.9630854301337425927 4.8604587701950929812 4.9201870034055339431 4.9795044486729302946 2.33149e-09 4.79433e-06
56574948.665297739208 6300 3.226258814829054522 0.10614980336896935598 0.19827916558159314198 5.1163736779203752292 2.1155172929438550433 2.8461125835675629148 2.8134541147921812154 2.7792440025760769551 3.26125e-09 5.36181e-06
56574948.665297739208 5323 2.8400469749790411278 0.053618179097854386239 0.10664415816306872797 5.2226620809396981926 0.034556470958951687744 3.253407115887671619 3.2595581993353981431 3.2658686374253753648 2.25995e-09 4.74478e-06
56574948.665297739208 4755 1.8775173749573883519 0.044638684890795227167 0.066191985328980906811 1.7760674545726349294 3.7788862759143748704 2.4498889173653841667 2.4209054581215716517 2.3914483384612466033 2.45943e-07 2.26531e-05
56574948.665297739208 3800 1.4844912554874052368 0.38707400292372379225 0.15014738789989567902 5.2956078696541428741 1.4454610309037598803 3.0701153860389198691 3.0341243427380213404 2.9926061798590537499 1.79108e-08 9.45995e-06
56574948.665297739208 6104 3.335391406847785678 0.029881633866469425181 0.16050990300112005782 1.1767112974391900071 0.98365723839710383913 3.5781225362444710747 3.590932542193764121 3.6039122586925631531 1.75259e-09 4.35923e-06
56574948.665297739208 6197 1.8987592317511676754 0.18769666475143012563 0.43667961680492367593 0.68189389558507307321 4.8173875144889262145 3.7884547021663372846 3.9117636244538487311 4.0424489232782283565 8.02678e-09 7.23931e-06
56574948.665297739208 6815 2.0639308970057350656 0.29777109852783184563 0.12041117291891921537 3.6791107800160767205 2.9731453018093638718 3.8059035964115404127 4.0185413518059256432 4.2474651381327088728 3.57143e-09 5.52668e-06
56574948.665297739208 6425 2.3831060578963554342 0.35532289779391995621 0.50107694253993928513 5.5405908259204892374 1.6774341072258918128 2.072109673785126116 1.7224244253319254128 1.371178336329385905 5.02719e-09 6.19382e-06
56574948.665297739208 5489 3.2071950818105809944 0.076575381924682064949 0.2990091840736960882 6.0136959146353028416 0.50048357179596936195 3.1910901278798005087 3.1950355310756552996 3.1991259920256265303 1.80848e-09 4.40509e-06
56574948.665297739208 6756 3.2085325297883815487 0.12459909919957271041 0.31772114064941658906 1.2643355773265070319 5.5548579552672459059 4.2436490186588633478 4.3583622437587514753 4.4752342477914908159 2.22448e-09 4.71983e-06
56574948.665297739208 5116 2.7239855829009664845 0.21234696386375112587 0.08342641659455644898 2.5525577958528282707 3.836530725376575468 0.71373040400308085385 0.58385399569556317712 0.46679909464659652407 2.56354e-09 4.94838e-06
56574948.665297739208 6951 2.9843935198447910651 0.054992657265680283674 0.072768510380896822554 2.7693185006957241612 4.2340416731011263352 4.2908312349504145189 4.3416083618895413565 4.3928639809155685114 2.54062e-09 4.9336e-06
56574948.665297739208 5559 2.0744278431929115136 0.060458036310340537711 0.038711340185751536014 0.94268422634032178475 3.0838069533525964694 4.4142342822228064492 4.4725799995179107427 4.5313079301421810285 5.44342e-09 6.36025e-06
56574948.665297739208 5923 3.0123476180610957442 0.062881212648230530582 0.15070260342999305947 6.0260922510145036313 1.3036950551020911604 5.6809315571534915179 5.7156842316132188131 5.7494845509652803273 2.22479e-09 4.72005e-06
56574948.665297739208 5234 3.0308982297022541985 0.23968345394297596584 0.091248599029879112754 0.41860180703462607221 1.0357899618550105991 4.0542398605238592069 4.2613841073362976886 4.4771015078968092737 2.35138e-09 4.80793e-06
56574948.665297739208 6863 3.1531274089144507577 0.18275045181164681352 0.067747572666993799428 2.651100129127266225 4.4685277538513847873 3.6921558220592962662 3.7966991425935683324 3.9080387023431999438 2.72515e-09 5.05026e-06
56574948.665297739208 5146 2.7604992091052973358 0.072166275371768118241 0.066439626747006569341 4.866879472274250773 3.2511160175748754497 4.9309352768158039027 5.0009001031586022279 5.0700836425230795257 2.55901e-09 4.94547e-06
56574948.665297739208 5492 1.8091569634288708901 0.25850228607228109556 0.4764502505499244589 0.55871017919638132909 4.2538951977716710218 0.95713219574024233083 0.75793581038453805565 0.58023519188284167214 4.51271e-09 5.97488e-06
56574948.665297739208 5047 1.5022878165348187984 0.028041847030136568542 0.2227572024848329113 2.5620337004784685675 3.0122081986040769586 2.7923768772459989229 2.7826520931158134076 2.772801482715148147 1.0218e-08 7.84583e-06
56574948.665297739208 6657 2.3551258446197396168 0.19359177889908199544 0.33278726637283867484 1.1649233775209939523 5.2755093159973291961 3.9375103734499941055 4.0871217783657201039 4.2440872997095961949 9.52311e-09 7.66378e-06
56574948.665297739208 1444 1.8007148283998137828 0.39225556412353601576 0.78444119176713389407 3.65363311041060701 4.3442311221040164071 0.59386288447768220689 0.39893868475496840897 0.2465707031339046118 1.72307e-08 9.33865e-06
56574948.665297739208 6628 3.2378112199210269395 0.09754733000770311746 0.20360094116202948067 3.1893381916920731101 5.632894233408485718 1.64466016520980296 1.5468711931565781725 1.4493517804492423995 2.5094e-09 4.9133e-06
56574948.665297739208 519 1.5344870366872473966 0.18292299861781782799 0.17160996314151880093 1.6803237659597383136 3.7745485280151997998 6.1685650898245745211 6.1878921969329114816 6.2052971287560332314 3.92741e-08 1.229e-05
56574948.665297739208 2992 1.8145205524639678174 0.21854858981513741734 0.078913752612844473289 4.0627038756840159195 1.8815201421942449045 2.7580444396274401697 2.6658632397695090077 2.5657708294188785736 2.26492e-08 1.02298e-05
56574948.665297739208 4502 1.862050878036412227 0.47754352897159607627 0.20599906612700033537 3.6294550470205924064 5.7664235690292802161 1.5027454258716672619 1.0141001433552430111 0.60866309629760451116 4.58456e-09 6.00643e-06
56574948.665297739208 5626 1.4707567379779289407 0.1837425120897653863 0.21909805214575964194 5.0224776333734713063 3.0011895328472979472 1.8392650619492791897 1.6565907417185357087 1.4735240500014965548 7.93289e-09 7.21097e-06
56574948.665297739208 753 1.6368404028493348523 0.41090866793029756643 0.17458068395713952081 2.1200531606965684617 5.3706723727466982865 3.9759656977715711612 4.3439911658275587314 4.7273301318751697053 1.27811e-08 8.45356e-06
56574948.665297739208 6244 3.1673636382259924282 0.054116787328439656946 0.32754459455803996981 1.8160688298816389796 3.5291108443912446724 2.8647186533486772575 2.8495193706398667111 2.8339370738242140035 3.08558e-09 5.26376e-06
56574948.665297739208 5020 1.8522520216157174477 0.56461425839575840602 0.48651781459183746081 5.6051418516494733169 0.62681934354646573482 1.1976534420181532692 0.69108182276955332224 0.33121297733545324027 4.40916e-09 5.92883e-06
56574948.665297739208 6390 3.0762358566376812874 0.14255719806766670166 0.082264981860162678107 4.4849859467458301765 3.5081127449571645194 4.115185662633295216 4.2384904712835744789 4.3653372867969810756 5.26519e-09 6.29006e-06
56574948.665297739208 6914 1.8671869637790206031 0.24967533055590121482 0.33774052717760905118 5.5366591533255888891 1.9369066958942324774 3.38213900274925372 3.4510414937642011068 3.5270760465091242075 4.41745e-09 5.93254e-06
56574948.665297739208 6451 1.2022056792256907709 0.55985110503900570311 0.049462331345602121579 0.64759415483310300843 6.2539415977512566869 1.9575499850510769129 1.3371087951172162533 0.79247494548208641252 2.57122e-09 4.95332e-06
56574948.665297739208 6702 2.1119939009285810805 0.16244121255672838711 0.19136767506549387519 2.2080533212691038081 0.72935293172928583605 1.1136500240251825389 0.97226168360329934259 0.83805890524320947321 3.70623e-09 5.59535e-06
56574948.665297739208 5195 2.7397035345057139111 0.027893053684198265002 0.10552824196836722848 2.2163612547487079318 4.9900507938374749628 6.1698783975283530978 6.1729896053903781095 6.1760570830988585911 2.26107e-09 4.74557e-06
56574948.665297739208 6935 3.4952250024292523811 0.13371098601652930959 0.42131203328044952716 4.1482155086575858149 4.6146481122973792566 6.252505351007001444 6.2563662815106795279 6.259951850014718211 2.603e-09 4.97365e-06
56574948.665297739208 6667 1.7968965254612860871 0.46056037794724669077 0.25752802192541085491 1.2033331918604726063 5.0131354828736292006 5.1257446496802323566 5.5272538407256854853 5.8431829379747943776 1.85586e-09 4.44323e-06
56574948.665297739208 6816 3.1217894736582247894 0.14206561481494286991 0.16001568149035763633 3.5926648768054847416 2.311573350798524995 1.6644340698199451278 1.5215580035422793248 1.3796645667617737363 1.76213e-09 4.36713e-06
56574948.665297739208 5762 1.4022338698195202511 0.13723130252248330607 0.48901193819166494103 0.98233337675579013304 4.4945251349943884378 2.667720312919989567 2.6007121034707263441 2.5300529343356861212 4.50081e-09 5.96963e-06
56574948.665297739208 6595 3.0581950030757356629 0.01362216520258931543 0.24288529977976658358 1.7779952964169731811 4.761100783848333684 4.6746960500941092675 4.6883124558415465444 4.7019306729930745448 2.5233e-09 4.92235e-06
56574948.665297739208 5950 1.328962227804698415 0.14121814949840341691 0.31483110456974128244 2.1202891921634616779 5.445296097667791102 1.8160356872975174092 1.6761676874955151462 1.5357327941669307592 1.07677e-08 7.98408e-06
56574948.665297739208 5351 2.9593115710928059592 0.18330119643443784638 0.11279169374163698636 2.4430941091641846796 5.4826957472474893152 2.403981077787582965 2.2707217303318856239 2.1305164339207407487 2.44807e-09 4.87295e-06
56574948.665297739208 2768 1.601397137898421974 0.025189769552945794062 0.039987841110099862918 0.76796484050641500296 3.744204657088503474 4.5476343882693717191 4.5725371621753847506 4.5974809955214910318 1.05906e-06 3.68544e-05
56574948.665297739208 5194 1.7683420030936956024 0.1746771788705996642 0.16067327916072848826 5.9677448392256167153 0.51404681735641555296 4.0825297758072878196 4.2322793730543057933 4.3872083017296885643 4.75382e-09 6.07945e-06
56574948.665297739208 6928 3.226673260259641296 0.15678358689164492712 0.23673252020668472673 4.5250538879282595772 0.84275066737747872381 2.8155723218959325393 2.7609790367317534887 2.7027354638100034023 2.08658e-09 4.62021e-06
56574948.665297739208 5888 1.0444168160150546498 0.18522300411505426831 0.54799415769157100442 1.9622776868956648411 3.0433301519136106705 1.545991573489878812 1.3601778157626833732 1.1790479079506179794 2.79797e-09 5.09485e-06
56574948.665297739208 5072 3.1039953068645989021 0.054133940378947947858 0.2378596890960400223 2.3522530511401562592 0.32053706787287289393 5.0865300635601293777 5.136451420015999858 5.1857904416515792079 2.73643e-09 5.05722e-06
56574948.665297739208 6639 1.0097851545177500832 0.20354863749818766228 0.26585225266411421918 5.641573222099473206 6.0450811529740402506 1.619200395105023782 1.4134409255403552752 1.2124070982128265506 2.07227e-09 4.60963e-06
56574948.665297739208 5312 3.0079302163187944252 0.030488894033167974335 0.16262429432531300133 3.8193089715748915758 0.91929578704073866557 0.86606398424743391562 0.8430608545301752077 0.82029532678976202487 2.46345e-09 4.88312e-06
56574948.665297739208 6126 3.0169147360415244918 0.26602608527862137144 0.169008383178453514 0.60936359053755473347 5.2912623089927830478 4.5660349376931224086 4.837762266838025127 5.1017003289926377008 3.04059e-09 5.23805e-06
56574948.665297739208 6734 2.1450633871219033644 0.071635006997756559 0.30419071621250992621 3.9083377116393460682 5.5010023198228790164 2.2811450200847791514 2.2254783864871692245 2.1686545214781545177 1.24231e-08 8.37387e-06
56574948.665297739208 6073 3.2447233593306457067 0.086825196413472402468 0.25193931517045048407 3.8710979366045989991 3.2010978849108662203 4.1419042085875314996 4.2168439321946440401 4.2932248965580850353 2.87152e-09 5.1391e-06
56574948.665297739208 6692 1.9396876878378703779 0.13572428229982805292 0.23303064060961162229 3.9912816789902394454 1.4064153974860365004 0.44197099847678728013 0.38704826589757296285 0.33581822928059501532 1.32225e-08 8.54977e-06
56574948.665297739208 6028 1.3743046082169791955 0.41518476587084840457 0.12271989621721432484 2.1473231905863667812 3.6627790007022564822 3.3854709723609701655 3.5183403095782659342 3.6710860276961079229 2.1303e-09 4.65226e-06
56574948.665297739208 5030 1.1704269567225065174 0.50725254915414186296 0.23679706554725707401 0.69393111242948879447 4.4871133270646677005 2.8766067487156488092 2.6835886457263256055 2.4593025129109937765 2.14686e-09 4.66428e-06
56574948.665297739208 6521 2.9483744313152944194 0.1661208060441715928 0.1701984269827714058 0.84493234166449437961 0.22067667955736045005 3.9990126214729406762 4.1326299521772549284 4.2716057354054237649 2.953e-09 5.18726e-06
56574948.665297739208 2010 2.036882988780970738 0.44146000210275104791 0.66040195930565348537 6.0511422942327763863 2.4487088788255566563 1.2552966734386135084 0.8484031992558639379 0.51720861038883292338 1.54172e-08 8.99881e-06
56574948.665297739208 5717 3.1607540889312386589 0.11516614452328449714 0.2222530970334823941 3.2433091190529461656 2.178960433974343136 2.1791861225776387734 2.0812094087903760808 1.9807220213515270846 2.31886e-09 4.78566e-06
56574948.665297739208 6832 1.514857089708858906 0.40246855951829862974 0.22899335460713793333 6.0482584566165549234 5.0691940615115882451 5.4962474205730913468 5.753974977894441345 5.9571619748062563104 7.86044e-09 7.18895e-06
56574948.665297739208 6842 3.1953645146655347276 0.10278382859448566278 0.14093608901931670152 5.135145228859782307 1.9266466386198204397 1.1218997206493230845 1.0311463237912712465 0.94296925155771971205 3.94698e-09 5.71398e-06
56574948.665297739208 5372 1.926556157290687521 0.12618247801148169129 0.21297407774338372732 0.39807166845305336222 3.6204148439676990812 3.3223553391185358663 3.3466437841056930758 3.3723367094320355619 1.39548e-08 8.70479e-06
56574948.665297739208 5131 3.5467723421475518819 0.028246767818876569733 0.2496057570365757261 4.3445277108526685339 5.4199245763897661021 4.9267089731155611076 4.9542305692682706564 4.9816553159615626356 2.25296e-09 4.73989e-06
56574948.665297739208 6291 1.4094572369119939825 0.19483899747055849483 0.32017149582206755332 1.1385379921969129846 1.3121362410378001329 4.0743112806934895787 4.2417702944123973907 4.4154279398238784893 4.97801e-09 6.17355e-06
56574948.665297739208 6119 3.1127199098606244121 0.054075667698867534161 0.18218098115788777802 1.7248660951336984848 1.2267949027179547716 3.0895383695306839478 3.0866445177895882601 3.0836746556669289987 2.96829e-09 5.19619e-06
56574948.665297739208 5525 2.0211714432134519903 0.38975296039984203 0.42695687332742171538 1.4528691227372023675 3.8204544588074584865 4.3177318714764840735 4.7185777200074863202 5.1083232165648873035 2.22151e-09 4.71773e-06
56574948.665297739208 5240 1.6400444727286449531 0.24856145273423982389 0.37870190285758181803 3.4013284999772692707 5.950019105973907152 2.865831563023188977 2.7876057670098037811 2.7014443641926040307 1.54708e-09 4.18172e-06
56574948.665297739208 6997 2.9077890074088235117 0.09221772198525537978 0.1909740225267506919 4.592313070058441582 3.3281268928945508812 4.3117997442785531703 4.398405377733024757 4.4861146476244488923 2.77488e-09 5.0808e-06
56574948.665297739208 5667 1.8260127187957697625 0.31767229716381206739 0.68941493384177576775 2.8524873423367962388 5.6267073125569089243 2.0154574123830251153 1.7014501244949358227 1.3864853714164482312 3.20823e-09 5.3326e-06
56574948.665297739208 6103 3.3129063560847979986 0.059910433170875694586 0.12250859268547671654 4.8793131797329687416 3.5348039938707445096 4.8538291190339162284 4.9129275424335343558 4.9716373369708799501 3.07621e-09 5.25842e-06
56574948.665297739208 6333 1.4950446625602948902 0.27012794273549267654 0.36935567447704309441 1.7326459343705591376 4.9929019300376387136 3.4347206017989631022 3.52625633853344711 3.6276211519114243131 1.94245e-09 4.51128e-06
56574948.665297739208 5252 3.1497552737566856251 0.22503251962092932215 0.18528495290246693727 0.96366840722742030945 0.40232451263674123831 2.0915990764260317114 1.8827398910466206505 1.6685676949953271997 2.42859e-09 4.85999e-06
56574948.665297739208 5316 3.4081145850047027679 0.18356517197811259012 0.31034486467462807369 5.2658033329566347192 1.1899593089573308191 1.3534372151982414501 1.1766553963796011484 1.007164753408396729 2.96988e-09 5.19713e-06
56574948.665297739208 6874 3.2877587566311929912 0.094800096168602507318 0.25242310345554402895 3.2938834683549202964 2.2780238444402853837 1.4637440562359378404 1.3698201432407088873 1.2769281669913414845 2.61974e-09 4.98428e-06
56574948.665297739208 5053 3.0332289650137860271 0.12566082935512137841 0.23653327286095279791 5.1721111581047916061 0.26632968706199927622 4.4978242368129208728 4.6226081221570662905 4.7477628406145946371 1.90259e-09 4.48021e-06
56574948.665297739208 3953 0.94723718048243388257 0.0073661675879132431158 0.61066018536306221343 0.41197721000708259487 3.1466473462422914764 2.7644093750493925477 2.7616870348198658824 2.7589554181261686239 1.87457e-09 4.45811e-06
56574948.665297739208 6204 1.4764720285272721068 0.18114386464208825922 0.33584062409516884928 4.8368557799109099804 1.0827405320302412317 3.7116006222856845476 3.8182768454354647503 3.9317111786113905225 2.26769e-09 4.75019e-06
56574948.665297739208 4189 1.1139938752768023811 0.047043534551902327356 0.035805731639108065445 1.4896497869538067871 5.2733035340216343201 0.17624361160047152808 0.16817771031376294033 0.16030327897175183915 2.43199e-06 4.86225e-05
56574948.665297739208 5324 2.0035782998573177238 0.15701698072639680426 0.30805507028856765617 0.61793824175094946849 1.5246710604567961234 1.0678921093444242452 0.93473206265781361157 0.80842133161626761328 4.64884e-09 6.03437e-06
56574948.665297739208 5185 3.5395936876876583632 0.0091349166386537131168 0.25346582582237592307 1.7760676515110986884 4.9596143875286404779 3.182434315780723999 3.1828090150574386286 3.1831854164914004102 2.64564e-09 5.00066e-06
56574948.665297739208 5451 3.2872888736129639575 0.041370300871061152503 0.062151606953555121882 3.2284315898931872368 0.017154299749957739596 3.1284761184553757651 3.1279217964945607022 3.1273562466399051907 2.58702e-09 4.96345e-06
56574948.665297739208 6192 3.2110663995763788492 0.29744456781484751584 0.29017011511395601753 5.5159885088279008158 1.8087428087157353396 2.28095649563637215 2.0261680329579676574 1.7590337759262020256 2.79503e-09 5.09306e-06
56574948.665297739208 5992 1.7705750730640115176 0.1947196691640196986 0.21255552681902611933 1.1050956909870819356 2.815985880921730633 0.80579428483783566151 0.67320406636123875099 0.55179747970583548078 8.41385e-09 7.35386e-06
56574948.665297739208 5853 3.1523864559381946648 0.11393824902543306377 0.15874406131140086917 5.9588588091070988639 4.5684727762572387988 1.4647632537936732255 1.351898205199462355 1.2406788282237970478 2.34516e-09 4.80368e-06
56574948.665297739208 5360 1.4587889670445841617 0.48937955584085862659 0.26322080112295875853 6.0701350693687379234 0.097346342203452201902 2.3072668184517715062 1.8458112866487177417 1.3748220589638477929 3.7029e-08 1.20512e-05
56574948.665297739208 6233 3.1528849908861942275 0.1687768522348617739 0.20423746119143071365 4.1669672059484952342 2.8006328930856327908 3.3795801997844674425 3.4232578678794611804 3.4701703438199187346 2.38928e-09 4.83362e-06
56574948.665297739208 5650 1.7268510490181592232 0.12349376154073624101 0.33384187335857334888 3.2747850262622799633 1.4466800405178117384 2.8840251941477439424 2.8504365769490935811 2.8149864778747373251 1.14639e-08 8.15256e-06
56574948.665297739208 6255 3.220081328580828739 0.09743189575315043538 0.20621731301268547698 0.90816373870576816429 2.077898784511476471 5.0646942971422079793 5.1547800067529943036 5.2428321967907196566 2.45838e-09 4.87977e-06
56574948.665297739208 6952 3.2331531347123640963 0.10883159829730175427 0.11469931243554415401 3.8547152566986611077 1.3747785861862684698 3.1128090625453626039 3.1094863313891267786 3.1059927493074441784 2.57429e-09 4.95529e-06
56574948.665297739208 6140 1.8696787486078569884 0.39271881844399381123 0.249386139981935262 2.9023233021849694779 2.201206980712091088 3.5997382844892222842 3.8204653801862082929 4.0670598442065779565 1.67728e-09 4.29587e-06
56574948.665297739208 6956 3.4893885729265226026 0.16951355625396760662 0.40678460146668443675 4.2043519818717580705 3.7154928103904598657 4.7061227432175352092 4.8765462080663413147 5.0437808973572604287 2.20649e-09 4.70707e-06
56574948.665297739208 2850 1.6965695481998837035 0.15104574603135326183 0.38869584686070429713 6.0830904257207718544 2.4152752127797878501 4.0367753666899766074 4.1610716863780066177 4.2897377771839844129 2.86233e-09 5.13362e-06
56574948.665297739208 1284 2.4171310149411104895 0.29268489593131274962 0.38692759138349142045 0.55013933407634985073 5.2522982508792903644 1.4727524370931677211 1.1813313000086138604 0.91056489745691227 3.64405e-09 5.56389e-06
56574948.665297739208 6722 1.4747334284263406978 0.21898685350330240884 0.48173430519315457721 0.47029080210694573783 4.536079291292390181 2.7751770861879361263 2.6866472764459135014 2.590421551973466574 1.78527e-09 4.38616e-06
56574948.665297739208 6089 1.6422060712076200772 0.26202203451343292206 0.32485913036560248868 0.064642909578100385404 4.2401624838564337949 5.7110195701333950069 5.8406775066972898003 5.9528771917425222782 5.81535e-09 6.50193e-06
56574948.665297739208 5211 3.1792777608949820412 0.049092919233645206101 0.27438501618593763576 0.90493239877254272319 4.8911756165500630544 0.25742890124434097965 0.24521285845136320258 0.23329492287624559177 2.07199e-09 4.60942e-06
56574948.665297739208 6295 3.2519404776378770805 0.027272808176266368635 0.25682106561475182005 2.1741715824922458467 5.3688034147466829893 4.6339481503329764678 4.6611695686386518389 4.6884066105089301502 2.30061e-09 4.77307e-06
56574948.665297739208 6211 1.888599823444804704 0.42183235143062514094 0.40728357321004399205 4.2224936127621637283 2.2751893174300739098 2.4801242853500200525 2.1537602003057214617 1.8015999137687543907 2.33777e-09 4.79863e-06
56574948.665297739208 6969 2.1782076032042092528 0.0038409977101548291138 0.18286628215132538777 5.7598500867103581413 0.63538637041486900614 5.4212152271186981878 5.4241273981288857797 5.4270359074961094237 2.41679e-08 1.04535e-05
56574948.665297739208 5578 2.8790391027730803941 0.10809339606793137711 0.1994478825281800205 5.75343609050943261 2.3711630255898152875 5.9462757357202526975 5.9803659156401804964 6.0126007171008781782 3.04211e-09 5.23892e-06
56574948.665297739208 5640 1.4048818877802404792 0.25329804875833333844 0.34522784888946245196 6.233510719153469104 5.0026099397317027595 2.6964118650667070476 2.5711138661020540574 2.4343240344520231666 5.24602e-09 6.28242e-06
56574948.665297739208 6886 2.7197879428098135079 0.27621050531680962914 0.60843856288093101092 1.4665257152598303314 1.3223781911595307026 6.0858932400792724593 6.1343985413344359614 6.1753435480045899553 2.88448e-09 5.14682e-06
56574948.665297739208 5290 3.1951210134422951548 0.029707772161936589483 0.1490473757985073533 1.734496130201163222 0.64663777413551026818 5.9521697518700511509 5.9616931342519601245 5.9710802743285578131 2.68653e-09 5.02629e-06
56574948.665297739208 5080 3.2000120603384618612 0.19780199007597421001 0.25803137644410917284 0.51133478129734244444 5.827766224217958424 0.92671379158521516306 0.77628688087249830829 0.63769990917694374666 2.57476e-09 4.95559e-06
56574948.665297739208 1410 1.8463625818034816728 0.083427165657892293771 0.35006429020543311514 6.0151432729072125127 1.8802873520242207039 5.1976142489289944848 5.2700952800258296094 5.3408808326558014912 1.96181e-08 9.75145e-06
56574948.665297739208 6186 3.2390011371415328156 0.034590751076890920157 0.21274673218903900063 1.8924149378477588268 4.4446952688659342456 0.3820372163543361288 0.36934150502124918347 0.35685419473828222658 3.14704e-09 5.29848e-06
56574948.665297739208 6417 1.98458938797133011 0.4762213860883665606 0.79027941194006479098 1.9127582968800851404 2.2016455586720939941 0.42650433054206038364 0.25655730502914320112 0.13571515249846705098 1.63097e-09 4.25597e-06
56574948.665297739208 6572 2.9989012850910006236 0.17009823258343600982 0.17828486117432681968 3.4794091212540823044 2.8816301646156627925 4.3197608872522055279 4.4830706098909605117 4.6487159369505093309 1.66053e-09 4.28153e-06
56574948.665297739208 6029 1.7013648763457434043 0.30350909377364981845 0.58438203233136820636 5.8976579073778534479 5.9477493573084707634 3.6965609941131405414 3.8847190542114331535 4.0900712920792274829 1.2969e-08 8.49478e-06
56574948.665297739208 5063 3.473380866732543204 0.19945867473028977557 0.42538535511162395286 1.4646262945757944074 4.7685025885447389626 2.5027114854044731906 2.3721821974369836639 2.2334164282851629579 2.23728e-09 4.72886e-06
56574948.665297739208 5643 3.2983564123176272176 0.090588571930778141739 0.068749286178166599259 0.75075623569990612705 0.88676224196629294116 3.3802053929674351629 3.4026494728218770192 3.4260305379311724039 2.47115e-09 4.88821e-06
56574948.665297739208 6335 3.1054360126190498903 0.099962800685737679407 0.24513293810591507693 3.3275566332283612603 4.9399260711477364083 0.92714683923513008246 0.84936409363162390651 0.77430596855149069757 2.80706e-09 5.10036e-06
56574948.665297739208 6290 1.9746263687462108916 0.35879807092862342488 0.22038324122094909985 2.8561622998759492731 3.7939078819855529545 3.0697194595057584188 3.0370152266819854248 2.9995614034211186549 4.66797e-09 6.04263e-06
56574948.665297739208 5878 3.2375671509740957532 0.020064156600870824976 0.060551074033548042685 5.7141941001486014073 3.9781905014028913214 2.2915509207934725566 2.2763748462317914267 2.2611012774006034043 1.44428e-09 4.08696e-06
56574948.665297739208 5257 3.2136981246366196352 0.18693933422305253345 0.1987979408156878014 5.6652518107412923598 1.5161761347928959243 2.4770245112662858666 2.3515485068719148565 2.2187497305273113923 2.20895e-09 4.70882e-06
56574948.665297739208 6327 2.9912866998616358671 0.17325656213363216374 0.14930431728345291975 3.6986274751187604437 1.9536295228972377913 0.74383447352581655299 0.63287472218902351973 0.53039949934713948032 2.25041e-09 4.7381e-06
56574948.665297739208 5405 3.1726547461769065706 0.075752769687526158582 0.11185149612212071102 2.2911934467411350091 5.4574608384449172505 0.27027705411061031526 0.25073699196513510312 0.23194136832612960442 2.93677e-09 5.17774e-06
56574948.665297739208 5231 3.1476603977158372771 0.13451273823345044622 0.25841623496508314695 0.3460670408564253675 0.99358895207189323884 2.6405158759709959071 2.5715436111674301323 2.4989506728629424792 1.89135e-09 4.47137e-06
56574948.665297739208 6129 1.1518863355352435551 0.19378875397046149698 0.75363708249339933509 4.772305927788414337 5.0240890785461891355 1.4633697168856216742 1.2714645227660243965 1.0862928296723988186 7.14833e-09 6.96495e-06
56574948.665297739208 5034 2.8711809784481938657 0.26175350369284061669 0.15504340756284548664 0.91042845072844147403 0.87949856772221868262 4.3465628082810177091 4.6063085283173501594 4.8665906483409964167 2.20492e-09 4.70595e-06
56574948.665297739208 5534 3.2369724591217501342 0.11094808560402734388 0.10035051997821976821 4.5395602946534650002 4.4576242519556732447 3.5262755265394454263 3.5703035834068437282 3.6164245623264346108 2.18919e-09 4.69474e-06
56574948.665297739208 4112 2.0809743695200060287 0.26156622891518788165 0.85057674010864448011 1.012280231891097948 1.4631651245388370697 1.4112400560908231473 1.1552708574738472791 0.91596278199862324332 1.99037e-08 9.79854e-06
56574948.665297739208 5288 3.0473987569484997096 0.39343701273576087152 0.27553431176759918264 0.21409572062955228855 0.79882307508087113668 1.7673133577232782443 1.3544385566290644274 0.97017420641685436777 2.94866e-09 5.18471e-06
56574948.665297739208 5938 2.2938555120623491668 0.28079603401765601545 0.55435613500103009255 1.4523245132188284945 3.1117870343594651317 3.5006698159141369509 3.6168402458787536347 3.7453208903517234418 1.88863e-09 4.46923e-06
56574948.665297739208 5446 1.1230404932288755582 0.11959977912250144283 0.26709479764867138929 1.5130718272325058837 3.8132310432170468673 0.95118595927591287342 0.85682952406461510009 0.76643957266297535469 5.46354e-08 1.37196e-05
56574948.665297739208 5914 3.1961623766659292833 0.079990752640770962367 0.10113801690257372135 1.2607990916036897477 0.69860158846563868984 3.1950380163196800964 3.1994963086055308032 3.2041254777332954795 2.63408e-09 4.99337e-06
56574948.665297739208 6154 3.1555906471778558675 0.17432757630868311871 0.23880054676113829371 4.57471775289724647 2.5191329626109508766 2.8133971549699743342 2.7516560116107879885 2.6853889024617805248 2.04677e-09 4.59064e-06
56574948.665297739208 5511 3.2203978745009207429 0.15762939763238889568 0.19626945980274460024 1.6189809861793715839 5.1609555784435263703 2.935176330865639116 2.899934016779269097 2.8622111903791669363 2.90982e-09 5.16185e-06
56574948.665297739208 5957 3.2568186284878102299 0.070004521715991738229 0.10344179065540798357 5.1489596785303950455 2.8087882786299038784 4.2542790304935635959 4.3181104675178385577 4.3827438193790788645 3.45473e-09 5.46581e-06
56574948.665297739208 5962 2.9068991129737065116 0.27992158555356078109 0.20646570398465247109 1.9468988265227846757 5.2362172067465300174 4.4580347821557619881 4.7428392355853414841 5.0226310569938004136 2.88829e-09 5.14909e-06
56574948.665297739208 5160 3.0466333277426920212 0.14749888579298070512 0.2054865799146942118 1.5285906054731590586 6.1392883765031509569 2.9585138486000093216 2.9293912789513720796 2.898326183812571788 2.48083e-09 4.89458e-06
56574948.665297739208 6827 3.0928450432818554994 0.082768611300248248752 0.17761762176273365732 0.82519145769200896723 4.9673779315177881699 3.1652539744572014691 3.1673003819833387418 3.1694279405980085862 3.04652e-09 5.24145e-06
56574948.665297739208 5481 2.1487117013873642257 0.35434955542502716286 0.45798378802047390312 3.9823426125390564145 3.437323185249084645 3.1695646187350039469 3.1821023098227194659 3.1964529627669846512 2.0621e-09 4.60207e-06
56574948.665297739208 5196 3.551768010186907798 0.17690048962635646079 0.20672313199913319726 1.410074450318457906 6.1830376726102018736 3.9242330948817230052 4.0582502713477826006 4.1986335992830836616 3.02458e-09 5.22884e-06
56574948.665297739208 6960 2.9471878932723019062 0.11582936041390130832 0.10030661165877691188 4.6724373564653980395 0.55060226511885013156 1.1376933513467275549 1.0348060626440387377 0.93522022599342879978 2.28045e-09 4.75909e-06
