73133470.225872695446 0 5.4000807831685078142 0.018156568373730690158 0.02472287474831809384 1.133960433385172939 3.4181025729245972933 2.9937588528024665635 2.9910600101326529909 2.9883371644653995425 0.000954966 0.000356051
73133470.225872695446 1 9.0421594204400417283 0.084523190274970516622 0.049702140706893688238 6.1595021022309524028 4.4678146837749670439 3.2619217195312883995 3.2725318374565599555 3.2835676368913548906 0.000285285 0.000238018
73133470.225872695446 5775 3.0512758480088506552 0.13213401814615224894 0.12666119257918642682 3.4956921136390275429 5.6040783928346780129 4.4494636379909398016 4.5796832843872126162 4.7106555160360290557 3.02463e-09 5.22886e-06
73133470.225872695446 6920 2.3985850065268778941 0.17413389212759419755 0.27162588274672622157 0.69296991631868953831 3.1793840376662152458 3.8329918686021180463 3.9528437365614079724 4.0791167938432657536 4.48089e-09 5.96081e-06
73133470.225872695446 5134 3.5398398932279406814 0.0348860825614842468 0.33807311595436773111 6.0121720240562392945 5.163685332951676088 1.0077142626886086418 0.97847951339234029433 0.94953629364212865926 2.31886e-09 4.78566e-06
73133470.225872695446 5278 3.1980624111415587585 0.053355270479045993626 0.33833000482170139112 2.7389991054984670349 6.2788803073659318343 0.37035480314109953115 0.35149912796751736632 0.33312860626953549881 3.13887e-09 5.29389e-06
73133470.225872695446 5196 3.5697649503540831439 0.14497958470239838413 0.20653664876217586732 0.99450382841457496408 1.7033640605275770508 4.2658650741807715434 4.4013879987093131874 4.5394125843155794797 3.02458e-09 5.22884e-06
73133470.225872695446 5063 3.4800864879795034845 0.1206480558022403754 0.38884474953403558306 4.5850171453317987158 1.6097635511509309492 0.49502271363649053004 0.44042183345238306025 0.38898702380069505313 2.23728e-09 4.72886e-06
73133470.225872695446 5878 3.2584416331056411664 0.10037242370065228847 0.078089961979825400773 1.576759759106340919 4.3625510005947623071 1.9348156903252629046 1.8391407975182816337 1.7423605867183076246 1.44428e-09 4.08696e-06
73133470.225872695446 6722 2.5332358135292332157 0.69954108606574239015 0.097768577066879497339 4.5822465881450975544 2.1522363264296702212 2.5401082936497729747 1.8705050963665399433 1.2021477939098212939 1.78527e-09 4.38616e-06
73133470.225872695446 5548 3.1660307520877486454 0.067764579231433266782 0.27516718420783814469 4.1810587957389238056 4.3675674316546260201 2.4450761734242703049 2.4003964793659715582 2.3546438164934677673 2.11518e-09 4.64123e-06
73133470.225872695446 6443 3.2222399391535208046 0.22951249742399307263 0.26290389230116223418 2.6328544612728652652 1.8509386917798300587 3.5567213053406763201 3.6616154728246890215 3.7756602191809252034 1.88164e-09 4.46371e-06
73133470.225872695446 5990 3.0814886844008730904 0.071512577116690165258 0.18475465294210466349 2.967085989453273509 3.9267817719477866589 5.562070154206095296 5.6080988420059378896 5.6527916867736802686 2.30118e-09 4.77347e-06
73133470.225872695446 1284 2.4338877594076513411 0.20955725698897212372 0.26589970521441297358 0.23413326668264719532 5.8902792046253145131 3.9574897386551328715 4.1235325360902450598 4.2977953982139345257 3.64405e-09 5.56389e-06
73133470.225872695446 5098 3.1477822297386688355 0.038098749897489167515 0.069226695901665677435 5.9662266472239968707 3.3424117759291873675 5.3734607735146777685 5.4031942632030913742 5.4325582335809121659 1.90652e-09 4.4833e-06
73133470.225872695446 5929 3.2623328799090915986 0.11459953613562419428 0.21817487109065736295 0.97758663644775889434 6.2811983183461670421 4.1342349609341946248 4.2335676650555882361 4.3352791767506122511 3.18574e-09 5.32011e-06
73133470.225872695446 5467 2.9523781432103115563 0.10669784288799256944 0.1464836729703855589 0.53019314968089636952 3.6994630607443514947 2.2526075327244687863 2.1666806691785014394 2.0783719334692145608 2.43648e-09 4.86524e-06
73133470.225872695446 6282 2.8491522888299760652 0.093486366432023709772 0.072303293412078334379 1.2090810616117591003 1.6049881802172261125 5.6652607629334781336 5.7175322062333311379 5.7676378419543565812 2.68214e-09 5.02355e-06
73133470.225872695446 5694 3.100412634348319596 0.1388380068817630375 0.31063006237870099957 1.1960100311343218049 1.2437221583943633973 4.1034772777051724546 4.2225311783635230967 4.3450418039447544771 1.21025e-09 3.85309e-06
73133470.225872695446 6392 2.9602541002460007746 0.18692810316747310306 0.21409521485314497724 2.0429318974888079907 3.8352182138686425894 4.0637889961097037883 4.2228241169000417798 4.3877951892603412887 2.75286e-09 5.06732e-06
73133470.225872695446 6484 3.1083142251437889669 0.13568835391576589133 0.24789741233089226946 2.3752899541184291365 4.7246544010080935294 5.6225027668800411362 5.7018418903660519348 5.7763547645522317353 1.88476e-09 4.46618e-06
73133470.225872695446 923 1.9641487891856816983 0.37291074895931480837 0.2996144173758618634 2.077886412054763543 5.3467644468523527479 4.1937381307739087788 4.5611675189237192996 4.9298225386136067527 2.53731e-09 4.93145e-06
73133470.225872695446 6739 3.2009214160531356264 0.169449667776094548 0.22119792232006013633 3.5271226825212154132 3.816699706964365113 3.0427481590570684133 3.0243417698898387158 3.0045191390488334982 1.84353e-09 4.43337e-06
73133470.225872695446 5885 3.5058836386831959686 0.044831715935059079925 0.27334994523852818027 3.0040954260512093832 2.4855092336014292798 2.0238358116936372433 1.983112221628103411 1.9420376174732711938 2.25928e-09 4.74432e-06
73133470.225872695446 5405 3.1757251195923790199 0.037054667024791841656 0.11379123159637097307 0.085077490240704684021 0.12165509061337859142 4.5402883187829781164 4.5769203084961223027 4.6136354859858039745 2.93677e-09 5.17774e-06
73133470.225872695446 6764 3.285810036869305506 0.041234366579136434716 0.23507083199222236769 4.9166050955693920699 0.68016889403978597617 3.1559572080632305457 3.1565622308446381616 3.1571794688274672502 2.4069e-09 4.84547e-06
73133470.225872695446 6362 2.9983038960465591138 0.15021220900662504705 0.25625433923513390999 6.1902589123214983857 1.9334016111423584228 4.8473524259574771733 4.9952714629246193212 5.1395134661320529545 2.92709e-09 5.17204e-06
73133470.225872695446 6775 1.7590092334700901944 0.28555488030133818755 0.13991637410525956109 4.9299921119333305342 1.3258906750995995694 3.1198349104951637045 3.1124075644915030203 3.1040748029169424882 6.39874e-09 6.71246e-06
73133470.225872695446 6055 3.2176127907180913645 0.058294480227452032117 0.095967149911943064322 1.4509611486327533836 0.94882977861917705553 2.4505712075631436164 2.4125365516986412295 2.3737027527714840147 3.0525e-09 5.24488e-06
73133470.225872695446 6498 3.212735406635160551 0.051370425549128420628 0.13155274427304197715 5.9391257634215079975 3.8149449855257926423 3.9482530305025185235 3.9860334356497055808 4.0244379567900976369 2.50157e-09 4.90818e-06
73133470.225872695446 6313 3.2407443439020218179 0.057148373408148871178 0.3743649139704619544 1.8297711003581387246 2.5315047474829270868 0.30620720225219100197 0.28942408901480903838 0.27311392526869904263 2.33149e-09 4.79433e-06
73133470.225872695446 6300 3.2154235383308842344 0.073632895364036166086 0.2248622300534071361 0.66169082394689004989 5.1098983191664260062 3.4787031304494084871 3.5039689008374623747 3.5300715530431494571 3.26125e-09 5.36181e-06
73133470.225872695446 5323 2.808650794614574675 0.12454901036905360878 0.174493832485136946 2.0272572315178094549 3.7091548777634542056 2.1914355053916545479 2.0859781188187809242 1.9775951752984897158 2.25995e-09 4.74478e-06
73133470.225872695446 4755 1.8614049894683755149 0.095891278410800584453 0.049554453714783147644 5.3492855695141763306 3.7757366906475935409 4.0561172101560032388 4.1345247758528245186 4.2148463032490210978 2.45943e-07 2.26531e-05
73133470.225872695446 3800 1.7096647353637155486 0.61569643091866022022 0.4793311212553891254 2.1841695244934671294 4.6987908896790617774 3.5440316743278645895 3.9338621768229797837 4.3722065334814992354 1.79108e-08 9.45995e-06
73133470.225872695446 6956 3.5222647738582542054 0.21654039099875779795 0.36942830154827299705 5.4168156791346184775 1.2771498456212850847 0.86310403124823387166 0.7079714497315202637 0.56715652063813526418 2.20649e-09 4.70707e-06
73133470.225872695446 6197 1.7851698167956990826 0.25575914776344504942 0.43887763735051521508 1.1637322238926093299 4.1470389783054937283 0.0074408740415679731212 0.0057283341871706859247 0.0042632683297857834961 8.02678e-09 7.23931e-06
73133470.225872695446 5080 3.2032446336569559975 0.1480314894107091217 0.19288187024143541026 3.7497204975180378206 2.0104901642255859073 4.9909377383830602071 5.1309526304285411058 5.2662051068429915901 2.57476e-09 4.95559e-06
73133470.225872695446 6089 1.8729635375392512664 0.51334149660569050599 0.33730357646860220644 4.1383811380010975256 0.88821215078949822264 3.4640950544133803923 3.7002810739495561876 3.9723903104769213712 5.81535e-09 6.50193e-06
73133470.225872695446 5489 3.2203360232305491273 0.079024227148277073618 0.34070053103656988691 2.5166485264673412736 3.6738043303370968573 4.9259102396248168887 5.002580006392348011 5.0783001700486716246 1.80848e-09 4.40509e-06
73133470.225872695446 6756 3.1960713198205943364 0.048351810498716341069 0.3184421138057680345 1.9280727538960611422 0.37339271865078610402 1.7995108213779795747 1.7521396045067305636 1.7045806515818453519 2.22448e-09 4.71983e-06
73133470.225872695446 5116 2.7382828897702777837 0.20718385324183816176 0.091581345294406979463 2.8897830548279901386 3.3121737268780244712 1.3130687258170534726 1.1164324169565107425 0.93026935788715270359 2.56354e-09 4.94838e-06
73133470.225872695446 6951 3.0013614395526366785 0.0061689147059006878976 0.078339019887168584444 1.6212914209467337301 1.6147529821514343684 1.6945115849492156102 1.6883874490041639316 1.6822611360387069723 2.54062e-09 4.9336e-06
73133470.225872695446 6295 3.2590399972621630909 0.02634734092386565793 0.27809524804279711629 1.4458645352652865768 4.8856749997607744618 5.3256830077179175831 5.3470694505378446593 5.3682859417302655203 2.30061e-09 4.77307e-06
73133470.225872695446 5923 2.9998030427307798007 0.0407281871133399892 0.20966415735957416588 2.4434920110747091471 0.87036140637704617617 5.8968848206231205822 5.9119514907553663008 5.9267262709898744788 2.22479e-09 4.72005e-06
73133470.225872695446 5234 3.0337291925724163555 0.09844409249963219366 0.052517952274069940044 6.0527364111700379112 6.0106021282772390535 4.0861985600404384655 4.1684932827464162841 4.2527318198082815215 2.35138e-09 4.80793e-06
73133470.225872695446 6863 3.1248098024187793698 0.16247728932772345645 0.061964845491014663992 0.734388902701789692 3.8092536402162284759 6.2205129706943598222 6.229984076674661253 6.2386239913558769743 2.72515e-09 5.05026e-06
73133470.225872695446 5146 2.7591977642699618833 0.092695820117704039176 0.15505371756840716224 2.2153128076464057017 2.7978786741810743877 4.0780272851933023759 4.1549303302987610209 4.233592216782779083 2.55901e-09 4.94547e-06
73133470.225872695446 6969 2.189767504850153923 0.031781381544113529447 0.23150800247326966397 5.3492478776086684888 3.5355486479089375251 3.9058523445900434901 3.9281051322416646876 3.9506029905072943542 2.41679e-08 1.04535e-05
73133470.225872695446 5047 2.0007994037138883137 0.2411889999706222365 0.053215418552192077228 4.6549632256135193842 2.4696623294403257098 5.0735453929129832318 5.2921859077548099037 5.493958335241719837 1.0218e-08 7.84583e-06
73133470.225872695446 6657 2.3243316964160443128 0.22315132153766931156 0.16542620293933060771 0.21071596062189579257 4.0688479208448562474 0.84298531265603360296 0.68636441005684667438 0.54494693562648377494 9.52311e-09 7.66378e-06
73133470.225872695446 1444 1.908132483461996376 0.15773485574186629776 0.9397602386965925314 0.82780859512961146862 0.22352739138413638131 1.0435325474704295612 0.91181968372183241911 0.78711146957157995807 1.72307e-08 9.33865e-06
73133470.225872695446 6628 3.2670279626160545483 0.14159083372457259564 0.19641073675185063974 2.8018388753936371849 1.339726626237797813 3.2254030440701191296 3.2382249087383248032 3.2518858665930778784 2.5094e-09 4.9133e-06
73133470.225872695446 5290 3.1993538660341815927 0.040478538632399606312 0.12773664026411046812 3.2389838469329328419 4.7114783619786209101 3.8336940930679448414 3.859944045417083025 3.8865847666466915022 2.68653e-09 5.02629e-06
73133470.225872695446 2992 1.7572881794669346078 0.26747754354209335448 0.16411705514907973247 4.8334190949781676849 5.9623648733001104461 1.8297414247647596497 1.5585400183125635021 1.2910825643691188347 2.26492e-08 1.02298e-05
73133470.225872695446 6827 3.1001923475613044623 0.09702734807113073956 0.11836213701974462875 4.773296258325039787 3.1316564945993925484 6.162065960122955488 6.1732756216625732648 6.1839184090129153404 3.04652e-09 5.24145e-06
73133470.225872695446 5626 1.3340722315224988748 0.37129967194313256984 0.26246360660410722465 3.7297532624308704641 3.7062002725046023777 4.9391159438424807604 5.2949563490023248136 5.6050112225020800594 7.93289e-09 7.21097e-06
73133470.225872695446 1410 1.5265621641842934686 0.39344363826206391055 0.36578709278861865073 2.5428722893980126862 5.3570558775281433839 2.0311857471075041026 1.6324613523483892941 1.2397655266189211432 1.96181e-08 9.75145e-06
73133470.225872695446 6244 3.1729335408449870215 0.030957905421773623811 0.32556451896523452838 2.0466588229112550046 2.3161992385580170151 3.6640456764452902227 3.6797074257339126291 3.6955739126833666575 3.08558e-09 5.26376e-06
73133470.225872695446 6327 2.9964525248480473607 0.17148121323036366603 0.18395354901689728311 0.4739890932375805388 1.2670808726996798388 2.8341087162702449653 2.7771450683303697815 2.7160234679629113863 2.25041e-09 4.7381e-06
73133470.225872695446 6390 3.0441471051605977216 0.19164544952877846096 0.13020097811224695672 0.49969189750427167596 0.33828155728437608873 3.2132196124782441693 3.2285409552369301878 3.2451832138165270791 5.26519e-09 6.29006e-06
73133470.225872695446 4112 2.0478351167086064066 0.48691545298618921223 0.73339399661723447821 0.044548428891234774507 5.1402061633392905904 1.2642551072574577109 0.81256115165243092413 0.45903584275688347205 1.99037e-08 9.79854e-06
73133470.225872695446 5511 3.2066732082273654569 0.11520459493025350661 0.20161467525107260035 1.8460431141693152135 5.4374888864846040448 0.91726825528465671944 0.82867003784085213614 0.74376043124756630043 2.90982e-09 5.16185e-06
73133470.225872695446 6186 3.230855310409558534 0.023422194642145795218 0.21862400267696596723 0.19155557524231553446 4.196299477374828335 4.1362591842983800206 4.1560287077212176854 4.1759184341334218971 3.14704e-09 5.29848e-06
73133470.225872695446 5195 2.7733240855401510849 0.10017319270990217295 0.10263702835389224011 0.47194052912219169871 4.9951022582978064079 3.2267060625994230527 3.2356928886090536857 3.2451053042938831084 2.26107e-09 4.74557e-06
73133470.225872695446 6935 3.469572709690788237 0.12845226197790346467 0.41134308126399637962 4.3714576230805946011 4.2323761610402197419 2.5176008041540791638 2.4381161015501660039 2.3550238268685359522 2.603e-09 4.97365e-06
73133470.225872695446 6667 1.3753277250037923007 0.17824501067071366056 0.45463090342557160861 0.17994394230481014496 2.0354935947680123931 5.3778656821164929625 5.5115809139323461707 5.6358686917519387194 1.85586e-09 4.44323e-06
73133470.225872695446 6816 3.1269732035800990033 0.1792449676548395765 0.11329303629900645822 4.4869387211301159368 5.4596833606194969946 0.36089398001301964403 0.30207455395311000323 0.24874891323027181755 1.76213e-09 4.36713e-06
73133470.225872695446 5762 1.3784312761493386912 0.056650819731130050427 0.44023353239758777899 4.9935386671524177871 1.0298908521304366293 0.42260055212008762471 0.39993448528435826539 0.37787703550477474979 4.50081e-09 5.96963e-06
73133470.225872695446 6595 3.0620507287461804502 0.058081057636027548507 0.26905585822705940791 1.2296943197978063012 2.8526752831412167666 1.2472329719469044118 1.1926375240650910481 1.1386601255416748391 2.5233e-09 4.92235e-06
73133470.225872695446 5950 1.7947802342494028061 0.35796699966637696155 0.27543246952637012726 5.7176642303152842572 5.6912869986952561163 4.5465566208265375536 4.9188605990220235498 5.2692245053492694495 1.07677e-08 7.98408e-06
73133470.225872695446 5351 2.9754068155697388498 0.14344388682350375785 0.086545677908578644288 6.0895102802195921754 5.3747121594192250882 1.8496788008141116233 1.7084885365016564407 1.5664022893664817371 2.44807e-09 4.87295e-06
73133470.225872695446 2768 1.5640089681453288595 0.047637001281071053582 0.022403975638553751126 1.0913842878160888716 4.147522706009811877 4.4487549192096507156 4.4950514533027776665 4.5415677950888433401 1.06163e-06 3.68842e-05
73133470.225872695446 5194 2.3518721199851220227 0.19377304948428458742 0.31270101726666610364 1.5917179086586772385 0.12387678984945092731 1.745106243987885497 1.5497428076943051689 1.3560127016404286415 4.75382e-09 6.07945e-06
73133470.225872695446 6928 3.2365602416413188358 0.25435242636580973619 0.25666729367848950538 2.2684255421182037971 1.7117116874437863228 3.6803505083173657653 3.8293212696864982192 3.9907800556835448802 2.08658e-09 4.62021e-06
73133470.225872695446 5914 3.211146557022575454 0.065337199203188520147 0.05045726967095349319 3.079077519457289025 0.67151181790545855232 0.26935697316395634804 0.25248371833001836961 0.23616185224900454465 2.63408e-09 4.99337e-06
73133470.225872695446 5072 3.1291835140351635935 0.083395797835883647697 0.24700633344068162467 0.87321530309844141993 2.0170866147823089953 2.5862814148269990255 2.5406249039494808173 2.493469506704089067 2.73643e-09 5.05722e-06
73133470.225872695446 6154 3.1772641514372619298 0.1041483092337810723 0.21977575077306724105 5.7936308350332357264 2.8482887779287993091 2.8872874516532038847 2.8596184855963797666 2.8306389692530800062 2.04677e-09 4.59064e-06
73133470.225872695446 5312 2.9807516260969264543 0.10987576353295694376 0.13672182461742174442 5.6875078222184693999 2.175126033366836964 0.29141858882413318454 0.26134394897453666617 0.23295434828412522887 2.46345e-09 4.88312e-06
73133470.225872695446 6126 3.0224799339000782972 0.24736567370777348684 0.17109463943297570365 6.0319547067425052234 5.5827661890514566068 6.0051070695506991726 6.0666286802331645944 6.1197796371717565478 3.04059e-09 5.23805e-06
73133470.225872695446 6952 3.2683839189099339606 0.13707554163775037548 0.14250919621946814275 0.78664124074679697696 3.5830329840251304852 2.6012202193778177772 2.5259555548753773735 2.4467973396287678867 2.57429e-09 4.95529e-06
73133470.225872695446 6073 3.2269724325292568068 0.01852069211512345423 0.29015539520510175153 1.7265666879203269701 5.98650134216703389 5.4351792730554668864 5.4489854984824876993 5.4627048716295876218 2.87152e-09 5.1391e-06
73133470.225872695446 5578 2.8796440803597644909 0.048714855016079167127 0.24627666593487385072 1.2603434647883862141 4.1883777126576964278 4.5956267905767926862 4.6441669991387080074 4.6927685328347044091 3.04211e-09 5.23892e-06
73133470.225872695446 5231 3.1508631648466871589 0.097876961854402616536 0.32618728966909749101 1.9235407815824585587 3.4422876538465660978 5.959899208456100439 5.9896804189315906441 6.0179971048471614381 1.89135e-09 4.47137e-06
73133470.225872695446 6029 1.6065283095712283856 0.31311069562779864084 0.55416309479981362696 4.1036855474207598604 5.3728138320959839547 2.9204252679358617684 2.8369251880083967698 2.7429995028471099161 1.2969e-08 8.49478e-06
73133470.225872695446 6290 1.7270099713469788671 0.33925348384682013636 0.18055330631912375194 1.9725570698826342397 1.2847357421792975352 1.5994427062655074412 1.25175241673247295 0.92961910954222914949 4.66797e-09 6.04263e-06
73133470.225872695446 5211 3.1661864058098032615 0.083056212977103541228 0.26817528754605857166 5.9192597356070750791 1.2662773127005491069 3.9120688895949351505 3.9717810071868870914 4.0330813489345480605 2.07199e-09 4.60942e-06
73133470.225872695446 5717 3.1500875468910578547 0.11480359677771505289 0.18555535362516065168 3.7635395947095506841 2.5112638754206324521 2.9871847527018582369 2.9684015893503477024 2.9486178819744144342 2.31886e-09 4.78566e-06
73133470.225872695446 5643 3.3140650200238712664 0.1248575430335593095 0.038032950042147253833 3.1794455756321418072 5.5976605108509271957 3.9211781625356012526 4.0133415944013517418 4.1089144912976349744 2.47115e-09 4.88821e-06
73133470.225872695446 6842 3.1964504198973826554 0.07429672430442979536 0.13299317770455193477 5.6106486583044441474 4.4910944939590082825 0.18544911885969736498 0.17221481109131661635 0.15948296657153224198 3.94698e-09 5.71398e-06
73133470.225872695446 6572 2.9586498645469991864 0.14367174652743064378 0.20044824917511294693 2.6768691466078555763 2.2258985803207043119 2.8304990318180820452 2.7830373823923983956 2.7326198418180420724 1.66053e-09 4.28153e-06
73133470.225872695446 5131 3.5229489631990835719 0.10291471801605385494 0.25306211355025387544 5.7893629104284052289 4.3838422365891460686 5.6151983235383315929 5.6766066569894118032 5.7352742015977513645 2.25296e-09 4.73989e-06
73133470.225872695446 5534 3.2479671903889144602 0.13359898406875275745 0.10844619657822684999 2.8970058047561839665 6.1411708727893659088 3.718471509261803476 3.7959889093270540172 3.8773079835988553121 2.18919e-09 4.69474e-06
73133470.225872695446 6119 3.155977466613355098 0.052375584609176933926 0.18429584690313169371 0.80833930032980705338 0.97928854438102397317 2.8231416337583277176 2.8063133565477493825 2.7890800645852880102 2.96829e-09 5.19619e-06
73133470.225872695446 5525 1.8659991826351429722 0.32036254085876397779 0.40872385266833427542 1.1931506922575574325 0.038789333747162077493 3.6845303418382857608 3.8817560593504811806 4.0978113032589922327 2.22151e-09 4.71773e-06
73133470.225872695446 5240 1.7532906935695666828 0.13683981598458988538 0.39270694448243609331 3.0216895691213379038 1.8525976057261326346 1.5405836528632117499 1.4036590372454953446 1.2687260775500701637 1.54708e-09 4.18172e-06
73133470.225872695446 2850 1.8589678462820216076 0.2482613579790965419 0.46461326642214190175 0.10462873948875929531 1.7612633818096739002 4.2026980142372067917 4.4362168066846594527 4.6750706074389611899 2.86233e-09 5.13362e-06
73133470.225872695446 5957 3.2441069771651158682 0.068059955794116999694 0.088883369392901284689 5.6669411496742352341 1.326388413073473771 1.82761730788276755 1.7611623118328769699 1.6943318557493205478 3.45473e-09 5.46581e-06
73133470.225872695446 6103 3.2891055780926681251 0.082302731038618959225 0.13901884970993430568 3.9675254667832873245 1.1098604965067841999 5.3685812550189488945 5.4322782279364085767 5.4941599027179446324 3.07621e-09 5.25842e-06
73133470.225872695446 6335 3.109807656303452017 0.065480020244017347886 0.21173085417368386896 5.4065070391736904654 3.7478471942739748357 4.045993473989552669 4.0985730573344447691 4.1521000952155704411 2.80706e-09 5.10036e-06
73133470.225872695446 5252 3.1422606012895628602 0.17215833731686872032 0.17195619225866473623 3.047338994426564085 2.764793984705534946 4.4994424797814431827 4.6717159005914421499 4.8437318568195726343 2.42859e-09 4.85999e-06
73133470.225872695446 5034 2.858185239220319751 0.20399318925382947665 0.15532956799032743289 2.7394195865120893885 1.666109119948377959 5.7452923056406524083 5.8422484157575036434 5.9293100431637277836 2.20492e-09 4.70595e-06
73133470.225872695446 6874 3.2809570494752069436 0.084527856833047809726 0.25187510448658795292 3.6781281351670758184 2.7590014817897490218 2.1438795808580559665 2.0710894819440506254 1.9969211920384357661 2.61974e-09 4.98428e-06
73133470.225872695446 5053 3.0560623837153548799 0.15783297228254797306 0.28570523647739287654 2.2754886446303590475 3.3508729612284589017 1.9120166549164550052 1.7585609747698840444 1.6035020831036685962 1.90259e-09 4.48021e-06
73133470.225872695446 3953 0.89112534138236376702 0.24343234955563758382 0.24397001498309042744 4.6595971618890414945 2.401975304506144937 3.644754310417150478 3.7781990970848857714 3.9229123382415993504 1.87457e-09 4.45811e-06
73133470.225872695446 6204 1.4647197658130812759 0.088052477281149982291 0.19932017029791668228 3.3189460840970528288 5.8417705735640819142 1.2759354467844332692 1.1926357983486477465 1.1108046370008888282 2.26769e-09 4.75019e-06
73133470.225872695446 4189 1.1086736280054827475 0.032742842629724301651 0.045733083335980265205 1.2747939236283158948 3.2690532782607988338 3.1876029928093627674 3.1891344261099470181 3.1906904925558539077 2.51666e-06 4.91804e-05
73133470.225872695446 5324 2.0963288869704705952 0.13622382338561545012 0.10604145146035222347 3.6239876266829815776 6.1702070838044686951 5.7952871059893000805 5.8557683970671075002 5.9122360971376792804 4.64884e-09 6.03437e-06
73133470.225872695446 5185 3.5221254816383997799 0.027914709316907936748 0.23082992921790665419 3.374517190120113419 1.6801340779143014714 3.575672268438044199 3.5875652920216087871 3.5996058996448958567 2.64564e-09 5.00066e-06
73133470.225872695446 5451 3.2562152539602808865 0.068038228173684128786 0.070439952605313022049 0.35552799503212784149 0.10120348764585690438 3.4056222116221270824 3.4240027407144641991 3.4429630266320718768 2.58702e-09 4.96345e-06
73133470.225872695446 6192 3.2293052558158019671 0.2051386779176577746 0.28921532055041354603 4.9859985368872710154 0.8799826354090982683 5.569112120490290252 5.6948732033173028455 5.8087164900377938892 2.79503e-09 5.09306e-06
73133470.225872695446 5257 3.2251440331633709491 0.13017831105358357302 0.20257370531117496748 3.7248094779696203638 5.6541121868259907046 3.3250284594635632907 3.3505121537079061156 3.3775115280482959079 2.20895e-09 4.70882e-06
73133470.225872695446 5853 3.1410359783192984828 0.18454437055590494632 0.13284893458209440231 5.3745961212511792482 1.559727095249830997 4.3594868126902914796 4.5394764657857340495 4.7212688814039127649 2.34516e-09 4.80368e-06
73133470.225872695446 5962 2.8541159761913292847 0.13342986540309254018 0.17128803231897540837 3.5795426000608743244 1.7658987745811791648 3.0971934463415795591 3.0908177957047842099 3.0840458239145895902 2.88829e-09 5.14909e-06
73133470.225872695446 6233 3.1605663075390291183 0.0946667584691971431 0.20558449930660804839 0.82381959700104001598 1.6992242082924324809 2.8557437285394540183 2.827716363897105456 2.7984882051706110317 2.38928e-09 4.83362e-06
73133470.225872695446 5650 1.7454403618803489007 0.11740199203115717075 0.1995359512282028347 2.1305718290255057923 5.669366570252913462 3.4366620809098802347 3.4729639512269749879 3.5111595187124935435 1.14639e-08 8.15256e-06
73133470.225872695446 6255 3.2047437799229974154 0.10862386329341633395 0.17159111039283334033 3.5088222541492828377 0.014166937267663185993 1.9040326735629165 1.7993078529530392995 1.6935077044769011323 2.45838e-09 4.87977e-06
