84665297.741273105145 0 5.3987680404202817996 0.027685145862307160985 0.031549699541598974495 1.0264711403009114665 5.4816978745994981992 4.1589314411926139314 4.1826596241136497767 4.2065503507028356722 0.000954966 0.000356051
84665297.741273105145 1 8.9890479788678394613 0.080376878350538499829 0.03849324272900869065 5.7946944331798970751 6.0669762812006489128 1.5477696036427233128 1.4674016426807874325 1.3874540146485057068 0.000285285 0.000238018
84665297.741273105145 5775 3.0524856602029668551 0.14026632773508490581 0.12861396931106705566 0.62859445978574390868 2.7305303437511021514 3.7259678142384546895 3.8085442272084932824 3.8953120914428618349 3.02463e-09 5.22886e-06
84665297.741273105145 6920 2.4295904901730605019 0.18473604872602975013 0.44393492730888833853 0.096135603331055086151 6.170424989064825283 2.4846536865627877333 2.3619465757270425854 2.23207200388457494 4.48089e-09 5.96081e-06
84665297.741273105145 5134 3.5421787602260708105 0.061874117415331851555 0.34516627136498334583 6.0781621010259145876 0.57065754088372844244 0.46583505226972660163 0.43876705611687477626 0.41248146873232904852 2.31886e-09 4.78566e-06
84665297.741273105145 5278 3.2069215489448876788 0.064071938522000271288 0.2623994289439366967 4.4190609551007620226 3.2772109261122981394 3.4340577110079815171 3.4531347529404139429 3.4727745234615192693 3.13887e-09 5.29389e-06
84665297.741273105145 5451 3.3024890617302746776 0.099544862422684052272 0.015773584706688346946 4.2977670650462238555 2.0383749599529017438 1.5894429093129807118 1.4896575324621168512 1.3904401673042494636 2.58702e-09 4.96345e-06
84665297.741273105145 5063 3.4684125199275390727 0.091024338472745131012 0.46786683059092604164 1.3527905779873947711 0.68469840076193888567 2.8207356738671820473 2.7906696446568330927 2.7593786892775882258 2.23728e-09 4.72886e-06
84665297.741273105145 5878 3.2276805944028823525 0.12760833538884733263 0.058156223616127607212 2.8469727616828586214 4.3561557121228178246 1.1764656731150178182 1.061137008406347837 0.94974631810281062716 1.44428e-09 4.08696e-06
84665297.741273105145 6255 3.2109170639590338681 0.12335403781835220516 0.16601182316180215781 5.5810238019643767515 0.96105348163500181613 4.2819043183336713554 4.3972900508372179118 4.5145708419437395875 2.45838e-09 4.87977e-06
84665297.741273105145 5548 3.1836065816398644301 0.097858852699739137804 0.35545769941317822971 1.2648261198902703839 5.5503621390203026209 3.5149902557991090646 3.5524811013608106336 3.591568274225618751 2.11518e-09 4.64123e-06
84665297.741273105145 6443 3.1931325220626947115 0.22524751477310547831 0.28952559903801133867 1.5824255305074970135 1.597391796798159902 2.6926151114081706694 2.5823412113165602477 2.4628357301962044978 1.88164e-09 4.46371e-06
84665297.741273105145 5990 3.0806192854417138172 0.074585866766245553783 0.19185856268498785449 0.73951999862109762951 5.5617067132028354948 2.8634572477085220576 2.8421871222826839976 2.8201878540430729281 2.30118e-09 4.77347e-06
84665297.741273105145 1284 2.4590949875377039469 0.38394128635490976098 0.6345420618192830764 4.4192589592102962115 0.5353924709969344331 2.2829237799623811611 1.938810838741716891 1.5805769207503359564 3.64405e-09 5.56389e-06
84665297.741273105145 5098 3.1390170650162931842 0.087659325237281982002 0.040969357181314045024 4.3780975788419258521 2.0822466984922081146 2.6187208119366958137 2.5731351376157949318 2.5259452486243816338 1.90652e-09 4.4833e-06
84665297.741273105145 5929 3.2396968795399834207 0.11466123431815625211 0.14698587316395383962 4.3953163249334217255 0.28725778202539392625 1.4206590951271904633 1.3080022108610924736 1.1972775382095171004 3.18574e-09 5.32011e-06
84665297.741273105145 5467 2.9562485519192116534 0.15359442061288536285 0.13764129422543056047 3.4785307977746651176 4.4180734085874133754 0.29539544754740293397 0.25351628316034213739 0.2149933597297034038 2.43648e-09 4.86524e-06
84665297.741273105145 6282 2.8444246460436084512 0.13598184222346579308 0.096181254320892431431 0.86020147259528600969 0.95893838210744020145 2.2301539367122291679 2.1175774733641619108 2.0014214361363751316 2.68214e-09 5.02355e-06
84665297.741273105145 5694 3.1136272903198469741 0.11607597100680083768 0.28734546109372344214 3.0885818653295200598 3.8169761484059625545 1.3939215589210560697 1.2805535174000373111 1.1693324917410070629 1.21025e-09 3.85309e-06
84665297.741273105145 6392 2.9743926902276722757 0.18435006770275241816 0.20163196826367235648 2.2625813562912009402 5.8845721201855241134 1.7194329612772845106 1.5335098582486621499 1.3492879248736173725 2.75286e-09 5.06732e-06
84665297.741273105145 6484 3.1080825248404031491 0.108739223072490232 0.27895782647640049445 1.9201032926698344827 3.5464590058536979988 4.214882815826495488 4.3132058914458273335 4.4133959070512647216 1.88476e-09 4.46618e-06
84665297.741273105145 923 1.8634584120299162446 0.32431293286544948806 0.35632068788554011052 1.6985765586190584298 6.0445972733760253703 2.3125834030236678274 2.0374070489763504987 1.7477637777297738708 2.53731e-09 4.93145e-06
84665297.741273105145 6739 3.2196468885379143643 0.1985976806978511644 0.21949463285628059706 5.8814264562759008825 0.40016367344832248776 6.1242315750649147787 6.1531197742419463381 6.178877719120273504 1.84353e-09 4.43337e-06
84665297.741273105145 5885 3.5170749397476686049 0.049702621429834378808 0.29819138198669520312 0.32150190361941138883 5.1870120614979766671 2.7053463189064843597 2.683848261391834189 2.6618833888489978889 2.25928e-09 4.74432e-06
84665297.741273105145 5405 3.1732602539505680994 0.066293920669168684978 0.15333560104077961772 1.8300495827842548913 4.094350086610917927 2.5481068255383982901 2.5099455780674486682 2.4708006858316786669 2.93677e-09 5.17774e-06
84665297.741273105145 6764 3.2938776309658162056 0.036269900688025637214 0.28989255014922316045 0.30811529785978430951 6.1932987311119287455 1.6180590238761283217 1.5817905901489184295 1.545522881479657995 2.4069e-09 4.84547e-06
84665297.741273105145 6362 3.0059326460685045213 0.10996641800779892451 0.29851577166571241495 0.74350467329946468009 0.83390469217338880625 1.836823831503806792 1.7289420572600455728 1.620347909643262474 2.92709e-09 5.17204e-06
84665297.741273105145 6775 1.6724389546200693069 0.14575690570301225168 0.22046398159701727226 1.7674462947572542326 3.1821064589041094806 0.62960956719769856083 0.54819216050054320188 0.472231656288416346 6.39874e-09 6.71246e-06
84665297.741273105145 6055 3.2420092194319551915 0.071456593473358046009 0.05509097087041416041 2.4464014055451963614 0.057535302602079091416 5.3483949513097757134 5.4047409883330299607 5.4597444683980516089 3.0525e-09 5.24488e-06
84665297.741273105145 6498 3.2332759473111547521 0.050138711290562437695 0.10337331686395509478 3.2718046581231301495 3.2332892983127505815 5.4088381666937603853 5.4467109699082447705 5.4839281956517194061 2.50157e-09 4.90818e-06
84665297.741273105145 6313 3.2488940063335989272 0.083260688209274943961 0.38820875230527202016 1.3943432835199724984 1.2185503662092740385 4.2916907218307853711 4.3691040103133698125 4.4475067775471703868 2.33149e-09 4.79433e-06
84665297.741273105145 6300 3.2305529446717211606 0.047159591830468750029 0.16972061204545116353 3.7705710996115637812 0.48463995299943041228 0.94320688254770690406 0.90553887882989914093 0.86843569747035564976 3.26125e-09 5.36181e-06
84665297.741273105145 5323 2.8231635359593556522 0.16657658222275034676 0.11415016327919515204 3.3758547900141944176 4.7227545002128419327 2.1576264999949481549 2.0114001368830849437 1.8607325657902760163 2.25995e-09 4.74478e-06
84665297.741273105145 4755 1.8609119001121423587 0.0090482837504806783169 0.045572906713401258039 5.4426469523777711856 5.8607465489676267012 4.9197735898733059301 4.9286198767697024792 4.9374574535489399452 2.45943e-07 2.26531e-05
84665297.741273105145 3800 1.8500155576475247887 0.20401041380393727942 0.44212528731032912921 6.1503337534057900271 2.3168834683798404939 4.4569114662946249794 4.6610223140592657032 4.8647636427885139199 2.3176e-08 1.03085e-05
84665297.741273105145 6956 3.526664583157659294 0.20691309132938523474 0.36335554971949773906 3.5476059048250614403 1.8226664552086382365 3.4488320756929087274 3.5190689375750752177 3.5953320553664380732 2.20649e-09 4.70707e-06
84665297.741273105145 6197 1.9913592010493428308 0.22426845899750799673 0.39502580982412177635 4.351089047362348694 3.4761720822899806471 4.5960531831626267874 4.8237053986776485814 5.046585797968896614 8.02678e-09 7.23931e-06
84665297.741273105145 5080 3.2052583278653816734 0.17063168998637467944 0.25964615204817154126 1.4587663954857825743 5.4463617187216506466 1.2739975259262024121 1.1139936264083205586 0.96085725574075220301 2.57476e-09 4.95559e-06
84665297.741273105145 6233 3.1555362355834035704 0.1463809890981767059 0.20671400669393208416 0.054821239292558672507 1.4901914698194929088 4.1093117540554677802 4.2356341961462700141 4.3656920687940283798 2.38928e-09 4.83362e-06
84665297.741273105145 5489 3.2120234030435166339 0.099271562368563784351 0.30797590110042361022 3.3970666595683156608 3.2910814894420195031 0.9408563898660811109 0.86276989853466823366 0.78735856998265196793 1.80848e-09 4.40509e-06
84665297.741273105145 6756 3.1819586286661047936 0.05448794968120266452 0.25524243415583353078 5.2614971101131589037 5.4849893018740516482 0.70691586000130246514 0.67222284656844200068 0.63829174183705372769 2.22448e-09 4.71983e-06
84665297.741273105145 5116 2.760427481390141935 0.19179796788068675939 0.047003326366389937274 3.3194516516828365127 6.0497226849444158958 4.3200354435523644625 4.5052634536657913955 4.6929619482327673552 2.56354e-09 4.94838e-06
84665297.741273105145 6951 2.9729994705477214012 0.037704832785220285252 0.025301400277261906074 1.1153574964940937697 5.8218426753671916885 1.2103353442866946477 1.1752778963827608116 1.1404839919119946767 2.54062e-09 4.9336e-06
84665297.741273105145 6295 3.2587998612864272907 0.043840725927669715878 0.21196054403216565976 3.7949985387868898634 3.5957640653801998809 0.61424194158570410984 0.58940901923666866313 0.56503928123587265908 2.30061e-09 4.77307e-06
84665297.741273105145 5923 3.0045973467718765093 0.035534891981344685075 0.2183209095323101756 2.1221943211277896069 1.9230388021065036863 6.0589647982205541155 6.0667336907915627719 6.07436535600959715 2.22479e-09 4.72005e-06
84665297.741273105145 5234 3.033622936947323101 0.20987617316346193763 0.12212540703631492855 1.3325692818692438379 5.7328898539212573837 4.2569671498594541248 4.4562446783429638941 4.6592734351060318687 2.35138e-09 4.80793e-06
84665297.741273105145 6863 3.1446095805130132028 0.17221143995933363424 0.057705494701201322238 0.55641752504176245075 0.63805569557373065237 0.15170746099132778606 0.12755817841175717819 0.10565072349075585456 2.72515e-09 5.05026e-06
84665297.741273105145 5146 2.7828379062141501699 0.076004113561821406986 0.10750510858979892004 0.46204558670272855014 5.7343318005335426335 4.1318568642235593558 4.1968352472064003322 4.2629603351428535518 2.55901e-09 4.94547e-06
84665297.741273105145 6969 2.1281818284460833901 0.1679040531794424862 0.27218471240243624631 5.2478549680476209716 1.6627549802301462289 0.44232990950409128983 0.37510928966868573031 0.3135935728533525424 2.41679e-08 1.04535e-05
84665297.741273105145 5853 3.1471930948839426101 0.21690117436946840246 0.17943104721550981462 1.3481523789853873119 4.9646990159684847299 5.0305349481489098906 5.2314340387927789067 5.4197678699300935179 2.34516e-09 4.80368e-06
84665297.741273105145 6657 2.2026770056872053694 0.15886940869886043148 0.13256589785850625418 3.5770008771886252497 0.54414412855180194217 5.0464389659089921025 5.1933627913156712452 5.3342076421249906559 9.52311e-09 7.66378e-06
84665297.741273105145 5962 2.8327681469464467412 0.13785223980372329766 0.21321883017282289297 0.34694725571025636368 3.7509955005296280461 1.651417351405406686 1.5128018200876447441 1.3751813388638398639 2.88829e-09 5.14909e-06
84665297.741273105145 6628 3.2404949965495148945 0.11802962023994334473 0.177155324707562567 4.855664132950969325 0.12094962750315013666 0.98562108826147565299 0.89008489389859202223 0.79836110426420747732 2.5094e-09 4.9133e-06
84665297.741273105145 5290 3.2117700876327903714 0.029910294963844924476 0.10338748382925880276 4.684016460594683906 5.4261015781398826974 3.3762512237038384555 3.383309914962077336 3.390469551728202191 2.68653e-09 5.02629e-06
84665297.741273105145 2992 1.5162377486795466375 0.37152656433449787743 0.010297028656771749569 4.7060825942805628586 0.78479717274306659558 2.0612786362832613563 1.6917282117419218945 1.3229150371359439387 2.26492e-08 1.02298e-05
84665297.741273105145 6827 3.0923469023658496369 0.13840398199433684434 0.12063321265649197545 5.5687023552246541769 1.6631789030632149196 3.1562868610638394884 3.158483056851471904 3.1608206447699358499 3.04652e-09 5.24145e-06
84665297.741273105145 5324 2.0417653633790591172 0.18473652041078766906 0.16445158507425183814 1.8480668943895663947 4.7690689069636436059 6.0475170288418942377 6.0874065705618418676 6.1233434497248717676 4.64884e-09 6.03437e-06
84665297.741273105145 1410 1.0707174297662969131 0.032104506571035001938 0.25243293820574147501 0.96177587455810920058 5.0567601994712569891 2.1404341040992775902 2.1131575163065416945 2.0856602530223184999 1.96181e-08 9.75145e-06
84665297.741273105145 6244 3.1831055989354348768 0.036705216202179639928 0.28918404706010819583 6.0637149897725421965 4.9210184064557962458 3.2364726537753640834 3.2400159482995372073 3.2436227667276824604 3.08558e-09 5.26376e-06
84665297.741273105145 6327 3.0091760571733967566 0.16180796194979729652 0.13007426872772148707 4.7249062524511957761 4.3529868716576398668 2.1334447818418267317 1.9896637011335647216 1.8418440060238885359 2.25041e-09 4.7381e-06
84665297.741273105145 5650 1.556802231057150987 0.44826684824640372629 0.15357263797331865973 5.5258981905194985984 3.6103322274418383486 3.7123186809744899151 4.0289919773779008239 4.376592536736834127 1.14639e-08 8.15256e-06
84665297.741273105145 4112 2.0635922389288534617 0.60972620580530101364 0.69318712233057933059 0.34254058179261948069 5.1580313461241553696 2.1990675168117963523 1.5365345663018388223 0.92716619460194105162 1.99037e-08 9.79854e-06
84665297.741273105145 5511 3.2231261550827721152 0.091582242730764415461 0.20546715487151612223 0.80994278091036320255 4.076024736280118077 3.3327908883568775344 3.3510536848333773996 3.370096631636031681 2.90982e-09 5.16185e-06
84665297.741273105145 6186 3.2430224886736724876 0.019377740901020214237 0.18000522947153058118 5.1672467127352970095 1.0222757781855853487 0.18711772545829546965 0.18354659355260630194 0.18000981219595690863 3.14704e-09 5.29848e-06
84665297.741273105145 5195 2.7458138922161063888 0.027846503507971423486 0.10389643860891663307 1.4619373191755151709 2.137133250243563154 4.1615844753424307001 4.1854902933046158608 4.20955999603089559 2.26107e-09 4.74557e-06
84665297.741273105145 6935 3.4593123696175847037 0.15479244394620420011 0.46916441426713068052 1.7632094582135868777 5.0411590944394903957 3.0079455122079279406 2.9854600660260790512 2.9613899942975514534 2.603e-09 4.97365e-06
84665297.741273105145 6667 1.3488777734486068205 0.10124977298612644616 0.44846618678100630406 0.7970462789302191764 5.213194050827757664 4.9729918954626670669 5.069733303005539149 5.1645870315465707279 1.85586e-09 4.44323e-06
84665297.741273105145 6816 3.1425610042525029542 0.15956070264203817133 0.086835266931447566141 4.4145477533868007214 0.71577749202195584122 3.8935812409159575864 4.0099806518684690815 4.13177149851832759 1.76213e-09 4.36713e-06
84665297.741273105145 5762 1.1269467251508173966 0.069252467260225450407 0.55181978200613690522 0.99208481375934098878 6.0577400930483946695 0.63460451843310750064 0.59461999400863252419 0.55582517648855966907 4.50081e-09 5.96963e-06
84665297.741273105145 6595 3.0498379107929953769 0.088214012046778783604 0.21374264304083875898 3.3186976241710910429 3.8953323540710553807 0.65653020493767466625 0.60441812654984605757 0.55428756892649133636 2.5233e-09 4.92235e-06
84665297.741273105145 5950 2.0088509928647622083 0.34232866448481868993 0.28912694246231690487 0.39636880687258096989 4.230447588991777863 2.7758849927129056745 2.6250253503888205664 2.4559498199845863908 1.07677e-08 7.98408e-06
84665297.741273105145 5351 2.9741002555424311815 0.13012632253782452363 0.063690964946047270989 4.5347340294402602723 5.4279512507660605536 1.8905666476797011732 1.7640767006210391621 1.636373405050260077 2.44807e-09 4.87295e-06
84665297.741273105145 2768 1.5712178583803642073 0.056382790504119428832 0.0088855568189085826214 1.6171548824569068614 4.8686046871893964294 4.5183267834444915678 4.5739837819036415212 4.6298273995939398517 1.06163e-06 3.68842e-05
84665297.741273105145 5194 2.0827284255479305841 0.40026758294879150046 0.72966276524454198871 0.21302926857220327861 6.1153446871449324007 0.91094374847759473912 0.62042429600381254762 0.387716555071956126 4.75382e-09 6.07945e-06
84665297.741273105145 6928 3.2089617620390868957 0.2419914044731447389 0.25938038527467605077 0.15385973019196561018 4.3829034346928361643 1.9896775434702962393 1.754562041110399484 1.5166451561624758604 2.08658e-09 4.62021e-06
84665297.741273105145 5914 3.1829567863446386333 0.081235755327009134819 0.017463235322449019438 4.4747829636389706565 1.3361213185724383212 2.4514911831819032884 2.3980244324723112292 2.3430344360612087584 2.63408e-09 4.99337e-06
84665297.741273105145 5072 3.1246702877277945376 0.11085197166689045312 0.27092361196253783584 1.4705458098713857229 5.7445803665688286443 0.54770558186369400211 0.49244107451022189892 0.44003266512345867723 2.73643e-09 5.05722e-06
84665297.741273105145 6154 3.1736101593664174381 0.11302602437340204811 0.19545403624180393565 5.6364596120110928013 3.9686399650962602692 2.737005780467985705 2.689925880354772314 2.6405938895570209013 2.04677e-09 4.59064e-06
84665297.741273105145 5312 2.9785915662316875263 0.11306555482414522296 0.12776728708321571926 3.3525852032182830165 3.6560543267783214283 0.63356915730451734969 0.5693734983799126903 0.50841935004886007476 2.46345e-09 4.88312e-06
84665297.741273105145 6126 3.021958137929825039 0.22527070641232407877 0.16841789861256420413 5.7450196091149781097 3.5154643657100841381 5.6534410351160619967 5.7763368245650523747 5.8856887125216408307 3.04059e-09 5.23805e-06
84665297.741273105145 6952 3.2755118096978992348 0.13205218454058684219 0.14433038958338492708 0.68118175417546256156 2.1777143782723205057 2.8891371977869653165 2.853738167522076985 2.8162491276896313153 2.57429e-09 4.95529e-06
84665297.741273105145 6073 3.2109784440094100155 0.027817544045429815763 0.305145238704583599 1.2329348110023459206 1.2131671879467420538 5.9400684370046521465 5.9493076298041307481 5.9584236901796545638 2.87152e-09 5.1391e-06
84665297.741273105145 5578 2.8953380673758704056 0.16864822567140544396 0.23001246454874993419 3.1621869878843202883 0.041469773708243597155 5.7840202242424822998 5.8596544940821564396 5.9289658540451481983 3.04211e-09 5.23892e-06
84665297.741273105145 5231 3.1706705934649246359 0.12030247226450296871 0.32825316360580986119 0.81269600466426128449 0.23941389530160753218 3.0154381748267118368 2.9992790884325413181 2.9822161474773394296 1.89135e-09 4.47137e-06
84665297.741273105145 6029 1.7159168154612145507 0.32419165964614166109 0.52613939224739669775 4.8281034754093088424 5.2320843927058025002 5.4036218622560197034 5.634652299130308073 5.8304698666718728362 1.2969e-08 8.49478e-06
84665297.741273105145 6192 3.21349376153232269 0.23637744039932526152 0.28259888509990915839 3.5321514108140474875 4.1558447156989615223 4.8389053983466654429 5.0721560435860126859 5.2934003298159586492 2.79503e-09 5.09306e-06
84665297.741273105145 5211 3.129281930853426541 0.094416479619230372911 0.31067730429512985246 0.64625884252747378689 6.2106055593222349032 1.0124164849800370014 0.93416378980818526312 0.85824328706830022018 2.07199e-09 4.60942e-06
84665297.741273105145 5717 3.1425538195101201389 0.11506743341713684958 0.16584304235331329136 5.2135316364212460627 2.3172117745799236666 4.3888901842338379211 4.5002833612083872339 4.6127721115536042262 2.31886e-09 4.78566e-06
84665297.741273105145 5643 3.3356066721184274293 0.085129951872359638232 0.022079560511062169825 4.2003013975125718105 2.0383228656099756648 6.0933865480467286346 6.1088294607679003434 6.1235972758537364768 2.47115e-09 4.88821e-06
84665297.741273105145 6842 3.1916298825623359292 0.041090426701155695344 0.17543151013127417093 0.58884474746566040082 3.0291677254606477199 2.7059303339219455964 2.6882534596956788597 2.6702570908135392358 3.94698e-09 5.71398e-06
84665297.741273105145 6572 2.950765274197729493 0.13467173414396679809 0.22542910462380152947 1.3529122573330580881 0.3247929791947565259 4.9224642736720571889 5.0527528710368434517 5.1796989255134766594 1.66053e-09 4.28153e-06
84665297.741273105145 5131 3.5197056071667840449 0.13666697589943455071 0.29229514774004772271 1.8085312543505787097 5.2999969437901306435 4.1190535563266239549 4.2373021162323238897 4.3588336334518782422 2.25296e-09 4.73989e-06
84665297.741273105145 5534 3.2580232163858195982 0.15235795428025519782 0.070055195026453465079 4.3396345659635429115 1.9920902002286113852 3.9665043655061880123 4.0851016166481279868 4.2084540702200188278 2.18919e-09 4.69474e-06
84665297.741273105145 6119 3.1386001655019657441 0.10874682263298271478 0.21596699592384488442 6.2556361483244087296 5.4827195999670017557 0.54479340931263631198 0.49080066221638529722 0.43954478438542299301 2.96829e-09 5.19619e-06
84665297.741273105145 5257 3.2263730462049600156 0.13300343473051606802 0.22729451970861927479 6.0185407421142773643 2.0446376207146244042 0.78801385146897273692 0.69762262561067756028 0.61218154470645513854 2.20895e-09 4.70882e-06
84665297.741273105145 5240 1.5196978881926943572 0.28848816569418239686 0.39789621875728592437 0.32523641294670002644 0.2061931482855501041 2.5188718436309200932 2.3241951017808410995 2.1137810911770351652 1.54708e-09 4.18172e-06
84665297.741273105145 2850 1.7807348251485926038 0.28996906325328419829 0.57272454599010580445 1.4348895954220497462 4.5370613629462051009 6.2607958952379734185 6.2665741521430557981 6.2713906516982573791 2.86233e-09 5.13362e-06
84665297.741273105145 5957 3.2362678771810591272 0.076122114273444535515 0.086947879922763537941 3.2575719177600368504 2.9408634826641106841 0.82572427316754692939 0.77111548149244557582 0.71806326847699641913 3.45473e-09 5.46581e-06
84665297.741273105145 6103 3.286269189846800387 0.052238169237637757658 0.15181554297765453843 5.3957480598969844721 5.9149288883004880191 0.72444763883977347785 0.69047293114096897071 0.65720234413255673722 3.07621e-09 5.25842e-06
84665297.741273105145 6335 3.0884649548153091381 0.054145122790291627668 0.24537868354515193769 2.5337965117876457555 2.4542343902153063162 1.0551243677773602947 1.0086154650648071485 0.96280356616196083319 2.80706e-09 5.10036e-06
84665297.741273105145 5252 3.1066337659091076695 0.10430686834011516917 0.18119813721499669623 6.0621889587106769781 5.0247168370705956875 0.75678963172140467641 0.68763558709970562521 0.62143078061900181019 2.42859e-09 4.85999e-06
84665297.741273105145 5034 2.8484157561066032471 0.21756153037804190631 0.16971953234823289325 0.65735905005705841386 4.9848372059259089539 3.1305088368156344103 3.1277663137648894498 3.1247583299534049672 2.20492e-09 4.70595e-06
84665297.741273105145 6874 3.2806731940755997634 0.089852114505308056103 0.2374029877799772037 4.5195372318303261849 2.7190627601094679022 0.89611256062481692286 0.82775406195744616333 0.76158572648573041874 2.61974e-09 4.98428e-06
84665297.741273105145 5185 3.5345151797023031115 0.01104863820287023575 0.22990284084534784448 5.5617144735793795363 1.5841098184850168629 5.4958872565134608834 5.5036844505749593637 5.511450808880503871 2.64564e-09 5.00066e-06
84665297.741273105145 3953 0.94254739909522400332 0.28820289996403247734 0.3030404199726176584 1.8104545242485590162 4.4910522950179609936 5.0625814005423483977 5.3243566209797261735 5.5602562380749152027 1.87457e-09 4.45811e-06
84665297.741273105145 6204 2.1229335103180364541 0.65218978900669899446 0.46568214321166917502 1.2549847442987209778 5.275348975917108163 2.1492599979147586353 1.406162064059217176 0.76279094891521292965 2.26769e-09 4.75019e-06
84665297.741273105145 4189 1.1101374933675238754 0.016196156433730297952 0.044813687973923876928 1.2732961758888530213 4.5323835769882343527 1.4044026882807756351 1.3884509132350741911 1.3725232714416042423 2.51666e-06 4.91804e-05
