69585215.605749487877 0 5.3986386040855807167 0.05465664822907325554 0.038481537182998459823 0.74199386143855949882 0.075332932053113879634 3.8045910663796034257 3.8389947030712820997 3.8740967599118709686 0.000954966 0.000356051
69585215.605749487877 1 9.0014367261468581916 0.024000041273745467002 0.015549475881378024486 4.8900696023402572266 3.4983087964910422052 4.6356104560490223321 4.6595641462014496526 4.6835307096463045795 0.000285285 0.000238018
69585215.605749487877 5775 3.0512265101914337606 0.14843155188390891319 0.1850816640647111877 1.0773453042018890091 4.7110449695463785247 5.5923686207919898195 5.6822378542055300699 5.7661646436849505193 3.02463e-09 5.22886e-06
69585215.605749487877 6920 2.4000984591332468199 0.14274638326869867888 0.19121580145020924957 1.6134569428268632496 5.6426916150053383348 0.14185558569907810722 0.12291589221480897498 0.10541424103943540513 4.48089e-09 5.96081e-06
69585215.605749487877 5134 3.5470018385754324974 0.057322743287137545298 0.3870407617146954804 1.0798364365512462815 5.0547322650239614461 0.74747089783806131003 0.70927983056145516016 0.67194624708772110466 2.31886e-09 4.78566e-06
69585215.605749487877 5278 3.196565050465381308 0.020753834770111896646 0.36741796824121131237 0.29783446046327127776 1.9043444196976477834 5.2521362982305754841 5.2698467320974691219 5.2874584939550981488 3.13887e-09 5.29389e-06
69585215.605749487877 5196 3.5308977659129512361 0.12212834655373115689 0.19914069362792924389 5.9725888759645915371 4.2585017759058541031 4.7744085532909377179 4.8961464180380307454 5.0162186186860937553 3.02458e-09 5.22884e-06
69585215.605749487877 5063 3.4593622005842816769 0.09054966749258422376 0.38143473897406171558 3.9127627393430377545 5.5922118881911124788 5.4229829943722576147 5.4897570150456065363 5.5542973844449665677 2.23728e-09 4.72886e-06
69585215.605749487877 5846 2.7752155646656402332 0.37984780514035498822 0.20145576901338210773 1.3065184694407878663 4.5996544533834740065 5.4251903849162950166 5.6880994227905201654 5.9010344588493008899 2.37403e-09 4.82332e-06
69585215.605749487877 6960 2.9497820724850885021 0.19485129283532492961 0.024632043623467232002 0.49649124065547156626 0.47889082584088821237 2.2263883153034189633 2.0608678784735414702 1.8889507421388849195 2.28045e-09 4.75909e-06
69585215.605749487877 5548 3.1596581310026707889 0.047267044199018094786 0.34722809588894448796 0.20083564652704141706 1.1512433224574964985 5.7544896467793078543 5.7778664337967233777 5.8007477711061969927 2.11518e-09 4.64123e-06
69585215.605749487877 6443 3.2268927497051480557 0.15149664949974486761 0.23238518587625442424 4.705694394626382504 5.1989741590359717094 5.4081888609089467934 5.5195826990849319316 5.6243469148522944323 1.88164e-09 4.46371e-06
69585215.605749487877 5990 3.0897013045850965085 0.0865696665706945645 0.21251573365069814647 1.8798729493499934939 6.1700057566081181193 2.6784379502308106602 2.6381296369512714506 2.5963630849175647342 2.30118e-09 4.77347e-06
69585215.605749487877 6883 2.3589486259194551998 0.28253670660454333063 0.41875730279397266331 1.8323799094683967947 2.9334413544950459496 3.6641484380650224395 3.8282808294264163429 4.007403299488245807 1.23696e-08 8.36184e-06
69585215.605749487877 5098 3.1323247540306446979 0.074570569111242560045 0.075732926587977575372 2.3597242353062650722 4.0210564310595575677 3.0052430208201617035 2.9947029035212398007 2.9837885992147437086 1.90652e-09 4.4833e-06
69585215.605749487877 5929 3.2769975270313875804 0.14910907923064856129 0.16621146985422494136 2.9772886604911792396 3.5172446012940392635 5.6311706141287025673 5.7169869841763736318 5.7969731979505718655 3.18574e-09 5.32011e-06
69585215.605749487877 5467 2.9545489472975678957 0.070840287384580105656 0.093478441697290706736 3.1313203011222308092 5.8375384310115689956 0.7974035014447000691 0.74788746024862995387 0.69970958164192731399 2.43648e-09 4.86524e-06
69585215.605749487877 6282 2.8581099845851474228 0.10823110576100615499 0.034808325301400065699 0.28242619340222535618 1.3942788874269300692 1.3730880582748525853 1.2678726486160976084 1.1645694781270514717 2.68214e-09 5.02355e-06
69585215.605749487877 5694 3.1066928894394338911 0.12513359936146253859 0.26157249766153145565 4.8171525467394884501 2.7655354930749842524 5.8165482576914282475 5.8700512635619377377 5.9202901090464044032 1.21025e-09 3.85309e-06
69585215.605749487877 6392 2.975616149195568827 0.18548257780093818647 0.14986289849675205055 4.7705084783178843821 0.59868619601253669771 4.5028525536784389516 4.6889590448848288418 4.8743907135826818333 2.75286e-09 5.06732e-06
69585215.605749487877 6484 3.1095918638234265607 0.10460412690993464713 0.23874239529660698511 2.2975266891340653252 3.1039112452350141602 4.8391080116445639447 4.9423818173685951649 5.0442315113363003221 1.88476e-09 4.46618e-06
69585215.605749487877 923 1.9955831620267905357 0.45249648557705574037 0.32215937151046852849 0.10650058502740519795 0.87113966427895783706 1.7672037927776524935 1.2846313848399508739 0.85053636141869581877 2.53731e-09 4.93145e-06
69585215.605749487877 6739 3.1944001677134270523 0.16135656658935895735 0.24506074615426490237 2.1547409995164055196 0.05025261248156418642 5.9979848701244469211 6.0403718550964242695 6.0791675396834934375 1.84353e-09 4.43337e-06
69585215.605749487877 5885 3.501473075383214173 0.053126347428428533082 0.23768682929479209576 4.5616673546723252031 1.5338476095119151221 2.7025904534670077695 2.6794377868091618922 2.6557499200061247535 2.25928e-09 4.74432e-06
69585215.605749487877 5405 3.1696401753402043688 0.087881428522536261805 0.12658738843275957331 6.0206980901772482184 0.53902243110540137838 2.7364423297225659581 2.7002765718285259844 2.6627397928181792963 2.93677e-09 5.17774e-06
69585215.605749487877 6764 3.2895207467260307865 0.060102154992733199113 0.31291347112017386944 0.49962269738044573497 0.0057175966872235091387 1.2020679494606409943 1.1465708076896123924 1.0917962402851533188 2.4069e-09 4.84547e-06
69585215.605749487877 6362 3.0026578733715516556 0.21154649195194608069 0.33329133778455821702 0.3080394301290476089 0.025210991342342035232 4.503653378525819484 4.7169105892215181797 4.9284549186487964789 2.92709e-09 5.17204e-06
69585215.605749487877 6775 1.3930191459334768656 0.20510703862757026505 0.12973039248315840211 5.4956768507279321057 1.2031203824605567476 3.6435708086573836972 3.753180704990960681 3.8709466811637640582 6.39874e-09 6.71246e-06
69585215.605749487877 6055 3.2127358717559699741 0.12009478376474305716 0.09524489852743413254 0.067720922816655593213 0.51750712567160306321 3.2486269279445822988 3.2623237748591384921 3.2767877550785406982 3.0525e-09 5.24488e-06
69585215.605749487877 6498 3.1963146411991840701 0.068129257658300301781 0.097906789599745414066 4.7925991145369906121 1.1402594689539089501 3.3949352297455615002 3.412614333810690237 3.4308536236310200884 2.50157e-09 4.90818e-06
69585215.605749487877 6313 3.245514647334731162 0.11634791697989675663 0.30251203442944973876 3.1341236676485237922 4.3743116644332351584 5.9757353482204784711 6.0092004633572155825 6.0406806942767543589 2.33149e-09 4.79433e-06
69585215.605749487877 6300 3.2200909732657683193 0.096192695216418433457 0.19442097356855661539 5.5353179045884655096 1.8527191758222274487 0.43657047527714787361 0.39751382988749150993 0.36027501854535720627 3.26125e-09 5.36181e-06
69585215.605749487877 5323 2.8077553274555855367 0.064113624728878021442 0.18869214200188882957 0.66407185870745100154 1.9052365184519208796 6.1682049992610634703 6.1753406447480649888 6.1822415619712227652 2.25995e-09 4.74478e-06
69585215.605749487877 4755 1.859193880133254595 0.047096702720766561723 0.048517346092852041417 2.8823761056700529792 0.73492564372452029442 5.2116557936905056891 5.2525593438970616944 5.292950468897262617 2.45943e-07 2.26531e-05
69585215.605749487877 3800 2.0392441798044509405 0.53159867064032095829 0.6646421177884533904 1.8987168367827604865 5.6373962487983817482 3.0003971788810348542 2.8872284045222120774 2.7534621433911516952 1.79108e-08 9.45995e-06
69585215.605749487877 6104 3.4263277813984300835 0.36861649979686994527 0.27789301528792942353 1.5998821085729379998 5.414883140283234475 2.2615226901594267517 1.9293111646096758882 1.5841316794441677729 1.75259e-09 4.35923e-06
69585215.605749487877 6197 1.7647051260287744956 0.27981210777309789561 0.46974491315838029504 2.686114169732606527 3.4897731912250131714 2.2361460441968352697 1.9910575388469642366 1.7355940099216593531 8.02678e-09 7.23931e-06
69585215.605749487877 5080 3.2062514113457933895 0.17965493561664164224 0.27014181822945554368 0.72163197652766275514 0.78396004259282647819 3.5431601384600703852 3.6203561785123743455 3.7031199871628737164 2.57476e-09 4.95559e-06
69585215.605749487877 6425 1.7263343959267682948 0.61004617673269068145 0.26646392464898605024 0.26476988188620664832 5.6544054074178538016 2.6407025201603762099 2.182861220284954662 1.6835607761134518956 8.73342e-09 7.4458e-06
69585215.605749487877 5489 3.2200930046705442678 0.098663639745127831859 0.37120433256328155824 1.1411410118928770885 0.19905889882745111952 4.1383504548136631485 4.223642466965968012 4.3107547738305278529 1.80848e-09 4.40509e-06
69585215.605749487877 6756 3.1930754208318692378 0.016353725203917653108 0.31507087774496905785 1.981265834105631729 3.2051665428714035677 0.7787642729311948786 0.76734324324042624266 0.75599007067345613819 2.22448e-09 4.71983e-06
69585215.605749487877 5116 2.7149066928007838939 0.12552795406864358796 0.14016166350316378031 0.56827353172604078146 3.4425762030977851147 2.9735572639559144648 2.9510846499598266668 2.9273149612368865036 2.56354e-09 4.94838e-06
69585215.605749487877 6951 3.0023270447763126256 0.063612454530564369048 0.029624815310501147886 2.0909077071283670435 4.846026727568033543 2.9571380401417912687 2.9450818274730337087 2.9326615907823998519 2.54062e-09 4.9336e-06
69585215.605749487877 5559 2.4688457734181605829 0.43561877825363498618 0.67039647640569710596 4.0615044810591447444 3.1043719420760576 2.831135802264220569 2.652423029501465912 2.4477287896440609316 5.44342e-09 6.36025e-06
69585215.605749487877 5923 2.986725686420052206 0.049318653984014054759 0.1307223845209722346 3.2659991465862363569 4.4138197638111966725 5.0868534805317224823 5.1323638072554853551 5.1773966309816898956 2.22479e-09 4.72005e-06
69585215.605749487877 5234 3.0239662721254254585 0.15172668443141781869 0.023989026573296757389 5.4460059412658088362 2.4218108272292031558 0.57847622098745232755 0.50008780501557725806 0.42733446641760575169 2.35138e-09 4.80793e-06
69585215.605749487877 6863 3.1484759143862617314 0.14275923688447683668 0.017948828630824295582 1.7541373779693627544 0.52000352479126243921 2.6945841460672581569 2.6282895872775480228 2.5581866202128913379 2.72515e-09 5.05026e-06
69585215.605749487877 5146 2.7582509329593092318 0.048119773421509227929 0.13657947983704549211 0.49376017017643741847 5.3595201333423236889 5.6910209474058151002 5.7173671412027164962 5.7431644717491963092 2.55901e-09 4.94547e-06
69585215.605749487877 5492 1.8733630935960166042 0.53479661662952193701 0.57842886306006524588 4.9590191522467037544 5.9229912891842539935 2.4263322061137451158 1.9489136209478044037 1.4518943295471680166 4.51271e-09 5.97488e-06
69585215.605749487877 5047 1.6457505537224514924 0.27018343557467211502 0.050937081539240217087 4.4774236831371068135 3.342516167576055075 0.15052730213746584598 0.11419254343761020554 0.083406619414774382792 1.0218e-08 7.84583e-06
69585215.605749487877 6657 2.3230464965642219077 0.16728492959387297745 0.40350442705563277501 4.3074289454271710298 5.7560191034391579024 0.66396896696572416108 0.56668434637099251994 0.47687950029807718577 9.52311e-09 7.66378e-06
69585215.605749487877 1444 1.794421064132400323 0.31143146373595986809 0.76840632712883194522 3.4316125382474504946 4.5627349380258159783 2.2715113172319902901 2.0010299871358232515 1.7179797963034286745 1.72307e-08 9.33865e-06
69585215.605749487877 6628 3.2607482847997353304 0.13801115521507509309 0.1573350173968144361 4.6112910575129735236 3.2193048703279623091 3.1727120401236441616 3.1773481030610595255 3.1822817025625127485 2.5094e-09 4.9133e-06
69585215.605749487877 5290 3.1984673492207700285 0.079362895036134292748 0.14578512925935399602 5.6658227105605192264 1.9966876540902456227 5.9127767242560995697 5.9405214315850995987 5.9671871490108889802 2.68653e-09 5.02629e-06
69585215.605749487877 2992 1.9397781072661788304 0.26123643237505528303 0.082468763738509143213 1.552917174693859037 5.2758478753739410649 4.6045397790303272956 4.8710945772063940495 5.1290479672886064577 2.26492e-08 1.02298e-05
69585215.605749487877 6827 3.1002047661031459924 0.16329416656002018748 0.10997345093356289403 4.7870120345370876791 2.2424596150160835961 0.22930506183531126907 0.1947103148690266794 0.16311577873511384773 3.04652e-09 5.24145e-06
69585215.605749487877 5626 1.3333643241248702704 0.35346397826215603111 0.42225814781557036159 1.3284311329342655128 5.7284486158656404697 3.8031526849865100459 4.06383734474110625 4.3455338178859781451 7.93289e-09 7.21097e-06
69585215.605749487877 5938 2.0842247378166520733 0.41386881227959709806 0.76574925195249354815 1.2614163890855594197 2.987251968427367288 3.7609850247370131271 4.0640648964032308754 4.3939584526539734455 1.88863e-09 4.46923e-06
69585215.605749487877 6244 3.1696314515890624541 0.14217443146370101204 0.28120912814845550054 5.3731671647176542095 1.2965790346529120214 1.7613788445240050606 1.6193798512648873711 1.4773731781385712747 3.08558e-09 5.26376e-06
69585215.605749487877 6327 2.996848143531161579 0.15109315253730651318 0.12854927928777790114 4.3332730032417909882 0.93957611782704886227 1.163095007970327277 1.0278719691829047989 0.89850578556689741916 2.25041e-09 4.7381e-06
69585215.605749487877 6390 3.0373648444714533845 0.15026030944929494315 0.15735724331955283639 0.47577356152792227295 2.9282856664285237258 0.80609046435672904174 0.70255900116831304647 0.60546487510636415319 5.26519e-09 6.29006e-06
69585215.605749487877 4112 2.0326614589433207314 0.20909164861833315352 0.79668051660481598031 1.8090515659794832448 5.4681845848443932923 4.6533890826694443987 4.864980469992660872 5.0716425762763419627 1.99037e-08 9.79854e-06
69585215.605749487877 5511 3.2154347928511595178 0.13815794883992557618 0.22181447266893031256 0.90052078675268565355 5.5171137111267309905 5.7584820905986733308 5.8240620487906644698 5.8852884472968867158 2.90982e-09 5.16185e-06
69585215.605749487877 6186 3.2387217428067316405 0.077690143732655342346 0.26320850424244274235 0.60471434302662108173 0.23002481673204611123 1.7600001692811451104 1.6830556851486935255 1.6058545594834465753 3.14704e-09 5.29848e-06
69585215.605749487877 5195 2.7684388045843406623 0.11303827931454143996 0.17612328815964964357 1.0073650434136047771 4.7917193578316439329 2.7214787972525709137 2.6727107109701138121 2.6216299358462853419 2.26107e-09 4.74557e-06
69585215.605749487877 6935 3.4772045264933737485 0.081650248594472132901 0.44698719359991512246 2.3502086595787106127 3.4994017741903706842 3.3160353998424971778 3.3308256489762144703 3.3461845210579919119 2.603e-09 4.97365e-06
69585215.605749487877 6667 1.3742194968502072783 0.16126327398476145158 0.40736168765768587807 4.4503506858725216944 3.9910726174498574181 5.0159671160770695764 5.1669134566457106672 5.3118036545181492869 1.85586e-09 4.44323e-06
69585215.605749487877 6816 3.1256069073957277737 0.16787469965774515224 0.093678661701897744662 3.3358662064576010131 2.0248973016702387362 1.4354669601429781434 1.2702047512540528551 1.1098573014102215417 1.76213e-09 4.36713e-06
69585215.605749487877 5762 1.3829220923237408591 0.059405680775800107085 0.49747271141912535741 0.93136052425105275709 0.94571596820021586183 5.9458286732611549397 5.9649713515222000382 5.9835576474550311588 4.50081e-09 5.96963e-06
69585215.605749487877 6595 3.0511898375864809907 0.12296085091384971466 0.18947186265868318222 4.0651461032985398703 3.3168846562918496979 5.925237320662308349 5.9661123821969326286 6.0044499442812666601 2.5233e-09 4.92235e-06
69585215.605749487877 5950 1.4529016791880251525 0.19728888077134840162 0.22934448258527437292 6.0805505615485895277 4.8317492251288047811 2.8075081708267726199 2.7354176960257783335 2.6574691759882944631 1.07677e-08 7.98408e-06
69585215.605749487877 5351 2.9628292361390862197 0.20721041803230852429 0.069276825767610891726 5.0584876966315039937 1.8387928088645515423 6.0420887796271420811 6.087481141207987001 6.1277747211329467447 2.44807e-09 4.87295e-06
69585215.605749487877 2768 1.5632072076436944741 0.07018461771391279469 0.046650906019948555625 0.71344298177019060958 0.54286041051492106568 2.8045949807370647022 2.7805636842749663629 2.7557718765562735364 1.06163e-06 3.68842e-05
69585215.605749487877 5194 2.2997795973707693129 0.2946798675798475986 0.2711457660161886718 1.762019778029001893 1.9189326104353618963 3.7856319561665019435 3.9906551596922885672 4.2118599454079737043 4.75382e-09 6.07945e-06
69585215.605749487877 6928 3.2214166724450157275 0.19229752700630545204 0.21954296821683300101 3.787273574324816483 0.6716257284999817001 2.1689152149607102693 1.9996364504803354478 1.8247517228548806312 2.08658e-09 4.62021e-06
69585215.605749487877 5914 3.2036751562567773455 0.029028392057702863405 0.0751925322044556671 0.16136982406404595802 2.9706321161319708679 3.2799795496092860603 3.2840431557625451298 3.2881642939318513896 2.63408e-09 4.99337e-06
69585215.605749487877 5072 3.1136646504984324402 0.1360476992413457431 0.17872395644061478404 3.8906509766133261508 3.152261156510215212 6.2501667282523927227 6.2543904832403738325 6.2583074114534582577 2.73643e-09 5.05722e-06
69585215.605749487877 6154 3.1770113713601935146 0.081146592722898244765 0.28677388837235817665 0.75006423077640105301 2.0618638862595823902 5.5893644345001165519 5.639756240210007654 5.6884395189585825747 2.04677e-09 4.59064e-06
69585215.605749487877 5312 2.9890361487828220888 0.08058671593729190008 0.20559195370453559049 0.78100283267603409776 4.4198272392684536669 4.3549752632284830511 4.4316376636449241744 4.5090692111245642693 2.46345e-09 4.88312e-06
69585215.605749487877 6126 3.0240456559152333327 0.23135708990337849889 0.18761891734282734601 5.8265612442312137986 5.8780380448372415714 3.0224447830773981671 2.9908947551198181714 2.9561615414077366815 3.04059e-09 5.23805e-06
69585215.605749487877 6734 2.1458348419127410978 0.2062775456638699656 0.39833400873447183388 4.0682750625131411937 0.34196209596326959668 5.5144109230059514815 5.6490747155775205002 5.7712861665415164936 1.24231e-08 8.37387e-06
69585215.605749487877 6073 3.2399598047626838593 0.040843451440012813747 0.2553905029310839514 2.3930342894369571738 4.5963094095405434558 0.47282484913758615619 0.45454977305480098737 0.43661713516227557141 2.87152e-09 5.1391e-06
69585215.605749487877 5578 2.8910898001690599202 0.013388556147552889419 0.27611858304697628474 0.37301571156677443275 1.546453332002315495 4.4328827506542678449 4.4457759317185336911 4.458691453751235656 3.04211e-09 5.23892e-06
69585215.605749487877 5231 3.1532830046328035323 0.16803426515307656741 0.32635287237825510998 1.4164941596217204278 5.4304675695985249462 3.444401797560970202 3.4992893976297141378 3.5581211665269321109 1.89135e-09 4.47137e-06
69585215.605749487877 6029 1.6190893692252719127 0.38952358977883633218 0.51397261746038180874 1.9182115304376812226 1.4166261583937396207 4.2906407125116672319 4.6887919361344430058 5.0782070835858341695 1.2969e-08 8.49478e-06
69585215.605749487877 6290 1.7201742340406118714 0.2258162941313816563 0.22244061550182533948 5.5272113093437171827 5.5632729442657478103 6.2264709315772419629 6.238109308101741135 6.2482847565272576773 4.66797e-09 6.04263e-06
69585215.605749487877 5160 3.0721777130886369633 0.23848537120318724636 0.11734329177409184852 5.8926452514032963137 2.0774018312767430494 3.0242029247963753136 2.9919950813683837687 2.9564511712200349791 2.48083e-09 4.89458e-06
69585215.605749487877 5717 3.1690409777600234698 0.17276287275995619308 0.18625814633803197684 2.7010897102972588613 4.3743876167673256816 3.8384211792724203249 3.9579857227304597878 4.083874634055609576 2.31886e-09 4.78566e-06
69585215.605749487877 5643 3.3061997449085009926 0.16033794689484484608 0.015588135839382252432 3.0547065022945978363 4.0404474273951791474 0.61391924068241199297 0.52675874831398206144 0.44615139236257916888 2.47115e-09 4.88821e-06
69585215.605749487877 6842 3.1942292884817202747 0.086158751728409865844 0.15256902907212435694 2.2059616063979348155 5.4183841808134651785 1.0386314510995482419 0.96587535482214803562 0.8950057283413872522 3.94698e-09 5.71398e-06
69585215.605749487877 6572 2.9599474425842950964 0.14450604328139601829 0.20630872277502043666 6.1416469622085170244 5.5834203144803336016 0.79740926898605246631 0.69856272013457831882 0.60562832161735669079 1.66053e-09 4.28153e-06
69585215.605749487877 5131 3.5183797101041665023 0.1420517460488759931 0.3096110735373034939 0.87825554294033325586 5.5366729823354532414 6.0840424282282370427 6.1104388473531452419 6.1348559197789960251 2.25296e-09 4.73989e-06
69585215.605749487877 5534 3.2339056478813019702 0.14389748387001810581 0.12601531391454506847 1.8036988552424741972 6.1720995213116314204 5.2513456884334575037 5.3709049616876463062 5.4847136598443606559 2.18919e-09 4.69474e-06
69585215.605749487877 6119 3.1544580481112682868 0.10098413814293449864 0.14865110014353483114 5.5625836416667597817 2.0272993575220996654 0.77617253830366395029 0.70774596535285283494 0.64209388049929405629 2.96829e-09 5.19619e-06
69585215.605749487877 5525 1.9543847523119157739 0.37315900135448731856 0.39910046487679096128 0.19395043664960978647 5.8392444298395176361 3.2181807509524920086 3.2548823759028318037 3.2970670832094994829 2.22151e-09 4.71773e-06
69585215.605749487877 5240 1.7812391811309753464 0.098416715897996498441 0.47308455144898114986 3.4381792981886496463 0.328556404749130615 3.815783679526628891 3.8798178971970114226 3.946050009461413044 1.54708e-09 4.18172e-06
69585215.605749487877 6997 2.9193985211396316082 0.13468503813841364858 0.18109091275662547726 2.3220292143227343473 4.87906639460303726 2.6593685631944676828 2.5926466330076469724 2.5223695430624952785 2.77488e-09 5.0808e-06
69585215.605749487877 5957 3.2422187998654150576 0.095753787576931814751 0.16422774411063609246 0.58722997667170939717 5.9508559985035436313 5.0861352953253717857 5.173889272302125697 5.2596258192904405959 3.45473e-09 5.46581e-06
69585215.605749487877 6103 3.2901401392516866906 0.099071001145063800064 0.1201280882769106273 2.8329360789166155854 4.6890761141367303111 1.8266694809459640414 1.7294413756270372584 1.6316144837945858459 3.07621e-09 5.25842e-06
69585215.605749487877 6335 3.1100836168089389666 0.11614846112512972054 0.20541812943122875201 3.1599397211637598737 3.5557768996123271243 4.835641914417439402 4.9503520370726681321 5.0632274515424979811 2.80706e-09 5.10036e-06
69585215.605749487877 5252 3.1303279180546548233 0.20154858633330946516 0.21549427661823242208 0.94018391050124316966 5.3253101910991471613 3.00517921539873889 2.9743818871335765408 2.940837618090746286 2.42859e-09 4.85999e-06
69585215.605749487877 5034 2.8537778267438413948 0.21710005431072604276 0.13893530835020576064 5.3003725276270152733 2.8322758719113050319 5.2590170352355922745 5.4361158379931984186 5.5987982615677047704 2.20492e-09 4.70595e-06
69585215.605749487877 6874 3.2784281018293528476 0.12768653641010282995 0.27912051633317958022 5.7891396839248336903 1.555478968122316008 1.363129998091549 1.2394677582274478134 1.1187259654403953757 2.61974e-09 4.98428e-06
69585215.605749487877 5053 3.0419567075924618393 0.23236112620541443663 0.25437118319342832962 2.1634655700147829016 5.4885406216391832146 2.4792382829750274631 2.3198624669254490627 2.1496985808223842973 1.90259e-09 4.48021e-06
69585215.605749487877 3953 0.94474813112300737306 0.057396330152646321543 0.33696956380570669554 1.4214495033097178656 3.6055261994364196099 2.1378416940613083064 2.0886391192307884879 2.0387680774140028994 1.87457e-09 4.45811e-06
69585215.605749487877 6204 1.6285685876934681282 0.04479339194590001294 0.11910510725011813626 5.8715225078542063741 3.9352538691090299672 5.135380752283547956 5.175868783123450001 5.2159365718238070997 2.26769e-09 4.75019e-06
69585215.605749487877 4189 1.1097180516949858298 0.034037201071230330229 0.050258213982079302795 6.2733048459619435988 1.5099898985018314068 3.9816884071776490472 4.007333469031145512 4.0332553700884687942 2.51666e-06 4.91804e-05
69585215.605749487877 5324 2.111153215148072082 0.095898534647071848047 0.067674159396872476946 3.8429493454756125104 3.8050880345402711136 3.6658510140689699597 3.7160441274399769185 3.7681529352027856028 4.64884e-09 6.03437e-06
69585215.605749487877 5185 3.5263858290515144311 0.068543794507107777547 0.2779003395765551887 1.3772216080942980554 5.5169569497119503865 6.1940039856155166831 6.1999139048955500542 6.2056150487059520415 2.64564e-09 5.00066e-06
69585215.605749487877 5451 3.2746076189343593654 0.072057337062161677665 0.11035120171172994874 0.42628904296197595025 5.7799128525453777883 0.72434065717530493611 0.67779648921023194497 0.63261091054640683495 2.58702e-09 4.96345e-06
69585215.605749487877 6192 3.231542720838211924 0.23789217801557416276 0.34685200109390695866 0.48630366596567764503 1.5205091273119637485 2.6317145910772206108 2.5002368281277282946 2.3579101263555024559 2.79503e-09 5.09306e-06
69585215.605749487877 5257 3.2331542821649859043 0.12644532868402960646 0.20679880545435044836 2.69626196143077701 2.643868524353952143 3.1629772232256070374 3.165875843560935099 3.1689460377423102067 2.20895e-09 4.70882e-06
69585215.605749487877 5853 3.1398194888631745236 0.18302605610898886601 0.18756638524398103196 6.1257454560322823767 2.0834853402664719191 5.0927346154188040117 5.2580729731769961788 5.4145186120885755443 2.34516e-09 4.80368e-06
69585215.605749487877 5962 2.877775488009691518 0.15044860453288916302 0.21635445727202101684 1.894621689218927818 6.0525225042298425038 2.8834780929455390286 2.8418129082349938841 2.7973839635987802765 2.88829e-09 5.14909e-06
69585215.605749487877 6233 3.1527385314529277061 0.13591860795943278006 0.19592836419391693181 5.6024477971913730912 3.642179684013842067 4.2514242221236058228 4.3773873861909233796 4.5057502495806653897 2.38928e-09 4.83362e-06
69585215.605749487877 5650 1.8813296276558342246 0.2510518902289566312 0.16363538202905708596 1.7811522623350410921 5.4733400496272270885 4.5610021328893752823 4.816765654699126209 5.0664512448611356277 1.14639e-08 8.15256e-06
69585215.605749487877 6255 3.221865287938903144 0.08889965270912161821 0.20420227490515119317 1.912664053747515025 1.3087620937869686166 3.408906786700067304 3.4334903210753848768 3.4590729863487141849 2.45838e-09 4.87977e-06
69585215.605749487877 6952 3.26604406941113945 0.15861528573049912816 0.15021706042307533813 1.5300641134563381929 5.0294302339829695114 5.8393562643754481911 5.9032694354505688139 5.9620906993530997653 2.57429e-09 4.95529e-06
69585215.605749487877 5878 3.262537251270655414 0.078028744458991175503 0.087771044340748921586 1.3920955097094374064 3.6888440743788302179 4.8400077079223073895 4.917098302246968089 4.9934978155479683437 1.44428e-09 4.08696e-06
69585215.605749487877 6956 3.5166405357481225202 0.17377745430198088261 0.40149680488483024954 3.1891422016640333936 3.4635885378291684233 4.0876450885964601412 4.2370662358072497256 4.3915796028907925219 2.20649e-09 4.70707e-06
69585215.605749487877 2850 1.8314987544998559965 0.25630269322438375967 0.47213359353554074094 6.0812043575290042341 5.3845574114393945919 3.2209899844683467229 3.2447494421403866305 3.2711419381801860595 2.86233e-09 5.13362e-06
69585215.605749487877 1284 2.4342011403666132807 0.23583956965793170801 0.29476538888988979004 4.5226662630802598741 3.4496111509265325878 2.6298466267116635819 2.4992512575979257683 2.357966415845101249 3.64405e-09 5.56389e-06
69585215.605749487877 6722 2.0385788724150710749 0.39743181455467285756 0.47792151358423223817 5.8816843479351570423 5.978923769215040096 5.0052592054997298021 5.3754220591530881279 5.6886495853470515627 1.78527e-09 4.38616e-06
69585215.605749487877 6089 1.5393909549796844782 0.26234453368704108156 0.43011401519176595265 1.6268121278286713505 3.1556601736938096892 2.8878428544061072181 2.810900591860507447 2.7257179329189393791 5.81535e-09 6.50193e-06
69585215.605749487877 5211 3.1633905122647618668 0.10370471045923940201 0.22541446857304300866 3.3835075727629866371 4.1428854500454095344 2.3395277561129401711 2.2620197971778228663 2.1821187759508355875 2.07199e-09 4.60942e-06
69585215.605749487877 6295 3.2574540251145300829 0.064948854120172691551 0.24433463208640107678 5.6457578717608338792 1.0551749918231232428 4.4862971130371143147 4.5501033961445571663 4.6141988593376046524 2.30061e-09 4.77307e-06
69585215.605749487877 1410 1.661627682703107789 0.26519131977028026492 0.33973153009878409581 5.0427642758772464049 3.9352401870441591214 3.2699310690761609344 3.3098284008811464929 3.3542329015987628615 1.96181e-08 9.75145e-06
69585215.605749487877 6969 2.1856462885797389717 0.046189747215606494213 0.19579498418643906388 1.578210077854162563 0.85083512689364637627 2.070898488035867846 2.0298951461353405001 1.9884882451153667038 2.41679e-08 1.04535e-05
