90579055.441478446126 0 5.3996147178994728932 0.02336050919539622503 0.023429826557755994987 0.056557549870612462695 4.9587884422676715701 4.722846845977360708 4.746205349631429371 4.7695525031815249051 0.000954966 0.000356051
90579055.441478446126 1 9.0473923259363324689 0.084633437112807005653 0.051073748114519972041 1.2563678748083302317 4.2550471049080167418 4.4736448662559595846 4.5568117944236359307 4.640423050902781732 0.000285285 0.000238018
90579055.441478446126 5775 3.0481860747769617959 0.11492965301382818133 0.10893716767217706543 0.65485867088707050421 3.7278372238335841793 0.84796520867695635015 0.76471397058651702228 0.68514465108862188103 3.02463e-09 5.22886e-06
90579055.441478446126 6920 2.4269575980515840641 0.1251168542662345895 0.41262395473716267924 2.911415890523298966 0.28018962427381438607 5.7994166735332060014 5.854749111651134541 5.9067287646939075074 4.48089e-09 5.96081e-06
90579055.441478446126 5134 3.5347105603877961855 0.027749009022737327473 0.32444547894815545241 2.0005242405681613604 6.1576912700120027822 2.553445985946763308 2.5378677689523794214 2.5221143005353008348 2.31886e-09 4.78566e-06
90579055.441478446126 5278 3.200421448885538922 0.060587358588699180562 0.29983438245448268411 0.68319412069657370346 2.7712578164631818112 3.0629801187313430155 3.0580692881728817056 3.0530147097868192141 3.13887e-09 5.29389e-06
90579055.441478446126 5451 3.3131031165065505384 0.080609030503021719682 0.031315846367152233576 2.4407250487039862108 2.9898448729162603321 4.2012488029584460492 4.2730573707356480639 4.3460114577547681591 2.58702e-09 4.96345e-06
90579055.441478446126 5063 3.4630360363999850293 0.12996945256967734617 0.39677762947519162884 2.3007897437937145924 4.6397309830859496671 3.2427309892820836978 3.2568242006215415429 3.2717676597595231058 2.23728e-09 4.72886e-06
90579055.441478446126 5878 3.2477259498855413078 0.09401576920629348133 0.083188658632662670911 4.7285821252090887157 5.2783783290811854272 4.698618512164385308 4.7928254469927908943 4.8865372379515745749 1.44428e-09 4.08696e-06
90579055.441478446126 6255 3.2048354769334026493 0.11494308838318269272 0.2020254612683601847 5.2712010362572545574 4.2651826622736042083 2.7831941358760579064 2.7404383209189537851 2.6955551950970617625 2.45838e-09 4.87977e-06
90579055.441478446126 5548 3.1757681828282118275 0.1113056883628976701 0.29774701415355264711 1.413584570858733569 1.9080072646687280535 1.1362637842345886252 1.0373935923217108002 0.94155028059068557322 2.11518e-09 4.64123e-06
90579055.441478446126 6443 3.2082823594411769008 0.23435876387260795584 0.2790526370773596665 5.9301927420665885293 4.7174004928187258656 1.9790185177182217924 1.751071989685007102 1.5205111727888747097 1.88164e-09 4.46371e-06
90579055.441478446126 5990 3.0899024865846258514 0.070036892155732527465 0.17966591807602783071 4.7665641412536476906 3.0156281394007793395 0.12641631044550663554 0.11787243751878759279 0.10963612172558971636 2.30118e-09 4.77347e-06
90579055.441478446126 4189 1.1046099285220680741 0.033237241759458434343 0.03751974465325005198 1.7204274911709378504 2.8987224844628443066 0.91836387301824162765 0.89221139608356436757 0.86633747550807171933 2.51666e-06 4.91804e-05
90579055.441478446126 5098 3.1239387902866542213 0.063379896259471990572 0.062290997610419701624 3.689668201366341993 0.67324393627226120085 2.2914777337895153586 2.2427993552629157392 2.1931997542483121499 1.90652e-09 4.4833e-06
90579055.441478446126 5929 3.2454280570049802712 0.14445969586556348108 0.20289598971379813053 5.4700855978812432667 5.5356912171897088015 4.291432775101137409 4.4278172536559772254 4.5664670661312207756 3.18574e-09 5.32011e-06
90579055.441478446126 5467 2.95458898477323606 0.12445652766065405659 0.15076754993652222159 1.268395320054032771 5.3456574102369511792 5.065571833663447876 5.1801970138289838985 5.291281789919585421 2.43648e-09 4.86524e-06
90579055.441478446126 6282 2.8376687604363097783 0.11880711707756003159 0.072696340586716576282 4.184008237325872237 3.4279161534736739547 2.7082143986240110323 2.6552938312094043205 2.5997684932132427704 2.68214e-09 5.02355e-06
90579055.441478446126 5694 3.1200986374425778713 0.13312681260749881229 0.30713187170251088354 0.40904895314815242768 5.2818912580370867005 5.2219310572411581362 5.3348589938829311663 5.4430166494451333037 1.21025e-09 3.85309e-06
90579055.441478446126 6392 2.9692151955283225817 0.17741719486849816256 0.2057907550400868979 5.7166695272191061505 3.9088543472991768013 1.0092348433981574995 0.86499451284076689372 0.72996375760341225547 2.75286e-09 5.06732e-06
90579055.441478446126 6484 3.1124252653851880446 0.13373400899392726138 0.26591868431373361092 0.085498961439569823306 4.7280076324480306837 3.2436224387265584213 3.2582845510628479779 3.273854833357677574 1.88476e-09 4.46618e-06
90579055.441478446126 923 1.9932068419361101963 0.36128045794823171466 0.34451998721135818071 5.6438150653755645436 0.54252623698127577789 4.4088976437296087951 4.7824289226610874337 5.142823595271083903 2.53731e-09 4.93145e-06
90579055.441478446126 6739 3.1973224351207139016 0.20032313456043157607 0.18837012325928065293 2.2968036229436963325 2.2323892378943699377 1.6291208085632007396 1.426587179064933153 1.2283434249667770644 1.84353e-09 4.43337e-06
90579055.441478446126 5885 3.5077797823567578028 0.074880161047185284096 0.24993519255775872856 3.166629003718408164 1.5787754848042638844 1.183971310244027686 1.1155217268706585365 1.0482688352162030654 2.25928e-09 4.74432e-06
90579055.441478446126 5405 3.1700105904454596306 0.065620829914255884852 0.15801242473800805599 0.038132735495478298215 0.067730117433742187405 0.22077665256341902356 0.20683795666526025303 0.19336165049425946272 2.93677e-09 5.17774e-06
90579055.441478446126 6764 3.2826452620340038635 0.015113859629714017363 0.25106247090065880734 3.8081193840358906755 3.0372268605440346789 0.1953278068391743616 0.19241580932647583957 0.18952557572411193876 2.4069e-09 4.84547e-06
90579055.441478446126 6362 3.0077301741755935183 0.089348684290140728548 0.24898304270692406259 1.2720354391711805597 2.038166755548236786 2.9040237386316682944 2.8819967719757988434 2.859061858656355426 2.92709e-09 5.17204e-06
90579055.441478446126 6775 1.5364159699986812413 0.06824970283346941391 0.23854121897127084084 4.294231149212695442 1.2767495802881385636 4.1254579497626533424 4.1834329919791146679 4.2423553070563064793 6.39874e-09 6.71246e-06
90579055.441478446126 6055 3.2523281829998649251 0.081371413491270236373 0.034518604905398875271 4.1207106467476846134 3.3944530492050941639 4.3913976756581689642 4.4697085199921327003 4.5486955341054118307 3.0525e-09 5.24488e-06
90579055.441478446126 6498 3.2310982571539978991 0.04393058314510604051 0.13405453695939345549 0.89604232545464812532 3.1212129381540822948 0.08944539449678423626 0.085603446015897602384 0.081847427956783250225 2.50157e-09 4.90818e-06
90579055.441478446126 6313 3.2561934450158025456 0.071101727270602613218 0.32366977694013798761 3.5264140070074798672 1.2298113697686161583 5.0428937678000966827 5.1094390326535803482 5.1750094542687037347 2.33149e-09 4.79433e-06
90579055.441478446126 6300 3.2464395148884239717 0.1049989748851859056 0.2144426217832742787 0.39357869566645709014 4.5730961736036102039 5.9362625169602161179 5.9703696281180675953 6.0026818960303991446 3.26125e-09 5.36181e-06
90579055.441478446126 5323 2.8310481317517974809 0.15375413425906242493 0.17861747837063229882 5.3653144161766626041 3.8275411035039148544 4.270610275015361168 4.414964402299296431 4.5619678704596848817 2.25995e-09 4.74478e-06
90579055.441478446126 4755 1.8612385183364370533 0.082285718526157111685 0.060412422918287356222 0.016550286241267437443 5.2821083157938888419 2.7101090831831595729 2.6743003614289251324 2.6372330708778086716 2.45943e-07 2.26531e-05
90579055.441478446126 3800 2.0214071808393105911 0.27488133815529425252 0.35412765712738508705 3.8098483420158455459 2.4103563606864000235 4.0826468681965213392 4.3282973864172227252 4.5831506532320513969 2.3176e-08 1.03085e-05
90579055.441478446126 6956 3.5048161358649121411 0.13821970736203148533 0.43574076836987785111 1.23707257032443807 0.44670141030643889524 5.6911352473627196957 5.7643868741166519598 5.8329213242109512194 2.20649e-09 4.70707e-06
90579055.441478446126 6197 2.1338234941003015877 0.35245309522741857799 0.26606627359588924664 3.93967405691343453 2.2332336290625720565 3.0111024186039321293 2.9532994804340630957 2.8873264255871631256 8.02678e-09 7.23931e-06
90579055.441478446126 5080 3.2198959752467271045 0.12721223461825897916 0.23404081414203289913 5.5283414367535872458 1.7962570897811036552 1.4207046440329091919 1.2957670153494760257 1.1733357678961491288 2.57476e-09 4.95559e-06
90579055.441478446126 6233 3.1670491070149848767 0.1326522680537133847 0.19980164584351564616 4.7834221049650045288 2.8460046433503238816 1.1735322131045629046 1.0538977981400170503 0.93857574465147775022 2.38928e-09 4.83362e-06
90579055.441478446126 5489 3.2192778176380518751 0.11155836629369531021 0.30642435666316758525 3.2080726124827116941 0.6024860572969957806 4.6469592009391300635 4.7589203100738739494 4.870357927041630397 1.80848e-09 4.40509e-06
90579055.441478446126 6756 3.1756955448965258348 0.10277546556097662267 0.26597486272511516869 2.4500549822597017524 5.3655825217173891417 4.3607612806551214746 4.4591727521759176867 4.5586708832920557199 2.22448e-09 4.71983e-06
90579055.441478446126 5116 2.7457895320502609948 0.19997027591925897738 0.089256496897691800507 4.3753706279960216108 0.066585254268219692952 3.1094821065753919243 3.1022683324537965177 3.094406663688532344 2.56354e-09 4.94838e-06
90579055.441478446126 6951 2.9727531117509564673 0.023748199545631430013 0.022427495984566048898 5.8574025130461562227 5.9725760948188542088 0.82561895674166718706 0.8083022246357560725 0.7911295330287256844 2.54062e-09 4.9336e-06
90579055.441478446126 6295 3.2668899715563894937 0.030765703838930479053 0.25599642325916160956 4.7055986176324946513 3.0918008913358181466 3.3958758894264633454 3.4037338675040116343 3.4117067753073651026 2.30061e-09 4.77307e-06
90579055.441478446126 5923 3.0029243521329087585 0.039805851162214529737 0.22961859244331658814 5.7198093883541547555 2.3346819681815476066 5.6362940916476391706 5.659918471035993548 5.6831527826494347977 2.22479e-09 4.72005e-06
90579055.441478446126 5234 3.0184979852384881127 0.2292799267433129895 0.11699936302918702291 5.9592945229675047258 2.5586648614420992587 2.7729501360328949744 2.6791041610429764397 2.5768048343372766951 2.35138e-09 4.80793e-06
90579055.441478446126 6863 3.1455044254775650359 0.14143061519892266564 0.019491044900957224528 2.1943991308601416002 5.5142869802639680188 2.8976337104115179599 2.8607598931803726039 2.8215615663443558425 2.72515e-09 5.05026e-06
90579055.441478446126 5146 2.7786923137290888697 0.08552287126441217302 0.076461794381471326343 4.1101985536261915755 4.2307800366399810343 5.893400986260557417 5.9247148513099707756 5.9547198944133530318 2.55901e-09 4.94547e-06
90579055.441478446126 6969 1.8230912895497948245 0.44250828129904873354 0.20290176797720560486 5.1419032970429432439 4.5322272731449047001 1.5153179434565864359 1.063252222643850331 0.67652618704471145783 2.41679e-08 1.04535e-05
90579055.441478446126 5853 3.1352298616007665544 0.20167441913261088815 0.17304525317207228308 0.69793533564482190812 5.143438144007165036 3.0230305786306663762 2.9962167197516356154 2.9670012743659262 2.34516e-09 4.80368e-06
90579055.441478446126 6657 2.2408437427610619075 0.17394184180623212255 0.21262063685989668338 3.1428005587854612735 0.01340409207279507145 5.6315734541162711935 5.7308675802735056237 5.8221282100517051106 9.52311e-09 7.66378e-06
90579055.441478446126 5962 2.8330388041649441355 0.23763965835895659029 0.17237097638315421189 3.1989119305682911509 4.6774073155081214992 2.4749943107366725314 2.3106920207347645402 2.1351858919366888401 2.88829e-09 5.14909e-06
90579055.441478446126 6628 3.2478945367614446837 0.11522678478860798323 0.19795315385032927202 2.9405930728630917947 2.6934868493269710221 4.4432464496030874557 4.556315362418508208 4.6701415905430625486 2.5094e-09 4.9133e-06
90579055.441478446126 5290 3.2137408768740312048 0.061487521600398227506 0.17633974072884425754 6.2116402297736028615 3.7271968545723144217 0.3445795389298473288 0.32437523015139829718 0.30477813263674330413 2.68653e-09 5.02629e-06
90579055.441478446126 5185 3.5375539031605556239 0.020624887405477944358 0.26528609801615549157 0.11759794198315257074 1.631626508127953068 5.5280528404298276968 5.5420847221816629258 5.5560085888356987027 2.64564e-09 5.00066e-06
90579055.441478446126 6827 3.0918316727223018603 0.15996529972170819844 0.14435423820722903532 1.2690294916944242498 3.6044904599323626115 3.3486699820438068365 3.3845990409398618581 3.4230901738588417338 3.04652e-09 5.24145e-06
90579055.441478446126 5324 2.0713559043912566082 0.11866641571763762719 0.15587291156787358437 2.2808139676853356193 2.1301358234541147851 3.9167141687847446541 4.0036989605047317298 4.0937922968815625424 4.64884e-09 6.03437e-06
90579055.441478446126 1410 1.8382042611124442821 0.31421175616206803438 0.078903901687503122386 3.5407752227485431717 3.0152495370592742319 0.83580732051609651911 0.62081690260201538578 0.43803997870869815223 1.96181e-08 9.75145e-06
90579055.441478446126 6244 3.1794630119088749254 0.07018491023471233603 0.3209717877533395658 5.3603371326774311711 1.5845221804939473298 1.5738251495280111136 1.5035753423971436327 1.4335489433600778764 3.08558e-09 5.26376e-06
90579055.441478446126 6327 3.007295720616481649 0.17308354084372470916 0.15587146992301359472 1.2957483578398774071 2.4737223603198543742 1.9950257735481178312 1.8305402090005673532 1.6632626189123553839 2.25041e-09 4.7381e-06
90579055.441478446126 5650 1.5686764312571819247 0.46358178894499851852 0.27921486801617168005 4.9751582927744921747 3.2611820915618210392 0.65571840691146743296 0.40615867366779745407 0.22300518790801013291 1.14639e-08 8.15256e-06
90579055.441478446126 4112 1.7773252511090946726 0.42530332622736344295 0.83932397174363437831 0.65130299422058346437 4.4295481817791797496 2.4609216478085298441 2.1241658182029370394 1.7623354001600448626 1.99037e-08 9.79854e-06
90579055.441478446126 5511 3.2262389195819443088 0.09731439156745062824 0.14588202441615621963 2.4065675706482392293 1.2259434629922134619 1.9367474412394733996 1.84410902367916818 1.7504067467835886518 2.90982e-09 5.16185e-06
90579055.441478446126 6186 3.2449759287244126504 0.03700975409849038833 0.21591543882779520858 4.3881828849201189868 1.1789253565272992397 5.5844345115474869345 5.6079157335036278198 5.6310508176925093693 3.14704e-09 5.29848e-06
90579055.441478446126 5195 2.741719492403682068 0.060671249914652940205 0.019613634116220104303 0.18382395945093116252 3.5280799884897069418 2.1269029660295810658 2.0744981852605968164 2.0213621961431726959 2.26107e-09 4.74557e-06
90579055.441478446126 3953 1.1993948490226757908 0.11644065677070984666 0.32840385945690309111 3.4262003657632162934 5.7191153728333761208 3.4457849814656071885 3.4828420700352933359 3.5218106503801434037 1.87457e-09 4.45811e-06
90579055.441478446126 6667 1.5205685722150361627 0.07649920021232486933 0.37267791812392669915 4.3061441994134534994 5.5931791014604641532 4.2440156127815669151 4.3135512009435386105 4.3840462055095787974 1.85586e-09 4.44323e-06
90579055.441478446126 6816 3.1396520590476835189 0.13890042180247474946 0.13601257270313643621 4.8984877047950678985 2.7007523982505734494 0.97649066638013115593 0.86530970905139437122 0.75956535730558405461 1.76213e-09 4.36713e-06
90579055.441478446126 5762 1.2357612454166073679 0.35079962562572436502 0.30896380704588422006 2.1877219514723944549 4.8674019539692032765 1.5487040226316419744 1.191762871486266917 0.86586205158628160028 4.50081e-09 5.96963e-06
90579055.441478446126 6595 3.0308756202959425963 0.061805503580150501775 0.2657324236038369758 5.5482931067990346463 5.1354570525260267999 4.2894942130825040039 4.3466187069348531935 4.4043356859396158853 2.5233e-09 4.92235e-06
90579055.441478446126 5950 1.8306550295585028998 0.22380396088520956854 0.19775243727728861187 3.1587254461932574578 5.0232272685963943459 2.8205301193171123941 2.7404183375540340784 2.6530229601521346794 1.07677e-08 7.98408e-06
90579055.441478446126 5351 2.9772237077180427889 0.13497149166799871089 0.090864179455789631512 1.7754080743100502104 3.7352985761288404198 5.3322888259798322252 5.4383703367845903642 5.5393085359509832699 2.44807e-09 4.87295e-06
90579055.441478446126 2768 1.5713714919018206828 0.092620624416684227409 0.054629811579551323941 1.5710190042449543313 4.4616293616049214066 6.0559954494599779196 6.0759971738650211392 6.0950500686724371491 1.06163e-06 3.68842e-05
90579055.441478446126 5194 1.8074896388702217376 0.55337130608739493187 0.31121250482546441996 0.23424559285107937612 0.19536021422814814352 4.7657382794233784651 5.3425886397420461194 5.7896627763534196376 4.75382e-09 6.07945e-06
90579055.441478446126 6928 3.2052555234276494112 0.35028927784026725467 0.21790190900572392607 3.8157074926101999246 4.5713095278151785195 2.2213154896185351994 1.9008073287918638705 1.5694200883145033032 2.08658e-09 4.62021e-06
90579055.441478446126 5914 3.2166985860965424671 0.065180470988746450067 0.05758507029576898778 4.4697127194166199615 0.42774436976689300671 1.8483021633152756369 1.7850038652042299336 1.7213130836424745951 2.63408e-09 4.99337e-06
90579055.441478446126 5072 3.1118131949372984657 0.087809528693349694906 0.2386859433398982322 5.917966397879184548 1.4454329543597972396 5.0746128443984250822 5.1555764004338016093 5.2349025997669720311 2.73643e-09 5.05722e-06
90579055.441478446126 6154 3.1526585098032628984 0.1080183946449361776 0.23900330180962364723 4.7363737582031681939 6.1978063202878566074 4.5820873114877791465 4.6901603268884208831 4.7981520359837155354 2.04677e-09 4.59064e-06
90579055.441478446126 5312 2.9941941077802756155 0.095555701747964960635 0.16060833491399148509 4.6069333251968025422 5.0414418084009238186 4.7678166787837916729 4.8631192050795588599 4.9575914667458702567 2.46345e-09 4.88312e-06
90579055.441478446126 6126 3.0298616900993691203 0.23552766510529996036 0.17866583387863460564 4.1284733884289863681 2.8001106091712117951 1.7281594006860843127 1.4888709261985213494 1.2541332230150623595 3.04059e-09 5.23805e-06
90579055.441478446126 6952 3.2802577425780161668 0.13464716351055316945 0.092393554087373722106 3.4405200343041806299 5.6116828108106329154 2.8722087026422551403 2.833704371745050743 2.7928999665635405592 2.57429e-09 4.95529e-06
90579055.441478446126 6073 3.2135521140019429609 0.010402546694990738932 0.27796933395830331071 0.65493427816830951382 4.3441123661513332266 4.7276047053336593962 4.7380054123866912619 4.748404546184484154 2.87152e-09 5.1391e-06
90579055.441478446126 5578 2.9045670317333374122 0.22285031929362975056 0.1927874598205804868 3.1879446072175539051 4.9257715569658664378 6.1884243531275915373 6.2076215492139077412 6.2244449362076936794 3.04211e-09 5.23892e-06
90579055.441478446126 5231 3.1561779917664809503 0.15636344594500997673 0.31259629013820400267 5.9122068549150936789 4.8091729312908464422 5.1642133496223081579 5.3008436081962493347 5.4309066398786089991 1.89135e-09 4.47137e-06
90579055.441478446126 6029 1.79761070800911682 0.295549308373324493 0.52719072965397562047 0.44304123236523867968 4.9972224894070382817 3.5926022531369219415 3.7448205591956846838 3.9124867554537843262 1.2969e-08 8.49478e-06
90579055.441478446126 6192 3.223699251939578847 0.21510442131830764811 0.28847871696998927948 1.8714980658613205033 1.2265882491259147979 4.3013208088509848892 4.5091604229033794837 4.7198380072128918172 2.79503e-09 5.09306e-06
90579055.441478446126 5211 3.1195862516883590132 0.093415270878117684372 0.29589551462929153391 0.59253881269634378626 3.8122150503081466688 3.3893293478473647262 3.4133760897986435978 3.438453403899289107 2.07199e-09 4.60942e-06
90579055.441478446126 5717 3.130081350318158151 0.082104000941897639643 0.14441004010995295292 3.2448220316970228794 3.1531788838832350841 4.4342755474244892611 4.5142186103954795584 4.5947157070206987584 2.31886e-09 4.78566e-06
90579055.441478446126 5643 3.3271962238452141847 0.06988360421450469373 0.075636949016361934572 0.0039256633115978632059 1.6551124287805638602 0.038467570145045745789 0.035867584834847719699 0.033361566138120288261 2.47115e-09 4.88821e-06
90579055.441478446126 6842 3.1858915706218131625 0.064372967654226287415 0.16820918160864928304 5.3497950595509538019 0.38621004844285677926 1.4703204567085572663 1.4064339431579748751 1.3429285374048030022 3.94698e-09 5.71398e-06
90579055.441478446126 6572 2.9630086516302944766 0.10997982321960850238 0.20091397518941883638 6.0457601766438218149 2.0449236269979675917 4.2506684290851115549 4.351833096128334688 4.4547413107903812701 1.66053e-09 4.28153e-06
90579055.441478446126 5131 3.5119874605056948802 0.11185930207928868052 0.28991382365986662073 0.60113798773828142075 5.597984227687598846 4.4329212656935812475 4.542365271188786302 4.65261164663677107 2.25296e-09 4.73989e-06
90579055.441478446126 5534 3.2443883093497420944 0.1205775600611643239 0.10619088552885962151 4.6749491747583915568 4.8569828413574338555 3.2566086533778881851 3.2713850647028950291 3.2869912136330432517 2.18919e-09 4.69474e-06
90579055.441478446126 6119 3.137994932997126174 0.10825558598173079528 0.23046860837074376049 0.022634365689707929697 5.732501257049408494 2.6796377814179188626 2.628785335163897674 2.5756723958844349731 2.96829e-09 5.19619e-06
90579055.441478446126 5257 3.2210703573613077566 0.13328821187167871898 0.26273719673957401932 5.4266688581006885528 0.29375501469806281074 2.5187518673041835449 2.4362065900910621075 2.3497921353688164814 2.20895e-09 4.70882e-06
90579055.441478446126 5240 1.6761744095593882342 0.15457539525660868307 0.32814506033609869284 5.7201884964789853072 2.7758323913610132294 3.9831122834894756579 4.1052532768123271012 4.2322038099966725611 1.54708e-09 4.18172e-06
90579055.441478446126 2850 1.660196378940082429 0.15221701895732031584 0.60084271509953901536 2.0409250398126106418 3.6153696760235662921 5.0483042903480903618 5.1890651251237898123 5.3243137377874214522 2.86233e-09 5.13362e-06
90579055.441478446126 5957 3.2203542957785851186 0.057201063068415339274 0.090192972439306934307 1.7440737185187142888 0.89863009799479742767 0.33007533409520856127 0.31201014947477095918 0.29445100462752782366 3.45473e-09 5.46581e-06
90579055.441478446126 6103 3.2862060327078186361 0.060860394332645700866 0.17199196015566031726 0.77226496406838185393 0.90573409741761234937 3.6563646655650701156 3.6871705810089574484 3.7187517824541949096 3.07621e-09 5.25842e-06
90579055.441478446126 6335 3.0949875225557517133 0.057112300974482194116 0.21226696381789864065 2.9610340296010768668 3.9520245925709391877 4.330902812995545581 4.384510428243802771 4.4385802229913968731 2.80706e-09 5.10036e-06
90579055.441478446126 5252 3.1253998348699916221 0.12544231636143010622 0.20062363152738901806 0.4947877092908200547 4.475652937602033532 5.5092896074754129643 5.5934691782349963418 5.673290409965443537 2.42859e-09 4.85999e-06
90579055.441478446126 5034 2.834045561060351659 0.22255352894934180008 0.11981849798937159457 1.983424314886327533 5.3177284385760597019 3.5820498896443648817 3.6889461242063150692 3.80476947253269282 2.20492e-09 4.70595e-06
90579055.441478446126 6874 3.2900866625771709728 0.08109218411579657837 0.27186177678853895578 1.2752586194024717603 4.9389639931042994547 3.44089607597094993 3.465811590643181006 3.4916450072067890531 2.61974e-09 4.98428e-06
