86340862.422997951508 0 5.3997073036167817506 0.028488922027196744713 0.021153878479291059189 1.1458957226686181663 2.7740870023984744996 4.3509084427638535786 4.3776950319755654206 4.4046031289529157249 0.000954966 0.000356051
86340862.422997951508 1 9.0422839146304170299 0.076538003478806085345 0.05387186027535109667 0.042313287521316550466 4.8390262945822017926 3.1818910919773997215 3.1851021087329685066 3.1884311849661681748 0.000285285 0.000238018
86340862.422997951508 5775 3.0480556016591378032 0.14955192503093497902 0.094859237092215831222 3.7763773468914605402 0.34964099479538579551 3.9683246674520704644 4.0847816773117617828 4.2058342156476840046 3.02463e-09 5.22886e-06
86340862.422997951508 6920 2.4254568539202860933 0.26214650785169296698 0.43747564490458989983 0.21176633455981724863 4.6259669517711996534 1.8273253662611677051 1.5617743329544155895 1.2996384939178036166 4.48089e-09 5.96081e-06
86340862.422997951508 5134 3.5439808221066528837 0.059089288354046323737 0.35374896039282771598 0.63960076138999577555 2.2448224258633540096 4.6539687724023339754 4.7130937171074362979 4.7721829907880222166 2.31886e-09 4.78566e-06
86340862.422997951508 5278 3.2116186918090003921 0.037237826147300499835 0.27123478483637419867 5.2226414528522839831 2.6359547241077789792 4.48816336131443272 4.524628583847329466 4.5612119455562316617 3.13887e-09 5.29389e-06
86340862.422997951508 5451 3.2975349394806356962 0.07493428204496534184 0.055406306641112457179 0.21604631555630629536 6.0028354987341909776 3.0679309683044957424 3.062193748883728972 3.0562502983301302883 2.58702e-09 4.96345e-06
86340862.422997951508 5063 3.4537552773433475295 0.11906440681824211059 0.43562143278193404816 0.50771369851880632229 5.0685325009684252251 1.865202516368329011 1.7489678967771995488 1.6317883520195102243 2.23728e-09 4.72886e-06
86340862.422997951508 5878 3.2411982891298998233 0.10281070766122531179 0.091318269302949867106 1.7607580578425927609 2.950260444240628388 3.263174541177583432 3.2763507456650331484 3.290163425944962583 1.44428e-09 4.08696e-06
86340862.422997951508 6255 3.2000796983482335811 0.10784523752895210091 0.21140714736150445496 1.8852490432576054502 3.020760936047310885 0.77423432265808622699 0.70145900752422729596 0.63186292637949958984 2.45838e-09 4.87977e-06
86340862.422997951508 5548 3.1813373242031013355 0.060550105971098687474 0.28795507926781616082 4.8499276066765322213 2.6869265853014883128 5.2505607002954146623 5.3017924953812460842 5.3521261268237498854 2.11518e-09 4.64123e-06
86340862.422997951508 6443 3.2059294682095798024 0.23608981308102408581 0.26473995324805993379 0.19016015712070963306 4.23264379954402159 3.2322174876237776964 3.256823178673187158 3.2839677673048850437 1.88164e-09 4.46371e-06
86340862.422997951508 5990 3.0807908018802097061 0.065812689974535973358 0.17096397418610936869 3.1342823197094378251 2.4988632244734012566 3.3622097971024911267 3.3771058861611709112 3.3924627561868425651 2.30118e-09 4.77347e-06
86340862.422997951508 1284 2.5060651778780709265 0.43432871506836034925 0.62476448155028230236 4.8372144310120788191 2.324134132250590401 0.83527336748454750204 0.54354632560642246464 0.31892260408621098122 3.64405e-09 5.56389e-06
86340862.422997951508 5098 3.1229463606500584838 0.049710364367628469273 0.077319783445852774406 3.2948764289411767159 4.9083021400811643886 4.2936849707836479695 4.3395854350308962211 4.3858811883899431194 1.90652e-09 4.4833e-06
86340862.422997951508 5929 3.2511505860084275454 0.1162693587869879086 0.19231651478043906844 0.74629200731545930481 1.108560730469760669 4.6094744450630908972 4.7260894472514145548 4.8423478941674309439 3.18574e-09 5.32011e-06
86340862.422997951508 5467 2.9480326084318071445 0.1338092704244091824 0.17400631276204914233 3.4098522080154047842 1.2419602204358972664 3.122735318895200507 3.1200182117179071639 3.1171315753373418644 2.43648e-09 4.86524e-06
86340862.422997951508 6282 2.8408117192807353923 0.13050945708384428801 0.091057650984994284449 1.6206089814084907452 0.56420724472586847309 2.9520641652842360969 2.9256740534220835315 2.8977130823475247823 2.68214e-09 5.02355e-06
86340862.422997951508 5694 3.1143996701857838971 0.11057266930022953411 0.27205762003722600006 5.9576911159566172671 4.8736519142993435239 2.6675791759175573326 2.6143367262008356811 2.5587005578020880492 1.21025e-09 3.85309e-06
86340862.422997951508 6392 2.9659685326359745972 0.19628076147253845085 0.17666910508341010511 3.6913512297622350644 6.0973973062058055561 3.4237506028252884249 3.4847243041455326917 3.5507605776444597367 2.75286e-09 5.06732e-06
86340862.422997951508 6484 3.113393587533575424 0.13421395465587565576 0.2363633653175529481 6.2791698746039781298 3.5626877785095167894 0.26727203916799974204 0.2338417774782590719 0.20274219749577315763 1.88476e-09 4.46618e-06
86340862.422997951508 923 1.9572787072419208787 0.35756843432166190988 0.384344482474758109 5.2478919948919564575 5.7178139477351734854 3.9189757414148602699 4.2155323436654228431 4.5298654738738521885 2.53731e-09 4.93145e-06
86340862.422997951508 6739 3.1955799963467050873 0.20199259569894495447 0.22390801617967306947 5.7991240549983444907 3.1464499651229078658 4.7460038397364137097 4.9485917117520301645 5.1449756983099828034 1.84353e-09 4.43337e-06
86340862.422997951508 5885 3.5245258197511231124 0.039926776220065990364 0.27831436031475964565 0.047511626009132681969 5.4769078555998511604 2.5942022807908933224 2.5730537998480200734 2.5515571703219657174 2.25928e-09 4.74432e-06
86340862.422997951508 5405 3.1643792616307133692 0.079108423053459664409 0.11541942136608659975 4.0206419841816032346 0.3030205273193775084 3.1202135356063753768 3.1184498892515621904 3.1166192650797945873 2.93677e-09 5.17774e-06
86340862.422997951508 6764 3.290811019572749796 0.015545278961025791112 0.29055978273902072218 2.056217198726260964 1.8997731564742657007 5.0241707596025175775 5.03893200552040188 5.0536558237038855523 2.4069e-09 4.84547e-06
86340862.422997951508 6362 3.0028423306487175282 0.054657921498256691051 0.24386354268089749375 6.18873685902482773 3.4162634877247670673 2.7545544494318230377 2.7333728481840688929 2.7116749627507776843 2.92709e-09 5.17204e-06
86340862.422997951508 6775 1.5933823467965453347 0.073231606658448841762 0.25450569961541485986 4.4545118971342319014 4.9798122830728841492 1.8966080786252887957 1.8263397726815286948 1.7554862840128488966 6.39874e-09 6.71246e-06
86340862.422997951508 6055 3.2455619581117640671 0.085430110580874116244 0.04745420512214135883 6.1735697172471608596 5.2191275616558066019 5.6124668938489703507 5.6639263029242927772 5.7135126660861237369 3.0525e-09 5.24488e-06
86340862.422997951508 6498 3.229694368543883698 0.030417656545002235563 0.15095499323990535512 1.3389039868624912355 4.7989746493958396201 3.660750863792984422 3.6760478060440440196 3.6915417161532371182 2.50157e-09 4.90818e-06
86340862.422997951508 6313 3.2421422042991414614 0.10362366659486244025 0.34371845492303954028 0.34841700184028484566 1.4345021925882710523 5.828274507255772896 5.8718853123451797416 5.9133141830704616382 2.33149e-09 4.79433e-06
86340862.422997951508 6300 3.2386620489401996004 0.045048239323616914853 0.2264087622067420813 1.7106998265116895031 3.5909246875661433585 3.3730448342252574712 3.3836155207162330605 3.394412098279781187 3.26125e-09 5.36181e-06
86340862.422997951508 5323 2.8305802957125920649 0.17078384996269194152 0.15581948802319228742 0.86476400929132113404 1.4597892083012162789 3.4702222861972389367 3.5306534595145082633 3.5954351174905321287 2.25995e-09 4.74478e-06
86340862.422997951508 4755 1.8607766056843031421 0.062430923462912492339 0.060945117800105842731 5.7447852893887825232 5.5366968387291457532 1.4868243500327491535 1.4247353923849450652 1.3629692301470583971 2.45943e-07 2.26531e-05
86340862.422997951508 3800 1.7687877949185450976 0.32782888900627055184 0.46047441670429395399 3.8197810159028522392 0.57669504776732383178 2.9322857995822539934 2.8484503601646609106 2.75372030419983993 2.3176e-08 1.03085e-05
86340862.422997951508 6956 3.5222336364007706955 0.12483481317553378476 0.41684206738780277268 3.1135629544534406676 3.8334782973112888627 2.4326657867568703963 2.3470545357696406263 2.257979893221270018 2.20649e-09 4.70707e-06
86340862.422997951508 6197 2.0453494745005054156 0.27639913407293492664 0.36561627014674574765 4.014932004535346266 5.7573174302721676909 3.5498311393569359495 3.678190725257258098 3.819490152458527632 8.02678e-09 7.23931e-06
86340862.422997951508 5080 3.2201684061389186375 0.14243617037421055227 0.24296798320379753289 1.7347005893296929546 2.3289684198969218265 5.398342541716475651 5.5042223590989447501 5.6042897207532904602 2.57476e-09 4.95559e-06
86340862.422997951508 6233 3.1578488750615827385 0.12194753186267877354 0.22083750009343863785 1.684851153995614137 5.7051870795983639084 3.8255225228656257741 3.9066699301864602489 3.9911299057165612325 2.38928e-09 4.83362e-06
86340862.422997951508 5489 3.2155537424324913687 0.12511496631394333767 0.33721782639858960406 3.2331965431861657834 5.9030423219090124576 2.3638603565407110274 2.2716619407062776936 2.1760385416350942478 1.80848e-09 4.40509e-06
86340862.422997951508 6756 3.1822125330049622072 0.098271457367363451718 0.31121235890191628615 1.6326485457338897334 2.1216219273907857001 1.7293693959127638404 1.6314113680255191152 1.5333203890587752127 2.22448e-09 4.71983e-06
86340862.422997951508 5116 2.761018872572118088 0.20769614665547952992 0.099803700081557769619 1.3241707371374749069 2.7832826627926028351 2.8410523220150265544 2.7719873351334514133 2.6969576356396771644 2.56354e-09 4.94838e-06
86340862.422997951508 6951 2.9758566782914241955 0.037509121742047325798 0.033432015248586272049 1.5347044106660894247 1.8082405281647058182 3.3312893048031146925 3.3384973260345249813 3.3458354139452493037 2.54062e-09 4.9336e-06
86340862.422997951508 6295 3.2593560433507482443 0.026560400355186319227 0.25965915637334574528 2.815419468463182362 2.3673717681942543223 4.3570393075164037811 4.3820590601156874655 4.4071834826163680532 2.30061e-09 4.77307e-06
86340862.422997951508 5923 3.001836800998030963 0.07766823512067452806 0.18677477139751783031 0.14585096218321461081 2.1920532937536418849 2.8721746455563250677 2.8506647795730515327 2.8283863273644898051 2.22479e-09 4.72005e-06
86340862.422997951508 5234 3.0291624145417532787 0.13080459794283383346 0.083696848268643958546 2.6416890774434222955 5.4833241900518050471 3.5469660472190973621 3.60208700068441523 3.6602153885543708967 2.35138e-09 4.80793e-06
86340862.422997951508 6863 3.1418870532525637884 0.14577602129239997097 0.051458868854819671268 2.4485323564912535588 5.1375488895630763153 1.4162588981242947295 1.2733057623800922986 1.1339329427254725147 2.72515e-09 5.05026e-06
86340862.422997951508 5146 2.7829819323666660225 0.069027074793415701959 0.078087999807596328306 3.8984761998240604619 0.60166410610776233092 3.9445163201744870562 3.9954446296413892448 4.0474784165324102503 2.55901e-09 4.94547e-06
86340862.422997951508 6969 1.8944209195423740155 0.48256809098630776278 0.065688998389030903158 3.044596846536336443 0.53560320906986436107 4.5301805335020555177 5.0489504313410558112 5.5044444264138077116 2.41679e-08 1.04535e-05
86340862.422997951508 5853 3.1324921241494543267 0.1859434575124951361 0.14955440053186386251 3.4074534110027032696 2.5103822866095888422 3.4638697485836420498 3.5290594585996339916 3.5993171197851623333 2.34516e-09 4.80368e-06
86340862.422997951508 6657 2.1792781772905311932 0.15602112376297444518 0.23753043771783857729 6.0626645934205685151 3.2796123993636800975 1.558279439399191002 1.401783628395246728 1.2479855996153277342 9.52311e-09 7.66378e-06
86340862.422997951508 5962 2.8393180677166185433 0.13677141738279371963 0.16851330584498142029 4.4446817856929250468 1.9013029919644379717 2.3735074737611712159 2.2731566547991275407 2.1687563658085426965 2.88829e-09 5.14909e-06
86340862.422997951508 6628 3.2416859140245972704 0.11471651045097004673 0.19852345922824360391 6.1567492173670057554 1.3747939604378931477 3.8064058726602847393 3.8807445221893765996 3.9580246015804063653 2.5094e-09 4.9133e-06
86340862.422997951508 5290 3.2130773238959355886 0.081026369499735920177 0.16200691967701541518 2.2119283168363805814 1.1527649778714235129 3.7300224055923374422 3.7766358782013011997 3.8247017182429763338 2.68653e-09 5.02629e-06
86340862.422997951508 2992 2.1829360103988753039 0.32590534227276313217 0.53743170316909449902 1.1157049065133719523 6.1247678942559797832 3.1172207880100275545 3.1074133029759645197 3.0962762387494771055 2.26492e-08 1.02298e-05
86340862.422997951508 6827 3.096039115518717022 0.10307014292267155375 0.12001535826496503856 3.892769480605879906 5.0905392416413128842 1.2183256338540886521 1.1231055466665240683 1.0301930558246430447 3.04652e-09 5.24145e-06
86340862.422997951508 5324 2.0384745175936043182 0.18187452940266379819 0.22341212835705961948 0.62644678539805576101 2.5943008637164450825 2.5739108159939192433 2.4671364428673023816 2.3535607672878704477 4.64884e-09 6.03437e-06
86340862.422997951508 1410 0.89442535285187729777 0.24457598039542632895 0.046413221242297963975 0.95064363970215426392 0.036040351735010724143 5.8720338745756031074 5.9610874098394113219 6.0385097133718641516 1.96181e-08 9.75145e-06
86340862.422997951508 6244 3.1814436256581548612 0.094133600180712762029 0.31710223013450600238 2.2393923331968967894 1.364766220497211302 4.7948120669707128272 4.8884027360492670056 4.981081927847684554 3.08558e-09 5.26376e-06
86340862.422997951508 6327 3.0073289712144957164 0.17919560298262088294 0.18802148483036323912 2.8022038024541169321 0.19999648261176669606 3.9651722818124515157 4.1061334857144355936 4.2533941693318100263 2.25041e-09 4.7381e-06
86340862.422997951508 5650 1.8944819514056445708 0.60534562998727448058 0.064584185061188459365 1.8159124503246395488 3.108482583383993525 5.5139510138551486307 5.8870553533597869134 6.1206285012803594014 1.14639e-08 8.15256e-06
86340862.422997951508 4112 2.0353286166817152747 0.2236212971355295287 0.85061285413996945426 4.0998900871810954882 0.52169497002285691867 4.1861387908499203547 4.3930536672718716318 4.6053696324455186684 1.99037e-08 9.79854e-06
86340862.422997951508 5511 3.2240388792976699683 0.11729416134623948942 0.18983151989225327538 1.0955836515238068785 2.0511729630391730694 1.5397423902828191178 1.422447979971081633 1.3064421132836570028 2.90982e-09 5.16185e-06
86340862.422997951508 6186 3.2422814303422655691 0.010005065693287240602 0.2125924869867292788 0.15152803753789104158 5.778158249467175267 4.1572213289012065474 4.1657463950844251244 4.174293468493741166 3.14704e-09 5.29848e-06
86340862.422997951508 5195 2.7440759245097061658 0.13063826623184798814 0.11893210445748474136 1.6334705283703978562 0.87599365901930803524 0.67781884449199869547 0.59958333773454464133 0.52586435506890971681 2.26107e-09 4.74557e-06
86340862.422997951508 6935 3.3151291786989811605 0.31908825010598518279 0.36768593152414397185 1.7501821016988650115 6.0956193271899339337 1.4330295032709423619 1.1182481183972046157 0.83128063259160556164 2.603e-09 4.97365e-06
86340862.422997951508 6667 1.4611859605218759928 0.011595896219202274022 0.43724188715507306124 0.59815379865143081251 5.0357751458377757459 3.0181077632256934073 3.0166711676520612251 3.01522635572437947 1.85586e-09 4.44323e-06
86340862.422997951508 6816 3.1372660461596204584 0.17371301922570345222 0.069712013177084461435 4.9646973164578849236 4.872092615302856089 3.854404668864147343 3.976840640383632941 4.105642404968484982 1.76213e-09 4.36713e-06
86340862.422997951508 5762 1.0906263861449490005 0.21457976357242919407 0.41848891208283378607 4.2771095475642493255 2.2190337817713974289 2.4600580883412677125 2.3109674797873083207 2.1525318372469390837 4.50081e-09 5.96963e-06
86340862.422997951508 6595 3.0450279678534224459 0.070112041529881943824 0.2281986520008319197 3.7036868734349757126 4.3715006187823384209 0.664665864678810836 0.62253803671519147844 0.58165577959555347931 2.5233e-09 4.92235e-06
86340862.422997951508 5950 1.9567648610124934727 0.40654478687964717976 0.25656415488644923606 4.6355384725761510367 0.74433412499685891461 0.55907933456672032069 0.36868461478592734482 0.22217044727492710199 1.07677e-08 7.98408e-06
86340862.422997951508 5351 2.9796998266050787052 0.15692764372089113012 0.089293149638066712792 5.6673088240644906577 5.0882273521657346294 6.0539695817853367288 6.0872832419541351712 6.1178294314252950059 2.44807e-09 4.87295e-06
86340862.422997951508 2768 1.5707958138051354435 0.06626946105782599572 0.017854420584929520804 5.5200667173790218811 5.2920259805765272887 2.3464539034826641384 2.2979712689220743727 2.2484643120689127294 1.06163e-06 3.68842e-05
86340862.422997951508 5194 2.2000066355989811306 0.37641667101882220203 0.76092259090282443612 2.8758110596261374781 3.2175940668280764712 0.7292035933333882447 0.50291478812498446871 0.32148892934488082496 4.75382e-09 6.07945e-06
86340862.422997951508 6928 3.222226220751926995 0.26603939663999776055 0.23733127147171806381 5.7824313684017862869 5.0335559481760014933 3.9159831666138327222 4.1249809229985849868 4.3464267805786560572 2.08658e-09 4.62021e-06
86340862.422997951508 5914 3.1995185645491588389 0.054662498731253991724 0.045876083867918880654 3.842644306351199468 3.1027861359508466244 2.9686422414982009954 2.9589677704953216697 2.9490404360219435453 2.63408e-09 4.99337e-06
86340862.422997951508 5072 3.1226306646336730033 0.085972916447355621217 0.23219107156450832785 0.39672917040254673804 1.0120797700592250035 5.2614615901655712449 5.3332873173613082329 5.4032139188013745823 2.73643e-09 5.05722e-06
86340862.422997951508 6154 3.1691822175733186384 0.09867443693083620404 0.20804045822964964407 3.4886322756145440316 4.2712386689871744139 2.3586058306490831349 2.2863272202871915972 2.211853175301277119 2.04677e-09 4.59064e-06
86340862.422997951508 5312 2.9823187551442500443 0.12222632002558504738 0.18283097446509155581 2.0294135400586990059 1.22905777819695472 2.7952962752683294667 2.7511118124280589115 2.7045884286626975523 2.46345e-09 4.88312e-06
86340862.422997951508 6126 3.0152577840178569346 0.22306754901210637532 0.19371780726303988729 0.89022964660710390827 5.4916372757951057437 5.8669940220844587486 5.9497267960658275499 6.0227397006859462181 3.04059e-09 5.23805e-06
86340862.422997951508 6952 3.2849516023005995713 0.11209990978548861618 0.11826451615264145512 2.8991448791742109314 3.5356062455690677737 5.8645224702183007537 5.907998919496414203 5.9490774783163153927 2.57429e-09 4.95529e-06
86340862.422997951508 6073 3.2051859230643242604 0.021055056525870481654 0.26587249048403166496 0.3260136653770327464 4.6726512384300864511 2.4202588493145991144 2.4062422341428715278 2.3921175112399644114 2.87152e-09 5.1391e-06
86340862.422997951508 5578 2.9033689598078988858 0.25116424122938352248 0.23499297334547489258 0.45206741456766186271 2.3161417947437596965 2.103519750253040943 1.8694694253236625592 1.6294247840967055474 3.04211e-09 5.23892e-06
86340862.422997951508 5231 3.1609989189292115874 0.081626830988122359156 0.30842905911372747729 2.1861746936613788428 3.6372305994171685306 3.6458831172068069115 3.6868508198992002711 3.729185664695566782 1.89135e-09 4.47137e-06
86340862.422997951508 6029 1.7409877658367254316 0.35311639059604338353 0.48272005230968245693 2.8106289281440273164 1.9186778427913051548 4.2374018646095450435 4.5877861671374127184 4.9381648845351584498 1.2969e-08 8.49478e-06
86340862.422997951508 6192 3.2077222660222597383 0.21242236984543352851 0.3103618807861378559 2.3869913996324614303 4.7032921230139734803 2.4191708272804390845 2.2649464100369014474 2.1016790654344426059 2.79503e-09 5.09306e-06
86340862.422997951508 5211 3.1277481992918625409 0.10614175137882912725 0.28413768974990916139 3.2619310415453415253 5.864981759790679483 3.4803522664798425268 3.5175900524582175422 3.5565653496296785185 2.07199e-09 4.60942e-06
86340862.422997951508 5717 3.1423804144190197185 0.084777224152565139326 0.15575722446687317868 3.8978192611206998741 1.5076306853658887341 2.6711171620094820156 2.6311082273743671145 2.58968607820477148 2.31886e-09 4.78566e-06
86340862.422997951508 5643 3.3243381967641782992 0.10582391698887033682 0.069486343527895469419 0.59914281320202189551 3.9939155916377084843 3.0377291967840336362 3.0261139491937960599 3.0139206827949491796 2.47115e-09 4.88821e-06
86340862.422997951508 6842 3.198641443558668751 0.07681568942364055963 0.16217687571386613099 0.99854458813601876255 2.6899970406821842595 4.1963452228046929093 4.2645248185836281962 4.3337644887244071157 3.94698e-09 5.71398e-06
86340862.422997951508 6572 2.9557396840465486321 0.12120249753128807535 0.19927358266239555973 1.2880033392116472246 2.4279587320580646725 6.2298985990993704931 6.2360068769842840197 6.2417228995448867934 1.66053e-09 4.28153e-06
86340862.422997951508 5131 3.5362169356870163384 0.065230601584327016496 0.27190915149112104832 2.7575418854989250939 3.2389892800727810851 5.8976312738708731587 5.921466605584688736 5.9445505569604915053 2.25296e-09 4.73989e-06
86340862.422997951508 5534 3.2530639393178089058 0.13209634481872895018 0.085554368486769477586 4.5252762553632015496 0.80686890397978494605 3.7813203394841763405 3.8649294687839463869 3.9523626700023450908 2.18919e-09 4.69474e-06
86340862.422997951508 6119 3.1459687242187546197 0.10579988119657038337 0.18763838191832796221 5.980342896057649682 0.94309617148932789465 1.2736603081748147925 1.1738465243097973012 1.0762731646769263527 2.96829e-09 5.19619e-06
86340862.422997951508 5257 3.2341656556381659371 0.13339620266624735434 0.22735619929267936179 5.0321873502957714663 3.2866455952837396737 2.9218733588518279731 2.8906277183340325365 2.8575002678823606672 2.20895e-09 4.70882e-06
86340862.422997951508 5240 1.6420945325773099732 0.27084210333225783307 0.3636660434701683986 0.58841276384952423406 5.2754648006403392912 2.9278518957015848834 2.860207404954425936 2.7849981594679404928 1.54708e-09 4.18172e-06
86340862.422997951508 2850 1.7270852260323210636 0.16044450769907331322 0.59494029707131657059 1.9860962498313226021 3.4122761429271055711 3.3275512162743221545 3.3599796766548792881 3.3947408199455697542 2.86233e-09 5.13362e-06
86340862.422997951508 5957 3.2375435712581293046 0.069559935998001004576 0.13244401228784116742 1.3065582632745800229 1.5892646161279628814 1.7011024936989387335 1.6317625707818730341 1.562331867816283637 3.45473e-09 5.46581e-06
86340862.422997951508 6103 3.2830046444774509951 0.069720411479617494521 0.16160158264234414371 5.999168108633154084 2.7351303117745042748 5.8681025595180962284 5.8953797113598254143 5.9217450341529618285 3.07621e-09 5.25842e-06
86340862.422997951508 6335 3.0856065639080338947 0.097983114507581667296 0.22134190385691632219 6.0178698710715146092 2.7877652522905504995 4.127145840804800514 4.2112527833759241247 4.2971876269913016344 2.80706e-09 5.10036e-06
86340862.422997951508 5252 3.1138993359562738839 0.10449709024531372847 0.21211140219944318863 2.316582282245112534 3.1585169949879681184 0.51549243759060048298 0.46609979964122605356 0.41913822683628110255 2.42859e-09 4.85999e-06
86340862.422997951508 5034 2.838519966828356722 0.24347186858519367925 0.12460858501120929132 3.2124540230836502452 5.2970158216603104862 3.8528375831363437243 4.0303992336674827612 4.2194113247869218242 2.20492e-09 4.70595e-06
86340862.422997951508 6874 3.2862305831525455702 0.070073163808924754381 0.25290187790804713464 4.4957364426860610962 1.8521381462498838211 2.2385705823434536299 2.1822729043699236051 2.124896910856008958 2.61974e-09 4.98428e-06
86340862.422997951508 5185 3.5322765285479751363 0.025668602292207312598 0.23768082302713230969 3.1957137621131677108 0.13604118086199648574 3.6178601022864387282 3.6297658832764621017 3.6418047987418149525 2.64564e-09 5.00066e-06
86340862.422997951508 3953 0.99222064174548996185 0.061552295789255792591 0.36347674579498551184 5.1825104449388019745 0.39717681810292071454 1.0552329431559202 1.0024448807900867564 0.95056925568804984117 1.87457e-09 4.45811e-06
86340862.422997951508 6204 2.4215230070037159216 0.48416244637389965755 0.27213474869665738032 1.0757521249916972561 0.7819110449501408544 4.1454174488158770373 4.6408145237922378001 5.1237373409251363299 2.26769e-09 4.75019e-06
86340862.422997951508 4189 1.1099310725398239263 0.03664583576494491457 0.024472854116652585643 5.5779403623561343295 5.5906222616435767847 5.9860985964619848332 5.9966448140000947475 6.0070022269905507528 2.51666e-06 4.91804e-05
