31737166.324435319752 0 5.4028126430517611212 0.058788898834326343279 0.013817840928596494474 0.17748518537903226755 0.48224366051651235132 3.7953768122321633882 3.8320144499153654394 3.869454891138205177 0.000954961 0.000356051
31737166.324435319752 1 9.0276019386682317958 0.0067845649140037267433 0.061242624471829730515 0.83892226867359176445 0.51866338919072663138 3.051398161266805964 3.0507849815608270028 3.050169737383415125 0.000285285 0.000238018
31737166.324435319752 6992 2.2948550400621323675 0.27009550384477437612 0.20703261293287855693 5.9365029704504461705 5.0656915015073380459 2.997160548734378871 2.9513132945010451813 2.9002292623102348124 1.98059e-09 4.54062e-06
31737166.324435319752 6819 2.0696146454552297733 0.10415860876168196725 0.22950067174520100144 4.0970036139422845167 0.057562976174693449016 2.6756685067400725053 2.6264615071088379672 2.5751478746787586083 2.46721e-09 4.88561e-06
31737166.324435319752 6751 1.445728857337215123 0.22225827919065066496 0.39181168422445583621 6.0119897226539249502 6.263328505913423605 3.2809237709831058361 3.3160989994499430189 3.3546879268588121192 2.66624e-09 5.0136e-06
31737166.324435319752 4781 1.8147538202979782707 0.51278809520766677199 0.30014368307935440638 1.7918312937424845099 0.66843694012222798495 0.15065157764846348609 0.08560531496076671798 0.041761524236702360358 2.90062e-09 5.1564e-06
31737166.324435319752 5740 1.5291815160050921119 0.2398224798887102216 0.129112812922341752 1.8864620117630894747 3.7437564713381465964 1.5798095597810812851 1.3373730046658514059 1.1040544502913487435 3.09097e-09 5.26682e-06
31737166.324435319752 5588 2.7366883687389340629 0.12295218946336770871 0.1415508749061615279 5.2402874730653161706 5.3034761349756713855 1.5022559258241992008 1.3797967701357636283 1.2590804699981834602 2.40685e-09 4.84544e-06
31737166.324435319752 6582 1.6355320103088073491 0.25453755256895094217 0.27540029400169485641 5.8030545961701083257 2.7111533929098290407 0.62931498766535776124 0.49163170762117958112 0.37147344543546367834 1.86721e-09 4.45227e-06
31737166.324435319752 6171 1.477911333242162506 0.090347972023163969357 0.1963825348718898911 5.0343454548783252989 5.1104254124544032933 3.7592559741885156477 3.813682106945317063 3.8699347771367373916 2.39216e-09 4.83556e-06
31737166.324435319752 5921 1.5501508986916372468 0.17250523086888899793 0.26867211900632359534 4.7330169022553087999 4.1992853028503853707 2.172007063229952184 2.0215505922032028785 1.8662753965290033165 2.32801e-09 4.79194e-06
31737166.324435319752 6443 3.1995107551680734836 0.18842859645150730752 0.25266165900022014013 1.2936714719457069744 1.0536503688371681164 3.352603011740966199 3.3964997962314975588 3.4440131131499498451 1.88164e-09 4.46371e-06
31737166.324435319752 5990 3.130834181978571884 0.11610792258160611279 0.18079249336685193628 3.7098033886064092357 2.7146005861277049398 0.3015201994544126074 0.26874834489564802809 0.23791879812139885009 2.30118e-09 4.77347e-06
31737166.324435319752 6883 2.1988272184964867684 0.14474729193314753162 0.16056983542062566728 1.4222496936887729646 6.2304158888396994342 4.6660990744708588096 4.8116900323449316446 4.9557242557805825101 1.23696e-08 8.36184e-06
31737166.324435319752 6035 1.8607888593298085311 0.17867363047057274739 0.12696285303135393385 1.3946524079086359826 5.2644283030985956628 5.2457696271949192379 5.3938098314516267351 5.5325818010642082712 1.91047e-08 9.66563e-06
31737166.324435319752 6793 1.4554986525634323602 0.11706513061324881619 0.16188345999763847916 0.94621034789187097314 2.8076696633978190931 5.1558164378758606361 5.2592241974566737994 5.3592182400221979321 2.0508e-09 4.59365e-06
31737166.324435319752 5467 2.9586145819308664606 0.11608866264260463141 0.13732179310190636978 2.4685138727913908951 2.5939687755319913443 1.9557354568384492932 1.8454750822224843532 1.7337383071414935731 2.43648e-09 4.86524e-06
31737166.324435319752 2413 1.993739363203851811 0.33647046759273718797 0.58426721071478560088 1.8739272823854002947 2.5149168920358939694 3.9503134390707304036 4.2331972944847002793 4.53177038524019693 6.11801e-08 1.42469e-05
31737166.324435319752 5694 3.1174770347746614263 0.20992636540290091074 0.28969290696704658172 2.381854173186198409 4.6058600528144832964 2.7379942713303049295 2.6456674996476725603 2.5457749719228051077 1.21025e-09 3.85309e-06
31737166.324435319752 6253 2.142145769753133866 0.49583426399285962516 0.2295768133183400117 5.3248060835413157932 2.6557094198228092807 4.2929286796835608442 4.8235951143757773707 5.3163665940873370275 1.17298e-08 8.21512e-06
31737166.324435319752 6484 3.1534670065130092631 0.12916088895875854625 0.24055754959966740847 4.0001889210848533551 3.7078178631033522628 1.9967251407885702186 1.8755060314888800654 1.7522950569234105878 1.88476e-09 4.46618e-06
31737166.324435319752 923 1.7496063838295567994 0.29159486358673131212 0.16796832880168632851 3.1715114615260127096 3.8373824995325760412 4.6718730659062153165 4.9692968285705152454 5.2513216329890326506 2.53731e-09 4.93145e-06
31737166.324435319752 6411 1.2046310692175610235 0.11494050617141968185 0.25254934126017830609 6.0708625224177419355 0.44446789162196415068 3.090029183307333227 3.0837222162002144721 3.0770742709322402852 5.10394e-08 1.34117e-05
31737166.324435319752 5448 1.789158434113498064 0.052752806354193278182 0.17289383702735378057 0.29903818922196762076 4.4483819126013415257 4.525173711744193028 4.5772851128905518436 4.6295572011887937691 2.56033e-09 4.94632e-06
31737166.324435319752 6528 1.7158983074764053711 0.048732570416078951903 0.18371679948235170032 4.9871076692203253344 4.007780937504412222 2.2649868848237417751 2.2269209167458816623 2.1883070616379622919 2.31313e-09 4.78172e-06
31737166.324435319752 6764 3.2678087157449637878 0.05183919470900767712 0.29360304461522568342 5.5930580200315311856 1.3046049635250043242 0.67751965169152505997 0.64564856033750639419 0.61445605757122245816 2.4069e-09 4.84547e-06
31737166.324435319752 5259 1.8298570452087752347 0.106193167278469211 0.20579744068703437199 0.72436419662707407507 1.9283779553345992142 4.86056292404667456 4.964973768026550438 5.0677973941446765593 2.21606e-09 4.71387e-06
31737166.324435319752 5663 3.1376845845363829923 0.11651480959887680622 0.34491276915293950234 4.9514695334478577848 2.2570631396122902146 6.1996294434793304262 6.2088496729370064031 6.2175029007516453561 2.69499e-09 5.03156e-06
31737166.324435319752 5328 1.799181295332648256 0.42729144421509368534 0.73057373688587579075 1.6284483710012316315 6.0027170961426667972 3.3291870297476640062 3.4364573985097535136 3.5606327510337227871 2.1043e-09 4.63325e-06
31737166.324435319752 6498 3.2430243723587492966 0.084469157985347403939 0.12495036746292216556 1.7138381100657735789 4.4544335226515405779 5.5577343422280494067 5.6121414776720035533 5.6646647231819358126 2.50157e-09 4.90818e-06
31737166.324435319752 5668 1.2813125508673659514 0.32271000071629285522 0.15262233716122303173 5.0909442574192080855 2.5784044242805355118 0.73715209618215959964 0.53928539330703340049 0.37356640624136649986 5.17696e-09 6.25473e-06
31737166.324435319752 6300 3.267460002608073566 0.057626826327011965168 0.26430002293121568346 6.0262531544271213946 2.3642755310584240291 5.4167016493089690243 5.4598407518222771273 5.5021056183345224966 3.26125e-09 5.36181e-06
31737166.324435319752 5204 1.1161351518498849877 0.48074161896937672722 0.18089129524523694936 3.2117750836061444986 5.2838904464383187332 6.0899047862518260743 6.1684971002714350519 6.2235117044949079812 5.21728e-09 6.27092e-06
31737166.324435319752 4755 1.8512718825842586767 0.069278314888199368782 0.01916631782798735445 2.2210186367384041617 1.9693710921138780634 1.4824710363981956629 1.4136177126069762178 1.3451934017847086977 2.39615e-07 2.24572e-05
31737166.324435319752 3800 1.5213685678911861299 0.075728168102524529015 0.28868957492285513 0.66084084470487736152 0.28567738198239012171 1.4071219792911597857 1.3327921808551890237 1.2591987550022862852 1.79108e-08 9.45995e-06
31737166.324435319752 5861 1.6520160459687207588 0.1422982815038181803 0.14584189592970689398 1.7871655222354780879 4.8198441340070958816 0.98918688815666311331 0.87432143431067976813 0.76516323194710433864 1.95257e-09 4.51911e-06
31737166.324435319752 6719 1.651731342916605616 0.10343316262585236509 0.2740931838574251489 4.4517970861672964134 3.0514264207516137439 2.4298233510771769517 2.3593423499905812335 2.2864346503671693078 2.09817e-09 4.62875e-06
31737166.324435319752 6923 1.9227090138690541288 0.62045121422986249105 0.32724812322459179148 4.6328316211324160889 0.98782749121652135837 3.6547369064265922134 4.1350948860175833488 4.6549973194734803883 1.67707e-09 4.2957e-06
31737166.324435319752 5480 1.7139416600481094388 0.46276607713039114023 0.20938117303099421096 2.2781459851517902315 5.6475009515098637536 3.1006363068029627605 3.074027558352514955 3.0427845079182547217 1.6026e-09 4.23115e-06
31737166.324435319752 5093 2.0154753899398984984 0.24618127832381825337 0.1733114003127559366 3.1419831152829869048 2.349557823295121306 4.592407357845307736 4.8430883743713666334 5.0871699690938578797 2.98948e-09 5.20853e-06
31737166.324435319752 6676 1.9219102874993452268 0.16494548688791391133 0.15179952690349868272 0.023136681671293232027 1.0908205814910456599 0.044168490339113367082 0.037397034121806206619 0.031229999827131163515 2.23147e-09 4.72477e-06
31737166.324435319752 6526 1.2371837799663645274 0.32979586043332953516 0.20312754741228949973 1.1478650474728613329 0.66560697001882229706 5.0489907065615451387 5.3499538436886666659 5.6149605259914965316 1.74858e-09 4.35591e-06
31737166.324435319752 6951 3.013958338662543035 0.07238164304615835043 0.069955874979594379059 0.83133634056871086315 0.10108370703821828451 4.1562442309994844791 4.2189784132728274102 4.282726564221761123 2.54062e-09 4.9336e-06
31737166.324435319752 6202 2.1165047932045997214 0.41490886287695355472 0.29042023361098906475 0.26503046323392809303 3.0613451636955812951 2.7701750672120768471 2.5730985043658773925 2.3497266503207607791 4.75227e-09 6.07879e-06
31737166.324435319752 6083 1.8817932371970491623 0.20548449445121508283 0.088879193257454802701 2.0914292730325083625 4.9734176726165006954 2.5490185200914021735 2.4222533800655736691 2.2868621556111623505 4.91269e-09 6.14644e-06
31737166.324435319752 6402 2.9717169253082458269 0.25840642241382011379 0.23315441292051947153 0.80093636425183956096 5.9980724595376084807 0.7991936180976195736 0.62701514617448483868 0.47540027021861464007 2.16272e-09 4.67574e-06
31737166.324435319752 6242 2.032445201187295325 0.3438646471255361603 0.24688509237527214712 3.8740264146823082392 3.6867204070934063154 5.4604554536495513162 5.6914190980152747912 5.8832363471001789534 2.33848e-09 4.79912e-06
31737166.324435319752 5146 2.7814844096298196874 0.090000079486026340891 0.108270304207614812 5.7219513078083581448 1.873740041771371212 2.1606850862777156053 2.0838523983348311575 2.0054399613962528015 2.55901e-09 4.94547e-06
31737166.324435319752 5492 1.8612780620193618564 0.19800003255096476629 0.2303358304457388539 4.2987812964557035045 1.109221425205323186 0.58521225926282383067 0.48333534486549450948 0.39131779271228561701 4.51271e-09 5.97488e-06
31737166.324435319752 5047 1.8161370699939647366 0.10506563914624528211 0.26987537468585054423 2.6040589060463257276 0.2301777802433420117 3.5550255932423269201 3.5994914889166680361 3.6459372649679768763 8.23744e-09 7.3021e-06
31737166.324435319752 6657 2.3947617187487426627 0.18115796021720440012 0.25779035101456426737 0.4107952708710119194 4.3864359196048781087 1.0446632392583101723 0.89391289056824263515 0.75269507712957628431 9.52311e-09 7.66378e-06
31737166.324435319752 6413 2.7491423846623712635 0.26935948136771026284 0.16356124371684391261 5.6655342947625477734 0.57787241757256524455 6.2522643845627943193 6.2597253783616695344 6.2660439529932814295 2.71272e-09 5.04257e-06
31737166.324435319752 5928 1.8956487852277590367 0.19627309167482479002 0.15958215493751021219 0.2154489737779094749 5.8189220495489948348 2.7681519867328456819 2.6885362453546957084 2.6026244449635167477 1.85148e-09 4.43973e-06
31737166.324435319752 5018 1.3988253748235750518 0.22215854934638612495 0.34180297155695232858 1.526448741202559134 5.9908606590973763062 5.8953795081161217695 5.9723920320295365016 6.0403312272914497782 1.65949e-09 4.28064e-06
31737166.324435319752 6118 1.2233240032968595301 0.30938573611301972699 0.15505581869656226424 2.1480734747277212549 3.9048193544754949968 3.121880157687854318 3.1144504535299986081 3.1060540750073633021 5.68798e-09 6.45411e-06
31737166.324435319752 5423 2.0923661318557194022 0.4085951520265359016 0.73812370525455950343 2.1503775716833537501 4.8067105032517609686 3.2465391172592323876 3.3033518172613276498 3.3691579679227476873 2.52578e-09 4.92397e-06
31737166.324435319752 5626 1.0696196017837646952 0.35828843944595106796 0.10691064069906990042 3.3387571128547439692 3.347980010015739083 2.9557827028475704978 2.8721242028763427356 2.7767409743715520953 7.93289e-09 7.21097e-06
31737166.324435319752 753 1.3393429990361311877 0.46026804950989719245 0.17433568511345559626 2.3482516593883975276 5.0069770217173577009 1.203505267966985981 0.79098795803482457867 0.46371514606572883377 1.27811e-08 8.45356e-06
31737166.324435319752 1124 1.8612574217295916323 0.23436703050144236382 0.21330386923055930093 1.5099307830921404605 4.3537431236482291297 5.6366845423564893025 5.7672700066191460166 5.88289058017870925 1.32419e-08 8.55396e-06
31737166.324435319752 5020 1.7209872593333706003 0.34592476601164651173 0.27232171214661204939 4.4466160106526935181 4.1418373622271857926 4.6983891845764862438 5.0524458130767504471 5.3785614433279143043 4.40916e-09 5.92883e-06
31737166.324435319752 6161 1.8642136468403629479 0.31818765145752309076 0.14470399150035667679 2.3323337033941178298 5.6469654166635478987 3.2116193247254058996 3.2389243174225832433 3.2698451757218753855 2.19638e-09 4.69987e-06
31737166.324435319752 61 1.7772207550141170262 0.0069503297091006817007 0.0843595523207681941 0.67713002488441620397 6.2198754268183495952 3.2867767773312261959 3.2877857953458797802 3.2887982703599774048 2.97121e-07 2.41265e-05
31737166.324435319752 6451 1.9569195883593522023 0.43701208502606780915 0.15106476499981980055 2.1508974213744807003 5.8210620705236637562 3.3863144221838896719 3.5295925434456578706 3.6949307062567675608 2.57122e-09 4.95332e-06
31737166.324435319752 6876 3.0446257508681524584 0.12115626772867726935 0.14495376197661818951 1.5744531212711936341 3.3968811839436208189 4.1652144857129709266 4.2723540827416019994 4.3819686165107958331 5.7202e-09 6.46627e-06
31737166.324435319752 5132 1.2767355069800316869 0.03708611538423609022 0.34664755193413576695 3.79188549902961336 5.4938592040061653421 2.142536810672376113 2.1110244128065098757 2.0792196794966977258 4.5221e-09 5.97902e-06
31737166.324435319752 5470 1.6350835554981622 0.2003794791788203189 0.16322532675006079517 2.8713884439399732784 2.0357693449530058771 4.2037786520695821224 4.3892207039300581428 4.5792273433430219498 2.3944e-09 4.83707e-06
31737166.324435319752 6270 2.051025597659593469 0.23629627292022470364 0.16316863613930876475 4.0325582275199707283 2.8720120629651155753 3.2603598906765718368 3.2925937471951263191 3.3281393016308862265 2.07589e-09 4.61231e-06
31737166.324435319752 2778 2.0648830176097794364 0.36971503588146048536 0.20224084649208246001 1.7479543938138020209 3.7279491279108056823 4.1350554083413788575 4.4899711097471035615 4.8505789352782313628 1.15158e-08 8.16485e-06
31737166.324435319752 5605 1.4355551488619830991 0.2971644778118187058 0.35493883185213342957 0.93723213093086632508 5.9914189379875031349 0.6685471764489820945 0.50057498896780960873 0.35795682341587453656 2.44051e-09 4.86793e-06
31737166.324435319752 5518 2.0176931506642845626 0.12613565301943269192 0.12617210040299625673 3.9170828750730031231 3.6798825387460869507 1.0006607455492884107 0.89766486062141892521 0.79904277026015635421 1.73658e-09 4.34592e-06
31737166.324435319752 5490 1.546043478836701679 0.1217446178321839878 0.13961389930166381856 1.5038561609609282232 5.916759783723769317 6.0911556332325842433 6.1131570283182448122 6.1337574619115358132 5.31486e-09 6.30978e-06
31737166.324435319752 5374 2.5110184738550542782 0.43369003846986103889 0.18792773134012968894 5.3845481525993612593 0.91576031835462468056 2.4104244526254592351 2.047477528363866206 1.6621341333809471763 1.21754e-09 3.8608e-06
31737166.324435319752 2768 1.4173530597284154098 0.063471443973851598974 0.060596837274417905683 0.63484899488113655242 1.6299010934181259458 5.3798540415921616287 5.4287823091775528894 5.4766511404601994073 6.30548e-07 3.10044e-05
31737166.324435319752 5194 1.9081822551277674016 0.088135873072549164586 0.15841392846454765975 0.13201871296956516066 1.9101329805015654362 2.1349898219120428955 2.0586007363841067885 1.9807446761147333714 4.75382e-09 6.07945e-06
31737166.324435319752 6395 1.6389902195203454038 0.39090950932202567225 0.19311268437642006846 3.0878322987500319563 4.5909282454636644033 2.6886335648611794369 2.4714171345736066776 2.2286140312114621764 2.27089e-09 4.75243e-06
31737166.324435319752 5888 1.551394913414841259 0.25997058447988657948 0.28491211167647506608 2.0898060449587396725 4.8622100706089774746 1.4120735330502824922 1.1576107492487934802 0.91951763298594069163 2.79797e-09 5.09485e-06
31737166.324435319752 5964 2.1346795020931175202 0.34539792751472059296 0.39552437344050606072 3.8740608424557851919 2.3016036509204274019 3.4609079090396899225 3.5953525244229180835 3.7467570208390461595 2.1711e-09 4.68177e-06
31737166.324435319752 6639 1.574694508182714614 0.35269527299600400561 0.26883538248939498061 5.8420817633974522209 5.3227216553909615371 3.748296330230601825 3.9914354167287027231 4.2563718605550624474 2.07227e-09 4.60963e-06
31737166.324435319752 5312 3.0048426016896994106 0.035076153805815912801 0.18632867001905001336 4.2591342652748895858 4.7274092142086310275 6.0993168737969369886 6.1056231758072279092 6.1118186965711016612 2.46345e-09 4.88312e-06
31737166.324435319752 5514 2.3365369436795075941 0.40605262068004388532 0.22145741101305260745 6.1839574091958668944 3.3850842049518279353 3.7233705323672681153 4.0049081273995259522 4.3135087416082829037 2.23079e-09 4.72428e-06
31737166.324435319752 6734 2.0176326019601802386 0.30901210732786660307 0.070077502924681595031 2.4088987292453221123 3.7640106488768378945 0.19203750148267728637 0.13972676342053028109 0.096689860424236689918 1.24231e-08 8.37387e-06
31737166.324435319752 6073 3.2459494465934635166 0.052397493270490744233 0.23461074837496265211 0.89469687394418384585 4.6592270895854266399 1.8939253074200810278 1.8437985368536702335 1.7933415443789768595 2.87152e-09 5.1391e-06
31737166.324435319752 5364 2.6087073590904386045 0.037994494154744956615 0.087659565470180778046 4.5279735093249167122 1.3141540608241901733 3.7806643553179419825 3.8036845188479513347 3.8270423205610182293 2.91675e-09 5.16594e-06
31737166.324435319752 6028 1.5225899966669693697 0.116270540875964834 0.03877550445579643762 4.1207283660825435589 4.4747321235551869023 2.3405848895224075079 2.253322224816868502 2.1630983811217343593 2.1303e-09 4.65226e-06
31737166.324435319752 6691 1.6466086402736670458 0.33737713380557371456 0.27353281043190341704 4.9199178232173448322 0.23286704125688598155 5.3914507923160135405 5.6341008209598735235 5.8380309012912841027 1.99622e-09 4.55253e-06
31737166.324435319752 6521 2.9893059764584291038 0.03933350505666629443 0.1389575526428133978 1.4238933461927236745 0.32897978713929160177 4.9544439267273059357 4.9924616520428557465 5.0302625409420089753 2.953e-09 5.18726e-06
31737166.324435319752 2010 1.7997914102701271233 0.38109971287674054841 0.13521457159836264283 3.1715624242534481425 4.9774938663987295939 3.1036644670826114556 3.0849426224492697557 3.0633648574906255924 1.54172e-08 8.99881e-06
31737166.324435319752 5455 1.8226620062266010169 0.27640691412713913611 0.17528755277516749889 6.1494385754794711474 3.171841941666565301 2.3114106983644733262 2.0824928841571517246 1.8414895409667617621 1.18753e-08 8.24895e-06
31737166.324435319752 6780 2.0042868242702023274 0.47746403006067633656 0.27744970820119196908 0.033188645951619022423 1.2193382714386025167 2.6552005058946828164 2.3511102181728169569 2.0117799937911828856 3.2776e-09 5.37076e-06
31737166.324435319752 5170 1.0833041498173114903 0.19803596809095447284 0.16059914716529380407 1.1140701418886753693 0.21345325892404060086 2.0098125860483859739 1.8212860460175841482 1.6294305533323627522 2.19546e-09 4.69921e-06
31737166.324435319752 5540 1.8589304692887089754 0.40838515076185627484 0.10613561911661791026 1.6532005988223807957 4.1163845433500405591 2.9859059657961641854 2.9020474811568783835 2.8051536892632262798 2.31531e-09 4.78321e-06
31737166.324435319752 733 1.9142346364610633991 0.13433619710112976176 0.073841169781458132482 1.9734467332609919588 0.67727829704045650061 0.90940707181303237494 0.80724115987600320032 0.71019908167050593839 4.51209e-08 1.28719e-05
31737166.324435319752 5469 1.3550495310694550266 0.41114649225389926501 0.19996237177716411071 0.7798454451679334154 5.2622291261205518254 1.309433187671006138 0.92072461267111394001 0.5934353961266410904 2.51139e-09 4.9146e-06
31737166.324435319752 93 0.9730798046617639141 0.026552367968114415353 0.056531058646831278125 0.75305836961572802934 0.29260801813060521859 5.567121794858999273 5.5843810527507100616 5.6014622619658993585 9.78155e-07 3.5891e-05
31737166.324435319752 5525 1.4475464184632593767 0.35217231305018886767 0.098650805983863637527 2.4952975211372621089 2.9317214371105011494 1.5675828757569809646 1.2078993443583616596 0.87866318096497209034 2.22151e-09 4.71773e-06
31737166.324435319752 5178 1.7157800947010291015 0.17842948358794655239 0.19458369137217335076 5.0695717732651708332 4.9962422375429795807 0.006213350776003868231 0.0051879635774069177145 0.004262282067877903001 9.33283e-09 7.61239e-06
31737166.324435319752 3770 1.3545542264857282078 0.10407501472649849372 0.20980792780474766257 1.9376459984257345948 5.3783646484707521296 6.2175111395434763395 6.2240208975560822324 6.2301748426525609403 1.55823e-09 4.19174e-06
31737166.324435319752 5667 1.923556351446665813 0.13358929833542582122 0.26130475768597855035 1.6928103713170348232 6.0684510510638522973 0.36464971802805701273 0.31962477414266449172 0.27764963251282981371 3.20823e-09 5.3326e-06
31737166.324435319752 6103 3.3026082635553164479 0.097608346671427190233 0.12686957960863146089 3.4439352474469528964 2.5899716956278213686 3.4326459965953799447 3.4621012048284049989 3.4928526417061425136 3.07621e-09 5.25842e-06
31737166.324435319752 5181 1.297993316663381913 0.17702984725487277973 0.19650457136375854006 2.2049614678649374078 0.91323402621769311782 3.5465373517930629532 3.6230789871048476591 3.7050609845209709903 5.47157e-09 6.37119e-06
31737166.324435319752 5623 1.3325243588765500746 0.43961671485168568596 0.16160960147928421504 4.2998387425493866942 3.3357467946410608306 2.6604338955613942019 2.3923008192122514615 2.0928688923712437386 2.3084e-09 4.77845e-06
31737166.324435319752 5316 3.4628186903309576827 0.082975178179433173309 0.22371643932890963868 0.60388923894769741541 2.0380797828294157092 6.1771633207202407689 6.1856100856081752681 6.1936935657086031881 2.96988e-09 5.19713e-06
31737166.324435319752 6874 3.2623285809453941297 0.047158710166882673864 0.27093044217697476173 4.6405908958431352218 4.9446912526891537709 0.23899695205463736269 0.2280773501062340336 0.21741452599540558865 2.61974e-09 4.98428e-06
31737166.324435319752 1959 0.82014761395773883024 0.14878918972546495425 0.26270683853900311799 1.0624415910866271684 0.52424627994620565108 1.4571653975874501175 1.3100248330242070249 1.1662660042667778448 2.04943e-08 9.89451e-06
31737166.324435319752 3953 1.5932820625156425276 0.18121754296974712517 0.41025233726678189683 0.8734676303291244448 2.0972383808897530066 1.3280544647568486294 1.1549266874914261294 0.98915515933283781891 1.87457e-09 4.45811e-06
31737166.324435319752 6642 1.890733928918985951 0.38838697529185239876 0.065796333701850728826 2.088889076241420284 1.3486818998047875873 2.0122003810112891742 1.6173584555618285563 1.2293924218739240573 1.26355e-09 3.90884e-06
31737166.324435319752 4189 1.1597535865223684848 0.035431909027458047268 0.047899918022179355237 1.0381159411136728909 5.2318222205737727748 6.1850163944619547252 6.1884300064308819245 6.1917823458330838449 1.29564e-06 3.94166e-05
31737166.324435319752 5324 1.8973211409402241934 0.020563139241393912915 0.25507033518964139507 4.9733566164833664658 3.4539869388304911269 0.10514188300583802993 0.10300543679857719626 0.10089106524848971691 4.64884e-09 6.03437e-06
31737166.324435319752 5380 3.4201294209997974427 0.12285070843969382592 0.49990675999320366429 0.075762268876974833698 2.9377885900211806458 4.1305012500779136886 4.2370370026040493627 4.3462674610551053078 2.14422e-09 4.66237e-06
31737166.324435319752 5451 3.271907256234151351 0.042717722009801416261 0.062372742104529185769 5.0590494208916236829 0.71051179719876178531 1.6268058321549121459 1.5840910134127805797 1.5413770664981261138 2.58702e-09 4.96345e-06
31737166.324435319752 5538 1.7207459177325665767 0.2075519694272728588 0.16822854545265769621 2.184019074241752012 1.677473477145527081 3.0893432725872904676 3.0771019774864911689 3.0637260869793170315 2.97954e-09 5.20275e-06
31737166.324435319752 6532 1.8202015559859814342 0.16957861157340461955 0.10201655748188397099 0.65870504832088938585 5.3861505516803394045 1.6121442770920360044 1.4412868601992723239 1.2731284077214541917 5.62757e-09 6.43118e-06
31737166.324435319752 5853 3.1225359798968295166 0.20047205273595927744 0.18243351768053892026 4.8970809946323132777 1.7999795189870964052 5.8567730361222984925 5.9334313080829588216 6.0021264069504622896 2.34516e-09 4.80368e-06
31737166.324435319752 3751 0.93323103959006603603 0.14188803555941395529 0.10135311369043042973 3.8117084562387315572 2.1040904914090794442 2.8314443489994989278 2.7847577250682711281 2.7351947737379123105 2.30157e-08 1.02847e-05
31737166.324435319752 6233 3.120713933738000545 0.12667995278877547394 0.21580665746259822257 0.11456066596267391877 5.4333226929775086944 6.1539283084866172047 6.1693501498089240442 6.1837396575196637016 2.38928e-09 4.83362e-06
31737166.324435319752 5382 2.0713423220425513094 0.271302808862757594 0.40864852749821273248 1.4378073883845683412 6.2318350520078924504 2.1723928462730821565 1.9263475988599223498 1.6720134975662981347 2.55203e-09 4.94097e-06
31737166.324435319752 6255 3.2493615230609402822 0.14784695808629974567 0.20207530352782218652 5.9434089290229534797 0.6511903999417806288 3.4483410330529857823 3.4966458842796535045 3.5480434416407753417 2.45838e-09 4.87977e-06
31737166.324435319752 117 1.2807883820429810662 0.088051218257435601156 0.23829253173176356828 1.5902309587502134747 5.0704870013695417796 0.16388442359095872769 0.15009126519543941614 0.13692510985593905892 1.39228e-08 8.69812e-06
31737166.324435319752 5708 3.1470270781248852465 0.17364327086633932207 0.18823128292668678263 3.8257272642636812598 4.830037743013159357 3.2243476450907291309 3.2401920772654175806 3.2572854756863778292 1.65544e-09 4.27716e-06
31737166.324435319752 6956 3.4900645669054353171 0.16117677528435089829 0.39903213578482393808 4.0459993438672956501 4.4482733033370616127 0.043196286366287486858 0.036715649103337757997 0.030799268639297446015 2.20649e-09 4.70707e-06
31737166.324435319752 2850 1.5974180516985281297 0.34077802081317210003 0.33046800145880778077 4.1999489979432969022 1.7620744671598491671 0.31414780238812706203 0.22120140850322941861 0.14643405753407245928 2.86233e-09 5.13362e-06
31737166.324435319752 6683 1.6920972789099588685 0.24804316321130254197 0.095758048150917721153 4.277216474150694836 0.13228919905910821453 5.0838498944595205131 5.3074406773231146417 5.5128500628652945537 2.07491e-09 4.61158e-06
31737166.324435319752 6722 1.8036082025005704121 0.29233302195928062561 0.28281613050393117348 1.2853365663270905905 3.6106225489045300492 2.7608114714340024065 2.6320290764342275658 2.4894301056386107796 1.78527e-09 4.38616e-06
31737166.324435319752 5002 1.0970448424786989339 0.23286344431424396695 0.35565823666007589932 1.5535546046973303103 0.56858338878039593745 0.13459028967527042475 0.10622829067160931282 0.081538102094075207149 2.79003e-09 5.09002e-06
31737166.324435319752 6473 1.9934217277785331035 0.067476158280688675051 0.26851871184336872922 5.2939492206772511551 1.8303898455044138593 1.9479912252006383877 1.8844172434227643986 1.8202323874353480981 5.43469e-09 6.35685e-06
31737166.324435319752 5815 1.3665022339260908257 0.35711544545916157345 0.24416195266100412797 3.1632530632251243397 3.9659639546308644853 4.4337966607003229669 4.8035705271762694224 5.1592024586950486764 2.67562e-09 5.01947e-06
31737166.324435319752 6211 1.7618918719876568435 0.11774497829747539168 0.27751699715250255363 4.5725892520783233408 3.130147390733771573 3.5217754520695141451 3.5681586671866649674 3.616875295733474438 2.33777e-09 4.79863e-06
31737166.324435319752 2174 1.1378188139693130587 0.21249980371230298148 0.32327837370864520583 0.84232644198590600482 0.79149641249667235243 6.2599792946063077537 6.2644831435913372886 6.2684571180099322163 2.03153e-09 4.57921e-06
31737166.324435319752 6225 1.8991867239999646877 0.20512210382722512181 0.13304701485911227254 0.73676757419616212275 4.0684300032952585013 5.03964858247479075 5.2290720343223213717 5.4074180171305394893 2.38341e-09 4.82966e-06
31737166.324435319752 5873 1.8227401367779283436 0.34594646923945310268 0.14688674468759482794 2.1251710468685671707 2.0653456818427593511 0.30745572673160298516 0.21519635582649840333 0.14132320306431414569 6.23622e-09 6.65514e-06
31737166.324435319752 5741 1.6734172255279999852 0.30958389277776515724 0.075493556423198784899 4.3529990004016507754 0.3700260319070108328 3.6219280139980947197 3.7921886713874344288 3.9796914928450068949 4.83963e-09 6.11581e-06
31737166.324435319752 5780 1.4063073842601405694 0.18527231455886616907 0.10877827303746834264 4.435253226909741997 4.7052806433281313403 5.0219188114388639832 5.1945704967299306531 5.3587190687802266353 1.95079e-09 4.51773e-06
31737166.324435319752 5080 3.2366730486170052217 0.10634649804984185051 0.23300465461799854672 2.2645070299349034926 1.4479391268142582927 4.2581367143551567267 4.3561877096081609295 4.4558586531702788491 2.57476e-09 4.95559e-06
31737166.324435319752 6155 2.1203153479147602845 0.26541305084478444831 0.087240382024410020878 2.1231740154112150876 4.9470690387216045281 1.16653870666531434 0.93168923849609841525 0.71866111161379564454 3.03729e-09 5.23615e-06
31737166.324435319752 5782 1.9370160138389564963 0.25989293489019982264 0.081183143053871795192 3.2511780442326845275 5.6210151638504299854 2.4359556922965430736 2.2458472647925398213 2.042955316893475981 5.0598e-09 6.20718e-06
31737166.324435319752 6417 2.1213005093464891715 0.03522792045999754984 0.71804235834816232398 4.1447212768075374356 3.7770077476262473581 1.2340419431820319751 1.200977905976518656 1.1681316398144179214 1.63097e-09 4.25597e-06
31737166.324435319752 6237 1.2081859028095300879 0.24799733733705442429 0.29543979371354867069 0.17698178098227418387 0.1556163723967662893 5.0460381157379776695 5.2736586819269870574 5.4836082628872686584 1.89473e-09 4.47403e-06
31737166.324435319752 5750 1.5334020429983163947 0.32386993239615385898 0.037840375732159210742 3.9326277979008055219 4.1313794414175468717 4.0401065756876164414 4.3286136810949011888 4.6289245648662138422 1.52873e-08 8.97346e-06
31737166.324435319752 5661 2.695534407802641752 0.14596335128694484795 0.09370975043124038506 2.1300374933234698105 1.1686450628034172894 3.0794086583545565716 3.0695685417070750489 3.0590647478196260067 3.01386e-09 5.22265e-06
31737166.324435319752 5643 3.3148141550735918948 0.043877717941575716809 0.070936782784852978057 3.973391903781900325 3.1253532634784773059 4.4743805833138292627 4.5172572572791001022 4.5603022699231550163 2.47115e-09 4.88821e-06
31737166.324435319752 6335 3.094164370986161039 0.09377225961434387802 0.22669515298383693946 0.85679679925596796686 0.8131932092146041402 4.1278993437104656294 4.2083203889130071929 4.2904296972115734121 2.80706e-09 5.10036e-06
31737166.324435319752 6290 1.8488498162462332353 0.28562984348664555156 0.13866941032632515429 4.8468001802215434637 5.1232636518057113051 2.6223427858420840231 2.4569801659970229579 2.2763556029615257259 4.66797e-09 6.04263e-06
31737166.324435319752 5215 3.246701669464592932 0.33274537725512687292 0.27001379390092516974 2.5352450456654453959 5.7887451781490719682 4.5303621598360495071 4.8745454809799122486 5.2029257108141395705 2.09099e-09 4.62347e-06
31737166.324435319752 6358 1.8216517772534774888 0.33359579245643694589 0.070523990874539477236 1.7427169616465039148 1.502986936981136834 3.8997430817390115187 4.1678983147583110735 4.4532532293243614063 2.40091e-09 4.84145e-06
31737166.324435319752 3761 1.1386827750279182592 0.10075080756660946546 0.07632645782908864529 2.4126224703598664334 1.0082569401418581823 2.6224196861606698938 2.5700171038044814509 2.5155151650378910766 4.38307e-09 5.91711e-06
31737166.324435319752 5048 1.7969552117040985539 0.19664221162610157068 0.20990184369218492511 5.4000743592095918899 1.8013383293363625093 3.172458411475388651 3.1792619685717862232 3.1866675942878490702 1.54672e-09 4.18139e-06
31737166.324435319752 5673 1.8840614953559322586 0.12566972109696838977 0.24478652943153092481 4.5194289435100802876 3.4581773131173507707 2.4218931388495841261 2.3346406829539585459 2.2438842470891606773 2.67237e-09 5.01744e-06
31737166.324435319752 3324 1.2349428661205787972 0.18601115177789503963 0.11961748441316419345 3.7366151651733550132 2.973987960440162226 2.7448000079764041104 2.6654526777242346647 2.5801941087871638203 1.99813e-08 9.81126e-06
31737166.324435319752 5034 2.8242165776912631081 0.11082822962530348987 0.15317928106183337222 5.1679723882351229491 4.8068509567307957653 5.5503487620594542662 5.6217386879800006483 5.6898159285810052666 2.20492e-09 4.70595e-06
31737166.324435319752 6957 1.4573068388749257362 0.043732982522578026097 0.29302025440515233612 2.3919260313935839513 6.1419706327954131098 4.4543457575675828863 4.4968821215674052993 4.5396034784975043408 6.68595e-09 6.81142e-06
31737166.324435319752 4112 2.1794498265929864722 0.41310029140703491413 0.29825836356109330927 5.521290361849767514 1.249112302007872044 1.6063310058795940982 1.1775412958829305499 0.79597433889555402331 1.99037e-08 9.79854e-06
31737166.324435319752 5344 1.9389375579819201345 0.18339780351625870058 0.10310668740286139944 1.8760599784696165848 2.5614282280844404838 0.26379509369171033617 0.21952617537942906156 0.17958815025550603495 5.14004e-09 6.23982e-06
31737166.324435319752 6577 1.7717636975639088348 0.30156368364464336551 0.28191710784959017611 2.5919293528708458041 6.0464488167977306077 2.8599292853002964421 2.7592540735125643536 2.6467433139573537382 1.63583e-09 4.2602e-06
31737166.324435319752 5446 1.545666559026986242 0.16350498991031373053 0.089776895588688551686 2.2851395994950101098 1.8155844752832599465 1.3715437950035072046 1.213106900902979568 1.0599504229646061759 4.99881e-08 1.3319e-05
31737166.324435319752 5123 1.4837029767876339648 0.38293206691421571852 0.1737826868257595081 0.98357719987333880329 2.5086662847339087357 1.6636968693317928381 1.2652099770401987744 0.90001888022310339021 2.85229e-09 5.12761e-06
31737166.324435319752 5200 2.3455685850643517298 0.57209345580964654499 0.19584548412422025931 4.562690090573177315 2.5473325665777499793 3.1727433692809241528 3.2012877792947085354 3.2354186906607500518 2.18438e-09 4.6913e-06
31737166.324435319752 5511 3.1585468457131882225 0.046199867375851938478 0.1562594143924524448 1.577612580030967937 2.2323659062394991537 0.39461232686526803715 0.37721296539893600652 0.36019613074709566636 2.90982e-09 5.16185e-06
31737166.324435319752 5957 3.1805191185630108386 0.082673427553081033081 0.098355635614682412893 1.0434355547207954107 5.4939768279719052302 3.3695725047963915877 3.3890756615575421407 3.4093277108871933301 3.45473e-09 5.46581e-06
31737166.324435319752 5962 2.891986943120910869 0.22860983965045686417 0.16693288944710890642 2.4685850265775375334 3.9974600985832515754 3.0389363239039606235 3.012104543964903236 2.9825849430076329938 2.88829e-09 5.14909e-06
31737166.324435319752 5160 3.0005901699538592986 0.032667518335024514631 0.19076699593545037859 2.4722690423484579014 2.5154494407547889345 1.7584267035997704909 1.7262286132839375075 1.6939549116163963305 2.48083e-09 4.89458e-06
31737166.324435319752 6891 1.9589120242687398932 0.22234339929636179334 0.18045105960220489405 1.1802661750302396726 2.9943506476120242965 4.1192710059877839512 4.3178577983845958244 4.5231200813517160597 4.39964e-09 5.92455e-06
31737166.324435319752 1399 1.6844407878704059645 0.19561515755968422736 0.1861885376769666367 0.82521923339086500349 3.9923355408912271081 3.9189008538772025503 4.0676525639280285418 4.2239995836684220976 4.64728e-09 6.03369e-06
31737166.324435319752 6752 2.1390990050218547935 0.27660709210309081252 0.079695303188019414597 2.0782491382063930097 2.416307830402596224 3.6126016754287002541 3.7587633805601963211 3.9188442454911540658 4.12549e-09 5.79885e-06
31737166.324435319752 5597 1.6480414744834366303 0.22885508113805941299 0.35568841124958111566 4.6199943543151338332 1.9596143900413403038 2.6909059723152717325 2.5782242439886036145 2.4560071444147753006 2.41109e-09 4.84828e-06
31737166.324435319752 6928 3.1967998836943531948 0.074409987950066161511 0.20900021392450643387 3.6841404990226567229 4.8455646190105241544 0.52952779618230849668 0.49306579058781296876 0.45784540623728203768 2.08658e-09 4.62021e-06
31737166.324435319752 1123 0.74840007931213325953 0.12501930976835232134 0.044529587465382623745 0.48161141575256805059 0.22711793340560357257 6.265890178888017914 6.2679326524314804558 6.2698394548640257185 2.24683e-06 4.73559e-05
31737166.324435319752 5640 1.3083972373694219282 0.03055391890133774685 0.08260600891129472878 2.4023506463523043308 3.4806333356855940764 5.2052763607480470043 5.2320048826420277877 5.2585259887547675106 5.24602e-09 6.28242e-06
31737166.324435319752 5842 2.0061649181242260376 0.58718123278061296055 0.68658008142270976482 1.9597583034045800154 5.4754190433165108587 3.9166980018438457556 4.4915537372868126198 5.0644751764495774538 2.75394e-09 5.06798e-06
31737166.324435319752 1444 2.0796139304732719211 0.033188380012809055863 0.22228317936693162138 6.0962004716167585983 3.6698452179911287274 6.1907971573890403505 6.1938100544959304727 6.1967723269270349462 1.72307e-08 9.33865e-06
31737166.324435319752 5176 3.0815394356333971615 0.10361684788314230732 0.10759772951037911703 5.9015842771271627143 5.2350327175522641809 2.4551701574222977165 2.3865934745542700668 2.3155860847689395676 2.68297e-09 5.02406e-06
31737166.324435319752 6404 3.0925728511307823965 0.25776403792492680322 0.26460601081855678052 4.8081832263815718065 2.0530659763828418285 3.2253487423672622114 3.2505781723050848342 3.2786151395574569811 2.07676e-09 4.61295e-06
31737166.324435319752 6140 1.9666675207566446382 0.29580021164266429023 0.059773223608914176352 4.6356552889365225667 2.8920657925296260338 1.0037784485907401688 0.76882547604678286302 0.56315808681142942582 1.67728e-09 4.29587e-06
31737166.324435319752 5534 3.2629584198599510536 0.16825698229133151385 0.11911001896705664116 4.7053435074827163476 2.1606097908740604652 5.7831267143502769201 5.8587215446529512519 5.9280151860479559645 2.18919e-09 4.69474e-06
31737166.324435319752 5929 3.2430216166816263623 0.10834852001074968264 0.19430076642628496542 2.3353785791389083393 0.89082697107990360674 2.624574492017972549 2.568212886938156192 2.5094365896271937366 3.18574e-09 5.32011e-06
31737166.324435319752 6162 1.9423892007016940742 0.096262190412478298995 0.16319700613810081413 2.9967976250925154602 2.0031223981682133584 5.8413101536489593357 5.8808417447362071329 5.918535692315177954 1.62993e-09 4.25507e-06
31737166.324435319752 6775 1.7321464739701526447 0.24186456886933585531 0.24032761453065334956 2.4923400928934134058 3.7522327292498967033 2.2727526495736962708 2.0698471433959633181 1.8574810474908027835 6.39874e-09 6.71246e-06
31737166.324435319752 6061 1.5878091786195338564 0.2368236380177291267 0.19902332133894376498 3.3206910531460489544 1.1701779771945530761 3.6079470840509233476 3.7288027198289328545 3.8600126282430133884 4.03777e-09 5.75746e-06
31737166.324435319752 6895 2.0090138852417194215 0.51715896221525392562 0.53400301033897690228 2.0191027248600210697 3.459821200814769071 0.85011360150792958379 0.50003143157420304465 0.25207795248252873321 2.5437e-09 4.93558e-06
31737166.324435319752 1810 2.1664335143898574287 0.19112646788704984457 0.49220840065267840169 0.56927524926857930865 3.1488419664749858207 3.1416569437047385804 3.1416706694357361407 3.141685580328795524 7.36354e-09 7.03416e-06
31737166.324435319752 5072 3.1027832606874881094 0.086652194994835632369 0.22858089849453952502 0.59438385082891209699 5.1328335864979584002 2.7448075315954727493 2.709861582077809139 2.6736025203047297794 2.73643e-09 5.05722e-06
31737166.324435319752 5231 3.1573820112273360827 0.10745759791065355448 0.25319362538666440043 4.1161784167810289148 3.0328464590432036019 3.7206255501685578935 3.7823644299409364677 3.8466041188285418073 1.89135e-09 4.47137e-06
31737166.324435319752 4786 1.6645208072311845626 0.1899120923112432302 0.18453857623788619269 3.9995287198911104731 0.34336490405900310652 1.7947292060714101769 1.604372288762017984 1.4145672346393938223 8.41208e-09 7.35334e-06
31737166.324435319752 6756 3.2029552763251745162 0.056347549788129260018 0.31131946704001822734 4.4044183161884022937 3.5300164035046206479 0.45542767205702422428 0.43123745859528406221 0.40768444815578619433 2.22448e-09 4.71983e-06
31737166.324435319752 5182 2.136378971588920983 0.2878862037758537773 0.045501267785738236382 4.2622358690544510651 3.7433564780283616891 4.0873029672827323466 4.3467918882645504297 4.6156518261385315327 9.37786e-09 7.62462e-06
31737166.324435319752 5372 1.7981482923192773082 0.17512934560752974056 0.18297932434456673501 5.7610143014402686035 4.2137389189813649892 0.74522694356654173298 0.63294779177359883349 0.52935456469067632135 1.39548e-08 8.70479e-06
31737166.324435319752 5855 1.8716962744547580577 0.078836390901159375533 0.1830967456231594459 6.2056242242345636129 3.0400993431447522752 2.5397031286055757882 2.4935007615347419829 2.4459098898331306238 1.88487e-08 9.62226e-06
31737166.324435319752 6156 2.1475795651728306623 0.31876712917214822252 0.3951197387745100098 1.6906171667093519151 0.56012726517671296289 2.8378188700096975694 2.7219264242009644228 2.5920429506162108169 2.69058e-09 5.02881e-06
31737166.324435319752 1410 1.9069696373654780874 0.062126047978046168574 0.071579230478566943652 1.3885957612790480464 1.3046112734465531435 4.7423536681932159098 4.8044340668924885307 4.8662971254318199144 1.96181e-08 9.75145e-06
31737166.324435319752 5256 1.8701737337735087063 0.37208921531069388822 0.33609318844563812467 0.99041218362879324122 1.1895969288510479522 1.6772763315283716334 1.2903811473018389488 0.93282550668381292169 4.61883e-09 6.02135e-06
31737166.324435319752 6653 1.7758682005048733732 0.10436249605108641192 0.13473163528562012714 3.0763693210533018529 3.5658314060795865963 1.5205737934198759742 1.4164255824824463215 1.3133041151700932669 2.19009e-09 4.69538e-06
31737166.324435319752 6914 1.9990561618748514672 0.137554874499663915 0.18052757169676467153 4.2279121033604472046 1.2666595512945322266 3.7898551149269663618 3.8781154928972871865 3.9705133121479190272 4.41745e-09 5.93254e-06
31737166.324435319752 6633 1.0205979330496712798 0.13052188156496152827 0.1929832743517970739 5.7769095944287283118 5.4680572951065693488 5.4859908176297205173 5.5756006805091731238 5.6604399223666748142 3.02269e-09 5.22775e-06
31737166.324435319752 6942 2.8046450035781314014 0.31930763342024620632 0.17395620481289753023 2.474649357104538705 4.9521704103147321518 5.2151275369429752615 5.4798549173399511147 5.7096518124633943714 1.34834e-09 3.99439e-06
31737166.324435319752 6832 1.70617289034900943 0.22604913453601646611 0.30639758308539627452 1.5415110380093550724 1.6081561182790442555 1.2699347593593122152 1.0591708209675616548 0.86206731879254605566 7.86044e-09 7.18895e-06
31737166.324435319752 4502 1.1992789554952989484 0.24853007947894703578 0.18031155171085522237 4.3987532895796226384 5.8855553055357772152 1.2662707206020742401 1.0352157002117676754 0.82148667711869760577 4.58456e-09 6.00643e-06
31737166.324435319752 5426 0.94372801008512297027 0.18742281520013245877 0.14845252180410281606 0.021793747092678096566 2.2966252511356994859 6.2379022348146078158 6.2457234823135223678 6.2527430408625122027 2.09851e-09 4.629e-06
31737166.324435319752 6089 1.9713845140580290582 0.391298568428639304 0.26168085649859840203 4.5219707844512617712 3.6225495435837569147 2.9280109035299339837 2.8202505086251772326 2.6966626559035589139 2.91473e-09 5.16475e-06
31737166.324435319752 6690 2.912721682486188346 0.097125085770535204976 0.079706061450147649983 6.2154196144650271094 5.4592254406736966388 3.9378355989992606112 4.0098399567071831839 4.0839655869435587121 2.63564e-09 4.99435e-06
31737166.324435319752 5386 1.6940574291969379139 0.43984014243500541008 0.34963558239127973115 3.000926635924664243 5.6419045601709409965 6.1759023481943966516 6.2162301342461852016 6.2456577082620761132 2.3788e-09 4.82654e-06
31737166.324435319752 5291 2.1639491757470530331 0.11634000317303920535 0.46488918508054272172 5.8589089297448078142 3.391358887403809419 2.1645780148307203206 2.0646402099352112458 1.9622008228620597681 2.6037e-09 4.97409e-06
31737166.324435319752 6457 2.0507057674312130224 0.34639910757219199988 0.38016993681086452828 0.81196488573067548966 2.1031397142585799287 2.9834147902457752721 2.9150654234836852474 2.8372659726342774889 1.33039e-08 8.56728e-06
31737166.324435319752 5818 2.0292856744858753792 0.422863379600859568 0.27883884589049073854 4.7888150388344872255 4.3680275627840501329 2.3925927054085986967 2.0357269402946380765 1.6577493760340109574 4.47796e-09 5.95951e-06
31737166.324435319752 6055 3.2252258967638303133 0.061926414463416644407 0.057052271815197369564 1.90788016765128976 3.7763089919832673047 0.91534468436485827425 0.8671243937399450985 0.81990726686095805054 3.0525e-09 5.24488e-06
31737166.324435319752 5142 1.3049600430303389675 0.23429734518199793469 0.14293615395542963453 3.4355695592511170666 3.6853205989929835873 5.4935560300242363141 5.6489395714165553386 5.7877771747638995237 1.02472e-08 7.8533e-06
31737166.324435319752 6415 1.661096982820390533 0.43902574069382110933 0.32480798646259045892 2.3530112149659108134 3.5525219393925087097 3.7800465894693808799 4.1153574923579494538 4.478435346529925809 4.5356e-09 5.98497e-06
31737166.324435319752 6291 1.6082563008261296922 0.19826077320012069904 0.22760040646713558532 0.4963768846073394192 0.40749961836276277216 1.0543665160242829959 0.88881565815214869097 0.73490071198330786384 4.97801e-09 6.17355e-06
31737166.324435319752 6390 3.2380084186224604714 0.049432850288558795315 0.28556027004182471529 1.8033142808882727248 2.8200629318260626022 6.2355137522485559742 6.2378140159681461085 6.240056078794625094 2.74624e-09 5.06325e-06
31737166.324435319752 6126 3.004843155146917244 0.23020640772800846086 0.19547401270674638618 1.0542176739082032011 4.2730814405948560619 1.3240579843199922205 1.1049350873672241224 0.89926061747470920071 3.04059e-09 5.23805e-06
31737166.324435319752 6332 2.2021373567172957131 0.23127902305546849115 0.16339968615481115233 6.0846800541872783086 0.29821960809850694973 2.6978090185499103981 2.5853412916646494324 2.4632244825863907067 2.19525e-09 4.69907e-06
31737166.324435319752 6732 1.4281588107879126248 0.29464090909328893853 0.19925753327218262423 4.528760924633182583 5.1844926081705784426 4.8832702532682636942 5.170795584986048965 5.4350173967321966373 3.70815e-09 5.59632e-06
31737166.324435319752 6286 2.0793439987278534709 0.43476669972446979617 0.61141940486239931829 0.082253878512528549871 3.6256984857829901436 1.4259802951222739775 0.99453845465829937567 0.62998328833434646956 2.66284e-09 5.01147e-06
31737166.324435319752 5405 3.186319172184098214 0.08022810049490577966 0.1650632871245976685 5.282096568345119536 1.7955200006466647267 0.11769652176135604604 0.10862265030616087558 0.099925188359327232757 2.93677e-09 5.17774e-06
31737166.324435319752 5098 3.2129054782726198525 0.11755556609250031319 0.10337522397732852586 5.6670461892754833144 1.3379458761464517735 0.46878900185924954336 0.41816695260965836001 0.3704292790419648207 1.90652e-09 4.4833e-06
31737166.324435319752 6153 2.7813799941124952575 0.50304734784035232131 0.67845702859350787151 0.19398825687898849091 4.6400971115830094149 3.0418089999138060442 2.9683476806570854301 2.8816325556000528252 2.21408e-09 4.71246e-06
31737166.324435319752 5367 1.1408004937036086979 0.15068133444950718158 0.21600289512310674733 3.1675060698275920856 2.6183618912848056759 3.4085631436158925212 3.4516884806493530746 3.49766887393990622 2.85701e-09 5.13044e-06
31737166.324435319752 5796 1.6540426441918822942 0.30828447092369709592 0.25597725085747446983 2.1733763013016660359 5.9555140800937129697 0.047535909012549129593 0.034567901373576501167 0.023913276422781171854 7.64873e-09 7.12382e-06
31737166.324435319752 5895 2.0897966930539926267 0.33806077035613757431 0.46251884456091252318 1.5579091762442791591 0.57008674855065277765 2.7760201967801889644 2.6275900973177424014 2.4613769293476095434 5.57854e-09 6.41245e-06
31737166.324435319752 5138 1.8311686808117404457 0.28485932879151271147 0.28842931368255597668 1.054351912584250428 2.7503421640043925755 3.2627978404645197053 3.303897147280073554 3.3499283753912623141 2.37553e-09 4.82433e-06
31737166.324435319752 5548 3.1960123286082793292 0.19405664880037076792 0.32322515791673211982 5.5525097688831905884 1.228572126036446166 2.1110358805183198072 1.9345635168721173613 1.7532053332374741839 2.11518e-09 4.64123e-06
31737166.324435319752 5131 3.5400583073528109068 0.11930096563001114929 0.24834237690796298614 1.8993676407186406152 4.6789635642889093603 1.3167873340641278457 1.2027418065099408917 1.0914305343638546208 2.25296e-09 4.73989e-06
31737166.324435319752 6295 3.248952258337675314 0.058255003696257391665 0.25137741737459751157 3.8893876873544037664 3.0880239708662919895 5.5270715345822063469 5.5662384385955157029 5.6045169999695998442 2.30061e-09 4.77307e-06
31737166.324435319752 6725 1.5103108620550425023 0.2275546550066274154 0.14545057235732788969 3.2348242557679909304 5.5888256473007906777 5.6134446025482773734 5.7445309361676599735 5.8612622345832061654 6.2698e-09 6.66707e-06
31737166.324435319752 5278 3.1303974226656796631 0.10505842792320418955 0.29173432068574017828 2.3240621298042802856 4.6284707940125953129 2.6645147293471787009 2.6137757192904316206 2.5608631919274804645 3.13887e-09 5.29389e-06
31737166.324435319752 5669 1.4385240137336092747 0.25035697215498808887 0.22420729003787762124 1.6605374298021273738 1.3619055818712366701 0.0012506942246804098051 0.000968414782307171749 0.00072596542751455334606 5.45549e-09 6.36495e-06
31737166.324435319752 5118 1.2659447300182493645 0.38638678962575262466 0.27400685402347463304 3.534586401026015956 3.7809697678929921061 0.51805322214062754504 0.34898609194890312102 0.21686298628431213698 3.95744e-09 5.71902e-06
31737166.324435319752 5053 3.0061341230265892221 0.098574952823932485146 0.24423733234391689639 2.074614039033345847 3.015807292683544194 1.6134117826337881496 1.514558242703136548 1.4161391313901074973 1.90259e-09 4.48021e-06
31737166.324435319752 5116 2.7180415712020971064 0.19540903780971044523 0.093097287428150904409 3.1715305317359518966 4.711935932087150114 3.4404990596256217472 3.5046285282004885353 3.5740209880344000482 2.56354e-09 4.94838e-06
31737166.324435319752 6595 3.0475065674815096095 0.11184676559188651279 0.22741617320412527148 3.572768646113960056 4.1404925407341117705 0.95185076609017116311 0.86340422030070251846 0.77839405619707258133 2.5233e-09 4.92235e-06
31737166.324435319752 5290 3.1936408557940558772 0.070755175337989376083 0.12869005340310132879 4.6996137607187478125 1.8438656543548541666 2.7009658131028211336 2.6697528377343853201 2.6375927822695697245 2.68653e-09 5.02629e-06
31737166.324435319752 5762 1.846186496027131474 0.22863413572830046383 0.27763085340708443249 0.56438155369180620369 1.7638776856548112892 1.3999450390778886977 1.1769549796869411828 0.96582466097204899835 4.50081e-09 5.96963e-06
31737166.324435319752 6628 3.3190169365321731121 0.12461634557670800416 0.17635909879961361724 2.0983073166945107602 4.8317007008682164582 5.2397861194596302425 5.3444957233985217471 5.4450342643746934002 2.5094e-09 4.9133e-06
31737166.324435319752 5227 1.8535089094820837996 0.12986477458745929181 0.09717200002121906266 5.2152254140312077624 0.12759077988439598839 1.429683910668879232 1.3019108079482242246 1.1767123909416397076 5.94474e-09 6.54979e-06
31737166.324435319752 5481 2.3310771802559400179 0.5805494174484217007 0.69931175560736846819 1.1051066521473198456 2.0959758068387044361 2.8648174151065588511 2.6134941322832458965 2.3209600302917925418 2.0621e-09 4.60207e-06
31737166.324435319752 4662 1.9444013220512157414 0.49800679093794525398 0.049400495490435847312 4.9235365073100885169 2.3215268738703231932 3.6311064878935219724 3.9562484254602843237 4.3185431170228989473 5.28399e-09 6.29754e-06
31737166.324435319752 3089 1.3370984468038205062 0.13329200836728227753 0.23225208660954116402 0.89586092350285484454 0.21827199468949995409 4.4208972186574575503 4.5514683947558438604 4.6830382969025690088 1.46985e-09 4.11094e-06
31737166.324435319752 5878 3.2617500133109929017 0.081073123704442903725 0.080182432484277532669 0.456580715284768901 0.80663079222974698457 3.8196422990840130929 3.8722325669783730362 3.9263364198016219575 1.44428e-09 4.08696e-06
31737166.324435319752 5489 3.2163621129017472278 0.096879064074339285573 0.29203837356174072726 1.9574857760733790357 4.3144935532835351211 3.5073092300970798441 3.543682075375991225 3.5815949197223053702 1.80848e-09 4.40509e-06
31737166.324435319752 1298 2.0159753148395327393 0.59417249864442611695 0.11258104036731268749 1.5205266516889612838 4.2741614429313630197 3.3532738252341345309 3.5566488942795815298 3.7962438424073630117 2.27299e-09 4.75389e-06
31737166.324435319752 6292 3.356406889870293675 0.040648286524101892581 0.29532104369875999961 4.5195254929612662664 0.79860963036599663667 4.7734827875794429985 4.8140161356931052694 4.8544546934673391547 1.7586e-09 4.36421e-06
31737166.324435319752 5358 2.1947480485137953465 0.54635215136991788221 0.42972079542157104459 4.9890030457607927872 2.790405425255139793 5.8950585114937297249 6.0710823315828683633 6.1860983171909458278 6.59336e-09 6.77983e-06
31737166.324435319752 5535 2.2948790747413752023 0.36702538882539015308 0.51407195631708024752 1.1964168159074011211 5.2138307891757218471 3.135036387116889145 3.1319576931112864671 3.1284214727086130381 2.07392e-09 4.61085e-06
31737166.324435319752 5713 3.0674979499984109665 0.19110946038841247763 0.19765390428075516049 3.7039334591854378154 3.5231396076093055569 2.6889912499402193191 2.5966952921106467578 2.4976374645868468782 1.49134e-09 4.13088e-06
31737166.324435319752 5569 1.9486403552015656437 0.16229199839803659655 0.27574568201679983126 2.9704753641595162961 5.6549013416903388674 0.37303941134067603036 0.3177210389346624142 0.2670206169538290597 2.77052e-09 5.07813e-06
31737166.324435319752 6450 2.6595979988637945546 0.22473154645519100026 0.082697747129959794932 1.083390870986307819 5.1140015006216765769 3.5458643209168791977 3.6457898415673297698 3.7543587042801345177 1.74846e-09 4.35581e-06
31737166.324435319752 6407 1.7851293803725905018 0.34023184052018839996 0.15162782375900782372 1.0647755801320166746 1.7486690661975485828 1.8266482508963051146 1.4752770590965655906 1.1365961646448845546 5.15346e-09 6.24525e-06
31737166.324435319752 5576 2.024866525926273475 0.53708735560396103637 0.53024219691821894429 5.6393272030626526714 3.7253077029568952838 3.0265959221225404718 2.9325768749685732217 2.8211327524719340687 5.46785e-09 6.36975e-06
31737166.324435319752 5647 2.1595339494317586926 0.51228692238168238582 0.29112245071240222538 6.0010530715690197923 5.4668552086610242569 4.5529028445253967305 5.1073590104927353295 5.5802039876376490213 2.57441e-09 4.95537e-06
31737166.324435319752 5992 1.8907105630926130946 0.010926508936591876678 0.046825498139216117921 4.6409430445110055885 5.7339996415728213819 1.7809890947435638164 1.7702906579414392496 1.75958085540251985 8.41385e-09 7.35386e-06
31737166.324435319752 6761 1.4398966482834745229 0.17509272255432614673 0.047187714362081335795 1.1754540197500773502 2.0806331265243604989 2.257049581993423093 2.1127065772565463142 1.9627002665340946841 4.88068e-09 6.13306e-06
31737166.324435319752 6421 1.9832444064526963956 0.17878112559064329723 0.046920783421865473739 4.1209015741118335541 1.2006970816882536202 1.5995235000891139254 1.4193860203605992432 1.2426502686400267006 7.66894e-08 1.53613e-05
31737166.324435319752 5394 1.566252008340614843 0.2360946581683744383 0.20138160462624379865 2.577474176962784469 4.5815098700005254528 1.4114277662715539741 1.1804247475420319713 0.96209202741484678434 4.23442e-09 5.84945e-06
31737166.324435319752 2895 1.570294113910842615 0.17925990783535084017 0.077777475372283355615 0.56087630392839094018 5.2703871681191110099 5.309103981236946268 5.4511328616045524598 5.5836623934868176988 1.06911e-07 1.71603e-05
31737166.324435319752 6189 1.5201188357099619797 0.10605506508224701867 0.21091235509610067878 0.43160167188317649645 1.6074888411632273222 4.5462256891635615119 4.6519479617525512083 4.7578093700333585758 2.99935e-09 5.21426e-06
31737166.324435319752 5234 3.1103737494030418986 0.12327490002375131317 0.081139075294520940362 1.2322114946236182309 2.0052281177118804756 2.9031581324607329542 2.8720642925030359649 2.8392390398019347053 2.35138e-09 4.80793e-06
31737166.324435319752 6129 1.395372623754725927 0.44540717547978891933 0.47196596073232616186 2.2257114837380091998 4.8375380998124315468 2.6893571584739404123 2.4303830652417759417 2.1396432643649894167 7.14833e-09 6.96495e-06
31737166.324435319752 5351 2.957652846746151365 0.12538734638628659668 0.10966076571933483508 3.1271352848140083758 5.3110624853893710906 5.2747106507575782786 5.3776621641747421876 5.4763104313930028866 2.44807e-09 4.87295e-06
31737166.324435319752 6272 1.9591461303114920955 0.34523767709433372808 0.10523859111230603192 0.65276059492274529639 4.1264557643035226775 2.9930180716583976164 2.929041848629648559 2.8562125848515664828 2.92426e-09 5.17038e-06
31737166.324435319752 6132 2.157432631781226906 0.46575759218589374289 0.48866154967364888728 0.67764009128474256283 4.320540672089935974 2.4039439339992063616 2.0026649715510340677 1.5796708289897647415 6.69157e-09 6.81333e-06
31737166.324435319752 6557 2.0991448942404735689 0.022439391940752607263 0.15996533873241070012 2.9489417129700212783 4.4122930032941090062 6.2491585279170314138 6.2499135496298405812 6.250660009897123004 1.93092e-09 4.50234e-06
31737166.324435319752 1239 1.8090946254199726795 0.25494993802795506976 0.16195946695644003466 3.0305299857284557774 4.8631359630721258114 4.6116251183175229755 4.8714785852316371262 5.1232089942206995303 1.31823e-08 8.5411e-06
31737166.324435319752 5775 3.0353417586226418834 0.18032054716273299144 0.11710363469485404742 6.0401324137307064177 1.5442084765736463492 3.3291118621178830139 3.3663250675023377312 3.4065086923043126355 3.02463e-09 5.22886e-06
31737166.324435319752 6935 3.4937140886487143554 0.066781459746305976699 0.43362969856812016989 5.9552525357631296288 0.6707177772899468593 4.7455944644712868552 4.812314858322384481 4.878763182924138242 2.603e-09 4.97365e-06
31737166.324435319752 5807 1.5218929400048097911 0.1879947057704943747 0.24570109576044282806 0.65572903877207455725 1.8490650375946544592 0.1634838041621700655 0.13525487248024506415 0.10990512866803386904 4.88354e-09 6.13426e-06
31737166.324435319752 5927 3.4964455223548998042 0.1527554128070715278 0.16135929355436640087 4.0204876262750914861 2.4674022591458872888 3.6788561557792260892 3.7630035236047518765 3.8519351064956972586 2.21586e-09 4.71373e-06
31737166.324435319752 6445 1.2918904303954030777 0.15967390114463370088 0.10269482548244060482 2.4068464953893577984 1.3084170980182909805 4.8788953529248768604 5.0349771304857124932 5.1864147475156938683 2.3322e-09 4.79482e-06
31737166.324435319752 6807 2.0018082499396174789 0.32020859083294189729 0.17869283333798824387 1.6645044039494287791 3.6965810438024830908 4.869750096823313612 5.1837871374997224194 5.4690719256588984365 2.57067e-09 4.95297e-06
31737166.324435319752 5494 1.2802820092529214602 0.34923852187355691745 0.25597714545378491557 3.4843082806090062142 1.7468672578884176794 3.1967597425815430512 3.2210063396738899399 3.2487115159744157644 2.97785e-09 5.20177e-06
31737166.324435319752 6123 1.9624896611315838513 0.55921957747466233268 0.23868721871170392457 6.119499829809363689 2.6765246746602291417 2.9555682720763227778 2.7942407304894150144 2.603877310320488192 1.87233e-08 9.60087e-06
31737166.324435319752 5407 1.8582307098537116374 0.68787570867810543529 0.31724176198747844335 5.660120605165564811 2.2283376609246543509 2.9305866889819331966 2.658689126721375473 2.3392722260876874785 5.11323e-09 6.22896e-06
31737166.324435319752 4750 2.1434884505249227615 0.66502792918460451599 0.46681108056122222472 4.768537388609352945 2.8996273157885070759 0.92418066036708523825 0.43956988513646616523 0.1565670646346148942 3.28876e-09 5.37685e-06
31737166.324435319752 1127 1.4189959441607273849 0.45980822955212624636 0.30124460004322628492 1.0787441865071469849 0.42874851412286535401 3.7532690347713848489 4.099136657793271965 4.4751588783957885198 1.29908e-08 8.49954e-06
31737166.324435319752 6005 3.0534702956141659413 0.17445949593163267988 0.55035671336211366977 4.3923146002206632232 1.044989560479409052 5.0206202118198426376 5.1834302740700959333 5.3388904709652686975 3.36675e-09 5.41902e-06
31737166.324435319752 5209 1.4638141820390300207 0.20512258878465361445 0.1690292268763982364 1.0837472480581942236 5.1610488824820972553 0.33496893886463996459 0.27290991228511718436 0.21762223793803872618 4.75685e-09 6.08074e-06
31737166.324435319752 6996 0.97437625388482740352 0.12583232961115486948 0.114311375188153444 3.9800690098071593859 5.6708296884605022825 0.80175526688872800207 0.71484903467977156666 0.6323655127344340876 9.30536e-09 7.60492e-06
31737166.324435319752 5406 2.0110746031880926132 0.24194615279605616309 0.25841806476132123116 5.4466864754515569302 6.1057458448476324975 5.7208867255192785706 5.8393596934969718149 5.9432507836000025847 4.61584e-09 6.02005e-06
31737166.324435319752 5938 1.6226780178838120516 0.18270684824719696238 0.21827564242876743017 1.5629313916252500771 4.4503626726286551474 2.0035657179707699882 1.8300095161465985694 1.6534065469281613581 1.88863e-09 4.46923e-06
31737166.324435319752 6827 3.1172071689275879791 0.11044051766355421351 0.17256927521494819233 4.4765037801428597675 0.43203505200709563239 0.53747745611115338438 0.48335085381733711163 0.43202375931520003993 3.04652e-09 5.24145e-06
31737166.324435319752 5420 3.3977953364638322498 0.019609567788117822362 0.21305042755936942633 3.7516261293888319983 5.2153432706244879924 3.7456950243815461121 3.7569253055242248784 3.768244540096246542 2.55489e-09 4.94281e-06
31737166.324435319752 6167 1.9306643681562987158 0.27456041680608811451 0.11446895297357065346 6.0209274487884894 3.8455386461657821151 4.2487688811899122499 4.5143055504614686413 4.7834970869345347921 5.7681e-09 6.48427e-06
31737166.324435319752 6401 1.6085366283217177319 0.09152549641728509322 0.17133314789604203732 5.5126667804038005372 5.2743823053757470376 5.2976042456657808088 5.3721363209944437145 5.4444549280299829874 1.93159e-09 4.50286e-06
31737166.324435319752 6586 2.0297303405615170213 0.18736925352837446868 0.184617791383483415 4.0470912630634572338 0.1661864624272484936 1.5071905376067018523 1.3202029959313488217 1.1386861350783323843 2.89513e-09 5.15315e-06
31737166.324435319752 5195 2.7623292045187746169 0.0097648263005102597933 0.092903225142670770031 1.7496194013597108352 3.2820285635028310089 0.057286702448670352716 0.056730312487127738941 0.056176647930319380253 2.26107e-09 4.74557e-06
31737166.324435319752 4963 2.0272783417668942541 0.20134026038525015823 0.27165319121329567498 2.0589954642468906165 5.731218286926059946 0.92836793173146980873 0.77515408281621267506 0.63425090414578666476 2.1769e-09 4.68593e-06
31737166.324435319752 6056 1.3738880261028942886 0.11838238571159584445 0.20627135213727487706 5.288256384979309388 3.701345371324066047 2.7813964960679027349 2.737067147607622708 2.6904738995640098409 5.38932e-09 6.33911e-06
31737166.324435319752 6170 2.3056885966098694674 0.30610221687340566366 0.28393699956837292753 5.6626613096389268875 1.3560840827128517461 2.433809683716305905 2.2033471763712064728 1.956468985408060357 6.44558e-10 3.12323e-06
31737166.324435319752 6886 2.7787808252344436966 0.27041605944221452917 0.60140420886934187195 1.0260537201182824418 1.9416099205205339384 4.7468472329832138712 5.0192350141351518289 5.2770202034391999746 2.88448e-09 5.14682e-06
31737166.324435319752 2992 1.8576844816741422406 0.22678638494350703003 0.11528777679762153285 0.49318226332177383942 5.2818476842564638929 4.415058030613463913 4.6414362860370097508 4.8676520567977048515 2.26492e-08 1.02298e-05
31737166.324435319752 6243 1.5198739712530811019 0.13036739303403399592 0.24320207647208494373 5.3057218431173236439 5.3912987252051847165 2.3943178966105844729 2.3009144830475616317 2.2037783118111571312 6.87089e-08 1.48088e-05
31737166.324435319752 5776 2.0556396446847178261 0.64148450508064858155 0.051748603412352586761 3.7608054732501932094 1.3162651521400796639 4.0026455402139671236 4.6949396994784402537 5.3363265482685182661 1.75506e-09 4.36128e-06
31737166.324435319752 5846 2.7666911214303726574 0.1323704499837603521 0.13018921172567141098 5.9211675955330003163 2.1890790648727662671 5.3172362635537551157 5.4225228756941010744 5.5228960246097908993 2.37403e-09 4.82332e-06
31737166.324435319752 6333 1.6554381814924581384 0.071690000452299978972 0.051168068680048979513 5.906306908437443326 4.1991456215745524005 2.4487084922644353213 2.4015634621529140524 2.3532222160655567045 1.94245e-09 4.51128e-06
31737166.324435319752 1147 1.2427656614256172851 0.091625006237087330829 0.23365411098759902853 2.3096578900608881746 0.1250052979902802619 5.1189522774919709036 5.2017347897239005761 5.2826067355169259443 7.2768e-09 7.00643e-06
31737166.324435319752 6244 3.2178271278402053035 0.038646525598844357063 0.32518928115331813267 3.5687540829267829778 1.9707975842464504623 4.1288505825430075191 4.1614583030403853314 4.1943865998151927954 3.08558e-09 5.26376e-06
31737166.324435319752 6192 3.1942838428398183659 0.11495159003491453586 0.33600611350827713775 0.52182812787569643476 3.0434389907329255642 0.77850965035296115779 0.70075323239206743775 0.62663318186878824712 2.79503e-09 5.09306e-06
31737166.324435319752 5914 3.1877604603962881313 0.11387221599684503592 0.11207302022098021566 2.9834334267942215213 3.7886566301507471621 5.7111018818930183727 5.7701002981962110638 5.8259964504407957264 2.63408e-09 4.99337e-06
31737166.324435319752 6739 3.1880726917198356496 0.15784657237189239631 0.22245314911099711708 6.1512331165616807027 0.98368782041823943363 4.2357859405439368672 4.3820024656909613014 4.5313122259101366041 1.84353e-09 4.43337e-06
31737166.324435319752 6164 1.8998567503423795522 0.37955925715907196105 0.29800054520624780219 1.1236935603282336427 6.1501567478579266535 2.6310271722046980614 2.399349019139938477 2.1427885709032779005 5.09634e-09 6.22209e-06
31737166.324435319752 5361 1.6988913051955707445 0.4572335059510920785 0.33325166580412990402 1.2057046647073570433 2.8182402075070900338 3.4775382735452367022 3.6836183954987533617 3.9194925561940339165 3.09083e-09 5.26674e-06
31737166.324435319752 5650 2.0224338010472213689 0.28499337289729242961 0.20545489555751958455 3.1400411674902608539 5.3355635658448274938 0.768201323077281506 0.5856483777282559533 0.42812119021939032404 1.14639e-08 8.15256e-06
31737166.324435319752 5401 2.1348486447205012873 0.54801792909179680713 0.38378999915034389678 2.0186501508797536353 2.7727729345477074574 2.979481551188927213 2.8431557622002179286 2.6820239403196013406 1.17442e-08 8.21848e-06
31737166.324435319752 6655 1.4545528417003581456 0.25939184819513178004 0.15321052295836681822 0.6549855087006204446 0.16278505595227649172 1.9444381103374346331 1.6877246933677576557 1.4301040599310725909 6.32791e-09 6.6876e-06
31737166.324435319752 3400 1.3441106782221450278 0.29822801779481378226 0.28884870765698289485 5.1519145476586132304 2.3068967530640973607 2.9356490289360714918 2.8623196103803572043 2.780110990606838417 2.20416e-09 4.70541e-06
31737166.324435319752 5798 1.3148672590303296381 0.14581414199040909629 0.24606493969263387722 1.8651824118274846764 1.3260644242878967258 1.1659440185784182287 1.0351651599283619998 0.9097727750804887048 2.01067e-09 4.56349e-06
31737166.324435319752 6362 3.0193199858832016069 0.051836841097571306758 0.22073665617384549686 3.2638601547094485689 5.2919887400743315098 4.6661362071583720734 4.7180030229007519083 4.7698390471173395255 2.92709e-09 5.17204e-06
31737166.324435319752 2928 1.9446228680523913734 0.42877649377639232009 0.34461149956615400036 0.8736148991618272186 0.82337970402871407671 1.8366466156436134227 1.3825596500278698464 0.96135718105978407166 9.69793e-09 7.71039e-06
31737166.324435319752 5185 3.5367048296089547144 0.075142611092268024597 0.24539504324423830339 4.421882747046534945 2.3400572676575412956 3.5217718356358362897 3.5507046525312353502 3.5805959899775916533 2.64564e-09 5.00066e-06
31737166.324435319752 5885 3.4894610099661198532 0.063543041101201611087 0.26013578750966237507 3.1308587885660070782 2.2071010705885409919 2.1280323167283090591 2.0731377926249301424 2.0174450114044866211 2.25928e-09 4.74432e-06
31737166.324435319752 519 1.7793772764979145506 0.14815279066938327746 0.086738611164666024056 3.5422864912873004428 3.8414165700223668054 3.2442102918864961225 3.2606917767488603488 3.2782949595516397423 3.92741e-08 1.229e-05
31737166.324435319752 4406 1.7211066048283829577 0.15272666987625371782 0.14156282221307528446 3.4702009020997910405 5.4031193126500021151 1.0750671565707767829 0.94488045406446885544 0.82110665171379781935 6.27014e-09 6.66718e-06
31737166.324435319752 5578 2.8802171900861082143 0.091430268823596075323 0.17863829191652785822 1.8084058854547282458 4.3350846394475919254 4.3311546732381609459 4.4176196963452127875 4.5051065040894453517 3.04211e-09 5.23892e-06
31737166.324435319752 5134 3.5181413397463856541 0.066507100135931362939 0.34480079314210987373 0.22765775960650377896 0.94221645821191735148 4.9522506215143975439 5.0163957915474819416 5.0798531906430755001 2.31886e-09 4.78566e-06
31737166.324435319752 6863 3.1074295250295649318 0.16989830709254402641 0.085745861872971576578 4.6382853355853894683 2.3474342150644322835 0.36066235576953120656 0.3047589139343618303 0.2537786829974816305 2.72515e-09 5.05026e-06
31737166.324435319752 4313 1.9876048538507258279 0.36989059840418508918 0.091915936521202931675 3.1560541450337886715 5.4821698715203268648 3.5476407079787275478 3.7309845077519825374 3.9365902634336795707 1.98502e-09 4.544e-06
31737166.324435319752 5577 2.0607823105359188709 0.48682665767123506351 0.46818258310235266739 4.9945704871860314711 3.6782581601409600758 3.2269405748498369846 3.2867008080993986852 3.357095674260803797 6.01747e-09 6.5764e-06
31737166.324435319752 5417 1.8680868663749423675 0.14622781505700432891 0.05737965066184567281 5.8024806395132282333 1.8246807122466335294 2.6295979090662333633 2.5526775207927641098 2.4714539304472249448 6.2485e-09 6.65951e-06
31737166.324435319752 5880 1.4510660269604422901 0.10390745337335854925 0.15328801040423431501 3.6822259557167100752 5.3655248667790660377 2.1928906908917742413 2.1056246745315583269 2.0162272598645070154 2.24295e-09 4.73286e-06
31737166.324435319752 5030 1.5192103364541689192 0.30138841089731360778 0.27739592408608054752 4.2570456719933753575 0.54111746179819320002 0.26685895630088496411 0.19606043951322918439 0.13734793741463588446 2.14686e-09 4.66428e-06
31737166.324435319752 5240 2.0869189377899779458 0.10995372788785680307 0.25342693710237884641 5.9591849589087786399 6.2392088584008691399 0.72353851070679786606 0.65344986323730325228 0.58660578369330662607 1.54708e-09 4.18172e-06
31737166.324435319752 3887 1.1758882925113678386 0.38048377923764331587 0.24773823727427454755 2.407061973437880642 4.429496406498655503 2.8096440383875846969 2.6515227236531919708 2.4724337311399855466 4.23017e-08 1.2598e-05
31737166.324435319752 5625 3.0269276238998150674 0.20759500995021434866 0.085151517644016683217 4.6856599108910694795 6.045542205176761108 2.2017101667621248318 2.0215391270944920166 1.8346779258816245939 2.295e-09 4.76918e-06
31737166.324435319752 6997 2.9572200550762897109 0.21313424300275343737 0.19656086237855821541 0.73694685961524808437 1.2069073387050002211 3.866575855504613024 4.021790304304405872 4.1860879893178619682 2.77488e-09 5.0808e-06
31737166.324435319752 6029 1.9915632040562269989 0.3112028110842516293 0.12419623091964368533 1.3125219690673044504 5.4941552250111387323 2.7845981188945301277 2.6536601227524023727 2.5077680309124077418 1.2969e-08 8.49478e-06
31737166.324435319752 6282 2.8061747686704068272 0.010271731554349922827 0.03550638910391051839 5.338621372379415142 2.6417711621687982593 0.21911845454698641866 0.21689677579504867966 0.21468629763837521196 2.68214e-09 5.02355e-06
31737166.324435319752 6604 1.1237717534875089065 0.19274442075985911971 0.09805109776108594799 6.2308910842130202923 6.0681248968594445614 3.2712430481513981029 3.2990822986694650076 3.3293122211255687937 1.53681e-08 8.98925e-06
31737166.324435319752 5362 1.5046687196107788598 0.31541234592663813796 0.21836392183720262916 3.5526055356651893291 6.1987331089387618377 0.078054935084455545624 0.056323506607159214143 0.038567768598330151586 1.49782e-09 4.13686e-06
31737166.324435319752 6068 0.77370755310314098807 0.15637646097360560771 0.14618422919480689171 3.010804356112401603 1.4609023936604332849 2.7278466399273724186 2.6597034643305668133 2.5872301598904590136 2.08722e-09 4.62068e-06
31737166.324435319752 5877 1.3346298717866869055 0.32575567218968820571 0.26267009198490837152 0.89452918891383659261 1.5215737324289291266 4.870588370930143185 5.190051013403885527 5.4793455444800311938 2.13222e-09 4.65366e-06
31737166.324435319752 5479 1.4378324303031277953 0.18704438610363430251 0.10435537891036292257 6.0056045306500438485 2.6300518324854853525 4.5780060763519232481 4.7668454780297935258 4.9536125916533704228 2.12255e-09 4.64661e-06
31737166.324435319752 5257 3.1980929134344080467 0.18905166627782629685 0.19697856484332781912 3.0365373958804720012 3.612641109030584996 0.64728694897671379405 0.54048317195229500509 0.44320657044700151328 2.20895e-09 4.70882e-06
31737166.324435319752 6565 1.6921605545156666039 0.35002213193023046234 0.16824837035546863495 6.1514724418001511808 0.31257990134701252316 3.3159089918237225625 3.3921347997354684978 3.4789155121392827397 1.41094e-08 8.73682e-06
31737166.324435319752 6327 3.0205996976563729284 0.23571405496930836199 0.15998216888633903787 0.089049484834507947051 0.6499866813239194574 3.0277207089468469725 2.9968959069257006256 2.9629077429156289725 2.25041e-09 4.7381e-06
31737166.324435319752 6313 3.2411359636390848493 0.12219153068608146206 0.35750227656176625235 5.7442117724024779335 2.12707359964687992 3.7199900587374781225 3.7906413530204479123 3.8644974353654490962 2.33149e-09 4.79433e-06
31737166.324435319752 5890 2.0151454621765134689 0.46476416670702591638 0.58117402700347020605 0.064672538330719481214 0.73152496742951667041 3.2154848258512944703 3.2637351989252700868 3.320361632024360965 4.73576e-09 6.07174e-06
31737166.324435319752 6709 1.8668921232320458969 0.61164574484047806724 0.1811494601395673143 2.0403123239165505964 0.15782272945599976066 3.7291509759915881794 4.2462331804107282807 4.7926179644926483192 7.37402e-09 7.0375e-06
31737166.324435319752 4581 1.669995574727684895 0.35105327866560287475 0.18719443668162077943 3.25224866944777391 0.79580515407272944817 0.4148100303506241926 0.28963902437472982543 0.1893759950181933549 2.62777e-09 4.98937e-06
31737166.324435319752 5923 3.0259894025176952148 0.07245253094515871628 0.17165923047268627499 2.0700807539455294837 4.9213808594936265806 6.2207832409181751387 6.2251493645731859061 6.2293518554557252287 2.22479e-09 4.72005e-06
31737166.324435319752 5864 2.0740739000216410481 0.5276251170302179716 0.43737052215184285542 2.0227902796930736784 2.4552841792035819957 3.86368714655155987 4.3346333477408087731 4.8250581386270461337 2.76427e-09 5.07431e-06
31737166.324435319752 6023 1.6745581418882264924 0.21015705071446563745 0.23125246624527667771 6.2267532469588191546 4.1700616420989735644 0.48836705015606551861 0.39726903948477232387 0.31595895879323410149 3.26695e-09 5.36493e-06
31737166.324435319752 6842 3.1492084806994289359 0.0034055688737930794353 0.11841003107124649374 3.987989022707576936 0.78766386208762650956 4.0793227982704678425 4.0820712017548075323 4.0848223573648736462 3.94698e-09 5.71398e-06
31737166.324435319752 5437 2.0855289172138613552 0.25803689863726353426 0.22260841414636758917 5.0419374539767032317 2.6009664060046979728 6.0544407276034775123 6.1072018393719540441 6.152378036479018597 4.54448e-09 5.98887e-06
31737166.324435319752 6001 1.8375124813881911212 0.14345237544857461498 0.3400077283474571832 2.5356280158948636405 4.4763092375823489988 2.7781909674913385366 2.7232449813506094394 2.6649672852808676815 1.89847e-09 4.47697e-06
31737166.324435319752 1517 2.0262733566159467635 0.47069422013990286358 0.58005860478190152119 3.0344749020271586382 3.9294050416652845925 3.7390590847528644147 4.0900827471262317658 4.4725388828819632181 2.17631e-09 4.68551e-06
31737166.324435319752 6356 2.1676642574695703658 0.28482775179381825126 0.54170129730268934409 0.24593996791937478008 5.7859972409325557408 1.7744344935470734992 1.4830412797265020153 1.1993095461902660848 5.8318e-09 6.50805e-06
31737166.324435319752 6121 1.9537336820604742638 0.36944361204900749707 0.045839751460048129561 2.6443163093430759325 1.2339659328526322302 4.2489143030907019494 4.6192839114397425959 4.9871274089545973851 1.90564e-09 4.4826e-06
31737166.324435319752 5717 3.1671892185194927549 0.098456387363870662144 0.23042344141654763634 3.0444280795396951866 2.3066547558064822709 3.7508667547761453953 3.809712952369089134 3.8707078205577154506 2.31886e-09 4.78566e-06
31737166.324435319752 6197 1.9997676378015916132 0.17154633686351430932 0.1994133976717101242 2.1607202936544225302 2.4049106125775434606 3.7597491877638939961 3.8673922486860883296 3.9812533382191519493 8.02678e-09 7.23931e-06
31737166.324435319752 5211 3.2135756459745952185 0.091643675198835761186 0.24998713322262181014 1.1891418097807930909 5.3881835789035337214 3.6421514425064169806 3.6880674067937375682 3.7356926661865301753 2.07199e-09 4.60942e-06
31737166.324435319752 6154 3.139457241891512318 0.14864870259544246678 0.23829163514216267217 4.9464969617204497254 1.6379999567788934289 4.5056447734421292139 4.6539476354397537605 4.8023425635702183811 2.04677e-09 4.59064e-06
31737166.324435319752 6204 1.6521672733950198975 0.095556152722313367209 0.11399341312343377886 5.3390895259864006306 1.3658866670342284522 1.7291099267793557104 1.6338849190490685181 1.5385188681498374041 2.26769e-09 4.75019e-06
31737166.324435319752 6392 2.998047523809785897 0.24355576465928779895 0.18312496624275073631 2.1326145944117160802 5.872454384204170097 5.5683060330056459719 5.71629073568310897 5.8470838316292592651 2.75286e-09 5.06732e-06
31737166.324435319752 5076 1.4563335998655972947 0.37794815983031632145 0.10405307353634028755 2.0955096601581137961 3.7473232776205711581 3.7136143898334283975 3.966719797062091768 4.2443733845586910647 1.5547e-08 9.02399e-06
31737166.324435319752 5288 3.1158423633543157472 0.28104480991691943581 0.2059789489682684327 3.1232879365659265147 4.3193578925592106543 6.2288182733150145864 6.2424518447849788316 6.2538966074812680773 2.94866e-09 5.18471e-06
31737166.324435319752 5459 2.9550360045722774416 0.19740245036402029322 0.18003127268322707821 1.2317955726113265502 4.3126230031786558783 3.8966342110240570484 4.0436910334038307369 4.1985788307630702576 2.51526e-09 4.91712e-06
31737166.324435319752 6816 3.0963039282648177064 0.02856596572326332989 0.16399841950224339215 6.0885072668007635954 6.1703248810689821369 2.525229654935290835 2.5085187045812298301 2.491618342088076421 1.76213e-09 4.36713e-06
31737166.324435319752 6572 3.0073133037754891106 0.12778638633205885444 0.16586659959696992139 3.0134485988735359996 5.4946088840668076969 2.9352377005789782594 2.9071876446078670497 2.8775074281381178842 1.66053e-09 4.28153e-06
31737166.324435319752 6740 1.911494324740472317 0.31437031876777210559 0.29973105780580666657 5.7967620962683863439 6.1769447860599377975 3.2609077714904124434 3.3066132191917190219 3.3582556542392087984 1.33102e-08 8.56864e-06
31737166.324435319752 6480 1.6684118904883609158 0.13792567975697150873 0.22400845377701583683 4.3443947942365648274 3.9840872787027774571 3.0201413154315952525 3.0021112552883857383 2.9829355075874279812 9.59462e-09 7.68292e-06
31737166.324435319752 5642 2.856628815736191207 0.1421681923720865548 0.12141578742660882884 4.5205168142979363921 4.6194538320808709031 4.959767688038556166 5.0957196679671383777 5.2275698710784181955 2.80041e-09 5.09633e-06
31737166.324435319752 5478 2.2524056640125063034 0.44692322534134582002 0.2593097588720186808 6.0890834270274725171 2.6116653724305418649 2.1838401507743796515 1.744564422120966185 1.3043717370799468025 2.28234e-09 4.7604e-06
31737166.324435319752 4732 0.98842315682667547527 0.053290606029357624751 0.055886677760000787185 5.2285097585312394486 5.1933045977967449147 0.62136685508079392282 0.59098294747091995038 0.56129061949526792841 1.92787e-09 4.49996e-06
31737166.324435319752 6815 1.7586147938029283999 0.41642034763333640734 0.19591099251832583272 1.9501694986139077592 1.2107200935554038868 3.3071935725025132236 3.3987507639492404721 3.5046602600999019472 3.57143e-09 5.52668e-06
31737166.324435319752 6617 2.7536728993597829884 0.25920074947047017089 0.021900810778630579873 1.6775999095816611639 5.8042279155414053804 3.9251581330204268205 4.1297449391252287754 4.3461803461231900414 3.93262e-09 5.70704e-06
31737166.324435319752 6667 1.7965892476396074784 0.3294519003590850037 0.30267137299579638388 5.4300992334127338168 1.5440002948362530066 4.3649299879547758252 4.6999335782264743955 5.0293599238191326606 1.85586e-09 4.44323e-06
31737166.324435319752 6040 2.242545629360181092 0.46387432861370953008 0.4293168346808931557 4.7996326273517553318 1.4074604229336151739 4.3756001366142509568 4.8706188221586934617 5.3286983189842027642 4.48499e-09 5.96262e-06
31737166.324435319752 5950 1.7597751044363330042 0.28001712275913026584 0.14412872020843695009 2.9410295629738829604 5.9162481430112849878 6.1341098758237819766 6.1712901877362718039 6.2025573947628362959 6.81029e-09 6.85339e-06
31737166.324435319752 5158 2.0109845543369928578 0.2751340469351880591 0.11923904484777980706 0.91555220014130656025 0.94821953688662563575 3.5612367902540231768 3.6921488380989906375 3.8360883262426255236 5.85576e-09 6.51695e-06
31737166.324435319752 5252 3.1309897147377947491 0.11866302347119739302 0.1935280058852927032 5.9181041058753622863 3.4520244577357788174 4.167508403810607831 4.2724939623879922834 4.379859835777821786 2.42859e-09 4.85999e-06
31737166.324435319752 6104 3.3319093509158439481 0.085283924325080903706 0.16034377267987998117 5.9703134965354331953 2.2714815878788607861 5.6813347177780357811 5.7280539933172649469 5.7730033034702357142 1.75259e-09 4.35923e-06
31737166.324435319752 5196 3.5515550375339381972 0.11483821959634774035 0.1978442442296258208 4.0432348931779067414 4.7109827107110735511 0.79868605222492228268 0.7193694156364945913 0.64370131108101136252 3.02458e-09 5.22884e-06
31737166.324435319752 1284 2.3022687541160662406 0.16488847305606529892 0.11536826291419585711 3.370288600425771719 2.8889372822664713958 3.2621015203864969223 3.2838522818197319886 3.307230215123113215 3.64405e-09 5.56389e-06
31737166.324435319752 6952 3.2154368031251765458 0.078226614840441757726 0.11004867558399999972 2.467118301634071198 0.67646014164954326731 0.94662939505010634811 0.88449785499319422133 0.82398198931813770862 2.57429e-09 4.95529e-06
31737166.324435319752 6978 1.5060845553799786511 0.27709529833671020516 0.23455493006582836535 4.0095400210110128114 0.068192768695542804736 2.7859762549948912103 2.6726690633788998674 2.5474424020412533842 2.46129e-09 4.8817e-06
31737166.324435319752 6692 1.8631178909706893609 0.29255745551146489225 0.17216326235969209302 2.7221463482422967317 5.3711849251189613952 0.6475372201552400675 0.48668743796250363287 0.34985816123284863011 1.32225e-08 8.54977e-06
31737166.324435319752 6425 2.2012692108200102581 0.25888767189837158522 0.28901316224036616154 3.054026939524504769 3.4263308135240433394 3.6306470543628468484 3.7704276282315958291 3.9227061298289149782 5.02719e-09 6.19382e-06
31737166.324435319752 5767 1.7703419583736050846 0.47956727087090261774 0.25587136540307903187 0.92582665928955898416 2.9173660642344390048 3.1154417031457555254 3.0975039905249150962 3.0763673598554999167 4.97944e-09 6.17415e-06
31737166.324435319752 6836 1.7256696873159624861 0.36181611317647693893 0.25353687858390389076 2.5767997694146642651 3.2572010987072035348 4.494121519374028928 4.8706763698489190517 5.2279693060018814776 4.61039e-09 6.01768e-06
31737166.324435319752 6702 1.8645266395835857764 0.36755383487337367487 0.13451446172707967608 3.969662780284068937 5.5816745284435427266 2.5204243214130297446 2.2596233994748771146 1.9758747440418777952 3.70623e-09 5.59535e-06
31737166.324435319752 6809 1.7639632854467146572 0.11855710190455596986 0.33257009052940383897 0.69594700851074542403 4.4057352340425044446 0.33614357353747958967 0.29899025388657901603 0.26406861826134447879 1.72631e-09 4.33733e-06
31737166.324435319752 5678 1.7066421544655387965 0.25465035067159130788 0.21216801408968094522 5.1029301153533213053 0.54440081368983050947 6.1493403093582674757 6.1799605262967460817 6.2062000962961949568 1.85255e-09 4.44058e-06
31737166.324435319752 6119 3.1196987151835906538 0.05521072053086416298 0.17914924192713560513 0.44250902455458585028 2.0503245792302378092 1.0311768111770491796 0.98444709126914942132 0.93845842275977542357 2.96829e-09 5.19619e-06
31737166.324435319752 5063 3.4754261111889270808 0.075224833962848874913 0.43700810963578723412 4.6498396776281012421 5.8967624745954685395 4.2906843170948807398 4.3604641854973618109 4.4310785619934991431 2.23728e-09 4.72886e-06
31737166.324435319752 5289 1.9412405956817122554 0.16611155085653236951 0.17126546081848431635 3.7121923799497342777 0.0058624217963661844066 0.99564294970814093411 0.86159123480215982216 0.73553253693111209088 2.13423e-09 4.65511e-06
31737166.324435319752 5310 3.478686906553638547 0.10414696189669006565 0.34114376949581759479 1.6254571790901446438 5.7734041335586514521 2.4708091478527887119 2.4031523523010172028 2.3330473554982389395 2.51895e-09 4.91953e-06
31737166.324435319752 6054 1.9496093177881363978 0.37554898425353638869 0.074941284629395199524 5.5397970408786481045 1.4044361435651542269 0.86409801647742989772 0.60244681683104639447 0.38963814445646077766 1.3494e-08 8.60789e-06
31737166.324435319752 6960 2.9898679082289412179 0.20728301919061822844 0.12174120687098932692 1.2987209971116004947 6.0070718187612754946 4.0377998270655073298 4.2124722886397307775 4.3943885299317102522 2.28045e-09 4.75909e-06
31737166.324435319752 5360 1.7574818034967583102 0.26851803401712781572 0.054197668988002163648 1.9554565668033376813 2.2938640255550830638 2.7672994000329671493 2.6528252991009932948 2.5267458979736892033 3.7029e-08 1.20512e-05
31737166.324435319752 6823 1.9675120975235378395 0.27097957478819145738 0.2956937863767088448 0.30721208264095911655 4.9687901842845239031 3.1967017625252949209 3.2143440189835184029 3.2340407672775461911 1.69817e-09 4.31364e-06
31737166.324435319752 6677 2.2745577487540877826 0.11142126915868527659 0.2303903186457576524 1.508447453593290799 2.7829246389042019416 2.1700931191550112409 2.0748697003386982196 1.9773067404015634008 2.33048e-09 4.79364e-06
31737166.324435319752 6017 1.8638413346195261688 0.3521480851485410124 0.047072265072725202883 3.9702477489357219653 3.1688760208918664851 2.1791704979483252913 1.8490393866883159113 1.5104350947038345243 1.07446e-08 7.97837e-06
31737166.324435319752 6501 2.9757201947991895885 0.72173354831274361132 0.41269606945368986217 3.8226765705184750921 2.5772650172406037505 3.0677487089259121156 2.9583413301096803671 2.8268216908345173977 2.93548e-09 5.17698e-06
31737166.324435319752 6920 2.2945727233380353027 0.022907637583226284766 0.14435999134777374731 5.2888849435866411852 3.2970563796187670746 0.43693414188126888931 0.42733885594228909754 0.41784477545723186509 4.48089e-09 5.96081e-06
31737166.324435319752 6897 2.2232773304832949002 0.30847208248982221912 0.55324407966606081732 2.7777378631129168163 0.48680667366734797774 3.3389737905356344783 3.4123200718585242619 3.4948155106556835214 2.6229e-09 4.98629e-06
31737166.324435319752 6969 2.0069269011776804668 0.20407198228021480868 0.2304645175549271674 1.7644442251064453853 0.86297640840761768999 4.0899879426701311047 4.2678039546226926859 4.452037939636571906 2.41679e-08 1.04535e-05
31737166.324435319752 6230 1.8072672493496033663 0.21053540924368419063 0.20626085925803450127 3.96680418379053501 2.7119176833959444117 1.342349930594672669 1.1405303651084082173 0.94918423819081954029 6.03494e-09 6.58276e-06
31737166.324435319752 6186 3.211629217906254663 0.072601172596645918711 0.2144525139062231911 5.5534926519603962092 1.4881706095492706066 0.35828846567021060965 0.33363610378795544031 0.30986061466056780134 3.14704e-09 5.29848e-06
31737166.324435319752 1465 1.4656727414573254009 0.3825042120470653062 0.22904753782700232323 1.1284402529542494342 4.8635025934693842942 5.5795658861352981361 5.8020338727231255405 5.9790568930967751271 7.44584e-09 7.06027e-06
31737166.324435319752 5931 2.6898802010121225514 0.15810671485714733464 0.29304841201650977389 1.5202124872161653091 2.8885322336912468977 4.9655599788814370754 5.1162999962603512571 5.2616840111727087859 2.66585e-09 5.01336e-06
31737166.324435319752 5323 2.8018831708539453373 0.16074495604713998076 0.098086937874675816929 1.316147420559879988 0.32180340999696321891 3.1908082364177783319 3.1994675840824622348 3.2087654946413559642 2.25995e-09 4.74478e-06
31737166.324435319752 5788 1.5048647738909248783 0.25457451435872036072 0.16361482963484574871 3.5153749205940392208 0.44133009829979913397 3.4137015263379635321 3.4931329457155211315 3.5807942308275673149 1.43499e-08 8.78617e-06
31737166.324435319752 6138 2.0966148803752417962 0.32326329051953361926 0.23249368662446073808 6.2725154650882686269 5.2900407437907279729 6.0075948406821355618 6.085490984086891153 6.1489828321111934528 1.45536e-08 8.82754e-06
31737166.324435319752 6726 2.1064324428990786053 0.17926604018395336793 0.10902688164428124551 6.1522822370811640624 4.5244962948488627319 0.118310065304348358 0.098734965312951145089 0.081063883107485384949 2.92983e-09 5.17366e-06
31737166.324435319752 5559 2.3325484304000800861 0.37241847052356585879 0.51522657848207564779 5.909843666063114398 2.5165356050268554711 2.6915143919967152719 2.4887686302697451524 2.2625496784862257904 5.44342e-09 6.36025e-06
31737166.324435319752 6737 1.7796110464931609307 0.2408718964897225423 0.23945300754381687591 1.5942922664762260165 1.3930709948874382409 2.9504628752078434495 2.8976998876216115697 2.8395336585639618932 2.16814e-09 4.67964e-06
