33215605.749486651272 0 5.3980636197798972375 0.024897418074668508509 0.014986181952282195268 0.13066066998404893273 5.6685169069251815088 5.8352531738394395333 5.8459181934988917462 5.8564613859662584261 0.000954961 0.000356051
33215605.749486651272 1 9.014947242861344634 0.090088376164861289075 0.060293265685988112201 0.89541897339383624832 4.2528860647319230992 4.6282316948087727226 4.7184654276447517418 4.8085521406386559917 0.000285285 0.000238018
33215605.749486651272 6992 2.3415890742877256692 0.27823187942976174147 0.21788800997759755207 0.2888409637689724474 2.6436753934730274906 3.712753075518132384 3.8865619578542656143 4.07518905074700033 1.98059e-09 4.54062e-06
33215605.749486651272 6819 2.1358103756607538237 0.23287665344681188206 0.31884309946156619286 1.5613499154236571975 3.5599030768818269443 4.6229386732337252042 4.8595144069915372498 5.0898751921919709318 2.46721e-09 4.88561e-06
33215605.749486651272 6751 1.5305360439067661193 0.22940334367277795402 0.37822807636286498445 0.056388885459085540119 1.3269833046321539705 2.0102856120377841087 1.7898254118705831939 1.5659027729098391468 2.66624e-09 5.0136e-06
33215605.749486651272 5931 2.6648001571415171895 0.20613847210082170136 0.66386789408673563262 3.4702526408928311419 0.74300742476498404798 2.5006585423398139945 2.3649166775926468986 2.220431657191185959 2.66585e-09 5.01336e-06
33215605.749486651272 5740 1.6303498332101908908 0.15024579197271054065 0.16326165895801469929 2.6481205026982599371 5.1457757906631025335 2.7994977225896979789 2.7449377003816319842 2.6868924657062978056 3.09097e-09 5.26682e-06
33215605.749486651272 5588 2.6976880732712498201 0.16046039336734033154 0.10437888573691642136 0.28560955506275975679 6.2623443845622164261 2.0680863903879345145 1.9207215806620465681 1.7699853534154588175 2.40685e-09 4.84544e-06
33215605.749486651272 6582 1.6579660995381817479 0.34341633372541680025 0.15460472595250082661 3.3967025797582488522 0.76412995069373723656 4.5365931192622293011 4.8926567483125342761 5.2305082673144092098 1.86721e-09 4.45227e-06
33215605.749486651272 6171 1.6423987815398697343 0.15218864927908731799 0.10433535094644925956 5.2945682517053462846 0.075332974994357912446 2.1444986574855513517 2.0105550066273973897 1.8728464339445329845 2.39216e-09 4.83556e-06
33215605.749486651272 5921 1.4879522653799384102 0.14861945719593411264 0.34355579781109768511 5.5835140256673767567 5.9092115858488458713 3.9878547377194180079 4.1054591337261259198 4.2275355932682199267 2.32801e-09 4.79194e-06
33215605.749486651272 6443 3.2038488882122351242 0.19973223960808708655 0.2649915656222765481 4.8252986869162919348 1.9681440379236248006 0.015428451888607428236 0.012600875331385867628 0.010084140883705974834 1.88164e-09 4.46371e-06
33215605.749486651272 5990 3.1203540206830520098 0.082815583418655164261 0.19859003281680714936 5.3217426217066163829 5.9919925896979417956 4.827179342246775029 4.9091558259766525651 4.9903733819176041564 2.30118e-09 4.77347e-06
33215605.749486651272 6883 2.2428064336215634 0.14198379893340887237 0.23138952485661343217 0.61643302099980479269 1.1603322808939222632 2.0989957736397846233 1.9713137202221140409 1.8405666059964493897 1.23696e-08 8.36184e-06
33215605.749486651272 6035 1.8626018348039135031 0.22139225045403404524 0.1127677123020992267 5.8529675004780230552 3.6262987547100000718 3.6081360563841444744 3.720069961791548252 3.8411160921803331192 1.91047e-08 9.66563e-06
33215605.749486651272 6793 1.6543174066273733658 0.3142305160306827494 0.11215945347114034125 5.3032115527785652631 4.6629328040561714985 2.6371682935929579017 2.4562466818210473285 2.2573573359538601224 2.0508e-09 4.59365e-06
33215605.749486651272 5467 2.9638285939644490874 0.14248914827326722432 0.1283069584768076199 2.5425661906861534156 1.0886020426999540867 2.9346940354344286384 2.9030583484918284221 2.8693911996979837298 2.43648e-09 4.86524e-06
33215605.749486651272 2413 1.9573983641911514297 0.44103768027872275459 0.45852435657039691819 5.2347868626000053638 4.5840901596535577056 3.6304280634760424107 3.9033837441766352505 4.2077961483815835564 6.11801e-08 1.42469e-05
33215605.749486651272 5694 3.1215702199261659011 0.13241106930420162846 0.3140653209814449065 6.2199443973330881263 1.9533822679531707145 1.8329235326413035878 1.7024032506236090878 1.5711372323374865889 1.21025e-09 3.85309e-06
33215605.749486651272 6054 2.1009081724976970129 0.47947793666059340678 0.12462891253536524661 3.9899604373690351622 1.3161184602250568521 1.5179775675130440238 1.0249623857886143163 0.61515515211913174287 1.3494e-08 8.60789e-06
33215605.749486651272 6484 3.1406155702742020175 0.12941310976192399451 0.24325534087128439231 0.89753393339523357408 5.9945655580354486602 2.2132817316968971255 2.1051253254033248652 1.9937510391757740091 1.88476e-09 4.46618e-06
33215605.749486651272 923 1.6890646521368006816 0.18395880109650630807 0.06956645670342570531 2.9265584561588808832 1.7667029302733692209 1.6028236133779234507 1.4173576490407311379 1.2355601130276974153 2.53731e-09 4.93145e-06
33215605.749486651272 6411 1.1740820484178164929 0.1980773361826204948 0.15144092919830204336 0.3670044356291330967 0.7381300946392274076 0.091398250932717917117 0.07479312131746529424 0.059992107599051575084 5.10394e-08 1.34117e-05
33215605.749486651272 5448 1.9167441031187522071 0.29724288011537974841 0.026501644424519261306 2.0620931610221373553 3.8716427887550053377 3.5882532567973952631 3.7402034852200092274 3.9076984804949037589 2.56033e-09 4.94632e-06
33215605.749486651272 6528 1.7531090147573558102 0.081068173476727498072 0.14094357275907754001 3.5072719164071095577 0.60222341932781364715 4.2647183342569014997 4.3391933884211448813 4.4146813972723606412 2.31313e-09 4.78172e-06
33215605.749486651272 6764 3.2670908551358803784 0.022545409038911803229 0.2903438935288685796 4.1084942092339353792 2.2360901936616470742 5.7106168091470133064 5.7227184744193886345 5.7347032005274760635 2.4069e-09 4.84547e-06
33215605.749486651272 5259 1.7929700276456985719 0.12466776325523154512 0.16919119184097564101 0.6310693454281878223 2.9871509591652518623 1.660330012753607587 1.5351377154910708089 1.410549203647140093 2.21606e-09 4.71387e-06
33215605.749486651272 6809 1.7204376195614496936 0.05996539092263317855 0.27279253948240406169 1.8586099656927570489 2.8658425928906239299 3.3343949033305291252 3.3462440849169907686 3.3584306041102918172 1.72631e-09 4.33733e-06
33215605.749486651272 5328 1.7963797201774185375 0.61130021170833015454 0.47193234936896627518 0.11554164593676043149 1.5659277490497740537 5.1143575609215226052 5.6549078638258585272 6.0142007928391612026 2.1043e-09 4.63325e-06
33215605.749486651272 6498 3.2373552891078469784 0.066195512166939432519 0.11360776918188621176 2.9195574724713657666 2.0084166059964134732 5.7443084103991282063 5.77737203423863388 5.8094450199790310663 2.50157e-09 4.90818e-06
33215605.749486651272 5668 1.3974128322493111209 0.3324906162026565748 0.18299390995280437333 0.40184309302325316171 3.8752819199448209631 4.5027067140795136169 4.84637622322296302 5.1758867693595389525 5.17696e-09 6.25473e-06
33215605.749486651272 6300 3.2620397141479315906 0.069056514956391853999 0.26662682907920515207 5.6187555566833005116 0.3176276144691609904 1.2767815538593645375 1.2112891651918322733 1.1466474108429920431 3.26125e-09 5.36181e-06
33215605.749486651272 5204 1.2190223221549070232 0.43382121306851068043 0.37257457990966563743 0.15254904591914397738 3.0547242238716059148 2.3932784862407880944 2.0246009326749234702 1.6346886226691452748 5.21728e-09 6.27092e-06
33215605.749486651272 4755 1.9077240474021626149 0.07805621002286336485 0.034588073060604941633 0.66023365824121293954 5.9140684252216866312 5.8428288997930550863 5.87501131690210876 5.9059944800118344688 2.39615e-07 2.24572e-05
33215605.749486651272 3800 1.3982678081962809369 0.064320613171771359728 0.080045395195246796249 6.1882819581830430522 0.26974311165199271745 3.3768283381509904828 3.3923199163631370112 3.4082784102843581842 1.79108e-08 9.45995e-06
33215605.749486651272 5861 1.7327693720062169458 0.21275504196721078953 0.10234392792341905076 5.1881477696949742651 5.5139336640852185667 1.3000955567144487635 1.0991933648161087422 0.90966241141877124399 1.95257e-09 4.51911e-06
33215605.749486651272 6719 1.6440733188823648536 0.15496814072256170913 0.22953106873554718348 2.7399210322032083731 1.3990616413772591908 3.3683369645469793952 3.4062631528909559364 3.4468014633515919876 2.09817e-09 4.62875e-06
33215605.749486651272 6923 1.9508329101364279001 0.61226823370663330248 0.42426646013614316422 2.9697247360142551287 3.1067853799429814288 3.3698124115828287373 3.6007603308790048224 3.8721189274750029696 1.67707e-09 4.2957e-06
33215605.749486651272 5480 1.8909811844938462233 0.48790335740461454606 0.28243787247850615785 1.967762570171918135 2.2111500990288739388 3.1828923582239956325 3.2119712768949542081 3.2462809036611246505 1.6026e-09 4.23115e-06
33215605.749486651272 5093 1.9629651185666949775 0.18672576246928476729 0.18699049371865958391 0.37402946908607831444 0.75202348367610571955 4.0587259439540286365 4.2170303367227859326 4.3813113425244010202 2.98948e-09 5.20853e-06
33215605.749486651272 6676 1.8588690904254356884 0.23669476647108517176 0.078815458986169054101 3.1694134674308038768 1.0071691189759424123 1.3233431774190476116 1.0981569836304836407 0.88741109710179522096 2.23147e-09 4.72477e-06
33215605.749486651272 6526 1.2116265116462938689 0.26488374245117335404 0.21446817893918096454 1.2949211279788730433 6.2066036448596006991 4.0661385827722789088 4.2994199215282034032 4.5420357585966613101 1.74858e-09 4.35591e-06
33215605.749486651272 6951 3.0126086282425683649 0.029032792054257666042 0.088559699594260507527 5.0359945403554471355 1.1276633795969253082 3.4072191663814614948 3.4149505641139623613 3.4227884361745424258 2.54062e-09 4.9336e-06
33215605.749486651272 6202 1.688956365941006732 0.36782971536716402294 0.28499511342677996684 2.2959247041065520278 3.9143526196514719651 3.8957222447951878053 4.1965231182152589184 4.516485655221343265 4.75227e-09 6.07879e-06
33215605.749486651272 6083 1.8002091490359746206 0.174120314918864455 0.055672162788053911053 1.1003188765787805803 3.3202074813015953758 2.090065639001846165 1.9311356737728135879 1.7681978483839244642 4.91269e-09 6.14644e-06
33215605.749486651272 6402 2.9656274610271293746 0.19610625613303275805 0.23872193942658109789 5.6911776736829926548 4.2264736888568279483 3.183227772271882472 3.1923752334560413502 3.2023297352210668976 2.16272e-09 4.67574e-06
33215605.749486651272 6242 1.9983188267682907568 0.35734488137248621165 0.24565865071346487669 5.2549609785136821571 1.3297463977414802905 1.1230674048017605937 0.81703181723243112344 0.55648535539483123813 2.33848e-09 4.79912e-06
33215605.749486651272 5146 2.7885012565882587587 0.042229996050452321688 0.12713723479066088573 4.0535710562283728819 0.82739367631259075342 0.91364023129824478708 0.88061958859477473816 0.84805462382913887609 2.55901e-09 4.94547e-06
33215605.749486651272 5492 1.889105129015568485 0.15390057291368372527 0.24518537377072227579 3.636836971808544039 4.9353650094647498747 4.4157628530649555287 4.5669632998346685326 4.7192393457953345504 4.51271e-09 5.97488e-06
33215605.749486651272 5047 1.7849517745436043192 0.073481438071875737617 0.36357918510840137039 0.4005138834102858203 2.0914454949760661329 1.3092264270044151608 1.2388472910561458828 1.169377279962926286 8.23744e-09 7.3021e-06
33215605.749486651272 6657 2.3576972621843106381 0.16894563063290543581 0.2422789066211336606 1.5025665393394060931 1.5688060099424960825 2.8565207031633126356 2.8044216748154369157 2.7485313029070779223 9.52311e-09 7.66378e-06
33215605.749486651272 6413 2.7442662692887798137 0.28632313383330354473 0.1413706564008689881 3.0294181937803994487 4.3823176711281881524 4.7195504288757534894 5.0096306698127790469 5.2833979588245361114 2.71272e-09 5.04257e-06
33215605.749486651272 5928 1.8187393876878732435 0.16852116354520699226 0.11425094045503304818 3.3861907874133878593 3.5572776042892133574 4.0513609820640876791 4.1924731126918040047 4.3387260548838444407 1.85148e-09 4.43973e-06
33215605.749486651272 5018 1.4125114494964579048 0.21601227096621236634 0.20010466666811663194 0.92780184007973309779 0.33654353205638526392 2.0590407179786534009 1.8562544001774317071 1.6489835493568645308 1.65949e-09 4.28064e-06
33215605.749486651272 6118 1.2501594849863477688 0.30420535891696021125 0.1337017125318432087 0.33383902067983467488 3.8393431775760364921 3.5264578801585226842 3.6629693125426885381 3.8144862012845828225 5.68798e-09 6.45411e-06
33215605.749486651272 5423 2.0852319342048222239 0.40036769461843474405 0.71339240824314498202 5.2231398992926498792 4.6066348150695137775 4.0983459213416786326 4.4818257489897916912 4.8715988482033782958 2.52578e-09 4.92397e-06
33215605.749486651272 5626 1.0769092097520172047 0.13448398223492846748 0.26242262364930996066 0.71335539318009233423 5.0671548801624624048 2.2337737448348735647 2.1227900559771173405 2.0082795363958845236 7.93289e-09 7.21097e-06
33215605.749486651272 753 1.405752525861654334 0.34494415038135284313 0.096736311489665910424 1.794100771332516997 2.2870007646253780464 1.2772087666814688767 0.95604101061152335639 0.67425109975255126393 1.27811e-08 8.45356e-06
33215605.749486651272 1124 1.7553704259413982491 0.23625394232750340784 0.26284341541577238566 1.0728484285119537223 0.23943136580417226367 3.896397085398974891 4.075807884517871571 4.2657874334127496851 1.32419e-08 8.55396e-06
33215605.749486651272 5020 1.655808909485335656 0.29783589287834455472 0.36765423060769436558 0.22380691934745544636 6.0752446895054470488 5.9352244146601442765 6.0260563877668982258 6.1017975184827841773 4.40916e-09 5.92883e-06
33215605.749486651272 6161 1.9411648035542359292 0.30047019461904489468 0.086090363212944651106 4.3247143696506737953 3.5050960833617530454 2.1358568635304941985 1.8546481229160427517 1.5662015898571262085 2.19638e-09 4.69987e-06
33215605.749486651272 61 1.8418723828654435248 0.092825030097277910768 0.085690392701769521611 0.98707582725329889861 4.1409407628741368157 3.4466419613282295309 3.4758763753568819865 3.5063315831514505483 2.97121e-07 2.41265e-05
33215605.749486651272 6451 1.6920602286181662954 0.47024525438761533014 0.098965211090666541094 5.5784019542514267087 6.2245221553808605108 4.1896258497163776369 4.674441808773247331 5.1443485300649216541 2.57122e-09 4.95332e-06
33215605.749486651272 6702 1.8730928112401072916 0.35759331597940074987 0.20278105430217915894 4.3132357485186991752 6.1047186650240430339 2.1428649055732371664 1.8007148497836824586 1.4525316138218680173 3.70623e-09 5.59535e-06
33215605.749486651272 5132 1.4582499187738942048 0.20347287774597891397 0.26811200323797362843 5.2850451595733751731 2.3825440062005069919 3.6991923799453108046 3.8182567924189396713 3.9456706244954129481 4.5221e-09 5.97902e-06
33215605.749486651272 5470 1.5622848652715732864 0.12872941974361248874 0.27601596291680097206 5.5964987409650932548 2.7237008953629322505 4.5220163499867354062 4.6503434061203270389 4.7788251235264000982 2.3944e-09 4.83707e-06
33215605.749486651272 6270 2.0435148200109938266 0.24769437520237361228 0.15046282205056302206 4.0289103991445287534 5.0591690238982209848 1.8304318506299694924 1.5804438905485411748 1.3327610423939828532 2.07589e-09 4.61231e-06
33215605.749486651272 2778 2.0745357352891251601 0.4239454676306019798 0.60910910330147072234 0.84492289963606315162 3.5843453225288812725 4.7732927008218428711 5.2046460834098260406 5.5782558107662927327 1.15158e-08 8.16485e-06
33215605.749486651272 5605 1.427443273598179907 0.27053377448401599858 0.34421970191157924557 5.7810333789166739038 5.1899030932392777871 4.180173263542869222 4.434206446504465049 4.6943398524289126073 2.44051e-09 4.86793e-06
33215605.749486651272 5518 2.0652747879399306896 0.18589992828596099694 0.11927664153428242655 4.8179383816608707392 6.1456762384837633206 4.6154821385459037231 4.8032916064015367397 4.9884239911729064687 1.73658e-09 4.34592e-06
33215605.749486651272 5490 1.596298553666219755 0.13205736604394036071 0.18701210354633751587 3.9003861105366675055 0.34384697525471330515 1.7203168374814368224 1.5880430837403258781 1.4560053574825977396 5.31486e-09 6.30978e-06
33215605.749486651272 6726 2.1941384981921108199 0.50671754633550558644 0.25036750094737519889 0.34091587895191666213 0.47676374827988632354 3.8120384541247482879 4.2353952197621769216 4.6855525134080249217 2.92983e-09 5.17366e-06
33215605.749486651272 2768 1.4781611739775177838 0.031540673194813767521 0.050978857640578086052 1.0239941792240296881 4.3260015773194915312 0.11898898336437707668 0.11530166652922123338 0.11167302697689659996 6.49272e-07 3.13083e-05
33215605.749486651272 5194 1.9128018057385931527 0.25551926191154433754 0.074686154872049020925 2.1265309569247192734 1.7351446970708910289 1.7989355397674358095 1.5396369717395299581 1.2842417423087320039 4.75382e-09 6.07945e-06
33215605.749486651272 5310 3.4848296214336849097 0.071272901374023589494 0.35295655061301006716 0.28706657864277557168 6.0503311400919681518 1.9586090388516810279 1.8916663451309081445 1.8240311142730065708 2.51895e-09 4.91953e-06
33215605.749486651272 5888 1.5189144532477314442 0.25888526578337756057 0.3373237924417100686 1.5207188415085468591 4.9210102186624133935 2.1991334974409753045 1.9692033449296695302 1.7305939313628544429 2.79797e-09 5.09485e-06
33215605.749486651272 5964 2.1375938797691134141 0.31552796881531069983 0.55447222647393301642 2.144025096426402488 2.6142829614547751227 3.5122909037040925817 3.6502199156823320614 3.8038753276851884344 2.1711e-09 4.68177e-06
33215605.749486651272 6639 1.3938700382590949456 0.20055826800444270797 0.2562548467326145607 0.98969565203733644854 2.1650324020229025912 0.16454061594947405611 0.13436994842510047166 0.10750196643483092562 2.07227e-09 4.60963e-06
33215605.749486651272 5312 3.0026674555321477555 0.098651104447274901021 0.16007731461973437326 1.6992286849639592905 6.2036412591957947882 0.089988820558716695053 0.081518794026524996066 0.073485778849555538628 2.46345e-09 4.88312e-06
33215605.749486651272 5289 1.9369292531608677255 0.098962522099603350556 0.17545705182096393848 2.62700626539978499 1.3978687109684027057 4.4393835560745404933 4.5361349155002317346 4.633564252980565179 2.13423e-09 4.65511e-06
33215605.749486651272 6734 2.0043484270176210593 0.27228640216883992498 0.18692224117283379181 6.0264832920645572401 2.0914903233640216307 2.286774834842606019 2.0574217487382386871 1.8167434425065631665 1.24231e-08 8.37387e-06
33215605.749486651272 6073 3.237869396579070802 0.070151041236339431451 0.24389306732316592963 1.0573562899230901646 3.7645055503644417882 2.7049312139798944443 2.6742526170159477417 2.6426486506659698783 2.87152e-09 5.1391e-06
33215605.749486651272 5364 2.6171852454087338735 0.072156409123708659115 0.053993008235622363955 4.1188343183455007335 2.2228187729158923602 0.6051567542680592604 0.56524527442290184442 0.52659664528197902555 2.91675e-09 5.16594e-06
33215605.749486651272 6028 1.5718198453301903683 0.27414416781145262147 0.15567024896485961993 5.7538966445208803435 6.0326463757939130517 2.3656339049137589114 2.1490342270576658912 1.9194584925578419554 2.1303e-09 4.65226e-06
33215605.749486651272 6691 1.670760673050183609 0.37670989159338363894 0.36057141722213992274 0.70448615727720109714 5.9120540387062625598 1.380536760322902845 1.0143234225057056186 0.69445024547504297097 1.99622e-09 4.55253e-06
33215605.749486651272 6521 2.9849443079115940414 0.063453363722558997484 0.1511944920102704093 4.2109262623727286012 4.1715435513042882221 3.7118093512899679176 3.7470351220054833874 3.7831480780271835584 2.953e-09 5.18726e-06
33215605.749486651272 2010 1.8494680601987685264 0.2910438198940748511 0.20678523696215955763 5.5720363412206284082 5.4619927066044269282 1.8035857511171142775 1.5060561684101565483 1.2156220597657219074 1.54172e-08 8.99881e-06
33215605.749486651272 5455 2.0291735182976617935 0.42623445307287538553 0.32030045898960651796 1.6227358603440265039 5.2593711248146091108 4.5056653150315435497 4.9569869783067446178 5.3705344583399954317 1.18753e-08 8.24895e-06
33215605.749486651272 6780 1.9719021141962258525 0.42336768957831294458 0.14722185333849052702 0.93452096707544585197 4.7785697580308852395 4.0078435316026190804 4.3981740342097364049 4.8008133489485791401 3.2776e-09 5.37076e-06
33215605.749486651272 6017 1.7772707736447643789 0.29380733374755846343 0.078085456963032789934 0.11607288248546657194 4.947331308431968111 3.5569472375109358886 3.6972651750712226537 3.8522528794257513418 1.07446e-08 7.97837e-06
33215605.749486651272 5540 2.0275686605401967988 0.46899913973987328308 0.37085130511503389128 0.9603179557652042897 0.51507342324436322656 2.6757028350734555211 2.3898828158937686084 2.0696085410432289997 2.31531e-09 4.78321e-06
33215605.749486651272 733 1.6895931149262850557 0.10101414713789803879 0.19597793738873764413 3.1226206014217092743 3.0520275220163251007 5.0361670213167872845 5.1305856158558000857 5.2228946462200624978 4.51209e-08 1.28719e-05
33215605.749486651272 5469 1.3084659148659840699 0.41766185271342082252 0.23160898033208954239 0.66765035452372456515 4.5855145913238439803 3.6529339830781322185 3.9160855844114585977 4.2081789566965985827 2.51139e-09 4.9146e-06
33215605.749486651272 93 0.97343367091298949045 0.12826432961125064369 0.066180283574681114667 0.74124619804761648911 4.8376857168184406177 2.4240897905914207122 2.3351457786082447932 2.242560386961559793 9.78155e-07 3.5891e-05
33215605.749486651272 5525 1.2655208208200336983 0.31677527002880390139 0.10956237522968556575 0.81796270068337462167 5.1021360371928894395 1.8094600329452716903 1.4838098714187299976 1.1682323086415939972 2.22151e-09 4.71773e-06
33215605.749486651272 5178 1.5503284944778195076 0.023837035383192855392 0.085194959406187736883 3.2070016913257126667 2.9551349331379883623 4.518292606374887832 4.541738195768866504 4.5652289852681677829 9.33283e-09 7.61239e-06
33215605.749486651272 3770 1.3773428595813896891 0.15850150014318231673 0.12127863817338120633 1.717510366259808352 0.72265962389529336818 0.91422063692900712439 0.79388581916449563192 0.68086110691345569368 1.55823e-09 4.19174e-06
33215605.749486651272 5667 1.8957694239590545671 0.21031872779130450501 0.28157499073696751202 1.2525969714396441024 4.2047147384757188604 4.5341216021028261096 4.746667916698553924 4.9568630895544458781 3.20823e-09 5.3326e-06
33215605.749486651272 6103 3.303765045851161819 0.079310641874674583929 0.1396644430402828041 0.83238107158480856285 0.28645880274342278016 2.0433066073268251195 1.97130373849344398 1.8982694806764288664 3.07621e-09 5.25842e-06
33215605.749486651272 5181 1.2851647196359303749 0.14975896372336824913 0.15389706553914705989 5.8790573740363640809 5.3723014647512128406 2.1938412719371789272 2.0660841909863356669 1.9343214730820736946 5.47157e-09 6.37119e-06
33215605.749486651272 5623 1.0669222200441481618 0.24771923916595167681 0.14541519040018463516 2.5530336963689626018 1.0836075443519475048 1.1773467607658154588 0.95652988872998845338 0.75409460293537156073 2.3084e-09 4.77845e-06
33215605.749486651272 5316 3.4775407470211314731 0.10959951320731954605 0.22485342880686420841 0.12272278089416636948 5.2698717706062971899 2.6704867816338300202 2.6180348071846601954 2.5632389354606708309 2.96988e-09 5.19713e-06
33215605.749486651272 6874 3.2636204967652258091 0.081886204679845683851 0.27265176632703169712 5.8006166577508810889 6.2197890318616151362 3.6178486124330868634 3.6568703923343184314 3.6972219932813557008 2.61974e-09 4.98428e-06
33215605.749486651272 6823 1.9770979791146670035 0.2602734305282862759 0.22123167625260226066 3.2920182292916813083 5.3204441790531378231 1.5240255612133664087 1.2626047388454628706 1.0145944334992516023 1.69817e-09 4.31364e-06
33215605.749486651272 3953 1.5864084044399138218 0.28255889533686445736 0.38292667221828463608 2.5986981394332584472 3.4809046922276660752 2.5283294942654359616 2.3406798877822305727 2.1378049399404943642 1.87457e-09 4.45811e-06
33215605.749486651272 5767 1.7512642570392245034 0.40811341931864847377 0.38568839671546856218 0.44276465816465226943 3.8185164543303029561 3.4103252879330709924 3.5527108222936769621 3.7158070549225188373 4.97944e-09 6.17415e-06
33215605.749486651272 4189 1.1795160683022567483 0.064144571460715865685 0.026141519517639828785 0.57959259837440668672 5.3399936781414556464 5.3120746408776531311 5.364126274193998789 5.4151232105289341945 1.30808e-06 3.95422e-05
33215605.749486651272 5324 1.8927565715983400985 0.035924782882871458822 0.17954722426037164618 2.4134023100646837534 2.4767212340753514965 5.3990173393634481869 5.4264953576366945498 5.4536429549687781559 4.64884e-09 6.03437e-06
33215605.749486651272 6836 1.707607165819879258 0.3940982192900948089 0.26834969147361187325 1.7677740055631026017 3.9657123155583975382 3.8386518328361751706 4.1490762211073572985 4.4822826292453203934 4.61039e-09 6.01768e-06
33215605.749486651272 5451 3.2602628173192660377 0.057110572078600922719 0.050392988181517037183 3.1434254663041087952 4.8651296571960536141 1.6047006127512324358 1.547536422940842149 1.4904412992358824219 2.58702e-09 4.96345e-06
33215605.749486651272 5538 1.6067270223949601249 0.1963005103315577371 0.1375935199112164331 3.8329928810656705984 4.9146039487456478767 0.61853431896085309116 0.51228119565477980846 0.41606118776134137782 2.97954e-09 5.20275e-06
33215605.749486651272 6532 1.6085873546561304526 0.27221332155470367997 0.056773740319364558726 0.93717621654711513735 3.7252307729200411224 4.6959978684103154123 4.9722740253845296721 5.2353462941487691751 5.62757e-09 6.43118e-06
33215605.749486651272 5853 3.1278300820141784477 0.13732296314476888366 0.19874694312898760762 5.9853615029310036633 4.2312923503896726629 0.64430701075176433079 0.56580469561493729191 0.49218650332931168645 2.34516e-09 4.80368e-06
33215605.749486651272 5360 1.7154704028209795119 0.22119690319318136007 0.15146573071485841533 1.2366353524027517974 3.0648823928478017287 1.8202623927708723173 1.5979733257639041621 1.376858104373050562 3.7029e-08 1.20512e-05
33215605.749486651272 6233 3.1189965874204719221 0.12733879992935501213 0.21655182267362987902 1.1708976372995216764 0.37692249396222982094 5.9933723010904884632 6.0277983503104541896 6.059966656772069804 2.38928e-09 4.83362e-06
33215605.749486651272 5382 2.1071704855124910871 0.28642523378214229668 0.26894138608827367065 4.2476640550800697227 3.9404502485443329007 4.5745747704619841301 4.8681701626696529672 5.1511269674110717887 2.55203e-09 4.94097e-06
33215605.749486651272 6255 3.2512549515638640152 0.12764725935499399156 0.19272961977307564996 4.3040268048777736709 1.4322440064534218696 0.35338947256769426275 0.3115537683952296355 0.27242503620056646163 2.45838e-09 4.87977e-06
33215605.749486651272 117 1.4868388403818184607 0.26029834127483630901 0.078611162819960042625 3.2330902136794201773 3.4460234251863974819 3.163321165462529283 3.1699539673716943255 3.1773353806552950829 1.39228e-08 8.69812e-06
33215605.749486651272 5708 3.1637188040276513767 0.15358960112889624705 0.20337635360512415494 4.0332525900599272006 0.51926611454027771231 3.1940076352018165196 3.2027790016458013156 3.2121707258031362286 1.65544e-09 4.27716e-06
33215605.749486651272 6956 3.4984544283763732153 0.14856854420906565051 0.4105587259587522575 4.9859361121746577084 1.2623563596050240143 5.9488476106583103586 5.9946322176893360734 6.0369096898211838109 2.20649e-09 4.70707e-06
33215605.749486651272 2850 1.5699063714168250971 0.37458147936064656314 0.43616396152372360895 0.88215935701026682025 5.5817859384420938085 5.3650518940657612177 5.6395453456943558379 5.8643358404614325252 2.86233e-09 5.13362e-06
33215605.749486651272 6683 1.7389100040912714995 0.27032503944668206941 0.14109562452493343288 0.87344527843308594761 6.0690252122519492417 2.4913939126435793447 2.304664655443786625 2.1039242108012872201 2.07491e-09 4.61158e-06
33215605.749486651272 6722 1.6198344988233763786 0.28272963119481758776 0.25108335275626780803 1.746187739138471251 3.5275587010584459335 0.17116614312265476805 0.12813245063615777419 0.092004657039348805569 1.78527e-09 4.38616e-06
33215605.749486651272 5002 1.0596941985555363708 0.22047255257778669568 0.27759460090530019283 5.1374679007902965822 2.0676369416211977104 1.3310325177596804558 1.1205778441136786672 0.92207492977855387561 2.79003e-09 5.09002e-06
33215605.749486651272 6473 1.9201598131484378662 0.14730909650952853096 0.2267510168728426867 3.8725202237082467782 2.376566594767107965 4.0753853447166488166 4.199779801920145772 4.3281549357028490377 5.43469e-09 6.35685e-06
33215605.749486651272 5815 1.3713175046980923266 0.35115179102570248659 0.34629323056104399647 1.6561393307909419992 2.7696296961621467148 1.7137046934352686556 1.3492710672157632867 1.0067002118677970124 2.67562e-09 5.01947e-06
33215605.749486651272 6211 1.8195330277175034706 0.17333997345681725899 0.27785224739095909507 3.9248820180124615042 0.38026838793560596708 2.995539464614141778 2.967717949768984731 2.937730148474318792 2.33777e-09 4.79863e-06
33215605.749486651272 2174 1.1762177096736323723 0.24491805354272980222 0.11036966701586156669 4.8047120885677205848 5.3069682280454708589 2.0243129934315837737 1.7889590057814588331 1.5498463036947096594 2.03153e-09 4.57921e-06
33215605.749486651272 6225 2.0070101802833479887 0.35199274886058817824 0.18049307534576780609 0.70865728094561886152 2.9584746872663516548 3.8810066100755413743 4.1621966709532394191 4.4622437338994425104 2.38341e-09 4.82966e-06
33215605.749486651272 5873 1.9099783129076255417 0.49968505460196210866 0.22099935457348490742 3.9881337085360342165 5.7966340449732154383 3.2059596557068053002 3.2529560314002932131 3.3084876985065436727 6.23622e-09 6.65514e-06
33215605.749486651272 5741 1.6940414506223484548 0.32662118460430544786 0.17537679098391767418 5.7399719005727378729 6.2740753287084194412 2.0276512678383431521 1.7049807901873066385 1.3812956801694011855 4.83963e-09 6.11581e-06
33215605.749486651272 5780 1.3083785206684013236 0.10793912940688764335 0.15001418882592065795 3.6363864594701764688 4.8142716678964534438 3.8569715148620424827 3.9309675122500276068 4.0075949175473102315 1.95079e-09 4.51773e-06
33215605.749486651272 5080 3.2249228934962670401 0.16510642121258900517 0.24470826994035538293 3.8132172320697037549 3.9443370744765755553 1.764563091767241243 1.5991515894604235726 1.4341115383091551649 2.57476e-09 4.95559e-06
33215605.749486651272 6155 2.2416160301576075753 0.18851748044166713458 0.28879358218183392992 1.2155770814596889018 0.78905561134106061427 2.5043817313683374159 2.3819925788240969844 2.2521735016412698371 3.03729e-09 5.23615e-06
33215605.749486651272 5782 1.9050803790504331481 0.30155170390718788465 0.13520242932947248993 4.6635100043742454545 5.4894171495165124952 2.8494021482206153273 2.7451376984496258515 2.6286932970109360141 5.0598e-09 6.20718e-06
33215605.749486651272 6417 2.1246910193808421496 0.069437783378451550798 0.75918713578500696126 1.3909903637540756982 6.1344836866481013971 4.5076314233225556194 4.5761585269972098189 4.6449529675088276903 1.63097e-09 4.25597e-06
33215605.749486651272 6237 1.0731702534540004113 0.09833416935864860986 0.25154986819030078493 2.3595297615083148379 3.6406051669735752796 2.559927679169830661 2.503459026772621776 2.4448816185314345972 1.89473e-09 4.47403e-06
33215605.749486651272 5750 1.4292410963616482 0.3487544023570755547 0.052129451912679342085 5.8976048631620550111 0.46885596255077222061 0.80208052198363699592 0.57306498575125264239 0.38396688758025304677 1.52873e-08 8.97346e-06
33215605.749486651272 5661 2.6622539863194378817 0.19002535800204733984 0.16004043943609380651 5.53872686098625433 5.599964093087812067 4.8948727941406779962 5.0797076070634528122 5.2570570610991707028 3.01386e-09 5.22265e-06
33215605.749486651272 5643 3.3281265191652540381 0.025337883549973197472 0.084661592898448129185 5.1398769376330450953 5.4859515330239805309 3.2387467181240907621 3.2412363159433987825 3.2437568995331966804 2.47115e-09 4.88821e-06
33215605.749486651272 6335 3.1044894020830815506 0.089141999289396589568 0.24296198687704440022 5.5839948702635027189 2.3560077553150131635 2.6689994003863386496 2.626663926886525946 2.5827639151914785209 2.80706e-09 5.10036e-06
33215605.749486651272 6290 1.9196294564160354401 0.38823225222748658503 0.16828474349385214026 4.5924031671381593256 0.1741674437235457007 2.8528671688040190269 2.710418850678738778 2.5481620486551528337 4.66797e-09 6.04263e-06
33215605.749486651272 5215 3.1625560068089706434 0.38750671151498128353 0.30410951070934411078 3.3379281363873958277 3.2588787566851808997 2.965018425321386708 2.8766971003773553761 2.77524456270590969 2.09099e-09 4.62347e-06
33215605.749486651272 6358 1.8900629943304985137 0.31130596793930498389 0.17433591930378600221 0.6232264758003337457 2.0737522733853488432 2.2844726654265286037 2.0165964572521430931 1.7357156810902045763 2.40091e-09 4.84145e-06
33215605.749486651272 3761 1.1057989859646502051 0.1903209166121216378 0.049176581161898519357 3.6064575510784200318 5.4624610528705961343 2.0004384853573196068 1.8190414867883473171 1.6345548418902047239 4.38307e-09 5.91711e-06
33215605.749486651272 5048 1.8489522280540899857 0.11741207978651539701 0.39617220842174161177 1.7959823132289540748 3.4467527382647178413 5.0885437812197009677 5.1957020369932296333 5.2996657556008663903 1.54672e-09 4.18139e-06
33215605.749486651272 5673 1.8865860856529654832 0.14431417142034963508 0.36418295715308640625 4.7439314126148337536 0.35051712630764203515 2.2367967585775279105 2.1175150991829285729 1.9942368850636507105 2.67237e-09 5.01744e-06
33215605.749486651272 3324 1.0634241537574253833 0.36656010890373863509 0.28316765701067614369 0.46729888045099648997 5.2941315918157663134 5.1311445234003620897 5.4504956176629724141 5.7216562243791591058 1.99813e-08 9.81126e-06
33215605.749486651272 5034 2.8373156597003461599 0.2049987682187523752 0.14756739062863444278 3.5720682013169633429 1.8330540399626771286 2.6019990609004750581 2.4852906786024906438 2.3602022228883128285 2.20492e-09 4.70595e-06
33215605.749486651272 6957 1.5100349826878796122 0.19337287711674827628 0.30867336695587122009 1.1729016179687898891 4.0384284859340038309 1.6930442235129781192 1.4975766574016793342 1.3047218963474740416 6.68595e-09 6.81142e-06
33215605.749486651272 4112 2.1330078113401103046 0.12283609670036305106 0.84534377415424688529 4.7130863782765821668 4.1653522021470124059 3.8427029542839674647 3.9261254401399834357 4.0129084794703571148 1.99037e-08 9.79854e-06
33215605.749486651272 5344 1.7917214359033764026 0.11391671481158868739 0.20366240813322067371 1.5436730245204610679 5.3467936986657846887 1.1754121219956632505 1.0723038023295270449 0.97225026337900499751 5.14004e-09 6.23982e-06
33215605.749486651272 6577 1.7170727558044431849 0.33165480967954547031 0.31755256669708459283 1.7006842653191409642 3.5898898801262091318 3.352934798442673614 3.4388197491785370552 3.5359514989821185793 1.63583e-09 4.2602e-06
33215605.749486651272 5446 1.2874482471590269483 0.21816199458733462335 0.056769929947770671197 4.7701990054706087108 0.36377536671133559043 3.5480879196946957244 3.6451766373335772187 3.750454568070287209 4.99881e-08 1.3319e-05
33215605.749486651272 5123 1.5568653557135494481 0.39492291035217386153 0.10196096123774101017 3.7767086756237859824 4.6728821681462138216 4.7624541703785769897 5.1639198118028764029 5.5192636225752265133 2.85229e-09 5.12761e-06
33215605.749486651272 5200 2.3688387451636430114 0.47460177736568365248 0.21067783185351834918 1.3037994603036819896 6.0820383058097222673 3.4637473437339005855 3.6731365338516002161 3.9136954730850268547 2.18438e-09 4.6913e-06
33215605.749486651272 5511 3.1485627400198024084 0.076284957970672834238 0.15626038537199776757 1.8750223501111396018 1.795861475504606064 0.61061731310034617071 0.56814937159037470771 0.52710248932122194532 2.90982e-09 5.16185e-06
33215605.749486651272 5957 3.1712350301016347665 0.028187367838065146425 0.0928293419217866983 3.7776810516665864093 5.0466722026181471961 3.4374666537291371782 3.4457993566683176034 3.4542424992699611863 3.45473e-09 5.46581e-06
33215605.749486651272 5962 2.8916041771617484457 0.17498535766306044792 0.1708215982461258331 3.8616184750543145476 3.770583745779309659 5.1150162766350089072 5.2715220260221951065 5.4198597921693645318 2.88829e-09 5.14909e-06
33215605.749486651272 5160 3.0040507053997655973 0.080681663251284826965 0.20834992230040408345 5.6552557852934191018 0.32618301517965375691 5.5809782359123154549 5.6316031570779925275 5.6805321622113424951 2.48083e-09 4.89458e-06
33215605.749486651272 6891 2.1096615782342142964 0.26279017204212251624 0.1296301171972334132 2.7892408977445461993 2.2471025650693339237 4.5617981516924510643 4.8300564648944011026 5.0910294863697798107 4.39964e-09 5.92455e-06
33215605.749486651272 1399 1.5466079339636944479 0.096724266494228716695 0.15934305820178826241 3.0763378943353765216 3.7244943231713740772 1.6067528560048724984 1.5097709107383896487 1.4132266938452084926 4.64728e-09 6.03369e-06
33215605.749486651272 6752 2.1602763403180973434 0.24853535883606295287 0.42418098009276589133 0.92654115252123825375 5.9969732865908662589 1.6040042662684335095 1.3519278809455310686 1.1093216404986927515 4.12549e-09 5.79885e-06
33215605.749486651272 5597 1.7093094853008687917 0.18123262052544214518 0.33275886297107232226 3.507787169791866333 3.9495471830644102162 0.63443889970963041058 0.53363120430582100528 0.44144487038163759962 2.41109e-09 4.84828e-06
33215605.749486651272 6928 3.203686757307101729 0.076367333441909240888 0.20653033667506262572 1.3234491132178494155 0.98833105755816730298 2.8185671746049472119 2.7933777816405798156 2.7673196925233685128 2.08658e-09 4.62021e-06
33215605.749486651272 1123 0.75550434405248056979 0.091540726479868175791 0.051717133633333037257 0.91873753620959786037 4.4290901721304249961 2.2449445766243298905 2.1712000160605469112 2.0956690662404375836 2.24876e-06 4.73694e-05
33215605.749486651272 5640 1.3754828026129866103 0.040777454097643460462 0.17317547960423898545 0.97130632855746712462 1.3614556459166946567 4.0463373831869944297 4.078819261405866925 4.1116825979852524853 5.24602e-09 6.28242e-06
33215605.749486651272 5842 2.0142863538567223891 0.30733007915545607069 0.82901051834514072336 2.3193554803638938289 6.2526054730388533898 3.7184797034412300221 3.915738648554309087 4.1305948590114542895 2.75394e-09 5.06798e-06
33215605.749486651272 1444 2.082484285713709582 0.27295363695332525156 0.11441616718328039004 4.0446804421108186745 3.4563807859267665634 2.9348781806191648336 2.8687945089976416568 2.7952533859753900813 1.72307e-08 9.33865e-06
33215605.749486651272 5176 3.0850698584654439038 0.13095561382424728003 0.098967906992804097199 3.247015988889729865 0.62543067860230694421 3.1738443838836154498 3.1783838131597970111 3.1832007351838429443 2.68297e-09 5.02406e-06
33215605.749486651272 6404 3.0933402210446225844 0.17566059513683726645 0.24422245745261300653 1.9624996150108351411 1.3313535056112857369 6.0638679899896219538 6.0993179083192892165 6.1314344866897485531 2.07676e-09 4.61295e-06
33215605.749486651272 6140 1.9278763974488546395 0.13425292132503152676 0.082091301510585731882 5.5889110913227559863 2.235883668881194275 6.0235201969784260001 6.0560258225306764501 6.0862610428558827635 1.67728e-09 4.29587e-06
33215605.749486651272 5534 3.2640282930069615119 0.12336745763667698872 0.11841414729095056657 0.7278603380740565898 1.7429658353460888431 5.9427928270505185893 5.9818527558999319282 6.0184673511350972319 2.18919e-09 4.69474e-06
33215605.749486651272 5929 3.2401481557015356927 0.12699862217308266477 0.21768444875346079637 5.7494745991273763508 2.7428339518968130051 0.24157547533167939013 0.21285012545057771516 0.18602210336739627428 3.18574e-09 5.32011e-06
33215605.749486651272 6162 1.9521626945734205094 0.18588503163767125526 0.15908318916628552686 1.0783710064951834706 4.8582248195304993388 1.5364641947614439133 1.3501972118967413561 1.1688168196754582517 1.62993e-09 4.25507e-06
33215605.749486651272 6775 1.6715899599725865254 0.32407372869670220128 0.12382716620769244897 3.8696162901695010383 1.973974055698132446 3.1878059311311157664 3.2062620935930525867 3.2272051552316867173 6.39874e-09 6.71246e-06
33215605.749486651272 6061 1.506787142859504991 0.21344212964796155374 0.14802271580152676078 4.6842481835747573626 4.9233992348760713398 1.9753003240067485979 1.7687250780825121144 1.559450199219178046 4.03777e-09 5.75746e-06
33215605.749486651272 6920 2.3003430086530900489 0.059942514708093252995 0.2066619791699812192 2.0447431345324069696 3.7605998769742110532 2.3377394453276081343 2.2936286326343915398 2.2486756346482650315 4.48089e-09 5.96081e-06
33215605.749486651272 1810 2.1351845897406338537 0.30628117289783868271 0.43602797898692330358 1.7940768231994073112 1.5193545414489206813 2.1340222199464440322 1.8464102165463209815 1.5516886107664840111 7.36354e-09 7.03416e-06
33215605.749486651272 5072 3.1102637312825716087 0.097221283934829413886 0.2416636617829317768 5.6025195008103745309 1.5155025944719457964 0.053650814786764970676 0.048667420177304673845 0.043937778657924447812 2.73643e-09 5.05722e-06
33215605.749486651272 5231 3.1516376675966872867 0.069658269445269677123 0.2602161723789637171 5.6974404280439978621 2.3935505989495848844 1.8199680842154934979 1.7518191043928437178 1.6832990461387578041 1.89135e-09 4.47137e-06
33215605.749486651272 4786 1.6694135503316740454 0.18844618646514796345 0.36286244562743902309 5.3301029609998460401 6.1311652258177655739 2.4108343372764520218 2.2744637486981837959 2.1307783499042480813 8.41208e-09 7.35334e-06
33215605.749486651272 6756 3.2114581064245109054 0.039730513880704663998 0.31681027601547945283 4.5635492658339211758 3.0874100874374512671 5.3974805407139880842 5.4278739032010836496 5.4578615108977759363 2.22448e-09 4.71983e-06
33215605.749486651272 5323 2.8097132256791286231 0.13657633534027563416 0.12797373492749977708 5.6684116577499992218 0.42816483462138188454 5.4287890854025340204 5.5277340220349717725 5.6213731144410772345 2.25995e-09 4.74478e-06
33215605.749486651272 5372 1.7477317237557727925 0.16006362479787222819 0.16462918116503988397 1.7785973490996329627 3.4126168582028397758 2.9735058868855874792 2.9442311154962719222 2.9128453959377571536 1.39548e-08 8.70479e-06
33215605.749486651272 5855 1.9922447476546443212 0.22224609588050908693 0.13692825324839608125 2.1845440189536713405 3.5073756750918345659 4.7654650246370486855 4.9879524403701012147 5.2018136442182472123 1.88487e-08 9.62226e-06
33215605.749486651272 6156 2.2637697418695235108 0.50764790042028884454 0.4645181094833742419 0.14427476156285512499 4.8350476812605149846 2.4343198842108666469 1.9945011747988996564 1.5317435696221870511 2.69058e-09 5.02881e-06
33215605.749486651272 1410 1.897873797773450999 0.20128356956110834974 0.062236302118823978724 3.9337312673834712307 6.18729140367828645 3.9483417850255264625 4.1059640238357122399 4.2713568814604458979 1.96181e-08 9.75145e-06
33215605.749486651272 5256 1.9024166791763763573 0.2729621093613809335 0.22938107511808242256 3.8706939306834113879 4.2559574166116949101 1.0517305291234093634 0.82668662580828822239 0.62587080166792696811 4.61883e-09 6.02135e-06
33215605.749486651272 6653 1.5963956643625660803 0.10225624700759104735 0.30268130372646706583 1.8303535947183502408 0.84929550806319287215 3.2400954074137859884 3.2507199819080030423 3.2618567978946968466 2.19009e-09 4.69538e-06
33215605.749486651272 6914 2.0236141526334772145 0.15973397450511064855 0.18586095732922755519 4.287668782343559748 0.41090602750916171981 3.0536999857188424912 3.0383599708866162459 3.0218994771148226519 4.41745e-09 5.93254e-06
33215605.749486651272 6633 1.2439098927216829527 0.18823923267281722493 0.084211743239770167624 4.9843095192970743312 0.44886737051370795282 2.4758721074669436391 2.3492623639363334753 2.2152376292351414477 3.02269e-09 5.22775e-06
33215605.749486651272 6942 2.8128062258789552352 0.34895682530026661539 0.22630010241054643316 1.3778271127523127326 3.6003935892122300721 3.4653407325765379632 3.6033398017330560137 3.7588045916452070827 1.34834e-09 3.99439e-06
33215605.749486651272 6832 1.7235694835577921591 0.22165108229716498633 0.30860138013748267261 5.8029955108843092049 1.4146591266820449651 1.59597844763435881 1.3719135073017687532 1.154631629825794592 7.86044e-09 7.18895e-06
33215605.749486651272 4502 1.1098886346379539525 0.28825091125955543125 0.20706233843175264608 2.4396146840245096499 2.8511442524127117437 3.9809280695875668421 4.2228173538015898458 4.4772086934199917252 4.58456e-09 6.00643e-06
33215605.749486651272 5426 1.0477097881379313637 0.0751318973364732412 0.10356040875171639015 0.10837670073792135539 4.2674109352641433901 6.087713643116190454 6.1018067890136276077 6.1153595050972988645 2.09851e-09 4.629e-06
33215605.749486651272 6089 1.977303822286452295 0.52415446530109655043 0.12620845065002608831 6.1040238801507049615 4.7672970943434167523 4.7871625678658915604 5.3265742033939540434 5.7549359116923950452 5.81535e-09 6.50193e-06
33215605.749486651272 6690 2.9171239886086541837 0.11503814168036398391 0.068318162500508608503 0.1374762407470747072 1.4003089604445426719 5.3372407555502885401 5.4277342658248395324 5.5145727421352717101 2.63564e-09 4.99435e-06
33215605.749486651272 5386 1.7590489977658887444 0.43898831761799989026 0.48989679956976367459 0.73598081096703493742 0.00011307155962892831056 4.7897666304050519059 5.2352304806727065767 5.615571624177113641 2.3788e-09 4.82654e-06
33215605.749486651272 5291 2.1576829328052493651 0.47098876924100319119 0.45647450253963023359 3.198106933919852235 0.32776450542768087448 2.3315941617507234263 1.9003260863910371725 1.4546790482441878112 2.6037e-09 4.97409e-06
33215605.749486651272 5063 3.4546230594507387757 0.12709502901837943512 0.44902539582680184305 5.4720269321716425992 5.873410346886760891 3.571520649961134275 3.6279701293929811357 3.6873777184352665159 2.23728e-09 4.72886e-06
33215605.749486651272 5818 1.6854856475219757161 0.2273846095548593127 0.23184549313276323068 2.0691952402164504043 6.057592954599305024 1.8131407604469433892 1.5841182430197819908 1.3567538105322958231 6.74885e-09 6.83272e-06
33215605.749486651272 6055 3.2052173515734616593 0.087722521221030066996 0.062290164067562346639 1.3165238696543639652 3.8842918400998511785 5.8770982663247357536 5.910466756043594394 5.9424107956634646399 3.0525e-09 5.24488e-06
33215605.749486651272 5142 1.3325194532028983296 0.39259143303303950523 0.16785652505243084387 0.74815884333180771026 5.6097057609948830503 3.1823066161411350805 3.203229051573300179 3.2274116547935087773 1.02472e-08 7.8533e-06
33215605.749486651272 6415 1.5848879889786271491 0.43984346032088189604 0.25981786784851729211 2.5585098303118720686 5.0582593204353836214 5.1384415523907751577 5.51892964182810708 5.8233012534219490419 4.5356e-09 5.98497e-06
33215605.749486651272 6291 1.6098936576935796161 0.19498902004973944768 0.37405685397295151962 1.1613013833825251986 6.0822513171289962486 0.90697022015896122671 0.76102772485436565031 0.62655042479111655584 4.97801e-09 6.17355e-06
33215605.749486651272 6390 3.2306992071557227852 0.071694193531739947023 0.29585739147497980284 1.0021397999899317455 2.8419969742863702145 2.2565041753093559862 2.1996665912655162245 2.1416880296233276049 2.74624e-09 5.06325e-06
33215605.749486651272 6126 3.0090774684553962537 0.26213346432485479243 0.18843477020512330866 4.0427393363530441661 1.9551440295886253207 2.6668686013342903784 2.5287200013917958685 2.3779356799925799315 3.04059e-09 5.23805e-06
33215605.749486651272 6332 2.1357368335580129148 0.32458212527200580588 0.16035514058333869003 1.8250604742368030653 2.4315547276597628823 2.7892040826756567817 2.6528994764239377524 2.500517116069350898 2.19525e-09 4.69907e-06
33215605.749486651272 6732 1.2744154099669957603 0.28123450367589530874 0.29565441030519429289 0.97111571449060041239 5.7328988269646385945 3.7937878038570169714 3.9897913745197883806 4.2007426683251720689 3.70815e-09 5.59632e-06
33215605.749486651272 6286 2.1080475032675511926 0.38603426433897813919 0.82280751385556427646 5.1756245441947790198 5.6175739756597256047 5.8367085721769429441 5.9832616873836235172 6.0973144441712241459 2.66284e-09 5.01147e-06
33215605.749486651272 5405 3.1884313643758575019 0.015061540055425304968 0.15101625749941000043 0.051334988343043549963 2.1498348193546958917 2.8893289157329871131 2.8855417775305522987 2.8817272593126475044 2.93677e-09 5.17774e-06
33215605.749486651272 5098 3.2249018112016480941 0.064983744912904969904 0.08127102802808321147 1.961414691008985578 5.3771954787690692257 3.8991529751782265656 3.9449277528383648317 3.9916949738478626486 1.90652e-09 4.4833e-06
33215605.749486651272 6153 2.7613248739606990334 0.43288560583042828833 0.55532201897804456259 3.057227124776350724 4.5788425204904639187 3.4221164460201611845 3.583126875608930284 3.7681106058990776475 2.21408e-09 4.71246e-06
33215605.749486651272 5367 1.0752036130376849687 0.13040057123548506879 0.12779757812594375044 1.8262259240563225582 5.4343679415653829423 1.3259904457172153602 1.2010829537718565874 1.0794934244659373235 2.85701e-09 5.13044e-06
33215605.749486651272 5796 1.5611053269395978038 0.26955076490244739285 0.25487604256217966103 3.1016744801322730929 6.0983483539873573065 4.300583332553338245 4.565337112623232052 4.8319787087736143505 7.64873e-09 7.12382e-06
33215605.749486651272 5895 2.0819255442290951486 0.42561862815042295072 0.31511846246928504334 3.3416608510036982516 2.1460725752810363431 3.8473215990886284743 4.1930587701750852148 4.5625603441618105549 5.57854e-09 6.41245e-06
33215605.749486651272 5138 1.8561306635980570068 0.33356471409849969278 0.1518201717832661779 3.1311051773261615594 2.8838405269285565247 2.5392496072734012103 2.3135880592252981991 2.0678898773557352619 2.37553e-09 4.82433e-06
33215605.749486651272 5548 3.2029474863143381214 0.11254650850255804029 0.32331323622926411154 3.8595262018180029884 2.16396288886412691 3.0390256686248369178 3.0267779825105001201 3.0138843639417758347 2.11518e-09 4.64123e-06
33215605.749486651272 5131 3.5390252065796765635 0.083086279901486093102 0.27248701005190284485 5.9106282682871391643 0.54822569245243935043 5.4127872328107180522 5.4747417290214617225 5.5348308189905326415 2.25296e-09 4.73989e-06
33215605.749486651272 6295 3.2537269133534474364 0.031216874123426302523 0.2566053976388217861 4.8071596002160932315 0.78352890628941129769 4.7256645501642768892 4.7568772778624035524 4.7880632647276346603 2.30061e-09 4.77307e-06
33215605.749486651272 6725 1.1423195727174138003 0.19177922820785067715 0.16032977186281649473 6.0442194413582459589 6.2112284457879356481 1.4354171514147273658 1.246648328703610531 1.0648564958864650265 6.2698e-09 6.66707e-06
33215605.749486651272 5278 3.1310322780276798049 0.06927156896480095305 0.31693907401030807502 3.9571132026058735143 3.5644114899462469026 3.231660774865249941 3.2381221285958896594 3.2447984971653656139 3.13887e-09 5.29389e-06
33215605.749486651272 5669 1.418319696696366039 0.17638969676038801504 0.28965971683346264376 0.35709249939019283016 2.2582766135374425787 1.8275316779226744579 1.6520558721151659132 1.4762482155879643742 5.45549e-09 6.36495e-06
33215605.749486651272 5118 1.2207786289115110101 0.33155409266975011118 0.33441752317510142767 1.3611539779319274945 1.428430518200871413 5.0097431125380724737 5.3179792075679825913 5.5905717944495156857 3.95744e-09 5.71902e-06
33215605.749486651272 5053 3.0060759498099933751 0.1581240524754165544 0.26871698236169533347 5.0056056958985202243 1.1331255506444095627 4.8619048428148055052 5.0170992975308923434 5.1679391919608255179 1.90259e-09 4.48021e-06
33215605.749486651272 5116 2.7145094328908307979 0.14661838819636588416 0.11889385968534273152 5.7024648722841266846 3.9788225408106123737 4.1022192915828412652 4.2281940295851629941 4.3579586315737977031 2.56354e-09 4.94838e-06
33215605.749486651272 6595 3.0438002390154679233 0.067293404675688631156 0.25042489794634525957 5.5753593815549358226 6.1091598262639097427 2.3241846579075495782 2.2738983780101476029 2.2225642694956362355 2.5233e-09 4.92235e-06
33215605.749486651272 5290 3.1881941456050415518 0.015892273540789102898 0.12354294657522149614 0.54987637897287677813 0.76799280805407210693 5.8529070433046497257 5.8594889457507832731 5.8660227801373219236 2.68653e-09 5.02629e-06
33215605.749486651272 5762 1.8997071068413133865 0.21382549695317412675 0.25836525489484757356 2.3649455707391093817 0.019464088430126837842 2.3966180176314932915 2.2376257089436903946 2.0696044918500628995 4.50081e-09 5.96963e-06
33215605.749486651272 6628 3.2973215059214799894 0.10892872881418599884 0.19749990565527189568 6.2473134107646970392 1.515446854333195148 0.59445665868964148171 0.53593407801350367858 0.48031023537892447717 2.5094e-09 4.9133e-06
33215605.749486651272 5227 1.8802563846828252991 0.1472589487473406622 0.18856616150562260925 2.2159298552047181907 3.2653735389320575067 2.352725563028899014 2.2419953565476697932 2.1266803311372592944 5.94474e-09 6.54979e-06
33215605.749486651272 5481 2.3222665872321646141 0.1495160081000178609 0.7764921597898613026 4.3813084309010497108 6.1345749950874024492 6.0822650432872134019 6.1102120253920171322 6.1359455272944165571 2.0621e-09 4.60207e-06
33215605.749486651272 4662 2.064973340089885756 0.32350638023617422911 0.43958844198408347781 2.4692727565974146309 5.9950437669647538286 2.2496307783157005744 1.9627201406337473344 1.6637433285525953242 5.28399e-09 6.29754e-06
33215605.749486651272 3089 1.3632284817980002689 0.30635407000658682053 0.2462658719662809137 1.672313635748351901 4.8811852217115534458 1.2195366801956470937 0.94170506143475007921 0.69399863312574738838 1.46985e-09 4.11094e-06
33215605.749486651272 5878 3.238149168016518864 0.062795547089487105397 0.083675416906340685519 6.130515287902524868 0.87483092694253650201 3.2689852216232306859 3.2772280867509082647 3.2857192965691250919 1.44428e-09 4.08696e-06
33215605.749486651272 5489 3.2237245996637895473 0.048776647205337420043 0.31497358313215734205 4.2906724429634079954 2.7650755913636393402 4.846871836635383346 4.8950697927826496425 4.9430348069846576919 1.80848e-09 4.40509e-06
33215605.749486651272 6960 2.9832054002406453996 0.16965396358966750023 0.1269005291359683596 0.45414446963764165677 0.99917141767593420365 1.7997486876704604786 1.6304298293054022562 1.4610774341945158561 2.28045e-09 4.75909e-06
33215605.749486651272 6292 3.3604991074311310051 0.060205963179269482433 0.29181558007678648492 1.0541333392939697955 0.071589302956942740819 2.0144081259468613609 1.9592811694891936192 1.903561511259234118 1.7586e-09 4.36421e-06
33215605.749486651272 5358 2.1271225787732226387 0.43203682835605067281 0.27569369985325636874 0.24546396049740515366 5.3181418836668274963 4.1847986097534555228 4.6209941547956203678 5.0512278339511960112 6.59336e-09 6.77983e-06
33215605.749486651272 5535 2.1573949976554289698 0.37195920478913802043 0.46332562849891528733 1.3218190900832014201 2.3680622944418714404 3.7463242245951176024 4.0055785830437553585 4.2884301641258986137 2.07392e-09 4.61085e-06
33215605.749486651272 5713 3.0598722225303753852 0.14264616993612377893 0.1969919859290543418 2.6470183621755443149 2.5878771914088711803 0.7519725990420533801 0.65897284926756494183 0.57162987369102435942 1.49134e-09 4.13088e-06
33215605.749486651272 5569 1.915178487792494888 0.20492764336510607692 0.34314021209562767245 2.0251006389182952816 2.0870093062698549247 3.509762441260268595 3.5922351641368788222 3.6814901678047089462 2.77052e-09 5.07813e-06
33215605.749486651272 6450 2.6796740151302027577 0.18453680206419698084 0.051523995900971876483 1.3843609743383764599 5.3417640348975412579 5.5135806351482905541 5.6348393990223542005 5.7462754130515980577 1.74846e-09 4.35581e-06
33215605.749486651272 6969 1.9350556463797463636 0.12184114985978521106 0.11057618766944964095 3.9585915209051982799 2.4875144310554917482 3.2359957933896472682 3.2482709677228598366 3.2612441371269165202 2.41679e-08 1.04535e-05
33215605.749486651272 5576 1.9956211843836852982 0.42437348056495222126 0.68880941452157740112 5.9163953445524759545 6.019578870623931266 2.384545451806699301 2.023526450793594833 1.6419059510643534416 5.46785e-09 6.36975e-06
33215605.749486651272 5647 2.0893043098137478175 0.15647205083422130456 0.56339332262728880618 6.2180757383542459849 0.078356420999146192408 1.1289157312384687781 0.99144837330223734018 0.86050946158323426971 2.57441e-09 4.95537e-06
33215605.749486651272 5992 1.8802091160174048134 0.14145132102479804348 0.18916446612697684904 1.6755439360922474989 4.4522972550022563709 4.7547128275645773599 4.896089693232315021 5.0351610137759310604 8.41385e-09 7.35386e-06
33215605.749486651272 6761 1.2479058409463397172 0.021516367969298077351 0.078686543790290608413 1.6169569468992337491 0.28156754556441848658 1.8420580540867468322 1.8212668694352380783 1.800421900356394822 4.88068e-09 6.13306e-06
33215605.749486651272 6421 1.7718422400865614375 0.21560098027454943637 0.14206524016905505703 1.913700636226659979 3.6866838992805281983 0.47562431070364108443 0.38462133388191599437 0.30372608620415697533 7.66894e-08 1.53613e-05
33215605.749486651272 5394 1.4831440778341467013 0.15273138393883381458 0.19692861558016577783 6.0051367606902301688 1.2681884417621900329 1.9772306534255916777 1.8319498862727039423 1.6843971993509243568 4.23442e-09 5.84945e-06
33215605.749486651272 2895 1.2940002021325047732 0.14740108209794175465 0.029905169743833996676 4.6768888229863030404 0.019201969576273902884 4.0495451546474683369 4.1718009425251949551 4.298183544447412352 1.06911e-07 1.71603e-05
33215605.749486651272 6189 1.5068691504028079997 0.080705870772505100552 0.13310212140809446479 5.328421349846595767 2.3205956536561980208 0.70769562494938331731 0.65672122149455169904 0.60744840278906808706 2.99935e-09 5.21426e-06
33215605.749486651272 5234 3.1134171767119558361 0.15938969293845803299 0.088678000567714729274 0.73071277186861038899 1.8646035046123632384 3.5947607155809833124 3.6704150779997171128 3.7508298829919350936 2.35138e-09 4.80793e-06
33215605.749486651272 6129 1.3625518160220493336 0.32765480206523328599 0.61693438525424593166 5.7347664082690856802 5.851459237833613436 4.3170007347362773231 4.6465233120488420582 4.9734676408590461349 7.14833e-09 6.96495e-06
33215605.749486651272 5351 2.9498636390130634766 0.14918739004446190943 0.11857017220581682337 0.41299350728993394766 0.80967207772813620803 0.93780421829234750231 0.82211216354067873091 0.71281969545886136874 2.44807e-09 4.87295e-06
33215605.749486651272 6272 1.9896920423525972232 0.39786363383748896139 0.28374342903696442297 0.5530735719659438665 3.7422430539350068912 1.1673866503034067144 0.81804990908842134534 0.52768344033373915103 2.92426e-09 5.17038e-06
33215605.749486651272 6230 1.8398603032987821404 0.050706927072868432371 0.13433884812400453956 4.6257614240322126875 4.7162757196891789135 2.4219217651114317569 2.387830250057899395 2.353127096584529454 6.03494e-09 6.58276e-06
33215605.749486651272 6557 2.1071584395990430316 0.20501812060036733731 0.15956359565332875472 3.5888668062634456746 1.6696951207117687321 3.7080310840604400191 3.8297339199266557941 3.9599414495854636797 1.93092e-09 4.50234e-06
33215605.749486651272 1239 1.7999540166918277517 0.23011719823188508949 0.23501836524112371118 1.364070167611916462 3.8145825690566765864 2.9813770199455049692 2.9393316733975289878 2.8931046416503547469 1.31823e-08 8.5411e-06
33215605.749486651272 5775 3.0282448638909871264 0.11737606858304978907 0.094569792435415786502 1.7242803182105828075 1.1205797625921980476 2.2019779009720643614 2.1035439579786880948 2.0024344757790362159 3.02463e-09 5.22886e-06
33215605.749486651272 6935 3.4998333738084559386 0.0341816174094103295 0.43662402300481811812 5.8912990004325411775 4.1160977002761551802 5.7059764028592656615 5.7243702854421769644 5.742492758470764791 2.603e-09 4.97365e-06
33215605.749486651272 5807 1.586252434120894117 0.1278772889273758484 0.24034817471325645166 0.096604833078306959204 4.7904433661192165061 6.2764765933865067637 6.2772860476062710688 6.2780404245516230333 4.88354e-09 6.13426e-06
33215605.749486651272 5927 3.4497440574717050943 0.13764808847589235508 0.17782377163038090573 1.1216832484285634841 2.9561584097408801775 5.2490296391002031484 5.3637096243649988736 5.4731789286972727382 2.21586e-09 4.71373e-06
33215605.749486651272 6445 1.5400430770356861032 0.20059303445975282254 0.047461518065976190939 5.7040517499197758156 0.54367432077874044971 3.8481458537076904669 3.9904567796409549096 4.1410079225469642594 2.3322e-09 4.79482e-06
33215605.749486651272 6807 2.1729231356952554144 0.38907322277625294715 0.29240678162902666859 0.040381758078808151213 4.8272169521826597816 1.7005536221200303615 1.2938225918840051687 0.91957797612686775768 2.57067e-09 4.95297e-06
33215605.749486651272 5494 1.2402545005877629869 0.28774497017923789111 0.21045841912423984832 2.5184355354483050071 0.63656591420237840229 3.6303538893535458598 3.7886296463061404083 3.9620894937126518442 2.97785e-09 5.20177e-06
33215605.749486651272 6119 3.1281301808646206908 0.093557968097312163569 0.17792989513463192131 1.5346709086958569834 0.89161039429522159772 1.1098278400685184231 1.0276128847689440793 0.94752093807430881611 2.96829e-09 5.19619e-06
33215605.749486651272 5559 2.3313940066076939139 0.3233808083066272987 0.35888859797042377275 0.40577067781920922451 3.8862308672856089586 2.8401205690574520268 2.7229761110025503257 2.5915228331508624038 5.44342e-09 6.36025e-06
33215605.749486651272 6737 1.6979161780598301945 0.23071033728633422166 0.21220786291988905092 5.9501363612931355007 1.3298460617319149968 2.7526605363037468521 2.6533012157926911812 2.5450709172875574104 2.16814e-09 4.67964e-06
33215605.749486651272 1127 1.2126392621852197795 0.4022245928567724782 0.24651206322898822076 0.67724876450289150931 1.5823491377259291113 3.8112021869982619648 4.1207393053060812349 4.4545944592983266475 1.29908e-08 8.49954e-06
33215605.749486651272 6005 3.045993328972871339 0.30903011598508228763 0.53723523510648574231 3.4913083713347066173 4.552856778207896582 1.8963317476443004583 1.5827655526768260597 1.2737575726206040727 3.36675e-09 5.41902e-06
33215605.749486651272 5209 1.5443427692965343567 0.24412634124286797244 0.1542053300259083326 0.9241181009812955427 0.17538690520679120488 3.3653030866136357524 3.4278330280444362366 3.4967615083670748888 4.75685e-09 6.08074e-06
33215605.749486651272 6996 0.8669599354955296322 0.15333025036199321445 0.19758590904325504245 3.9470455140917062309 3.3685194582576447608 2.1766974205847251511 2.0442814917668443719 1.907819946588307447 9.30536e-09 7.60492e-06
33215605.749486651272 5406 2.0736710433477254512 0.29764453237722099388 0.17557881034279868016 3.8011198288551968361 4.8746682270042640539 4.1271368327626785089 4.4025590397894713846 4.6860313569962244173 4.61584e-09 6.02005e-06
33215605.749486651272 5938 1.570389678703701275 0.10104759285161490912 0.24720269925365684349 6.2265288847062540967 2.743195542402736109 5.3049768385487343636 5.386653303081884836 5.4655882937436173208 1.88863e-09 4.46923e-06
33215605.749486651272 6827 3.1138076496643511959 0.13714579558043943353 0.15459235810612270701 1.4269881618386062172 1.6993152330859560006 5.3104215819154232392 5.4199408488314633203 5.5241655335686621342 3.04652e-09 5.24145e-06
33215605.749486651272 5420 3.3742969502573143536 0.23648945009377650428 0.18583230656593460739 2.3174541600877209824 1.9288735764959548113 3.8669141047737354278 4.0413009905384544851 4.2265066570678166968 2.55489e-09 4.94281e-06
33215605.749486651272 6167 2.0154049146469619203 0.22641332352281487439 0.081021197208480763563 5.4926693644085862189 5.0926654514683598052 5.2614696110345313684 5.445568747884009575 5.6138052015114894289 5.7681e-09 6.48427e-06
33215605.749486651272 6401 1.6087479832245556999 0.064586614659608784783 0.28018581240354328843 0.35470257599466942233 2.5089080821572107283 2.2237780006556104873 2.1714079676054964807 2.1181246497786374583 1.93159e-09 4.50286e-06
33215605.749486651272 6586 2.106237987385970456 0.27320533557450760176 0.29325095418879809639 0.92693431770832734884 4.7128787951297823611 4.1953183994970384418 4.4538602354671041894 4.7179861826971052352 2.89513e-09 5.15315e-06
33215605.749486651272 5195 2.7553788068038862491 0.091599799141120569201 0.15241516861520748582 3.6840270814335713823 1.9508365622168661879 5.4385822324537951289 5.5051619010775620922 5.5694533139777151476 2.26107e-09 4.74557e-06
33215605.749486651272 4963 2.1041948942713286641 0.22410958099681987932 0.26593261227451842066 2.6195346798278986711 3.8628058764950834458 4.4080819888919311467 4.6313413558823173233 4.8547152834467572902 2.1769e-09 4.68593e-06
33215605.749486651272 6056 1.1634572303274122174 0.12741017312543873041 0.23447060729108437638 1.1759939964490999653 0.46619024991257035362 3.34173629176586795 3.3688697703155590091 3.3975785315026905131 5.38932e-09 6.33911e-06
33215605.749486651272 6170 2.3418921350266090897 0.33763765758513714088 0.3672959586902297402 0.086473204242510065543 0.642709948112260121 4.5003967316900714835 4.8497803373884211808 5.1842363153808301846 6.44558e-10 3.12323e-06
33215605.749486651272 6886 2.7757193050816444391 0.36476380529800472852 0.63595119133364763631 0.44446235207288303792 1.2041311672743166827 4.4681492367668242949 4.847639744850452459 5.2090723627823400932 2.88448e-09 5.14682e-06
33215605.749486651272 2992 1.7758606061681603272 0.21886253492100518625 0.054482871897094262148 1.0717301059056243417 4.4455649307399509595 4.1160734441907518288 4.310926237786965487 4.512387097923772572 2.26492e-08 1.02298e-05
33215605.749486651272 6243 1.3185640624389698417 0.18367188226165856446 0.025036150691587620576 0.66908562377059410675 1.3278661952730830276 3.2493749498560062783 3.2713230493772478269 3.2950840946238222351 6.87089e-08 1.48088e-05
33215605.749486651272 6186 3.2355736796077363415 0.02739018796326075228 0.20650731597443133802 4.876053313781828713 1.3183642855280925943 5.0463585811799758218 5.0721231616352611127 5.0977601154915550552 3.14704e-09 5.29848e-06
33215605.749486651272 5846 2.7820448431325512928 0.13168698073043508256 0.10974945631301659399 0.24707185135913958818 0.043162255300819150905 3.7638602492700261593 3.8452864342926704744 3.9304929735670857127 2.37403e-09 4.82332e-06
33215605.749486651272 6333 1.6970948112231152294 0.050467439518526731324 0.20868681569598682146 4.3841610666517318862 0.31761755502433741682 4.2505635367685536963 4.2962793117230617668 4.3424402813529265899 1.94245e-09 4.51128e-06
33215605.749486651272 6138 1.9852551679741847757 0.49366267661879092987 0.23182883002113532922 2.17654292688622375 2.6269482266146360061 2.3519686477485572951 1.8992446716964186404 1.4319712234252053307 1.45536e-08 8.82754e-06
33215605.749486651272 6244 3.2139261649867179038 0.061118566872919340149 0.33505447641825636396 0.10940051897619824939 3.4926463197797947835 0.5221725182890610828 0.49245046421324556452 0.46355442490059178828 3.08558e-09 5.26376e-06
33215605.749486651272 6192 3.2023954378259711362 0.27055557564785670532 0.28893510588089454938 3.0467923835144841149 4.8148658390879850444 4.9294852233170063371 5.189472806909385838 5.4298175456771371472 2.79503e-09 5.09306e-06
33215605.749486651272 5914 3.1790939997163039088 0.063288717196562663259 0.1226093898858476583 4.1241965021841631156 6.173209181385133526 3.1751757198480019539 3.1773724247135501919 3.1796363974041068623 2.63408e-09 4.99337e-06
33215605.749486651272 6739 3.179129563650806567 0.085567283867305735101 0.2084050179335779629 1.6885723916205661599 0.12444895003852786408 0.058155808124159755201 0.053377704565587880126 0.048812487941144386272 1.84353e-09 4.43337e-06
33215605.749486651272 6164 2.0812775201800821634 0.40756494720430341827 0.59286063840114155976 2.5287797066643786792 3.6906429225836823171 2.6976683157744250074 2.4720533062231040411 2.2191083713275001621 5.09634e-09 6.22209e-06
33215605.749486651272 5361 1.692211220726877352 0.42494452839656166043 0.23100327088267050279 4.7628658746057253026 3.1559706467442469879 5.3778694578278187777 5.6838834362077426121 5.923580258218419381 3.09083e-09 5.26674e-06
33215605.749486651272 5650 2.0149892201630286159 0.28041075232163720221 0.25585937520927343192 5.6157328972702202918 1.6902528877577429611 2.2158698636813416449 1.9669909850622091518 1.7083019175501537035 1.14639e-08 8.15256e-06
33215605.749486651272 6897 2.1673241954846478308 0.39486157408533933966 0.46618006631698100106 2.1150917935716311291 2.3031202840372104745 4.2752387635661506238 4.6781643166476722939 5.0727946571736728387 2.6229e-09 4.98629e-06
33215605.749486651272 6655 1.5638920341403934611 0.2397310098187174221 0.13800152135309565193 1.8380890065034181102 1.014275608484781932 4.3575695908158271763 4.5946429557326524673 4.8327140541483215586 6.32791e-09 6.6876e-06
33215605.749486651272 3400 1.3189214757988771964 0.23666564114117483175 0.24487264689524654293 5.420504460460219498 3.1008356006639017366 4.5085771527767057876 4.7483824570522701336 4.9848948109815935936 2.20416e-09 4.70541e-06
33215605.749486651272 5798 1.4202834354828606234 0.17599107509973901942 0.26467808155449779051 1.7976444155533282121 5.3443241603875364376 3.6798948037466572281 3.7782471850906569344 3.8828754135850851448 2.01067e-09 4.56349e-06
33215605.749486651272 6362 3.0221191244869864967 0.11043741929482668584 0.21425642213676093784 1.0128826147108944689 5.6513887803778377616 5.038268544423986306 5.1412948465895551564 5.2417289899948311671 2.92709e-09 5.17204e-06
33215605.749486651272 2928 1.9717431785033614489 0.35365889840115322107 0.2869800927306768723 0.98089441037498925624 1.6412083060178446203 1.1769412347129697416 0.86414536513337691925 0.59517340186816891645 9.69793e-09 7.71039e-06
33215605.749486651272 5185 3.538380655034817579 0.025461627673068348149 0.25670283768872276253 5.8505363051753374037 5.7847142532432842543 0.59145162792052530243 0.57740151464256994629 0.56350332201694952605 2.64564e-09 5.00066e-06
33215605.749486651272 5885 3.5069379011608035057 0.032139098028385069961 0.2598256183815080278 2.9618078283608912926 4.8676648263572959152 0.8019186418708125208 0.77907094024517342667 0.75648941107056433264 2.25928e-09 4.74432e-06
33215605.749486651272 519 1.709075679164193895 0.055166977013898194082 0.017203564512045080998 5.4511448239859818798 1.6113418942911543752 5.9631409325045119374 5.9800662623622882208 5.9965335223432036926 3.92741e-08 1.229e-05
33215605.749486651272 4406 1.6574847341039755655 0.13096953497995511562 0.26051613134335344091 0.024550730698356299647 5.2393943446938324726 3.7775330180121255985 3.859974618302218996 3.9461744915318264226 6.27014e-09 6.66718e-06
33215605.749486651272 5578 2.8818471399320051418 0.14947334113526203336 0.20175806655557690372 0.62156382668642140565 0.98181545410420767439 3.2794530215243238302 3.3017709099565277775 3.3256110384754635767 3.04211e-09 5.23892e-06
33215605.749486651272 5134 3.5306947401040154055 0.041056582196979586608 0.32636639562010932858 3.1500196452954538628 3.7411803461397488135 4.6284354801045211047 4.66942958017166454 4.7104482830268672444 2.31886e-09 4.78566e-06
33215605.749486651272 6863 3.1126362963529183858 0.1248424706671754647 0.078350818716941092457 0.81232050741969175078 5.0581424390409726044 2.1025650678187903786 1.9911096289060488118 1.8771333041545932296 2.72515e-09 5.05026e-06
33215605.749486651272 4313 2.0169478249352108534 0.43449724789691940297 0.35176452294064930459 0.95307168233336125862 2.0042746171220637841 1.1376112534905757911 0.76340069196732740497 0.46299694158589682624 1.98502e-09 4.544e-06
33215605.749486651272 5577 2.1582333223788312537 0.20753774559516016684 0.49345023114940667064 3.9236637476279385695 1.9187223810890983167 5.1722400891902085007 5.3514193660701776523 5.5180046077184616848 6.01747e-09 6.5764e-06
33215605.749486651272 5417 1.7951823398352699801 0.056526844944038610874 0.187138540528145908 1.8145171272293436626 5.6076931587256426681 3.2976164503707869891 3.3066599082456433756 3.315948324330491026 6.2485e-09 6.65951e-06
33215605.749486651272 5880 1.4200141956603000715 0.14718352643314508432 0.24878585502436681431 5.709204155817110049 0.16780669851195387232 4.3492049553308795851 4.4910373985783440531 4.6346298828812022563 2.24295e-09 4.73286e-06
33215605.749486651272 5030 1.5682309732769128541 0.2552309019561831982 0.36195063340141825359 6.2729244940705566336 2.640370477759672152 1.2900481525470632871 1.0504874265151229462 0.82903233959370126183 2.14686e-09 4.66428e-06
33215605.749486651272 5240 2.0517028226672446856 0.18102566246396645244 0.12162234097486114559 3.7757604584518755786 1.3280849452134053656 0.43371281862137950336 0.36290087897887396418 0.29863900072760229953 1.54708e-09 4.18172e-06
33215605.749486651272 5678 1.69953617321079542 0.15999988578090393321 0.18709487118757914259 4.869834077672597239 2.850053168427044703 2.284505083018020688 2.1561733962694180633 2.0228128820167698976 1.85255e-09 4.44058e-06
33215605.749486651272 5625 3.0299606081263252833 0.24964353483960557978 0.074279134236772070832 1.5596816069638883562 2.6715887171280985335 3.9488217789060162666 4.1490027612079618535 4.3600642731998826562 2.295e-09 4.76918e-06
33215605.749486651272 6997 2.9679821694845132107 0.19407513055572639393 0.22126855972969350361 2.3705776308415869025 0.10795787426879253912 1.6376738206215011306 1.4415170060963495846 1.249061420695247282 2.77488e-09 5.0808e-06
33215605.749486651272 6029 1.8577977778605059278 0.26954445892772527227 0.03717342053976903371 5.7375352916179700458 2.8882617661268166209 4.1921620336468858881 4.446533284014360099 4.7066081158441086529 1.2969e-08 8.49478e-06
33215605.749486651272 6282 2.8082828328515221372 0.093778574042140627753 0.070518398338531573799 5.4163944749793309086 3.0839729920251879314 3.1837010117798003606 3.1878523280113619798 3.1921889472312443559 2.68214e-09 5.02355e-06
33215605.749486651272 6604 1.1311088817089369751 0.11953309861098085354 0.13145566236862041287 0.82123259543867543897 5.3289657609332223842 0.065161787807054269428 0.057791484543171831034 0.050887333964833345035 1.53681e-08 8.98925e-06
33215605.749486651272 5362 1.410251167118999005 0.263457407072899219 0.36629774315906016291 2.3641872634762259864 0.14051773113595597553 4.3709417496649303203 4.6340073565292749791 4.8966558789925889172 1.49782e-09 4.13686e-06
33215605.749486651272 1465 1.2522180332736900787 0.22031963476450239225 0.16150767010407696134 2.6365778798133665539 4.5196898869316362024 4.1731831936984802311 4.3755287823518695944 4.5834658147672069362 7.44584e-09 7.06027e-06
33215605.749486651272 5877 1.3014707735714992065 0.34882643177158861869 0.27072236211384920201 1.1125666979319446259 4.0927315227521203767 1.7073253281489333411 1.3455730917513306633 1.005556523498674304 2.13222e-09 4.65366e-06
33215605.749486651272 5479 1.612976234049970925 0.31129351544379690875 0.18989681803952121464 6.0405296371014722823 0.054870024428560724983 3.9532039218739436492 4.2118968057180907749 4.48500908025461964 2.12255e-09 4.64661e-06
33215605.749486651272 5257 3.2035149136593514818 0.13899239661123075074 0.18236307607455665147 3.8104743498225901455 4.5778409660411290005 1.5259007623123110875 1.387030801390985113 1.2503786782865360383 2.20895e-09 4.70882e-06
33215605.749486651272 6565 1.7807952808118086008 0.37442660166264674082 0.17902415596545820375 1.2507664664983304537 1.4366138712093803331 4.4514107248857861521 4.8415973320302398974 5.2129027912912313525 1.41094e-08 8.73682e-06
33215605.749486651272 6327 3.0115303009873795048 0.17010220930586503196 0.15126428783028264546 4.0817116200159979655 0.7724329331679634647 3.3123356432885620038 3.3441328123288274199 3.3783502685850526071 2.25041e-09 4.7381e-06
33215605.749486651272 6313 3.2432305357847521776 0.10719934802914364569 0.3329865248348022333 1.1879050102747521489 4.5758799723977414686 5.2347158533425037774 5.3253940997535380575 5.413074888971273424 2.33149e-09 4.79433e-06
33215605.749486651272 5890 1.945195452333774444 0.58539280756448475174 0.24875031144307663267 6.0988051507674327922 5.7252212511687634588 3.5074128319294839429 3.8357424611421619964 4.2102370984002162047 4.73576e-09 6.07174e-06
33215605.749486651272 6709 1.9240459668555933703 0.57869220553791411721 0.26748748459273657962 5.3051742493714302285 6.0653558418244575279 2.3531151592885293233 1.7856550965931956565 1.2202690412767125405 7.37402e-09 7.0375e-06
33215605.749486651272 4581 1.4979529354171037259 0.33661559303355198525 0.26744314874672259208 2.1329437327261788759 0.52163182133124241791 3.5017690973746895544 3.6473796103556104242 3.8104685237388165042 2.62777e-09 4.98937e-06
33215605.749486651272 5923 3.0288936345788992632 0.030636804338546444471 0.18357023397279340071 0.702363178819416345 0.66031667732598353648 4.8103517149940309139 4.8408008018514809834 4.8711853588359188549 2.22479e-09 4.72005e-06
33215605.749486651272 6677 2.2247825977608766124 0.14545731643416878742 0.047782913966976411912 3.3172909421136891339 0.23743955420717902105 4.8028721207746958299 4.9473013800640162074 5.0887636727156024818 2.33048e-09 4.79364e-06
33215605.749486651272 6023 1.688720511526746737 0.036225565792169837909 0.30296567496435106159 5.1697196272098411285 1.6247434380007150789 4.8706654113802319017 4.906344228287742304 4.9418905492202567231 3.26695e-09 5.36493e-06
33215605.749486651272 6842 3.1468645129076588951 0.059210299240309030577 0.11144337296855699737 3.5112973381459511302 1.1179815413930012102 3.6552105357012245612 3.6850971082983630112 3.7157170413072813098 3.94698e-09 5.71398e-06
33215605.749486651272 5437 2.0465513846085010563 0.29262218689168129071 0.22696287468639700369 4.7178120249452337731 0.3368171693020063362 4.0405762288373425761 4.2973534303747999985 4.565132574896383133 4.54448e-09 5.98887e-06
33215605.749486651272 6001 1.8220742219557091168 0.1986284730475775806 0.335758015831680523 3.7812141448597467175 2.2884294091536783178 3.60422291683867968 3.7025150017186736484 3.8081788812482386675 1.89847e-09 4.47697e-06
33215605.749486651272 1517 1.9941564417295070122 0.33520536616762286464 0.71655343030864426801 0.51553967713477577561 3.4846621009137597191 5.9820409555820308611 6.0698842385121887233 6.140842959229298792 2.17631e-09 4.68551e-06
33215605.749486651272 6356 2.1081301678552959444 0.45721815168842722121 0.378020736322196238 0.098965991541744138815 2.6057197331361532378 1.1574418143750073718 0.75884104279641784174 0.44423795235993024377 5.8318e-09 6.50805e-06
33215605.749486651272 6121 1.4655551032393840938 0.25032912120126166178 0.23384238181553182456 5.9991071720413238211 3.3734949867177528304 3.5114307246673943652 3.615656422502091516 3.7299330840377598051 1.90564e-09 4.4826e-06
33215605.749486651272 5717 3.171568372184162321 0.10429742733946215094 0.24512520689572223076 5.0593442266071653179 4.3436668835029204061 5.9370393508715242348 5.9708548484250218991 6.0029030677945396377 2.31886e-09 4.78566e-06
33215605.749486651272 6197 2.0072551852976583397 0.13969737066582008089 0.25329751426474272913 0.87010879092318005323 5.1635290803120685865 3.1281093832032338398 3.1260737064078862879 3.123905837310959388 8.02678e-09 7.23931e-06
33215605.749486651272 5211 3.2057891781583829349 0.053212578007231267629 0.26492203056485208457 4.2662886500708019355 5.6536796627663550296 3.9881860370439272678 4.0287826429572426434 4.0700383561457735837 2.07199e-09 4.60942e-06
33215605.749486651272 6154 3.1270793588121610362 0.1037950700708270696 0.23028059033371453546 3.4970692495792050636 3.6713131555241438342 1.5394758960431020878 1.4357132375637851052 1.3328637255539981243 2.04677e-09 4.59064e-06
33215605.749486651272 6204 1.6638506512422748251 0.13431168840561211186 0.3246174379277683153 1.2839304031305609488 3.0095427114544106573 1.264905998973227419 1.1389747139612800275 1.0169921851527132795 2.26769e-09 4.75019e-06
33215605.749486651272 6392 2.9857214429573608605 0.21612750182323628434 0.18215379780080878658 3.0414947593604870768 2.7508543932492779405 2.6895003654587141817 2.5836312419518039363 2.4692008306611450408 2.75286e-09 5.06732e-06
33215605.749486651272 5076 1.4158266024034089625 0.37813286648650495936 0.11267720062199097775 1.5420038303744336705 0.89227952033234714246 2.5489787911650454433 2.288444781739018552 2.0035767903610310903 1.5547e-08 9.02399e-06
33215605.749486651272 5288 3.1073990857935323007 0.24209899001158136089 0.22957485586651685261 4.5226098508469680937 1.9110491717023503355 3.3283777104376750522 3.3802697003466155579 3.437506110249632485 2.94866e-09 5.18471e-06
33215605.749486651272 5459 2.9518875863965416961 0.21421625406892663701 0.2113422786653875729 3.9779025842573316751 2.973716030105147734 3.3106570568707356372 3.3514800781741440616 3.3961119910711246028 2.51526e-09 4.91712e-06
33215605.749486651272 6816 3.1018583989056760508 0.10908039295232001276 0.18069850147387503392 4.2145195473977850043 1.6808655040888049736 3.1863947292926182442 3.1915779883782100512 3.1970281381132501508 1.76213e-09 4.36713e-06
33215605.749486651272 6572 3.009704837652641185 0.16362346284820564191 0.18082438935060451968 6.2238684463231184196 0.70699493188937290178 3.1467960122821119207 3.1477301138880560138 3.1487343400905212221 1.66053e-09 4.28153e-06
33215605.749486651272 6740 1.8396463546197303618 0.29470801133004898009 0.25946086534825413272 5.0664948050572462535 2.527870302139066272 3.4257755910007787747 3.5244916125397618423 3.6345977873122738977 1.33102e-08 8.56864e-06
33215605.749486651272 6480 1.7388381838263213819 0.12076042202305270479 0.24155556829838939481 1.6269759790714886094 6.1651234086827741976 2.3382866284723364814 2.2472929308366267342 2.153127473509767853 9.59462e-09 7.68292e-06
33215605.749486651272 5642 2.8721636922107114387 0.20457250280629091232 0.1283501554265461253 4.3113739381588640498 3.4553645366711975839 4.0255647681342754396 4.1962437705324679982 4.3741662238845382404 2.80041e-09 5.09633e-06
33215605.749486651272 5478 2.1771557064662245828 0.41375453138910306405 0.39641219218693524162 4.3758060466620722906 5.9402595061932288445 1.4017565825762161591 0.99546189388142769516 0.64831754758811377393 2.28234e-09 4.7604e-06
33215605.749486651272 5788 1.4494861256613402745 0.30720451542824500635 0.29656040353610718663 5.4905043026962294661 0.56161164755210835065 3.4722990519551713007 3.5922604930492765263 3.7260685780682969437 1.43499e-08 8.78617e-06
33215605.749486651272 6815 1.919648171985217866 0.37679639054093083672 0.17335820747296434852 0.39693417045554491018 0.97142607122376689599 2.7992449346287333611 2.6385971389223050743 2.4569616117405215228 3.57143e-09 5.52668e-06
33215605.749486651272 6617 2.747515311794570092 0.17598641502578266094 0.060592402342116206959 5.2527420070648505046 6.065767350010557557 1.9879004769174002387 1.820088244676326239 1.6495420341462265768 3.93262e-09 5.70704e-06
33215605.749486651272 6667 1.9154967498601469522 0.27207922010171936567 0.1886836477536295853 3.9973069006171813022 3.9514810544874992004 2.5466975694762341575 2.3715740410691261708 2.1821664727337370948 1.85586e-09 4.44323e-06
33215605.749486651272 6040 2.1976160439530096902 0.29098350729401312176 0.57565862786748711599 3.0710381030148909964 3.1547163998160372422 1.9719804945586152378 1.6833179157016406879 1.3941745524577275894 4.48499e-09 5.96262e-06
33215605.749486651272 5950 1.6444720828914549671 0.28643256372822251121 0.051902648515950403074 3.611507215406603688 1.5518464200988140167 1.6790676727670603707 1.3856707727831096832 1.1041324399773539966 6.81029e-09 6.85339e-06
33215605.749486651272 5158 1.9966232934835539403 0.42125676619792434829 0.28928319239999045198 0.15033645849597915278 5.549714051931255554 1.175387114348561246 0.80396621202293794273 0.50061343172019734382 5.85576e-09 6.51695e-06
33215605.749486651272 5252 3.1412093231984390407 0.19479949686717099033 0.18540542548613234142 6.0818296716886157682 5.6120796370287262533 5.3863430058241306142 5.530884945696727506 5.6639953581414745898 2.42859e-09 4.85999e-06
33215605.749486651272 6104 3.3514529370099848116 0.051103099547170828532 0.13361695800422332403 2.3639142572607227955 3.6438650763661697418 1.7139878140087123626 1.6632002309797009332 1.612315147674233673 1.75259e-09 4.35923e-06
33215605.749486651272 5196 3.5666852613293142937 0.11483650437481664197 0.18870663138972418316 2.1739103502415564328 4.3333127079533522164 4.0156978354328947134 4.1073940212839339381 4.201847616260353746 3.02458e-09 5.22884e-06
33215605.749486651272 1284 2.2610566992352278959 0.21122407551613173182 0.21615580048024599091 1.8521839400506274753 2.773981962600911011 3.1260426941395098588 3.1223236171372872327 3.1182537845893620876 3.64405e-09 5.56389e-06
33215605.749486651272 6952 3.2288193259680295633 0.10119082118709066265 0.11172849205576192155 2.7625553270581071352 0.5990010968185978113 1.7709402593052749886 1.6705856407928296736 1.5698982260609413153 2.57429e-09 4.95529e-06
33215605.749486651272 6978 1.5833175599602553607 0.36666717234153639593 0.34769661503195053998 4.8504019686280415158 0.78944370329627799876 2.7313455495068548196 2.5483822114326777353 2.3434057880999277224 2.46129e-09 4.8817e-06
33215605.749486651272 6692 1.9111189513501500858 0.3230822855972704799 0.26096602602647611668 0.32820790469808769352 5.8864583111269208615 2.6865740986884358854 2.5155261182812340692 2.3262122210198321604 1.32225e-08 8.54977e-06
33215605.749486651272 6425 2.2237210178429398511 0.32355799664700241047 0.20518961165381524592 3.5748374971070209227 1.7551243481570095728 1.8288219901064450834 1.4961869442719217815 1.1735290824486483974 5.02719e-09 6.19382e-06
