64262833.675564676523 0 5.4013358150852885942 0.025778577453377186923 0.031670095655647600985 0.17254489175416973246 2.1394030538502613048 4.2354009480388885578 4.2584413237986584733 4.2816091241598090988 0.000954966 0.000356051
64262833.675564676523 1 9.0377858988915438232 0.082490153540536043097 0.038280205811334282184 1.6917581183535779221 0.039857196994187514549 5.1004712966380481021 5.1757445586478052491 5.2495367650415909466 0.000285285 0.000238018
64262833.675564676523 5775 3.0431410045437154999 0.14246655814425077113 0.070115066750093893444 3.0462387869850942046 4.323591266471486172 3.5367466772415392384 3.5957536038802051515 3.6582548901352729409 3.02463e-09 5.22886e-06
64262833.675564676523 6920 2.3899904595823677766 0.13006633553619090238 0.25351262443520811152 2.6073693510881859048 4.6437867476744809636 3.6949494135032834308 3.7676035786059389743 3.8438116292856845391 4.48089e-09 5.96081e-06
64262833.675564676523 5134 3.5449408251843999018 0.057394395032264497458 0.34707343794003037152 4.9817893707381575297 4.4648803759631245924 4.4940156359211185233 4.5504293403467404033 4.6070726253580511766 2.31886e-09 4.78566e-06
64262833.675564676523 5278 3.2059027124750354432 0.07464984675577618356 0.36189084644981900363 0.37325154214247741047 5.8874708006859997056 3.6128015293490807203 3.6479027128216925391 3.6841044214030786996 3.13887e-09 5.29389e-06
64262833.675564676523 5196 3.5381141950418419917 0.14718784168441237381 0.15356900617804625231 3.2624928566017348253 0.56268062396412643622 1.8032587807362483456 1.6570094034899371938 1.5103682242192937313 3.02458e-09 5.22884e-06
64262833.675564676523 5588 15.665569452007808593 0.57559857419877946683 0.12051973679523177163 1.6625673645781928744 1.7682612251980551754 3.0312915639759361319 2.9296468692883550489 2.8085624904955608372 2.40685e-09 4.84544e-06
64262833.675564676523 5846 2.8002054251893810921 0.12530949343138914065 0.10440713403805487736 2.6237292828763343344 0.11440916106288560872 2.8253837555574619067 2.7837810924039270155 2.7398945451921212779 2.37403e-09 4.82332e-06
64262833.675564676523 6960 2.9451984431161388756 0.15306848832560346341 0.051441193398194459685 4.0487322050145166941 6.1389611228085021466 1.8322807083416645657 1.6808088434185546323 1.5286656963785447694 2.28045e-09 4.75909e-06
64262833.675564676523 5548 3.1629294043259386093 0.02187329116648433977 0.32381029461731214436 5.042678396284089537 2.9028026710031911151 2.0194950951230192793 1.9996913111495893123 1.9797991748828098757 2.11518e-09 4.64123e-06
64262833.675564676523 6443 3.233355214208833317 0.1828791340523337472 0.23321516631261121621 2.6057848565797869789 2.1935557828941818492 1.3088423837709775022 1.1352918481456042432 0.96948313995571411272 1.88164e-09 4.46371e-06
64262833.675564676523 5990 3.0973279554930837065 0.068605054262182288416 0.14331357928461324613 2.4890914406552591132 5.1079280891970544332 4.1421353817313679713 4.2010279155197567391 4.2608569603751424992 2.30118e-09 4.77347e-06
64262833.675564676523 6883 2.31332122396335782 0.22325231851474344746 0.13523200959892439643 1.4519897852136693928 4.8514700893333770892 0.97323532412915769729 0.79794025071368579471 0.63810955598290186597 1.23696e-08 8.36184e-06
64262833.675564676523 5098 3.1575414244816952802 0.052490827558852981571 0.05684537556639999295 3.1963831366435284664 4.9751076693452098709 4.7559974760038485897 4.80840256132779853 4.8606516285225591645 1.90652e-09 4.4833e-06
64262833.675564676523 5929 3.268516502077775332 0.12715245491246485177 0.16741166913452218412 2.3525333549966429558 3.1976994394376081488 2.2886002749801956924 2.1883015899815276839 2.0846309571698999896 3.18574e-09 5.32011e-06
64262833.675564676523 5467 2.9652209941098184309 0.13182254011302613206 0.099068956641368693949 2.9214043802079889822 1.5228070743667558862 2.4633842071994975775 2.3758574747421867812 2.2844956017150566119 2.43648e-09 4.86524e-06
64262833.675564676523 6282 2.8488963913856295562 0.097142281103143920951 0.076059741773417344213 6.2653900629439878145 2.9876706241259878283 0.14263649109520279423 0.1294312468930703397 0.11689307637301178666 2.68214e-09 5.02355e-06
64262833.675564676523 5694 3.1078910235295409414 0.087438200759287862396 0.26753606075085678562 3.4123216057191130268 2.3124926015960216574 3.2306112445544301615 3.2387547638113711734 3.2472370830091414895 1.21025e-09 3.85309e-06
64262833.675564676523 6392 2.9619263046054116195 0.20189671680749121663 0.20939347088122706175 1.2253882688471804396 3.974024897306113413 4.0150227257176567264 4.1819660116034915731 4.3561207402684010148 2.75286e-09 5.06732e-06
64262833.675564676523 6484 3.1053899813246625961 0.14008803773289693617 0.19716340935416906688 3.809347835212487432 4.8777264617573328209 1.868756697303813219 1.7315536982472641281 1.5932719084375659424 1.88476e-09 4.46618e-06
64262833.675564676523 923 1.9684060429913763368 0.46015540826160333809 0.25673621323701822927 6.133695011801635566 2.8131839980783253097 3.2307006345594126984 3.2879763748918806598 3.3550953289915677047 2.53731e-09 4.93145e-06
64262833.675564676523 6739 3.1835208579735572165 0.070109380029695175796 0.25863743661782906402 6.236096790984513305 2.2668530308195338208 4.6167367199345816786 4.6868179033250552123 4.7569043630436436132 1.84353e-09 4.43337e-06
64262833.675564676523 5885 3.4946351769427850265 0.038556394394038295825 0.25253184440514803155 4.1829433236665209961 3.8599248619285884132 2.2379301464865370974 2.2072655095467688113 2.1762584825551600787 2.25928e-09 4.74432e-06
64262833.675564676523 5405 3.1934179348488069827 0.016898777308512181322 0.14003671484423763083 5.170183459180008434 0.20669273373026306184 4.850055944877047942 4.8667762565794276952 4.8834740387772539449 2.93677e-09 5.17774e-06
64262833.675564676523 6764 3.2758244591038327975 0.035033330767813911089 0.27378065169244741872 1.1065644492324302472 5.1384205936899327583 0.87757430696352922705 0.85091876394779908388 0.82457767701082662626 2.4069e-09 4.84547e-06
64262833.675564676523 6362 3.002416791691282949 0.17242124560835098146 0.31231810937703069486 0.49973930587489828747 3.5537072005758529869 3.1769604121867263125 3.1836872014853088153 3.1909430525883171192 2.92709e-09 5.17204e-06
64262833.675564676523 6775 1.8075745764495572132 0.33731325571387316131 0.2315464737464454914 3.0565711059276203798 2.7748256571755707256 3.5176916516189606909 3.6696340915648337777 3.8395868494920928349 6.39874e-09 6.71246e-06
64262833.675564676523 6055 3.2334326439404086351 0.080611848768303712154 0.02417999880690623743 4.2471073515595811898 5.4360887918888947112 1.8010714455170040438 1.721770005639511103 1.6420751082263276288 3.0525e-09 5.24488e-06
64262833.675564676523 6498 3.2234222155495371176 0.049791822944219070457 0.13175101040683470655 4.6861148406819310708 5.6016682296572204436 2.6653919177593454748 2.6420368483224145884 2.6181847888701881288 2.50157e-09 4.90818e-06
64262833.675564676523 6313 3.260994537606478616 0.069491577332528253752 0.37091867430056996158 0.78677533261418630683 5.7133407449888711227 5.9061416836247033757 5.930953752851523042 5.9549278754038477146 2.33149e-09 4.79433e-06
64262833.675564676523 6300 3.2204538014726780126 0.046385607777758845749 0.23201924181553365556 5.5217756286607526661 1.3190991124352322572 0.34140419743297062416 0.32619823557582050544 0.31133424285402289122 3.26125e-09 5.36181e-06
64262833.675564676523 5323 2.8242634197709657329 0.10523148915821137206 0.17451281600877044387 0.07658070887266987814 1.4761909918297970723 3.5886377693751985163 3.6365259596558199284 3.6865080717190275017 2.25995e-09 4.74478e-06
64262833.675564676523 4755 1.8672483216772404191 0.024956166757843085274 0.090093424979832040234 0.58771881660799629721 5.6798832478268987956 4.2444622810951884162 4.266864431293872606 4.2893844954683109094 2.45943e-07 2.26531e-05
64262833.675564676523 3800 1.8413188736606886931 0.39238678730705223163 0.54309231475850028303 4.8249019446715788462 5.4475272659331386294 3.7851390356486840361 4.0762910174000968055 4.3919347671749964235 1.79108e-08 9.45995e-06
64262833.675564676523 6104 3.3409808817251609447 0.096354940585757262173 0.18856065323490367458 5.9776032661409583824 3.7134300861470612709 0.3335363168328692729 0.30329952067604531996 0.27452111880597912519 1.75259e-09 4.35923e-06
64262833.675564676523 6197 1.7036896458972257129 0.22088844471995316976 0.47189583820997932362 4.5207603726333065453 4.814120211761824919 3.0773804476509143413 3.0612268699700222463 3.0434940997304700261 8.02678e-09 7.23931e-06
64262833.675564676523 6815 1.7490697472680518665 0.42443366349714628516 0.22433328909297770015 2.0156957470492273821 5.185103250890442439 0.91152589576679687866 0.60411256716664230026 0.36302069115081730954 3.57143e-09 5.52668e-06
64262833.675564676523 6425 2.4802345300405144179 0.31458611334403752124 0.57060956308669763537 3.6826416286146188561 0.63746870720920756348 5.1509464361997236992 5.4227516299934785948 5.6612473652334980301 5.02719e-09 6.19382e-06
64262833.675564676523 5489 3.2182512866462946732 0.079783766186852969615 0.34388832808072206104 0.67501562748046683993 2.7507570893587716121 5.0751916323395249719 5.1488231646895838978 5.2211283779841375363 1.80848e-09 4.40509e-06
64262833.675564676523 6756 3.2083032715816592884 0.051771577720984292281 0.28035758297196700095 1.7817954078282738362 5.4134558587590131395 3.4882729900926991995 3.5063146666064861634 3.5247810502886607331 2.22448e-09 4.71983e-06
64262833.675564676523 5116 2.7037786680172914977 0.20269770134140624451 0.085656084119783343356 0.73163870835700628437 4.9338752807702199732 2.040190881118887134 1.8492295422643860725 1.6543382871683700586 2.56354e-09 4.94838e-06
64262833.675564676523 6951 2.9983228851950887162 0.028421848457986405301 0.089940285471146116936 0.38262296917304677857 2.4564121643124874339 3.7652050571441608717 3.7819993465097443419 3.7989820148364210617 2.54062e-09 4.9336e-06
64262833.675564676523 5559 2.2663794156694803128 0.30743680129221612196 0.60907760055497062179 0.72165916669491692037 0.30938269359017511739 2.8985581839131766557 2.8091116240807316728 2.7087675762582095196 5.44342e-09 6.36025e-06
64262833.675564676523 5923 3.0065119812344223149 0.037918137557783143654 0.21773221538974538158 0.40436897388261411335 0.90447997415907632757 2.2735233075375522738 2.2442211240142344586 2.2145808828514930156 2.22479e-09 4.72005e-06
64262833.675564676523 5234 3.0274796677414546053 0.15888980444198394504 0.088021552108134115677 5.1922382939557394366 1.2913043783540054665 4.9639468175190417654 5.1155066181909720768 5.2616602058919008655 2.35138e-09 4.80793e-06
64262833.675564676523 6863 3.1284733395567831948 0.15230792106464219327 0.095411630019322790641 5.8373419790635354687 3.1100743878867418424 2.0896901702800683154 1.9516212077826284865 1.8102248768174633575 2.72515e-09 5.05026e-06
64262833.675564676523 5146 2.7666844937472343524 0.06559804551717186849 0.15037474792430702286 5.7997414377559426413 0.17535867313679198709 2.6476026129286065469 2.615542078301529294 2.5826038685696128816 2.55901e-09 4.94547e-06
64262833.675564676523 5492 1.7124646880838361174 0.20015782868187606547 0.52579929568913752469 4.0576846262538062149 3.95732930614248124 1.5706815124032615927 1.3691648304547490156 1.1730619701335458505 4.51271e-09 5.97488e-06
64262833.675564676523 5047 1.423054365833395174 0.15845189671704021372 0.34846916216993073512 1.4165509185772984235 0.01425179045732711397 3.7646475333335738256 3.8640547521501980022 3.9688284847153028068 1.0218e-08 7.84583e-06
64262833.675564676523 6657 2.3785495606660802537 0.17632620689630595923 0.34517457491854885987 3.5733142462828673125 5.8621903039825902226 2.7887704574236011901 2.7217987559855991719 2.649933086298934537 9.52311e-09 7.66378e-06
64262833.675564676523 1444 1.7813324458956274476 0.51814933096574422589 0.7293398753079775032 1.5924454265688205989 4.5898314471439718432 3.9382934630447152813 4.4247666735625257317 4.9216309859078215538 1.72307e-08 9.33865e-06
64262833.675564676523 6628 3.2411807335437132771 0.11386257070919800216 0.19963621816910662177 4.9170524167768583368 1.4990645436141780689 2.2837737440396890243 2.1940718167473032274 2.1016187205397454107 2.5094e-09 4.9133e-06
64262833.675564676523 519 1.8761180210196723994 0.28559858086932760068 0.0134423493660179149 0.83791761486498184119 3.7716089546038418234 3.7183629164528424482 3.8990757720755397919 4.0953091114703994435 4.21586e-08 1.25838e-05
64262833.675564676523 2992 1.8320091145913790509 0.025440667412033990402 0.15412632646774959699 1.9703047466089207429 5.233880314760891217 0.94790106825757369791 0.92738797191763788774 0.90703402224264484399 2.26492e-08 1.02298e-05
64262833.675564676523 6827 3.1043375474702421535 0.096485612696775607811 0.12979994158949201277 2.7629974631053197953 3.5796017639874708749 5.4711818818557347299 5.5390761677812472286 5.6044274827045788001 3.04652e-09 5.24145e-06
64262833.675564676523 5626 1.5083077046691679701 0.37760275402208576256 0.33139879825964618787 4.8081278686155304314 4.1951420404608619208 3.1858247714885536972 3.2073857034348032258 3.2322114205837113587 7.93289e-09 7.21097e-06
64262833.675564676523 5938 2.3419373100598739335 0.44604121500120202937 0.466659031159220139 3.3688471750851736175 2.0739687612339929856 2.3604565876276710767 1.9676188187093601734 1.556237806323378825 1.88863e-09 4.46923e-06
64262833.675564676523 6244 3.1570505713666889847 0.11131550649611712811 0.31984750254190280616 4.9973611140947014064 4.4857308550300949435 2.6095639499697873553 2.5500738902154012067 2.4880018722143386611 3.08558e-09 5.26376e-06
64262833.675564676523 6327 3.0012357184545375155 0.18290046124330719413 0.14878347207851141953 1.9862806284059264517 0.89840806301415954138 3.8254853483952144799 3.9508359689675818238 4.0832129641356464944 2.25041e-09 4.7381e-06
64262833.675564676523 6390 3.0474916425891640515 0.15953724514840753046 0.088116329122611691815 1.7745140803535155438 4.2664733755688093453 1.7390705282033922519 1.5789584343303337821 1.4194265033380133456 5.26519e-09 6.29006e-06
64262833.675564676523 4112 2.0056147885504449491 0.13237442965014969976 0.75719660982094216806 3.7919725094317766612 3.5340351301578194487 3.8791980955601204073 3.9731734963217815171 4.0709978452070867405 1.99037e-08 9.79854e-06
64262833.675564676523 5511 3.2033623904354238121 0.11779045014832437155 0.20097895211474497978 5.3970549485573027226 1.7085814575651594449 4.8207771254122793181 4.9374064934632082569 5.0522274698790043956 2.90982e-09 5.16185e-06
64262833.675564676523 6702 2.2064211730057623484 0.30869166625490179756 0.1772434534196793976 1.4809344605983980614 0.095221795854570426276 2.5806676535378278992 2.3869131995661225787 2.1754423718150501799 3.70623e-09 5.59535e-06
64262833.675564676523 5195 2.758775245436291268 0.018576858063035633917 0.13121626472140990316 6.1628213209339675061 0.1309274910487020771 0.15165586172993447689 0.14887465762761042942 0.14611923898614789796 2.26107e-09 4.74557e-06
64262833.675564676523 6935 3.4437507665918207778 0.13227468278073203911 0.46430566589127747479 0.85082916079470571891 4.1025165170020017058 0.86611869660376739066 0.7691562665095551532 0.677155353532360893 2.603e-09 4.97365e-06
64262833.675564676523 6667 1.3816266391929992174 0.21721781491529651431 0.40683167794739150125 3.4436888590000092059 3.5254251024176683771 2.0328162093524828613 1.8266178512775768095 1.6164692286703021828 1.85586e-09 4.44323e-06
64262833.675564676523 6816 3.1012673685396463519 0.16533844719937992873 0.19352041249602897066 5.8171782021356159831 2.6543623207310638179 3.1477079596214867507 3.1488184961112137827 3.1500131952969177007 1.76213e-09 4.36713e-06
64262833.675564676523 5762 1.3622279833198009946 0.12880320803066380719 0.4846236738181731174 5.5023383281204250039 0.95281702837182735699 0.94801347796649593214 0.84685979043838521818 0.75035988356008476163 4.50081e-09 5.96963e-06
64262833.675564676523 6595 3.0622240322664189272 0.063213513772273605129 0.254406206778695132 0.89918405745606866386 1.5550118164070438898 4.1964254932922893104 4.2523229711380876594 4.3089637454558991081 2.5233e-09 4.92235e-06
64262833.675564676523 5950 1.3152843831778582295 0.18111959985638095838 0.20077603538046162601 1.5615679473444705749 1.3899664650112102393 3.9411094338879464338 4.0807329960312586081 4.2269057115163430893 1.07677e-08 7.98408e-06
64262833.675564676523 5351 2.9614933167777204304 0.15684407883416229268 0.11347971396144800049 1.3988234852414376252 2.9755321728928656455 3.7132493557704089326 3.8046401079872551598 3.9011810054105784396 2.44807e-09 4.87295e-06
64262833.675564676523 2768 1.5874283357926222138 0.033670273803740637109 0.026810963340950524914 1.4095976626006068155 6.19292953439583993 5.2025570644309544477 5.2320353638121650519 5.2612609874142268751 1.06163e-06 3.68842e-05
64262833.675564676523 5194 2.3430434871143415165 0.19201383922852932606 0.23727836290366657868 1.1980679910085543227 1.7138407125500836337 4.9248698282340352961 5.1100031802850374163 5.2870375295280647165 4.75382e-09 6.07945e-06
64262833.675564676523 6928 3.2258967747475075782 0.20922672897823366145 0.24919845374426738416 4.0489952963503270666 2.98251838298887062 3.5693553313216268563 3.6663925858379600164 3.771223519182731021 2.08658e-09 4.62021e-06
64262833.675564676523 5914 3.2027689628020263868 0.074458750773282025848 0.048344995549605189467 1.8712268864930907686 5.5254417331668594926 4.2000234532810463151 4.2661966646450784069 4.3333656641264202136 2.63408e-09 4.99337e-06
64262833.675564676523 5072 3.1222273991093967282 0.068090666169358771143 0.22541257479211013193 4.7502922764697688152 0.86740232711517661901 4.5623372616536537194 4.6300603414488197274 4.6979203784987522141 2.73643e-09 5.05722e-06
64262833.675564676523 6639 0.91175721398057707479 0.24565150596101723024 0.28284719221534709854 5.7169813061525402986 0.54546937836989739523 4.3587625892107038084 4.6021568788844486875 4.8463174255012155811 2.07227e-09 4.60963e-06
64262833.675564676523 5312 3.002565218849230444 0.080175402487970101606 0.12121920477239354896 2.4017850178260831129 3.8316856467255333563 2.2811443818221577295 2.2186460191709698186 2.1547154926362286353 2.46345e-09 4.88312e-06
64262833.675564676523 6126 3.03018774394213386 0.23198224858951599359 0.19748025925732848318 0.50141789038126416411 5.4906446531408912293 3.428297549326130067 3.5032284504929300795 3.585304859990462667 3.04059e-09 5.23805e-06
64262833.675564676523 6734 2.0974927227991009282 0.23707975674183101589 0.34744836091579744952 1.8223129398463187023 1.435070546819866566 3.4552789147153739613 3.5390281895134334533 3.630791103428408384 1.24231e-08 8.37387e-06
64262833.675564676523 6073 3.2444166414991606473 0.024659174894529279493 0.23057128280963015698 2.7754855232071422577 3.5729230617374017065 0.36574135182492578666 0.35702133550137876705 0.34840332494727305201 2.87152e-09 5.1391e-06
64262833.675564676523 6692 2.0003107032710905067 0.16163915100788914248 0.32047396593085680783 2.245090805699987424 2.9763293376451391836 5.506751561607067913 5.6144096046188840532 5.7146300632460551583 1.32225e-08 8.54977e-06
64262833.675564676523 5231 3.1394700086141997808 0.089083431757193146106 0.31010608080401624864 5.5226871998883400039 1.2193480790435582417 2.7749558333092489981 2.7415697579203275325 2.7068771569885150541 1.89135e-09 4.47137e-06
64262833.675564676523 5030 1.4923389486143245897 0.56464914943274890913 0.41389530358203435734 0.76243615531736974589 6.2148713170115543747 5.0177389794723481486 5.5450299099002107184 5.924996203965078756 2.14686e-09 4.66428e-06
64262833.675564676523 6290 1.7545131093673707046 0.2065950477497659199 0.31964912056802580187 0.16193225757648174734 5.8176325639746773177 2.2623954168243831653 2.0904823798969922599 1.9111630162860491211 4.66797e-09 6.04263e-06
64262833.675564676523 5160 3.0761960957834153518 0.038689941491836528364 0.17613137682117926963 0.87319373875260897222 3.9190669230780668109 4.4179850449959943148 4.4552290880236107284 4.4926467578380773205 2.48083e-09 4.89458e-06
64262833.675564676523 5717 3.1602862685795085618 0.1358931914315459899 0.17678228949349378274 2.5233346792664828051 2.0172617947404787309 5.4517357280208367243 5.5481055970277646239 5.6392418610112571287 2.31886e-09 4.78566e-06
64262833.675564676523 5643 3.3235996279645609874 0.090404242618408167664 0.081689382505613764018 0.55026559264497587609 1.3882669180893643102 2.1672312779576752284 2.0903637232817429137 2.0118897623738920544 2.47115e-09 4.88821e-06
64262833.675564676523 6842 3.1886495039649660477 0.039235277575402745243 0.16764495141919505405 1.0979009147363985033 5.0328477654920904527 3.9511725664071901676 3.9799777337066442051 4.0091516834681497627 3.94698e-09 5.71398e-06
64262833.675564676523 5372 2.0323036906407008217 0.2178006109257926981 0.31182353522433309267 1.8605598386242874209 1.9550410543979601652 0.7431866089126558661 0.60543943807517364153 0.48148400077967351551 1.39548e-08 8.70479e-06
64262833.675564676523 5131 3.5428385249578782101 0.089149874191577160865 0.29229074949544625595 5.6506725387268410543 2.4484795793173752543 3.4326301144678681432 3.4594064751193394081 3.4872649739114618406 2.25296e-09 4.73989e-06
64262833.675564676523 5534 3.22328138052533264 0.11571653694124836576 0.1383992702858211632 5.8655739414323386782 5.6075970083332231653 1.8193488684676353273 1.7053036585890022359 1.5906323290329387188 2.18919e-09 4.69474e-06
64262833.675564676523 6119 3.1397381829457144953 0.071866240014974311356 0.19025954487192103803 5.5189936440893649916 5.5809739405313170124 5.3499210414975468808 5.4065176642761638703 5.4617548747874540283 2.96829e-09 5.19619e-06
64262833.675564676523 5525 1.9618471000422235129 0.44641413452230821468 0.324499857467605346 4.001846649721152005 4.4881796727966083438 3.2993861049676938002 3.3958055336707522187 3.5080713956665365849 2.22151e-09 4.71773e-06
64262833.675564676523 5240 1.5909659182003377254 0.42822465957628585986 0.40240887153915155805 1.1004031019734166197 1.1691188195394790483 2.7415651866559813676 2.5214625957542655676 2.2726036859115423816 1.54708e-09 4.18172e-06
64262833.675564676523 6997 2.910137442225615878 0.073261943517771196954 0.23892671501880322071 0.0073980880384388750595 4.7273767667038173457 3.1587849697633521018 3.1600941588852240471 3.1614495377924294317 2.77488e-09 5.0808e-06
64262833.675564676523 5667 1.7335008467135311072 0.321415144966205657 0.70227966755345483385 2.897554547651111978 2.7034475105985098509 1.0320115792551807221 0.77221362894579526071 0.54795497988439378911 3.20823e-09 5.3326e-06
64262833.675564676523 6103 3.2973053727540824198 0.07890679122898154596 0.11434813419563774617 2.3877511398174395829 6.2813325691052686039 2.0499724804766952246 1.9785722336059214932 1.9061353969855687751 3.07621e-09 5.25842e-06
64262833.675564676523 6335 3.0953639825332581736 0.063494201480430764728 0.26534558415239462015 0.67590560794150389423 2.0102975437840693296 4.6884194235980878318 4.7519865104321796778 4.8154309400931749607 2.80706e-09 5.10036e-06
64262833.675564676523 5252 3.1374655472919941168 0.17460009684141733488 0.21820909147630410119 0.41210688845109083589 2.9828503187409483033 2.4962567829082633608 2.3825501607984316266 2.2623856435890421501 2.42859e-09 4.85999e-06
64262833.675564676523 5034 2.8581878550238841719 0.23245906077429170922 0.11712441052380881401 2.1064297823007676058 1.2265776344125900454 3.7035843913845378772 3.8428610932871154482 3.9928407328607011806 2.20492e-09 4.70595e-06
64262833.675564676523 6874 3.2773851075403581667 0.080503111666288568182 0.29842917940879792882 0.65859706482430291352 5.9478818240851438759 5.8436820913568894298 5.876780300273583002 5.9086039625041131274 2.61974e-09 4.98428e-06
64262833.675564676523 5053 3.0437085212806032075 0.21551531105957791312 0.26934236814054601794 5.5120877202168294673 4.1690852468115666696 3.2067786119189118921 3.2227181895932615063 3.2401828131930119348 1.90259e-09 4.48021e-06
64262833.675564676523 3953 0.94437799208073369694 0.032809309395793684327 0.54287432179871042415 3.1810745945564260495 1.0117968463597089013 4.6636989353181848017 4.6965014434488239203 4.729306612169995816 1.87457e-09 4.45811e-06
64262833.675564676523 6204 1.9805009903506596292 0.23634036201990837878 0.084802497669630994004 2.420098006529016299 5.3242437163932825328 3.6567592573788960664 3.7884371097568991793 3.9308726675931087158 2.26769e-09 4.75019e-06
64262833.675564676523 4189 1.110554450848246999 0.070182431088168906186 0.053157934352668217981 0.20502544653785706452 1.9900356238601157877 3.7811819535864930053 3.8243330851659331771 3.8686126930253506018 2.51666e-06 4.91804e-05
64262833.675564676523 5324 2.0405669149343466096 0.063009965674695536664 0.16803242816652166902 4.1152614967982703575 5.2972700015514080363 4.5152851450534656763 4.5775008312220739626 4.6399384382522006476 4.64884e-09 6.03437e-06
64262833.675564676523 5185 3.5358045184136126515 0.020482067121426698192 0.27291397292168356747 5.7539825597633900145 3.8854122965385160526 0.3747222074949617121 0.36729551842991814414 0.35994055866062030224 2.64564e-09 5.00066e-06
64262833.675564676523 5451 3.2725183583681567434 0.080398681782168718302 0.040204128979700104463 4.2791967679664955071 5.4613458409065795962 1.3260034831489735385 1.2486688224182493911 1.1724055249325491257 2.58702e-09 4.96345e-06
64262833.675564676523 6192 3.2120032286512207875 0.22926374656021666909 0.3108483896687577186 4.9225469186336381355 1.6872972003870962965 1.2278841431078002522 1.0180539980107654596 0.82293038869808643465 2.79503e-09 5.09306e-06
64262833.675564676523 5257 3.2166865732461609184 0.14327411395230946201 0.21250487697061837267 1.6231959933405117891 0.62375743132337035934 3.0818791581134608037 3.0726189437139463934 3.0627446301913203719 2.20895e-09 4.70882e-06
64262833.675564676523 5853 3.1429969300920244102 0.10607878139098018966 0.19526703675150608452 5.2897438961767457855 2.3280625577523905712 3.8604012790487840512 3.9333391964574464517 4.0088228931802065702 2.34516e-09 4.80368e-06
64262833.675564676523 5962 2.8785175991917206773 0.16836832004989304989 0.23187228922948133203 0.28291616159011839793 5.4215214791768300273 2.8693193496644013862 2.8196707094648258973 2.7664005967545040043 2.88829e-09 5.14909e-06
64262833.675564676523 6233 3.1725035733939046523 0.11492138835337399605 0.23213687332927102069 0.87454598995241417114 3.3020079136493900585 1.9734134316604223791 1.8649844813030527213 1.7550003614009315189 2.38928e-09 4.83362e-06
64262833.675564676523 5650 1.5454637260058337045 0.1811775532571665015 0.14796082072601726698 0.64112211717307443504 0.71164262973947578494 2.8088663742465049822 2.7435810146220349637 2.6733591003156869093 1.14639e-08 8.15256e-06
64262833.675564676523 6255 3.2212018488957547824 0.10296698956425559546 0.24132181007503969439 0.073041995115418312245 5.9151210577792490142 1.1071495129455686257 1.0169524430737302279 0.92937808352234374532 2.45838e-09 4.87977e-06
64262833.675564676523 6952 3.239379375170737152 0.14717950793741771398 0.10920684271087578721 1.9102122209363174843 1.0362475377436166646 5.0173064274980143651 5.1551790920229745296 5.2881645676647393017 2.57429e-09 4.95529e-06
64262833.675564676523 5878 3.2441049368638554817 0.096826693790961135266 0.063886231716243108147 1.1497367091220904722 6.2691357206767275301 2.7356942293507571229 2.6955898307224099852 2.653822394812920038 1.44428e-09 4.08696e-06
64262833.675564676523 6956 3.4942941967800038583 0.13148994049196841005 0.43542342543181478121 0.82844343074336557198 0.7258791482738554679 0.8951429396373388192 0.79626162356783114493 0.70227964456366309687 2.20649e-09 4.70707e-06
64262833.675564676523 2850 1.4824514022247994305 0.32007308832715053448 0.30422853888678824674 3.1886471860608520679 6.1741124292123723549 0.77087874950986723377 0.56670541575755939423 0.39487244624311701457 2.86233e-09 5.13362e-06
64262833.675564676523 1284 2.418444613793508946 0.21970300920675284173 0.27024994729433327034 1.64988384587634207 1.9962948418589356869 0.74277462752383671685 0.60395731689545084642 0.47918706439832253752 3.64405e-09 5.56389e-06
64262833.675564676523 6722 1.4792480077691672058 0.19028925787659942137 0.26806621773728378511 4.5663227037419744647 0.28825404883478716878 2.0939685329487218723 1.9196722237594034954 1.740846452850373316 1.78527e-09 4.38616e-06
64262833.675564676523 6089 1.6179277367441959878 0.32361449865421088035 0.29998291601101223502 5.2361888191416303684 2.205641918142993152 1.5468565307787667251 1.2186849797665948447 0.91492531686287981163 5.81535e-09 6.50193e-06
64262833.675564676523 5211 3.1672066435305432641 0.044596807433193046133 0.26690142247946307963 4.79742650478502064 1.3202854005239572643 5.6899960328412300115 5.714484192610152391 5.7385012708085971767 2.07199e-09 4.60942e-06
64262833.675564676523 6295 3.2617418547886951607 0.033849809783396245244 0.25397264010489017938 1.232648860899672405 4.5142933117378793995 1.8294859259951488095 1.796613636840336925 1.763623225171848663 2.30061e-09 4.77307e-06
64262833.675564676523 6211 1.873445341937334252 0.11200788741572749452 0.43771996658084449949 3.3424416981251146019 2.1576761194269789002 1.5822199010049438073 1.4699118608822550058 1.3584734801631097589 2.33777e-09 4.79863e-06
64262833.675564676523 6969 2.1890400074043747658 0.040611265276273407487 0.21812763959169639838 2.2030034974506085277 4.6626426746785183397 4.520310890797851755 4.5603416617557943624 4.6004843972384792394 2.41679e-08 1.04535e-05
64262833.675564676523 5578 2.8915019252087770241 0.11689997876184850256 0.16728391902688771742 2.677018307228840488 2.5696138435308819581 1.9877064685380270159 1.87795297165866093 1.7665242498478748168 3.04211e-09 5.23892e-06
64262833.675564676523 5640 2.2203427596934042221 0.44367260453321227809 0.51257114654184421365 3.5279982832475056398 3.138924174561873226 2.4222715331800719341 2.0523573608462384321 1.659142315343505647 5.24602e-09 6.28242e-06
64262833.675564676523 5957 3.2314998404363257656 0.066046769942036495649 0.1325764260478432266 5.4693039874903304209 5.0777726182255626952 5.0138592157842989394 5.0763621744077926934 5.1380822063388276177 3.45473e-09 5.46581e-06
64262833.675564676523 5290 3.2001068887187518186 0.074715390030822184664 0.12384375223068409821 4.3571445762817360148 4.7351959297677606031 2.0416814910984300013 1.9738792187105063114 1.9051518126024662436 2.68653e-09 5.02629e-06
64262833.675564676523 5080 3.1790331551051536074 0.17990740056578569117 0.28170111064913067045 0.48294497443180922636 0.61023408583862592813 5.7525547473625149308 5.8376397696926201064 5.9151709042973781294 2.57476e-09 4.95559e-06
64262833.675564676523 1410 1.8077499190538557361 0.22677651382246419298 0.33249782987516846022 2.2298340690878193371 5.4385068481478882063 4.576460806629995659 4.8066887957883217553 5.0324577565847787852 1.96181e-08 9.75145e-06
64262833.675564676523 6186 3.2337187727305298779 0.028434332862065554021 0.23827313416393597345 0.16826539836244408521 3.7778112147196796222 4.3412690711369137375 4.367908818164051965 4.3946726661824264681 3.14704e-09 5.29848e-06
64262833.675564676523 6154 3.171963750116237879 0.1418579778424999549 0.25730856328874907035 5.5393970362734368251 4.7137406573540774346 5.7492853215518850973 5.817621073674657417 5.8813049577700322601 2.04677e-09 4.59064e-06
64262833.675564676523 6572 2.9818434831836762022 0.12971546800761873941 0.16522565342923281606 4.4971606295026216316 0.47470218022798094104 1.3843835520816345497 1.2580696284121051232 1.1346455904867951414 1.66053e-09 4.28153e-06
64262833.675564676523 6029 1.6451756559479804309 0.3518629560532818279 0.48878040271402289907 3.6166204669788810655 5.2893063001822557823 0.762769001227256771 0.54169721035576601231 0.36027985016898445014 1.2969e-08 8.49478e-06
64262833.675564676523 5063 3.4618081455077973629 0.15240104089812778199 0.45402091657974114058 5.7398113737173890314 4.9214170436493986927 0.15664587970253163185 0.13441481053420326064 0.11399148258164917835 2.23728e-09 4.72886e-06
