54603696.098562628031 0 5.3999659583327792589 0.037341849458543512064 0.022193834405613361432 1.1591117111389224181 4.2809144094421993643 2.6073306295174312197 2.587999146698526598 2.5683667664240683592 0.000954966 0.000356051
54603696.098562628031 1 9.0360916189170517043 0.066314482221822249053 0.053203232055201152284 6.2686487794208272106 4.3611054419448906927 4.1894428143244564211 4.2479106707130700471 4.3071994904349732991 0.000285285 0.000238018
54603696.098562628031 5775 3.0248693974027545117 0.1299355696829765372 0.11541341671301720562 5.4881980854212635279 4.6943679858889337808 2.1118834517648359395 1.9962747143728714061 1.8779240208271350543 3.02463e-09 5.22886e-06
54603696.098562628031 6920 2.3990400617455600596 0.10601753318187764896 0.12239451400529205438 1.2872373945792183747 5.2205743002749063209 1.8736482481937408728 1.7706260763359109589 1.6667182510162603659 4.48089e-09 5.96081e-06
54603696.098562628031 5134 3.5441425101018682042 0.053344659652305871644 0.33001948825884397376 5.9132960091547346337 0.50097390471402825085 3.8027591124838466818 3.836240375092085042 3.8703870828899895606 2.31886e-09 4.78566e-06
54603696.098562628031 5278 3.1835191748897875286 0.0013261726592745867737 0.32852417266444822186 0.87933924972848254153 0.74013158193414319008 5.6234732993623426367 5.6242856710852411339 5.6250976165852915045 3.13887e-09 5.29389e-06
54603696.098562628031 5176 3.0871173773949971419 0.21046101691105184583 0.091584032353523622816 5.673807753235023732 4.9304065945933110982 1.847183254507404282 1.6370685916262097681 1.4270695793539862617 2.68297e-09 5.02406e-06
54603696.098562628031 5588 2.8141142606139930571 0.13043210965424717473 0.19215342362047099778 1.3577747987799899665 1.6006727252359373992 3.2395724467213224962 3.2532797157261947874 3.2678170277488418627 2.40685e-09 4.84544e-06
54603696.098562628031 5846 2.8068375488899119929 0.16550145320117506942 0.15337566764746671244 2.67874683280724879 4.2889609395557570792 1.453705621416300664 1.2901572993746266427 1.1311304875652523627 2.37403e-09 4.82332e-06
54603696.098562628031 6171 2.0700816005338706915 0.60544062957158517602 0.2551694525331643093 2.1514175413595060249 4.7215813866548357325 3.1339251563595009742 3.1261262961807445571 3.1167627083320996739 2.39216e-09 4.83556e-06
54603696.098562628031 5548 3.1688251359529848727 0.037540210015022924817 0.27908118456620312209 5.4034180769964805791 2.1814325888807553078 5.7903317863294549994 5.8078103055798413479 5.8249914048691460167 2.11518e-09 4.64123e-06
54603696.098562628031 6443 3.2098368776935468638 0.17686408690617855255 0.30585182042701380967 1.1984783429515657449 0.18380532828604045914 0.46368348477293169774 0.38987384985428807926 0.32265280954026021032 1.88164e-09 4.46371e-06
54603696.098562628031 5990 3.1036098817847181941 0.064883214899825042421 0.19296738741003766071 2.030525524174058738 3.2887360468378110667 2.6569161082547299024 2.6257608843658508668 2.5937566831333227491 2.30118e-09 4.77347e-06
54603696.098562628031 6883 2.341824637050453628 0.2615916455845088695 0.39358330638966987358 0.019497860326321631713 3.8538863586931970673 4.5485997723819506788 4.8154955301467170514 5.0756979219050171181 1.23696e-08 8.36184e-06
54603696.098562628031 5098 3.1947795681428656778 0.062372141324679171437 0.12098663383730653975 0.80929054206001371785 4.5040661860058852639 1.9696092706777776904 1.9113863913580335652 1.8525970478834665744 1.90652e-09 4.4833e-06
54603696.098562628031 6793 1.3942828203759378702 0.47176473542584168586 0.37709705402062626556 3.5732492856196089726 3.4454241516930985689 2.7330671263725037079 2.4757797835032899769 2.1843713716616992571 2.0508e-09 4.59365e-06
54603696.098562628031 5467 2.9530571822737958776 0.13560933719961160149 0.15887826561011314519 3.0477105194884570594 1.1878262764210487656 0.8281614598966231533 0.73228912754900377102 0.6416242931845703712 2.43648e-09 4.86524e-06
54603696.098562628031 6282 2.8249305722100599425 0.11797909760014915759 0.038709120057028235939 2.8739537644450448006 3.05280546611275172 5.4217514904509096496 5.5081960096587350151 5.590746978722545002 2.68214e-09 5.02355e-06
54603696.098562628031 5694 3.1003997914768715027 0.19154227541425863923 0.322834899336146397 1.0978388667297260817 5.127163402173877671 5.4641664198602217795 5.5964518288736639917 5.7178924086362412638 1.21025e-09 3.85309e-06
54603696.098562628031 6392 2.9627479966529253197 0.21894337369150604355 0.19365540716941673227 2.5316318303765688036 2.4244461620949171454 0.50320208348292871925 0.40585826986874484756 0.31941779414046483909 2.75286e-09 5.06732e-06
54603696.098562628031 6484 3.1077639556361624784 0.10696270081929055984 0.24359294476369547366 0.78345824865329527498 0.83824032091943823097 4.2051190676319487594 4.3013154800470152495 4.399367373602866671 1.88476e-09 4.46618e-06
54603696.098562628031 923 1.5834782034689520724 0.14803553030914853861 0.19209237839078929788 4.9020143965692781762 5.8975792368643169539 1.0811361634807914456 0.95438508333746530088 0.83359424816008675929 2.53731e-09 4.93145e-06
54603696.098562628031 6739 3.1479189497360544614 0.06013907012891202275 0.21225551253042476696 5.9300410202395505976 5.8199667460702437793 6.1346462031519397584 6.143296908577879023 6.1516822557452721654 1.84353e-09 4.43337e-06
54603696.098562628031 5885 3.5053990206571481458 0.044339423632853453006 0.27096824731476143455 5.9957737357307925308 5.4232736660573737097 5.5950351459503915308 5.6227330418140013535 5.649934128730135896 2.25928e-09 4.74432e-06
54603696.098562628031 5642 2.8968556185505427436 0.17350992289567596094 0.11778079571578181639 3.8949785204733911037 4.6621203728263829191 3.9924881839869788003 4.1317564902730889997 4.2768308891778534786 2.80041e-09 5.09633e-06
54603696.098562628031 6764 3.2678130811746148865 0.030939857449149895524 0.29734469907660865395 1.2891860970617203819 3.5071048545239067451 1.5942846834741395412 1.5633371769366872783 1.5323981802136208419 2.4069e-09 4.84547e-06
54603696.098562628031 6362 3.0102437993267190386 0.073125556797348875704 0.2673183365649284271 3.2403372617713714909 5.5841410053713227413 2.979076656923862032 2.9667850285061563298 2.9540671269002882759 2.92709e-09 5.17204e-06
54603696.098562628031 6775 1.8108182779258321649 0.20056217981659724137 0.30066602414027576717 5.0343812273562278392 2.804374474844699705 4.3208257554251865429 4.5150304586655574113 4.7116993131718221122 6.39874e-09 6.71246e-06
54603696.098562628031 6055 3.2224556926989031957 0.056128770358390089878 0.059259422797720937015 2.3843380315033742001 1.0812639820546063874 2.8050363462622058819 2.7859812347281480704 2.7664392402584478958 3.0525e-09 5.24488e-06
54603696.098562628031 6498 3.1921006165189811377 0.084574042643516075812 0.15224359381809296488 1.2470006711401560029 4.3680960349445605573 0.23871433492237525975 0.21947322174735825473 0.20106014081282774786 2.50157e-09 4.90818e-06
54603696.098562628031 6313 3.2503685560778170505 0.092064292456141311183 0.36855092914030318507 2.4457500928064890289 4.4803046763221612281 2.0707876440217245495 1.9880374511380507485 1.9038713152656248084 2.33149e-09 4.79433e-06
54603696.098562628031 6300 3.2415516915272357679 0.037021796913805908591 0.24419696286259803819 2.291957192400079002 0.37920718429474226108 6.0542498120243068982 6.0625055215594239044 6.0706093327761125877 3.26125e-09 5.36181e-06
54603696.098562628031 5323 2.8265659302813723741 0.14366878227259974321 0.12984123052478074856 3.2867888702500414055 3.7567599418917079213 1.9522231548978017379 1.8146986797556434734 1.675282065057342562 2.25995e-09 4.74478e-06
54603696.098562628031 4755 1.8825190616662919041 0.042890190588492513313 0.025908352758942546773 0.19074721676682226956 4.755458777996535602 4.2080606982961192841 4.2460173165788450689 4.2843270766971972563 2.45943e-07 2.26531e-05
54603696.098562628031 3800 1.5089043829706256794 0.33771124175888395103 0.18142695752819948396 4.3263953564061319312 4.5302368985085692543 2.5562117800400523393 2.3323116535945023209 2.0878792158953634051 1.79108e-08 9.45995e-06
54603696.098562628031 6104 3.3250319532941516876 0.032805821992122716213 0.18313124156184068525 1.3859276740559576258 0.74683863556176932619 0.25662896781986921368 0.24843007089140764498 0.24036369234256244054 1.75259e-09 4.35923e-06
54603696.098562628031 6197 1.7993560341733370045 0.10417044533623880109 0.41740663901545693726 0.90707889785146622597 4.487418199892635684 0.13126468712582081699 0.11826606417942292504 0.10597493481796185777 8.02678e-09 7.23931e-06
54603696.098562628031 6815 2.0708885352456665174 0.18652138285633698689 0.24862344305912634224 5.8178184719858085927 3.0858447363509040606 0.94933249250478146664 0.80454206153720941863 0.67015094961006282936 3.57143e-09 5.52668e-06
54603696.098562628031 6425 2.3870440553853304877 0.3404003035119545495 0.4010622754327300421 3.3648631190752280595 1.6392536426919015469 1.0589633823565054449 0.77909843781350096581 0.53992018103418604191 5.02719e-09 6.19382e-06
54603696.098562628031 5489 3.2035669080135367182 0.10880372634465057535 0.30553777642400736791 3.480157167503428628 2.2238925057834291188 3.781108771291182169 3.8491925783360221303 3.9199162810580245875 1.80848e-09 4.40509e-06
54603696.098562628031 6756 3.2180067191498804569 0.043690495438471955991 0.30071164354075746727 0.13659073973312121919 3.8426202792551582554 2.0395814773728506708 2.0002019779021269485 1.9604779959273461731 2.22448e-09 4.71983e-06
54603696.098562628031 5116 2.7200750458011455635 0.12733097378366708963 0.027986884962657752191 3.8616730706404074347 5.4228080865136405464 1.0292845587150616371 0.92331891244233310623 0.82175872202148270151 2.56354e-09 4.94838e-06
54603696.098562628031 6951 2.9737977254002454508 0.057124091132387505576 0.088054597895121947126 2.2515878484874969345 4.0339124369132530745 5.3650727808199416557 5.4097100165747233902 5.4534993612892286308 2.54062e-09 4.9336e-06
54603696.098562628031 5559 2.0132549098169758572 0.25415555288469654505 0.13991236794895611784 6.2467179315995000621 4.9398673579969401004 5.2301721352820909061 5.4404259714568761197 5.6301485262440618129 5.44342e-09 6.36025e-06
54603696.098562628031 5923 3.008920702991966234 0.057718678688605071225 0.19479038114061830722 1.7000029386712054436 4.1927050065428392855 5.5671067307077919395 5.6042138096527196467 5.6404607333057823482 2.22479e-09 4.72005e-06
54603696.098562628031 5234 3.0251791852360008228 0.24333356827831889579 0.10165405937478498577 2.357662200622521631 4.5865955482045288605 3.2274631474482942117 3.2516234021815493271 3.2783435847742423697 2.35138e-09 4.80793e-06
54603696.098562628031 6863 3.1632978773677722373 0.15229628398145911294 0.088526331923771642285 2.0677800416142555484 2.9899889566281951936 3.8441121493335956849 3.9491435626848505613 4.0591923030650116644 2.72515e-09 5.05026e-06
54603696.098562628031 5146 2.7688977467123425669 0.088974171374785276933 0.12339398425997218089 1.9615656611525769115 3.8823858587572739332 3.321197933862617635 3.3378541161459756026 3.3552044297099903325 2.55901e-09 4.94547e-06
54603696.098562628031 5492 1.8516671246627549596 0.28265174355915834159 0.40245977684048922507 5.4486705702609015134 5.0842457301722552288 2.4683551532010667984 2.2662673356266473945 2.0492608971990726729 4.51271e-09 5.97488e-06
54603696.098562628031 5047 1.4299749004084800763 0.20382832747587412148 0.30095676063778564746 0.82428004333591309294 1.9362329441568293387 5.0434405219540421328 5.2313805301373559331 5.4083687061948131358 1.0218e-08 7.84583e-06
54603696.098562628031 6657 2.3565728183512661964 0.19959483643063613556 0.25295914357293608488 1.5412431740399588076 2.2829676303162171891 0.97608627301801909049 0.81833593477190158527 0.67262979657994437233 9.52311e-09 7.66378e-06
54603696.098562628031 1444 1.8494077321222373023 0.42272031404100568475 0.79212736329056210316 1.8908614503993357303 4.9786869510986226928 3.3190931238220673372 3.4191847450020462773 3.5350273225292565549 1.72307e-08 9.33865e-06
54603696.098562628031 6628 3.2588051421991974799 0.093688952653281171168 0.17128437382079825246 4.6058288514124559043 2.5971225239652646621 5.8759602339504395374 5.9116080713124805612 5.9456251698160293984 2.5094e-09 4.9133e-06
54603696.098562628031 519 1.4500964867757129007 0.12040266013001343914 0.12563116845943156363 3.2109620156161198246 4.2819414400589730363 2.1951898114015229169 2.0936458371813424506 1.9893289973364192136 3.92741e-08 1.229e-05
54603696.098562628031 2992 1.8545939549799688173 0.18867166122722617283 0.1555495327619967616 1.0847036556883453695 5.4889675532648034562 2.4404861469733676316 2.3082376893173153221 2.1685845486435320062 2.26492e-08 1.02298e-05
54603696.098562628031 4502 1.7836109042826544524 0.4685256994213384818 0.23355124966413204346 4.9336307242541108664 2.3252662805168307081 5.5054288818093217728 5.7998256493771158659 6.0175760432254881138 4.58456e-09 6.00643e-06
54603696.098562628031 5626 1.4587822503835210508 0.21246831794515894098 0.22110596366833124016 3.1484653086008567158 3.5924170806002484468 3.4342068381408954458 3.5032854582990173853 3.5784690762455642066 7.93289e-09 7.21097e-06
54603696.098562628031 753 1.5734408609669923162 0.35528864107011198792 0.10528182326819728043 2.4727350731562665054 3.0485865392098370208 2.6007831501520817241 2.377307840499252034 2.131440675959022979 1.27811e-08 8.45356e-06
54603696.098562628031 6244 3.1657317072282680215 0.06410496293376941046 0.28637659417685568108 5.7106823842973097882 5.1643345675792522442 1.7369266780843766185 1.6733230855813436833 1.6095547548420103823 3.08558e-09 5.26376e-06
54603696.098562628031 5020 1.73424502148781845 0.59576034336978600514 0.46396435428412857727 5.5400218269108298941 5.4096595975858896566 4.1280803591589254609 4.7781793646244921092 5.3726508360019460397 4.40916e-09 5.92883e-06
54603696.098562628031 6390 3.2343770018761262008 0.12931265164197408568 0.30167389671894545566 6.2609582373943633016 5.1926492647524620239 0.40794886736144347905 0.35933810116022957271 0.3138647011049727209 2.74624e-09 5.06325e-06
54603696.098562628031 6914 1.796152175256122252 0.17580981703530731974 0.37596426911079328104 0.62178747423215074974 0.20383582917263040613 1.8053851072078035411 1.6298768913341317166 1.4543738182940424419 4.41745e-09 5.93254e-06
54603696.098562628031 6451 1.2674227803200146525 0.42151723081432163065 0.12841564264790519823 3.7269178507299245418 5.8780199418708187764 3.9237539165862798107 4.2891945929895936018 4.6735263067408654436 2.57122e-09 4.95332e-06
54603696.098562628031 6702 2.1046296065545497811 0.1944569990607896981 0.27630782026245132021 6.1539480999071862755 1.0905924981460710654 5.9460430927187362116 6.0054638867109639833 6.0587772077096619938 3.70623e-09 5.59535e-06
54603696.098562628031 5195 2.7422315778355415006 0.031768368694866794266 0.11844320498589858137 1.629311549252719038 3.2487746079841790525 0.6132174136788628438 0.59516510730621707825 0.57735431498328493305 2.26107e-09 4.74557e-06
54603696.098562628031 6935 3.4734630173113827389 0.11011322012944356474 0.42710450674247846248 5.2523371854105178613 6.1590265612092007785 3.3266404646859260019 3.3481279691143863708 3.3707088967373413091 2.603e-09 4.97365e-06
54603696.098562628031 6667 1.7611765509469852198 0.39658489125067813985 0.24998580259371103174 1.2116834772400555398 3.349700762183841718 3.094264957423236595 3.0696089094239145112 3.0410858917319516515 1.85586e-09 4.44323e-06
54603696.098562628031 6816 3.114893291293900468 0.12962062612678085238 0.13629520550445345384 5.8739362500911047604 4.9120946264480807031 2.4333913906955890738 2.3443755834271948757 2.2516431171143604928 1.76213e-09 4.36713e-06
54603696.098562628031 5291 2.2002796347571975666 0.40019929626563943703 0.7221604973341052558 3.6634507423149433869 2.7656926631940197403 3.2437011650645670713 3.2974225833267367669 3.3595335245842314897 2.6037e-09 4.97409e-06
54603696.098562628031 6595 3.0523968253495947778 0.083311155001446271506 0.19544028359405585249 4.8278988280208086081 0.62819961241503829985 5.06083071292952269 5.1381313113768660727 5.2140054798072608122 2.5233e-09 4.92235e-06
54603696.098562628031 5950 1.3292870041923028346 0.12411445852016203539 0.25676140353550402917 4.135348392907740589 0.52724391742150045204 3.2846149135606115266 3.303540719412248361 3.323553069594678 1.07677e-08 7.98408e-06
54603696.098562628031 5351 2.9694188558281147117 0.12237582697291739253 0.09721653338081838458 3.8244525642666844512 6.1815295060981974018 1.1286180459415047217 1.0205433489027899707 0.9162311403884910721 2.44807e-09 4.87295e-06
54603696.098562628031 2768 1.6099276312308377079 0.041879917169186271775 0.042171010922773081997 0.22107628225867648197 4.4494569218890172024 4.3960824277089516343 4.4361580019392983232 4.4764502598288213875 1.05906e-06 3.68544e-05
54603696.098562628031 5194 1.9122740971314404756 0.40816596073222183305 0.15465969350170577501 0.94230337350746462555 3.3212787534968852832 1.0380907461585970886 0.70940709360420606266 0.44353430973687807404 4.75382e-09 6.07945e-06
54603696.098562628031 5310 3.4630851424695028307 0.087035032546100066231 0.34203102664448886694 3.8553210499891590324 0.84653834612581235763 4.3902851848492794318 4.4741096055848519342 4.5586855097571428175 2.51895e-09 4.91953e-06
54603696.098562628031 5888 1.0667708155486148591 0.18392686492618851024 0.40596490325451711767 3.5213970128991154418 3.5965048114252446965 0.78161017047541814229 0.6591581459553886857 0.54651184754615034223 2.79797e-09 5.09485e-06
54603696.098562628031 5072 3.1095938458342211597 0.055678723995354173493 0.24141161614928305368 2.0799164874747004816 5.7846597333971878641 3.3001171663751893703 3.309162296303763906 3.3184487573989840392 2.73643e-09 5.05722e-06
54603696.098562628031 6639 0.9777016805784235487 0.15675811357313484962 0.24217981419084186334 3.6629627971635949635 2.837440268484973771 1.0955277100455191874 0.96036734520327504683 0.83191940319594759323 2.07227e-09 4.60963e-06
54603696.098562628031 5312 3.0091346272938039874 0.07592374478922692127 0.17860249847031153814 2.0106720737096606122 4.9223692718749170183 3.7686517628787661316 3.8146745164155504426 3.8620052775623250341 2.46345e-09 4.88312e-06
54603696.098562628031 6126 3.0245909812643301251 0.23905042002788592925 0.20046000514131806503 0.9059430313019686265 3.4381154829920244076 6.1015699445486770713 6.1407077292201117658 6.1746519377246809057 3.04059e-09 5.23805e-06
54603696.098562628031 6734 2.1223531296726725337 0.13134392485026272213 0.37660090570765597517 6.1379542110722482562 4.0130117793809851889 1.7277435379171910412 1.5962819853520824331 1.4649807133668004688 1.24231e-08 8.37387e-06
54603696.098562628031 6073 3.2553244256859881212 0.068387813044847520216 0.25383963683704707792 3.1930048408388236325 2.3867482218177644704 0.40166761003483941739 0.37571892941651369169 0.35062460930361571965 2.87152e-09 5.1391e-06
54603696.098562628031 6692 1.857970971881553357 0.11373808594841847142 0.255635626327859522 4.6366570668820505929 1.2644476862888149871 2.1346233832545484788 2.0352258728884633499 1.9335352406611241438 1.32225e-08 8.54977e-06
54603696.098562628031 6028 1.4064408765505869159 0.48314317014119234628 0.12527619460854677591 5.357736184575584204 1.7459314923201854075 5.718278042110908288 5.9438381926129837396 6.1046627893587483982 2.1303e-09 4.65226e-06
54603696.098562628031 5030 1.1711358796606734511 0.45641592452298040961 0.29204925783417090557 5.4419727753905364764 2.4617443208027891544 0.454708014391548343 0.28082156084694281928 0.15432811434176998966 2.14686e-09 4.66428e-06
54603696.098562628031 6521 2.9582972700358460827 0.12293321865687839578 0.13501077396697949706 3.906686388497823792 1.8673484334417900232 2.5961404523822046997 2.5285800319984450546 2.4578523536222398604 2.953e-09 5.18726e-06
54603696.098562628031 2010 1.7113303561835719879 0.52532812946632456708 0.064601287673159299429 5.958151230593403902 5.9345423694547649873 2.6611637200564115524 2.3141072738662229469 1.9273439030982730813 1.54172e-08 8.99881e-06
54603696.098562628031 5717 3.1684185394148243198 0.16757434379671407032 0.20374242843079037879 3.5684552679743832826 1.9974268290608836462 3.3948067354994306832 3.4408388939782108551 3.4902398153419040838 2.31886e-09 4.78566e-06
54603696.098562628031 6832 1.3921749877321876188 0.21648799733539478285 0.33141994650032052805 1.7157504680418185217 1.8733751129146176684 2.2987468273468318891 2.1227883896029733357 1.9384528420782962677 7.86044e-09 7.18895e-06
54603696.098562628031 6842 3.1846932950645179261 0.097885021417858569803 0.13179523539288484635 5.7454399328334586627 6.1594928672085558219 4.037866476702281382 4.1168802561752242397 4.1979156678698394956 3.94698e-09 5.71398e-06
54603696.098562628031 5372 1.5847095937025499346 0.28623353435747816986 0.11183633908386181322 5.3428384267384849693 2.441455474842860518 3.9803398508753820018 4.220180953327419715 4.472436149601017874 1.39548e-08 8.70479e-06
54603696.098562628031 5131 3.5423515962809792867 0.11459626319481713841 0.2632255440645929756 6.0763700216131093512 5.6677725837904899819 3.075873741220170654 3.0678637058858253539 3.0594222966999313762 2.25296e-09 4.73989e-06
54603696.098562628031 6291 1.3961113467259400611 0.17833710800753593828 0.33838922435097512631 5.9257446196007288464 1.165118166804981259 4.6499501531461042703 4.8299027822078963723 5.007009934038420873 4.97801e-09 6.17355e-06
54603696.098562628031 6119 3.110020012213261964 0.041655208814382421734 0.14457190983406423279 5.990792379994439365 3.0382242789529732008 4.4429293634916868783 4.4833174418701524644 4.5238845184762643825 2.96829e-09 5.19619e-06
54603696.098562628031 5525 1.8987572990266861073 0.39162200285458187432 0.31022851824200370352 0.75184400941253404227 1.6435400492723222232 4.0455654219295915652 4.4083384934349743034 4.7819974430869995885 2.22151e-09 4.71773e-06
54603696.098562628031 5240 1.614308693216212065 0.39444567484359593923 0.44690774770461516585 0.86646135541174096328 4.2236679364445386398 0.047930842056677941398 0.031589143698394127335 0.019131014776276763362 1.54708e-09 4.18172e-06
54603696.098562628031 6997 2.9051168595893348545 0.068141185247520122403 0.2221865225805344235 2.6064891568375019304 3.8280825385495815816 0.44366029244460414294 0.41525388623119685594 0.38776421576865410801 2.77488e-09 5.0808e-06
54603696.098562628031 5667 2.0840960737794449464 0.51229333642313712449 0.6262992248061672873 4.7641834070007060831 4.0979516936641511293 1.1366755257416822911 0.69582888601701764486 0.36743766455805931814 3.20823e-09 5.3326e-06
54603696.098562628031 6103 3.3202846302337345463 0.056257162596444282299 0.1299629012833949937 6.2766428512770131576 4.7770734710951394675 3.2762581486026975952 3.2840340336891213902 3.2920203111806314311 3.07621e-09 5.25842e-06
54603696.098562628031 6333 1.0863646059876357342 0.18501553211659702014 0.30654323100364144761 4.5415956064410707427 1.6646537422869409628 4.8787183535878311247 5.0594753130690710563 5.2334579645964822703 1.94245e-09 4.51128e-06
54603696.098562628031 5252 3.1626948101996106288 0.15010735648998926872 0.13927235072922050652 4.7133969410430802682 4.5078572979265283394 6.1255417286446265379 6.147596520049392943 6.167887089464580086 2.42859e-09 4.85999e-06
54603696.098562628031 5316 3.4650651434517314442 0.1319973358794754581 0.22821282046482235795 2.828857392330970999 3.1038165002816122673 5.9401901890389572358 5.9821511238015840917 6.0212893953554074145 2.96988e-09 5.19713e-06
54603696.098562628031 6874 3.2929082389201917991 0.094055231565050551046 0.25400331140579213152 3.2328641747180273391 0.98169182681116096134 2.3105210771458262187 2.2386386665113318095 2.1647902875036835191 2.61974e-09 4.98428e-06
54603696.098562628031 5053 3.0407412997968816804 0.14081279174297367529 0.22988797869079646841 4.0021950787212041689 5.7423208650331574177 0.94216183136175279955 0.83238068127194220214 0.7282445606127996296 1.90259e-09 4.48021e-06
54603696.098562628031 3953 0.94639649215710730523 0.11750714768300414559 0.27001810746347848502 5.3726893490681746357 1.4950767897307630783 1.7413528803630999864 1.6241080592921384174 1.5067678579937318073 1.87457e-09 4.45811e-06
54603696.098562628031 6204 1.5263843608199185731 0.095720747626585653278 0.31582806548823016968 4.9273989522409822328 1.7812758287435144222 3.8869684851140622328 3.9543923506582632221 4.0239061665941147083 2.26769e-09 4.75019e-06
54603696.098562628031 4189 1.1135609057953510526 0.061157149564713783607 0.058732048222632345091 0.86640591576119108108 4.1908873749430091138 1.8582589208758153454 1.799059759114459256 1.7394889755499718387 2.43199e-06 4.86225e-05
54603696.098562628031 5324 1.9914159260707513521 0.17439711099788479665 0.25674714839695050861 3.1997544269244913018 5.727533524774563567 2.6956735442166532835 2.6133974902585586086 2.5255056551728691794 4.64884e-09 6.03437e-06
54603696.098562628031 5185 3.54919289555516837 0.035646834077255440398 0.22075106363377250407 4.7026957519371848093 0.075300237007793702215 3.0823070061690232002 3.0801559436414742699 3.077967296872246461 2.64564e-09 5.00066e-06
54603696.098562628031 5451 3.2828180286237280683 0.059488119540458725409 0.032762481318277823783 5.2819007754846172276 4.3623015106179945377 2.4355283335193429473 2.396005327793576889 2.3556483834777837139 2.58702e-09 4.96345e-06
54603696.098562628031 6192 3.2066938074482664867 0.1829448309463749256 0.29383319593729917418 5.3224255414711540979 4.0653177716095409977 4.5761733960095849483 4.7607591236582118555 4.9434899809925942904 2.79503e-09 5.09306e-06
54603696.098562628031 5992 1.7089196452447992236 0.20878334002871579145 0.17186456416518006152 2.8245645965467671701 2.369461549391742583 2.5049904956645199228 2.3680671591547857169 2.2221981946881319558 8.41385e-09 7.35386e-06
54603696.098562628031 5853 3.1479231489411332312 0.13527939876307179534 0.1773900026131312313 1.7644726798672805135 5.5061643444694503557 0.44268665743124424594 0.38785119951591606746 0.33668851820272660547 2.34516e-09 4.80368e-06
54603696.098562628031 5360 1.5879354456458989464 0.51597278509836064231 0.24409496632243773973 5.2102694665152018416 6.2474750633713940218 2.5035489465631597383 2.0836226904774446389 1.6340239957950564165 3.7029e-08 1.20512e-05
54603696.098562628031 6233 3.1619952867308529498 0.11126624773302501437 0.19709418828823602188 3.810726107670709073 4.13130390107877421 3.0199908487345266117 3.0056582461357668201 2.9905798717606084658 2.38928e-09 4.83362e-06
54603696.098562628031 5650 1.6625641064090039833 0.067981298062637265933 0.35426676825180269947 2.7128557587869539525 2.6486897202005481589 4.318335195116178582 4.3819895583556576213 4.4462939409467390206 1.14639e-08 8.15256e-06
54603696.098562628031 6255 3.2339546549830187061 0.11960967669474355246 0.19062309848059483253 6.087435090299131879 4.5456920069434971765 3.2209646585063382851 3.2310881374861635251 3.2417783795562189475 2.45838e-09 4.87977e-06
54603696.098562628031 6952 3.2406558593897005771 0.12127661189995619928 0.12223087765541931771 2.9040843583887974155 1.2243684419648506179 4.3247138943456882032 4.4399328423538415578 4.556735906985477591 2.57429e-09 4.95529e-06
54603696.098562628031 6140 1.7105093814712151179 0.29007473246012632773 0.31350426828226901632 4.5504704201179988488 3.2727056099851905557 2.6766752773439326241 2.5237627521227392613 2.355731858802436296 1.67728e-09 4.29587e-06
54603696.098562628031 6956 3.4994071995618503124 0.1519069949376062878 0.38613813795285728547 3.8686435408694608284 4.0967300567719426851 4.0706719709402765517 4.1987601622587185091 4.3310661812332753584 2.20649e-09 4.70707e-06
54603696.098562628031 2850 1.6416973021209431138 0.26906290736977356293 0.32786076947065739828 2.8063766301183150631 1.6954486427136872262 4.3155841264603775898 4.5809746191903295554 4.8477175457688241877 2.86233e-09 5.13362e-06
54603696.098562628031 1284 2.3780338860650775956 0.21327747828455512202 0.34660701585762354604 0.67967360226648609878 6.0347087330700688312 3.9895901450547515132 4.1633960597584724894 4.3453325143806029729 3.64405e-09 5.56389e-06
54603696.098562628031 6722 1.5050337211790063563 0.13003364775802067621 0.49806507956428297534 6.0924998286298723826 0.49135080854747614776 1.8096206783563346665 1.6809265286045123045 1.5516806511856899853 1.78527e-09 4.38616e-06
54603696.098562628031 6089 1.6884368089719672401 0.30787669159839814448 0.29383250128383692212 1.5601721539145403383 4.5990427053914082478 4.2467916428807575002 4.5479405452389585207 4.8516636111570381473 5.81535e-09 6.50193e-06
54603696.098562628031 5211 3.1873926287877463182 0.076305107602572141978 0.25435856241030502245 5.8974916835557058548 5.6135121981797979629 2.4457701946379462044 2.3953167237388774957 2.3435124857881763916 2.07199e-09 4.60942e-06
54603696.098562628031 6295 3.2559507542326890928 0.028790011178949258958 0.22818812288796055943 5.8665597253118155763 0.73344357334926180148 0.65279053027692879319 0.63549791546453515689 0.61840878961638345856 2.30061e-09 4.77307e-06
54603696.098562628031 6211 1.8712647988420467726 0.35574670310950495811 0.4531787576277855889 6.2252516115180300815 4.2606557283497430433 3.4123679779276252511 3.5317820505994861335 3.6670951413461372326 2.33777e-09 4.79863e-06
54603696.098562628031 6969 2.1858935417685843028 0.033514201311906521852 0.17292804951914689249 5.6224082041898570949 5.2671415376929733299 5.4006827828665455726 5.426299937054332112 5.4516301979361054819 2.41679e-08 1.04535e-05
54603696.098562628031 5578 2.8832602549396462166 0.11108816750860961431 0.1895435451203333066 5.7519050157736577589 0.28224687512962476355 6.1751965633996235283 6.1865762292496722097 6.1972916680879199802 3.04211e-09 5.23892e-06
54603696.098562628031 6286 1.7440669300433346844 0.031526754336788094524 0.93406874187688015976 5.8563960713369791478 1.6542175340019036334 3.9644460546519937338 3.9878132675349151626 4.0114198931709577067 2.66284e-09 5.01147e-06
54603696.098562628031 6886 2.7113020448756173231 0.26381849541653595859 0.62035644238533727002 0.69540370338339574374 4.7155012987773847755 3.8778786745405451342 4.0775021872856065386 4.2899127054743431131 2.88448e-09 5.14682e-06
54603696.098562628031 5290 3.1928847144927656743 0.013173634468272056586 0.16435116918389486296 1.4334818563495062005 2.5123508583006937123 5.6857258038029296898 5.6930966974924714918 5.7004269641786606826 2.68653e-09 5.02629e-06
54603696.098562628031 5080 3.1981119791923324769 0.21750733366901742194 0.25323279503571344273 0.71696779339820049248 4.4332217835240106396 0.079559190269209642543 0.063793516580671519312 0.049927368326766474738 2.57476e-09 4.95559e-06
54603696.098562628031 1410 1.822839561773241801 0.10893026711442420351 0.33602099006041025175 1.7876813719549866644 1.7812877100997310809 4.8142179511181613094 4.9222020544982081347 5.0287434660608480996 1.96181e-08 9.75145e-06
54603696.098562628031 6186 3.2378707278274916348 0.047150634326350832071 0.21313379292177953017 2.4154113019427225773 3.7021584814458927681 0.66342418859548257792 0.63490382891601837567 0.60693878359518615984 3.14704e-09 5.29848e-06
54603696.098562628031 6417 1.9344018502659572345 0.45559782529031417342 0.78900372232851767595 4.8638207951646421634 3.9958661220899345246 3.1966664294445386041 3.2316091328913074676 3.2725650819879281705 1.63097e-09 4.25597e-06
54603696.098562628031 6572 2.997661647535042384 0.13938956448864273097 0.15793767012602311084 3.8030287309568517884 0.74936424719551764095 6.2128926290100183749 6.22208814709762148 6.2305991562542040185 1.66053e-09 4.28153e-06
54603696.098562628031 6029 1.8104920472747596527 0.32236304655877534575 0.56035435066950356475 4.9376232868310783175 3.3752678349019888948 3.9244694965251332164 4.1876165559414424422 4.4666017807627715897 1.2969e-08 8.49478e-06
54603696.098562628031 5063 3.475223601838210552 0.17195528553975195085 0.43714470013093170708 2.1891886464926058053 4.7636301087760921646 5.4294988360536589056 5.5528854350541090312 5.6675956130202767014 2.23728e-09 4.72886e-06
54603696.098562628031 5643 3.2978269218925260198 0.058632793317973830316 0.063072751072612537326 3.243816201594878823 5.3816102496185029835 4.8274108580932910684 4.8854943811650395347 4.9432508860743675783 2.47115e-09 4.88821e-06
54603696.098562628031 6335 3.1007642301350664127 0.056882036129915415634 0.25933070813406861044 1.3567987513886967665 2.9664089860629787587 2.8503147102461161566 2.8335084478250918139 2.8162599030877304429 2.80706e-09 5.10036e-06
54603696.098562628031 6290 1.9828969448804651954 0.35685247602795150401 0.25785931883757112759 1.2754599238803303596 0.70221229345518099141 3.6347191226968038613 3.8425430337341337506 4.0726929994575558069 4.66797e-09 6.04263e-06
54603696.098562628031 5878 3.2252494967016076544 0.08141960457632543835 0.078931568611877708785 2.5218428479005607912 4.2276932986228779043 3.5572322163316236754 3.5914348319866227222 3.6268379827968533213 1.44428e-09 4.08696e-06
54603696.098562628031 5257 3.2074332839091828085 0.16898109175633649337 0.21447818739259419396 3.057786306336840898 2.3340890308047921309 3.6818416171851078289 3.7762085721091720458 3.8763920975261361157 2.20895e-09 4.70882e-06
54603696.098562628031 6327 2.9891099525971771556 0.19368963944945322142 0.19652025269573453192 1.0030374955890153377 5.9111347001833811632 5.233917080712373604 5.3952370383713033064 5.545497340599634839 2.25041e-09 4.7381e-06
54603696.098562628031 5405 3.1708988139852589683 0.060711266221853563141 0.1182254753171305961 0.87541916429809740752 4.1261389285393299531 5.4327704716968279186 5.4775355330977948398 5.5213254071983479676 2.93677e-09 5.17774e-06
54603696.098562628031 5231 3.1546523539455701979 0.085603389579164732015 0.24960761218940502593 5.6635794717779557317 6.2071665986101107748 2.6506056978836993743 2.6085867980038965896 2.5650896161674401341 1.89135e-09 4.47137e-06
54603696.098562628031 6129 1.456047792736925528 0.21371823726374800101 0.73987433614010789107 2.7913917307597833073 4.29598808592358683 3.5544829612790609374 3.6507024800861458402 3.7548687830232605478 7.14833e-09 6.96495e-06
54603696.098562628031 5034 2.8797902130235497609 0.16917698037492281959 0.18189345492952130323 2.9618094010782192171 0.029113300760951948964 4.5779770212820363184 4.7483819550181607383 4.9174493633226479261 2.20492e-09 4.70595e-06
54603696.098562628031 5534 3.2302172702605589372 0.12002013102983069559 0.11594758551724279605 0.2744889713930989128 1.2622497539886137208 1.3083316814491434688 1.1939162574594541777 1.0823194560719910928 2.18919e-09 4.69474e-06
54603696.098562628031 4112 2.1147369769231345593 0.46248838791561869277 0.75224287321228755498 0.9724379007448146206 1.271746905234305558 2.7119550892495034589 2.4506643485463177612 2.1559423009001150717 1.99037e-08 9.79854e-06
54603696.098562628031 5288 3.0823922992285397449 0.20021969388833243952 0.27522036527257842664 3.0123400985896502391 0.74982920979939349237 5.6840960405002549649 5.7892639067675002451 5.8841845079878165592 2.94866e-09 5.18471e-06
54603696.098562628031 5938 2.3247492604431783114 0.33041385030452286031 0.3507419550046920742 3.3812813521873188449 3.1252758339993707004 1.3383419927700332952 1.0226394416489668071 0.74063569882144331125 1.88863e-09 4.46923e-06
54603696.098562628031 5446 1.1233275804808431353 0.15683598796460951341 0.29893110711288645165 0.79241784758853006654 3.9931572580441865306 2.724233614232035805 2.6553189955132294742 2.5820240875974280748 5.46354e-08 1.37196e-05
54603696.098562628031 5914 3.1971541425253628965 0.087220177548482491492 0.081240373721975484012 5.0795595006691716122 1.4307134711501587887 4.543263028306449236 4.6299867229066293817 4.7169109497130898845 2.63408e-09 4.99337e-06
54603696.098562628031 6154 3.1575931188181063369 0.15427181184048430196 0.24194999623270621592 6.2828810794854197397 5.0737891480412118383 2.0457562543899001639 1.902899736237567474 1.7570575435275455067 2.04677e-09 4.59064e-06
54603696.098562628031 5511 3.2143367092065360247 0.10090773495370329582 0.20540117472158950229 1.6572132806527222204 1.8765159215236721924 1.9895203746254641608 1.8952234439865456306 1.799579712649473251 2.90982e-09 5.16185e-06
54603696.098562628031 5957 3.226790020011137905 0.074622164596672799219 0.13777233850797601655 1.8628226102504097383 3.0671787883776246986 5.2350356557497939036 5.2985791822005445795 5.3607434948174930156 3.45473e-09 5.46581e-06
54603696.098562628031 5962 2.8985245351089941046 0.22223991333920700697 0.22182294797168294886 0.57950336554087411578 6.0648971599400098853 4.9738259362425853993 5.1843074618693796296 5.3822560624272197671 2.88829e-09 5.14909e-06
54603696.098562628031 5160 3.050245110493304157 0.057893874959025426463 0.17031392411976770118 5.0105045804478773874 3.3856640429409279314 1.14166126557762726 1.0896119973830018512 1.0382921223233103625 2.48083e-09 4.89458e-06
54603696.098562628031 6827 3.083197640547375773 0.068887481671695144358 0.19524067904999969914 1.0986014451234649147 2.3003644131804241724 5.8483579815767816612 5.8765286277944559501 5.9037764427063956774 3.04652e-09 5.24145e-06
54603696.098562628031 5481 2.1611573537149775248 0.44558221965261557429 0.35248392854272686536 5.5630377756747879658 1.0429219259718824908 6.0022429692491883202 6.1084914383942310323 6.1859366019448049911 2.0621e-09 4.60207e-06
54603696.098562628031 5196 3.5459546539684771993 0.15074730798012797583 0.1734541880459326002 3.4860871055878828173 0.73831307094232456745 4.2452518419509859271 4.3851776193674441018 4.5279266223463459085 3.02458e-09 5.22884e-06
54603696.098562628031 6960 2.9500727848032570755 0.17879367204215290688 0.095245624325364069973 4.6348572455955228122 2.4331696355901186735 3.4202259336980165294 3.4744908261366371782 3.5329176404874300665 2.28045e-09 4.75909e-06
54603696.098562628031 6928 3.2173788641224079221 0.19868267119384788733 0.25766378437378001376 2.5758918980424923006 2.2087513341880216089 2.0170357295371914574 1.8283714134185469202 1.6362431773895433906 2.08658e-09 4.62021e-06
54603696.098562628031 5929 3.2650352457505316117 0.12850463605706263781 0.20423114387681889914 2.478981030611492109 5.4685368543424734966 0.52352687033170897113 0.46244813836263110041 0.40511702414625150315 3.18574e-09 5.32011e-06
54603696.098562628031 5640 1.3746014147980842868 0.12486981148355894011 0.29271316543572184488 4.2703389140611305308 2.8231363635984352278 5.5505733375403574215 5.6306403109139919749 5.7064625683265237654 5.24602e-09 6.28242e-06
54603696.098562628031 5762 1.4601242652440462599 0.033514326061843645321 0.43355333748336405408 4.6893131923165309871 1.3948622623354238748 5.9745642123168831716 5.9845867427507064562 5.9944460231979421749 4.50081e-09 5.96963e-06
