89494866.529774129391 0 5.3991941937099303672 0.048334301973694447641 0.016794126769161383389 0.11262639796069062736 1.391660836064454454 3.0425652235693236847 3.037665945929330924 3.0326517586176482411 0.000954966 0.000356051
89494866.529774129391 1 9.0399524168907827715 0.046023438807314000221 0.05751952837223387599 0.960098655737733786 5.5212187978414268841 4.9258723201839949013 4.9706488790194800487 5.0151459901066255398 0.000285285 0.000238018
89494866.529774129391 5775 3.0482737552446859119 0.081787716629205919894 0.080640539110682904478 5.7802677555534085485 4.4914425844102217056 2.3436995037610883763 2.2833420686692980084 2.221453301871534336 3.02463e-09 5.22886e-06
89494866.529774129391 6920 2.4251677666603383976 0.15349766685220292417 0.36696031178038185372 5.182738329722749171 0.4585045171779076334 6.1218012362093823242 6.1448550730066431314 6.166020788319660717 4.48089e-09 5.96081e-06
89494866.529774129391 5134 3.53397700068047671 0.10381429891389691578 0.34956002332902735841 0.30087956210467425855 1.3584122614759510661 3.8902007334882306999 3.9638256628883188348 4.0398870165911286989 2.31886e-09 4.78566e-06
89494866.529774129391 5278 3.1909589338042052553 0.050026460233174564751 0.30378927413088185894 4.6915968446065772213 4.7855907579311676159 3.0250147832543823334 3.0190439489922984428 3.0129286048521390917 3.13887e-09 5.29389e-06
89494866.529774129391 5451 3.3066456148562153317 0.095680912421440389437 0.045105267325023179481 1.8107539534650805013 0.30645452940195538893 0.6053945168452078418 0.55290088605924458953 0.50265327962531247685 2.58702e-09 4.96345e-06
89494866.529774129391 5063 3.4568946262040047834 0.12323425708765566033 0.42985054319411758472 4.3025931070202902973 2.2031408461463244386 5.0233701675495652239 5.1388261597470332731 5.2510241992359194541 2.23728e-09 4.72886e-06
89494866.529774129391 5878 3.2437042304342567078 0.12594006123547640819 0.06290359125984291977 3.6065323744290682662 3.8475732334070515961 0.87521570164609063802 0.78199449116719443875 0.69324504256390506729 1.44428e-09 4.08696e-06
89494866.529774129391 6255 3.1946189026319391502 0.072105775677050232275 0.19558200246982401782 5.0857316549234123926 5.579550812621988598 6.2374601769165050058 6.2406454970820268713 6.2437119380342638308 2.45838e-09 4.87977e-06
89494866.529774129391 5548 3.1678360498350635055 0.125434683710925865 0.31674388555903576492 3.8800511744118986179 3.9733508907437160573 5.406718748714325784 5.4996801858566328747 5.5882078377584285533 2.11518e-09 4.64123e-06
89494866.529774129391 6443 3.2110310663658809816 0.26459316243946812142 0.26970014468349090553 0.71940203060254781509 1.0557233628708757589 2.3935299638589531135 2.1909043402427159641 1.9755742725731511023 1.88164e-09 4.46371e-06
89494866.529774129391 5990 3.0922515650098501006 0.093026573438356477408 0.19548389342119795731 5.4691899077240204718 4.0981885038321630432 1.9906203490425211644 1.903893106303673477 1.8159798018224662108 2.30118e-09 4.77347e-06
89494866.529774129391 4189 1.1065266144849410512 0.03748919957263766034 0.051345174504143616112 6.0969829286992549555 1.0673482359356141203 0.94989110653596808831 0.91971991275926479048 0.88989980727620932033 2.51666e-06 4.91804e-05
89494866.529774129391 5098 3.1227737386432461442 0.066373452782790706705 0.090099526820235351088 0.34140951557091092639 0.31782760389023878567 2.9974221972482464338 2.9875512283175158501 2.9773673539457625736 1.90652e-09 4.4833e-06
89494866.529774129391 5929 3.2549230932621107115 0.110950532499903054 0.19418146789222320847 0.056810424098803748161 5.9340549428179079072 4.789267524867918624 4.8996484557925050751 5.0086593643150605359 3.18574e-09 5.32011e-06
89494866.529774129391 5467 2.9541779265571199709 0.15142939232042459952 0.16783393160643420017 4.0792048235258020483 5.1926115158038070874 1.7633277705616399178 1.6119137418645503868 1.4606123379425923758 2.43648e-09 4.86524e-06
89494866.529774129391 6282 2.8347436793986813264 0.062134362157251800396 0.03761290258940683251 1.176666214723250059 3.8501125234654995921 4.7875667838248769925 4.8494213192520039257 4.9109732184805761079 2.68214e-09 5.02355e-06
89494866.529774129391 5694 3.1143379926058916141 0.14218106564598181896 0.29265238539583521282 0.83518918156203614256 0.070653602978779525556 5.8412353595810122542 5.8986330904533774699 5.9519714775479641844 1.21025e-09 3.85309e-06
89494866.529774129391 6392 2.9684090589621683343 0.20532587250231448817 0.16134440493855028986 1.4944859218167636516 1.2311750489594655011 2.8554606218548079788 2.7904317337896644702 2.7198020744550626127 2.75286e-09 5.06732e-06
89494866.529774129391 6484 3.1163383208631327825 0.16483227164374614215 0.2316247969852409383 2.4548817056440497275 5.9080892380865348557 3.8559293936169041217 3.971800363803832834 4.0934583713522165738 1.88476e-09 4.46618e-06
89494866.529774129391 923 1.9624197179176645633 0.34842140358010592616 0.3458488364875321186 1.7873831986676795847 4.4256593517469271504 2.0724614775240368658 1.730602249004425941 1.386620366522690162 2.53731e-09 4.93145e-06
89494866.529774129391 6739 3.1882356167863221685 0.23489061378187198192 0.23559370349096780961 0.33633737778569106069 2.3855873917069239099 2.6479129571238235741 2.521964999165178245 2.385556485338018895 1.84353e-09 4.43337e-06
89494866.529774129391 5885 3.5081743638848221778 0.086801137154503493765 0.26333101705700912021 3.561058608705970574 4.3916694208289142054 1.6005398545585804992 1.5135553980392690843 1.4268964250626716694 2.25928e-09 4.74432e-06
89494866.529774129391 5405 3.172374544407855268 0.051863667015224844403 0.13888627158708455323 4.8632088785888925031 4.4724247119968998376 5.4388240706951975767 5.4769587244588935349 5.5143877090929480644 2.93677e-09 5.17774e-06
89494866.529774129391 6764 3.2826950260796947667 0.040602594921890902691 0.25932278469570774204 3.5020014714305767178 3.8961811996078048459 1.4732316449190281382 1.4328907654168132613 1.3926736479332526564 2.4069e-09 4.84547e-06
89494866.529774129391 6362 3.0107230159923275004 0.056122930928100646375 0.26480815428573706294 3.547966027465870642 4.096621490430949919 1.0216527170746758646 0.97444457726307998069 0.92800902123233819374 2.92709e-09 5.17204e-06
89494866.529774129391 6775 1.5258143280172056233 0.026348579604221138845 0.27569316498405599392 1.6740593978123616825 2.7347617260032603959 5.6495156755185149677 5.6649552798504370088 5.6802267508177344268 6.39874e-09 6.71246e-06
89494866.529774129391 6055 3.2562168506435762438 0.10764486764023861731 0.051668804965451294031 1.1082578409922836382 0.14838696389144725996 2.6140887857956420781 2.5571015622164088299 2.4977058124065099065 3.0525e-09 5.24488e-06
89494866.529774129391 6498 3.2342614978962753725 0.053003742585771354556 0.14146180436311373008 5.8303601761298127215 1.6274233779266085165 3.9520780926785956666 3.9912233038415014796 4.0310310538928559865 2.50157e-09 4.90818e-06
89494866.529774129391 6313 3.2523046211120205662 0.056069340499641934228 0.32289676612327367078 2.0736688917107373165 1.1672138276457677541 4.5165721567392971281 4.5719012490574870711 4.6274181842597874592 2.33149e-09 4.79433e-06
89494866.529774129391 6300 3.2461266898841225625 0.048099670143982919956 0.18798027596558825048 1.8624341626713079023 3.055655209571287223 3.2378102644803314902 3.2425472928311207532 3.2473949334808551725 3.26125e-09 5.36181e-06
89494866.529774129391 5323 2.8355675590065620995 0.17683545599369973611 0.17128535567306929499 5.4760529994750131166 3.545129032812210923 6.1713021143968687099 6.1895830273501433183 6.2061110697313619511 2.25995e-09 4.74478e-06
89494866.529774129391 4755 1.8602375984512855567 0.06841436352731439241 0.046203908152057729386 5.8730508747353296073 2.8625173775103047724 2.2443375623900001514 2.1896459895844500032 2.1339193226062094233 2.45943e-07 2.26531e-05
89494866.529774129391 3800 1.8688685300290408531 0.13303097034118913089 0.40802288912379269803 5.162302650576730656 5.7357884596520349874 0.39311945948442594823 0.34491637385482160072 0.29993621121115909833 2.3176e-08 1.03085e-05
89494866.529774129391 6956 3.5203356456222651971 0.17493981524647347903 0.4347715737662228852 4.4877481435651489505 3.6081330568325427066 4.5374892002587134954 4.7133485589279722205 4.8882882936329501433 2.20649e-09 4.70707e-06
89494866.529774129391 6197 2.0703934366553689017 0.26390048609985006234 0.4039924373736292762 1.9929572616038069288 2.3361706784447298091 0.15877285032072183113 0.1212743651001881029 0.089348394074225206962 8.02678e-09 7.23931e-06
89494866.529774129391 5080 3.2241443064120973716 0.16988157299330949868 0.20902557959555062572 3.2489857075232801975 5.30970611485471089 2.1802950541784831273 2.0330236501764273882 1.8809692014767911417 2.57476e-09 4.95559e-06
89494866.529774129391 6233 3.1671288064937024309 0.20338428456221879781 0.19213807100623436774 0.14729456280562794324 1.5543654965198132611 3.0666115539434901649 3.0494574282872202176 3.0307450722016691103 2.38928e-09 4.83362e-06
89494866.529774129391 5489 3.2254836252330338908 0.093133070922128399771 0.34036912752311931918 5.1840795806921375899 1.3391977725995838355 0.24168823640984071766 0.22031818227438279556 0.19996486928559478735 1.80848e-09 4.40509e-06
89494866.529774129391 6756 3.1737022137038839453 0.035057223099888040752 0.29859414163667913344 4.0187831869004062568 0.95519496356665123393 1.7105103888267740864 1.6757026084531492227 1.6408381166183465538 2.22448e-09 4.71983e-06
89494866.529774129391 5116 2.7542138119932264573 0.26012862507097628262 0.09683150334222710709 4.7426483705465400931 3.5808740175673734463 3.0172064368327680128 2.9794084278961787682 2.9374043787371899583 2.56354e-09 4.94838e-06
89494866.529774129391 6951 2.9742568652159624421 0.063057562290246685355 0.018059489883720268588 4.7752473623343902887 3.1803981407248449464 0.4747909862085851751 0.44672503178556921544 0.41948326497209909025 2.54062e-09 4.9336e-06
89494866.529774129391 6295 3.2707608693136704936 0.053964065469261413011 0.22945777343239651125 2.4969961067533108512 6.0355999535506317244 2.8334278646499457821 2.8166158878162730339 2.7993858757731286957 2.30061e-09 4.77307e-06
89494866.529774129391 5923 3.0109502414979822937 0.085124005466391913788 0.20882887595685553639 4.6821244149594614115 3.7171872024347472063 2.322152001229633278 2.2579870744370111879 2.1921835654981216557 2.22479e-09 4.72005e-06
89494866.529774129391 5234 3.0254536527913953314 0.14033954465220230268 0.10332961362954176665 5.1103140170159022659 5.7021102564163932414 3.5339104531540486143 3.5915760690111855347 3.6526168382337553808 2.35138e-09 4.80793e-06
89494866.529774129391 6863 3.1386033110696160975 0.16010567668457628687 0.031404888370923318697 2.7102842282195802603 0.18858052358757762534 3.7665161840217438183 3.8672974731636857726 3.9735536604437950992 2.72515e-09 5.05026e-06
89494866.529774129391 5146 2.7781061140627563155 0.057719713881602928429 0.088992029815284229288 0.057701246531313740706 3.3150263805031192632 5.7007251757492705124 5.7317511921538430997 5.7619910875829010166 2.55901e-09 4.94547e-06
89494866.529774129391 6969 1.7241949014964417231 0.38352488420708541472 0.17657651730465626083 3.1384589373681457403 3.4745299663878665974 3.3277291880272872326 3.4194469168565508888 3.5246450473210200194 2.41679e-08 1.04535e-05
89494866.529774129391 5853 3.1323431813189377415 0.2380247483536211961 0.15057110054001318633 4.1318641193746019624 4.7908031745390573519 3.8886745909759805606 4.0682369037370058606 4.2585636942045663744 2.34516e-09 4.80368e-06
89494866.529774129391 6657 2.2453771511272391237 0.217317878843606066 0.28699093566374284103 0.71602026794237416674 1.9896737221085070146 2.0754632457356869679 1.8728205795620320728 1.6653393066350916651 9.52311e-09 7.66378e-06
89494866.529774129391 5962 2.8290456162987340782 0.22218211105285853857 0.19805905302973869642 1.594172326241517279 5.2784732848924020843 5.0084928344459243021 5.2161064813535320539 5.4106922937969050835 2.88829e-09 5.14909e-06
89494866.529774129391 6628 3.2382503291614161967 0.16905332433540673498 0.21015349879963368673 4.0012584982246526266 4.3277137667345710881 3.3820466206570887202 3.4262456154719953538 3.4737199130346390064 2.5094e-09 4.9133e-06
89494866.529774129391 5290 3.2105137440220361533 0.092068108543405483002 0.14975237024407914155 4.2367136291536686699 4.2425017205663877462 4.0627172657915728848 4.1382586520613617864 4.2155650151480417165 2.68653e-09 5.02629e-06
89494866.529774129391 2992 2.2374351268431511564 0.43948342585209787536 0.46229841550674410922 2.0589059507446387798 4.0978736440359053717 2.1514964551622157707 1.7150924233426614318 1.2801763863709854085 2.26492e-08 1.02298e-05
89494866.529774129391 6827 3.0870080192862734414 0.11702281278052063807 0.13203447859896305649 1.8102194230458135138 2.3552174505447629471 5.7898505400098496665 5.8427129850056829241 5.8926076215787572821 3.04652e-09 5.24145e-06
89494866.529774129391 5324 2.0937480043071250435 0.1558724064776143281 0.1295461569490751752 5.0416317467567264288 2.7424021639970610487 4.228587005254893505 4.3724258817613330663 4.5193772382817156696 4.64884e-09 6.03437e-06
89494866.529774129391 1410 1.3210811878325872115 0.36597376931905500896 0.066334100555391101173 3.1790433176764545387 3.0635466883774489233 2.5166708907941703899 2.2560617271773049097 1.9727061307242794719 1.96181e-08 9.75145e-06
89494866.529774129391 6244 3.1790577703180780134 0.032781671189134997668 0.28102120335645514038 1.3817756853181286658 2.1979898927573136014 1.7547076014452025472 1.7223759675764338528 1.6899701780495723913 3.08558e-09 5.26376e-06
89494866.529774129391 6327 3.0051551400720977192 0.18592872148994057935 0.15218870642009715843 2.7463596994869488022 6.099750408066050511 0.60497846833418500445 0.50602272941343140467 0.41590265905748419195 2.25041e-09 4.7381e-06
89494866.529774129391 5650 1.6562632160008732285 0.60982010039557932313 0.39211070540393611061 0.77719254925770320241 0.35494904875791177812 0.62095591895748680766 0.31333458379955347883 0.12536816664392883003 1.14639e-08 8.15256e-06
89494866.529774129391 4112 1.7804164623838754089 0.31865408123805372131 0.88587043105511498187 1.2000208411541093412 4.6199420696635566941 3.5346303771469123056 3.6819800819447019435 3.8459174906606694577 1.99037e-08 9.79854e-06
89494866.529774129391 5511 3.2279455183090077774 0.11537960946435626974 0.18721783978609771171 5.7864921234425104046 1.3695167157619287934 5.4470304090679144693 5.529681367105290235 5.6086239071730261685 2.90982e-09 5.16185e-06
89494866.529774129391 6186 3.2386076618306809394 0.026686021180837071753 0.21107984194681095325 3.9680612028756141463 3.610667542860113155 5.249336164326644294 5.2721143748619034852 5.2947281344483201337 3.14704e-09 5.29848e-06
89494866.529774129391 5195 2.7408495822552421117 0.094040229869726696399 0.10663338181216880374 3.9765033151314197468 5.4760751609243989435 5.6656519495664916519 5.7181933441778172167 5.7685433322487256191 2.26107e-09 4.74557e-06
89494866.529774129391 6935 3.3794133813266586941 0.44569510076519952557 0.23848553470905881069 2.5400836343375194915 3.7749599971022043121 0.37265752822497089092 0.23240850677393626311 0.12975514556421366419 2.603e-09 4.97365e-06
89494866.529774129391 6667 1.4504046309098215239 0.052916191929878009237 0.42541786337680626007 1.4052045194311342247 0.74823364886913457106 0.60369299747912530396 0.57427550119605741408 0.54553001530159761501 1.85586e-09 4.44323e-06
89494866.529774129391 6816 3.14084763035026171 0.15157492534137950724 0.08893512843843782989 1.7175786616477048963 4.9705455401966815998 2.1743734847558697787 2.0433665111724836905 1.9084039940165800076 1.76213e-09 4.36713e-06
89494866.529774129391 5762 1.2231798953576242805 0.35404035047461424046 0.31513671108314394997 5.2967072926843634662 5.4269076658287040971 2.7564123459087004342 2.5912487166421032114 2.4060925480413382083 4.50081e-09 5.96963e-06
89494866.529774129391 6595 3.0341628362949171205 0.015615490153441147908 0.21666211484823255651 2.6344307866640339633 4.8359182606344663924 5.3942248352154607005 5.4062901875933757623 5.4182947032224149098 2.5233e-09 4.92235e-06
89494866.529774129391 5950 1.9107595082293353794 0.29043807624892731267 0.28511880618783874697 0.13801614097761025213 0.3139705307782743593 1.2260541809504881261 0.96157937885695354829 0.72339217217297346885 1.07677e-08 7.98408e-06
89494866.529774129391 5351 2.9760410623066571034 0.098885404143777944075 0.1211486674490269283 0.37239878283565824857 3.8696163317458229791 3.9338548212789539171 4.0069410093669644013 4.0822245614379077949 2.44807e-09 4.87295e-06
89494866.529774129391 2768 1.5742616790090389056 0.082329149265072759656 0.052397189089744292123 0.85951584724322138698 1.0044630182252629602 6.0823275470103759233 6.0981416366990579547 6.1132893323035375488 1.06163e-06 3.68842e-05
89494866.529774129391 5194 1.9041128383058876228 0.48693109740463580426 0.2563120383517475398 4.5823030051043840416 0.56749268606841696272 2.3261204078387236471 1.8734983481386136006 1.408705816165103375 4.75382e-09 6.07945e-06
89494866.529774129391 6928 3.1958917075688009213 0.39075638752717706259 0.22286031645434289938 3.7149179139271333305 4.4494075652885136662 3.58345708786260575 3.7958886706574217484 4.0337033207984696048 2.08658e-09 4.62021e-06
89494866.529774129391 5914 3.2158844344416630534 0.035535054911837005154 0.068418186703555844419 0.66219319273728038944 2.9092726778178885638 4.697130662033220716 4.7326787011046160814 4.7682064418601894928 2.63408e-09 4.99337e-06
89494866.529774129391 5072 3.1252328191784677358 0.12071586917546395235 0.2342946578109509348 4.8621336430813517637 3.2595421174186247626 2.7032722243080753444 2.6488791365469590566 2.59177831193087993 2.73643e-09 5.05722e-06
89494866.529774129391 6154 3.1509108047123479679 0.12526768115061784337 0.21367140884868932038 1.472809306366784865 5.4919728054743064405 1.753993528180411543 1.6290647769491726216 1.5040096908227824635 2.04677e-09 4.59064e-06
89494866.529774129391 5312 2.9943469252090002541 0.12841426047262785581 0.16135781966084519756 4.5463219821626346118 4.1998559746995365316 5.227716590912017125 5.3363560443650195353 5.4405728275329980903 2.46345e-09 4.88312e-06
89494866.529774129391 6126 3.0288152659585518833 0.19964028844835240983 0.1980412955442218681 5.8782805556187343043 5.9552420388628917181 5.3047914936412894349 5.4628499571982551686 5.6088617876122226491 3.04059e-09 5.23805e-06
89494866.529774129391 6952 3.2759796847533664277 0.12172612252380461684 0.12716379435387709096 0.37338910761099131097 3.5762970153234858728 1.6818556604098358065 1.5597521554837461277 1.4380334565784735901 2.57429e-09 4.95529e-06
89494866.529774129391 6073 3.2070784377491885486 0.077764690736532401938 0.27506948873608438877 0.15198767048550856917 1.7814333755095115297 4.5665349240988977186 4.6439904345805631536 4.7215732905735885439 2.87152e-09 5.1391e-06
89494866.529774129391 5578 2.9057941239324374116 0.20791588571126543017 0.24679462560804554805 0.57353912917345928335 2.607660139435281188 5.0578269750970203944 5.2482468665129369256 5.4270193753052717867 3.04211e-09 5.23892e-06
89494866.529774129391 5231 3.1591468238415667535 0.11600813510533182493 0.29962843074085693251 5.6223606161270627268 1.2112503651500750035 4.5178883696366902711 4.6332657741128997486 4.748910965220332514 1.89135e-09 4.47137e-06
89494866.529774129391 6029 1.8768049121867471651 0.14309970846053440829 0.52950825852633875979 2.2310456227804458251 6.0337284422272867701 5.9574842513020191959 6.0005664497107717992 6.0404728893916130872 1.2969e-08 8.49478e-06
89494866.529774129391 6192 3.2276875538995146719 0.20881734942247456854 0.31270918986459073086 2.6016760458837469017 5.8590381023472488664 1.8942166394516735117 1.6878046817261429524 1.480415156644668162 2.79503e-09 5.09306e-06
89494866.529774129391 5211 3.1237455458109448792 0.062594615311407128533 0.29282955014925071691 6.1675101085205996654 4.4921663216544667208 5.2374489145194882411 5.290813919329972137 5.3432259420227605773 2.07199e-09 4.60942e-06
89494866.529774129391 5717 3.1305858332525606791 0.053951524397326589 0.17939607688832343024 5.1840804023470061779 4.7176069533692546187 5.7948555783118003149 5.819594394006317728 5.8437195132785371143 2.31886e-09 4.78566e-06
89494866.529774129391 5643 3.3209631165038033807 0.056264813650310538384 0.038322396949926285092 3.3167351822222999047 2.9357154638618347953 1.0599958503033919399 1.0115505544381968583 0.96385737539254201511 2.47115e-09 4.88821e-06
89494866.529774129391 6842 3.1889033827668815668 0.023831741646392026746 0.13311288702832099751 3.0995999210825706527 2.779217354833801501 1.097235921132893921 1.0761392949876262826 1.0551642265862182235 3.94698e-09 5.71398e-06
89494866.529774129391 6572 2.9565885334436692311 0.057589459440194327999 0.15876889982034655957 2.3499483763177368978 1.9545217074692855519 3.517071797711603498 3.5387898992704607259 3.561067535578523735 1.66053e-09 4.28153e-06
89494866.529774129391 5131 3.519829561182740818 0.13488490893700505469 0.28642905883154518021 5.4139119206644839011 2.5208416818684247218 3.74891601149519893 3.8307543636048650981 3.9165263864613497624 2.25296e-09 4.73989e-06
89494866.529774129391 5534 3.2426002427579669884 0.13174373117561599678 0.092411467454607959526 2.4488657439773771074 4.2516591083567565335 0.15518118171667549809 0.13598523423486727491 0.11812519566808896143 2.18919e-09 4.69474e-06
89494866.529774129391 6119 3.141082427629273699 0.1408579775374034504 0.19906974827942533479 1.4620614622132848126 6.1622254783213037399 4.3488770518287225286 4.4843982109103590616 4.6216111345491208695 2.96829e-09 5.19619e-06
89494866.529774129391 5257 3.2218159918338447056 0.13436918206028927725 0.22467206254838978374 3.1111389725115108362 3.8291681938206481028 5.4099697602259277929 5.5090395074565465805 5.6029777499289554754 2.20895e-09 4.70882e-06
89494866.529774129391 5240 1.66387284037351324 0.18651254573311748519 0.35208100280884940814 5.8967482706460998543 5.2775453417525000077 2.8076450114037023731 2.73997878969885722 2.6670702332671769597 1.54708e-09 4.18172e-06
89494866.529774129391 2850 1.6412535699501988873 0.26292076452610951831 0.52381611063092314851 3.1180531461626652678 4.4201095119778077702 1.83610211558774572 1.5700268882663657166 1.3071062015694852043 2.86233e-09 5.13362e-06
89494866.529774129391 5957 3.2302497688841671497 0.033123961581018102063 0.090323375409521761137 2.3073569651424779003 1.3757352374945297502 4.6814621267025531282 4.7145932776998957792 4.7477171588074966735 3.45473e-09 5.46581e-06
89494866.529774129391 6103 3.2811796489046693992 0.10051355917107236693 0.14772101646354399151 3.1513338860813413511 4.7138903115374439778 5.4262830523332929999 5.4999800545764987447 5.5708978445550814129 3.07621e-09 5.25842e-06
89494866.529774129391 6335 3.0928092324181375439 0.11482784171999803335 0.25003601917069179228 4.4790265917625671221 3.7944131990102381025 3.4208996715976622838 3.4545202047760246167 3.4898694196578268212 2.80706e-09 5.10036e-06
89494866.529774129391 5252 3.1209583458903908948 0.1070403441328977856 0.17126243538047741799 2.994238901215905635 3.4716321176567594975 2.3739959234846002012 2.2964961586457577347 2.2164262181876392965 2.42859e-09 4.85999e-06
89494866.529774129391 5034 2.8372330391981201991 0.18600444905445162602 0.1552999252641114325 5.6483965037548609089 4.8546888274412314246 4.3613090310335262956 4.5428791946640387778 4.7262177505929008348 2.20492e-09 4.70595e-06
89494866.529774129391 6874 3.2759695470642937742 0.10760794337097968898 0.26163598978625651759 2.2148013212235366787 4.6608853655934838756 3.103538230339445203 3.0991983320952871672 3.0946377327463481244 2.61974e-09 4.98428e-06
89494866.529774129391 5185 3.5394563414209438967 0.064074095483582227395 0.228549538714729078 2.4311276217976014458 5.7256134999809438213 2.458034987246773273 2.4165000928407875946 2.3740058501908958277 2.64564e-09 5.00066e-06
89494866.529774129391 3953 1.0420143294552988156 0.093313989147125395163 0.4195222754615193228 0.030032766139916584197 0.51400354481222831904 4.0868842384569479265 4.1647908237047168711 4.24446020570726823 1.87457e-09 4.45811e-06
