33117043.121149901301 0 5.3967699323136617551 0.061690961085084802806 0.014962898480390691286 0.13353448344503590639 1.9137102127466536494 4.0270715275573394365 4.0758225083547792167 4.1254307711470890041 0.000954961 0.000356051
33117043.121149901301 1 9.0365956125051631886 0.017211529058763424399 0.060269658136972048545 0.8929162568537116762 2.3637172309660079428 4.3227812617730032585 4.3387559876379970802 4.3547800494096202684 0.000285285 0.000238018
33117043.121149901301 6992 2.3469880691348419255 0.263687287540619264 0.32414158293763051244 2.6449834111522316782 0.040963837016181191275 3.5246000900044709425 3.6390581186789434653 3.7648896230656991868 1.98059e-09 4.54062e-06
33117043.121149901301 6819 2.1446097050357959546 0.1750943955218324799 0.19574836157775604706 3.4613762026715488851 4.2147434355924033866 5.0287269700100996062 5.1915878484923156932 5.3469604139567019629 2.46721e-09 4.88561e-06
33117043.121149901301 6751 1.509220450643202982 0.24039795134544988953 0.33648437966726674198 2.5505604498869582919 1.6244483249821222159 3.6203786322928679375 3.7462592742721727568 3.8829225862453977669 2.66624e-09 5.0136e-06
33117043.121149901301 5931 2.6677143768176549976 0.25879183153319074151 0.70699732504846446446 5.6057125409505266234 5.275907450120443265 2.8055646968855958434 2.7065132979977550853 2.597437104736075586 2.66585e-09 5.01336e-06
33117043.121149901301 5740 1.648424431861819528 0.18524499578568651148 0.13746536698719408198 2.1743197362209305545 6.2051683008398414998 6.1296606575164140907 6.155819131755313478 6.1793493393782030765 3.09097e-09 5.26682e-06
33117043.121149901301 5588 2.6981300647470369825 0.26527980135516332494 0.14381045010451323773 6.1838112674473002528 2.3656334980384698952 2.8151848963039212137 2.7159493860825669742 2.6064135686450655705 2.40685e-09 4.84544e-06
33117043.121149901301 6582 1.6774495487835290319 0.31892840343729222941 0.16683512312580617287 4.2291817837157807958 0.4667370243028874377 2.9849089271463125073 2.9239675019372382003 2.8551072233991767746 1.86721e-09 4.45227e-06
33117043.121149901301 6171 1.5948477438138972673 0.070715330306742263389 0.14681254631467857696 5.331759577449995291 5.7298453020668533853 5.2114039786349284356 5.2725189417216835608 5.3324279845064461725 2.39216e-09 4.83556e-06
33117043.121149901301 5921 1.4938552335143580052 0.15410836453789544809 0.35129993924929137084 1.3617164898828408859 0.85107201563566570179 2.9795884283992708497 2.9525120479531081763 2.923546461408399022 2.32801e-09 4.79194e-06
33117043.121149901301 6443 3.2056274114551901455 0.22546891666763937967 0.26153833632337264437 5.4165708158574261688 1.8949923779003379209 1.2517481318729617445 1.0431257400117415202 0.84832458125737275623 1.88164e-09 4.46371e-06
33117043.121149901301 5990 3.1173027099012218244 0.096254439041919825915 0.18140629928142110172 0.52540403940374880154 2.3321435054410759591 5.6618559832248864794 5.7158848063122196237 5.7676078389418670156 2.30118e-09 4.77347e-06
33117043.121149901301 6883 2.2622074116236450259 0.15971525032766961671 0.05804418337530091454 5.6754582492462795074 1.620773383752402097 4.1460013115263922856 4.2875238523147194414 4.4330395121281016557 1.23696e-08 8.36184e-06
33117043.121149901301 6035 1.802863563633265942 0.24381180313631631296 0.15411029065062067933 1.1309831935187275587 6.2336849623868078041 0.19230216484745052408 0.15012268550019222668 0.11365832894719682389 1.91047e-08 9.66563e-06
33117043.121149901301 6793 1.6630552675448175837 0.32393036848736378452 0.13771602110791164586 1.4454437587189972181 2.5591708057716839875 1.9282005102633461568 1.6000256991834940212 1.2762336968055472131 2.0508e-09 4.59365e-06
33117043.121149901301 5467 2.9652410549914560711 0.10480327912557284298 0.14491105860526631854 3.7175598535402079037 1.9804452955191522712 6.242215123092027973 6.246304857791393772 6.2501691736643616437 2.43648e-09 4.86524e-06
33117043.121149901301 2413 1.9547288319013933489 0.39424389314740226897 0.49766415007817788041 5.083643681798845293 2.0469270190220827388 1.7484310959466264901 1.3347798557066197223 0.9514655226133021948 6.11801e-08 1.42469e-05
33117043.121149901301 5694 3.1257970764518221429 0.081617195562591282609 0.32950950046804905469 4.5092391262054025702 3.1703430107868428856 1.0424492161825622549 0.97329655766436518061 0.90581996806381182008 1.21025e-09 3.85309e-06
33117043.121149901301 6054 2.059020968661301243 0.41811045295158566493 0.10823420050119339497 5.8217334740169945917 1.2450577753436331552 2.3138437905005724282 1.9394479310774062064 1.5494286057950745761 1.3494e-08 8.60789e-06
33117043.121149901301 6484 3.1392116199270931887 0.12896055430973399347 0.23236747059298451523 2.8912212894100353111 0.082519774198269946197 4.1919226576927837158 4.3078842738924700839 4.4264373812474229197 1.88476e-09 4.46618e-06
33117043.121149901301 923 1.7210206766096349806 0.14169881387020985541 0.10241613765268157976 5.7079125933961156747 4.5898103514482029297 2.233861831188244107 2.116610788155405487 1.9955001352294083894 2.53731e-09 4.93145e-06
33117043.121149901301 6411 1.2368675821468015918 0.25373823272144863106 0.12628728071725087156 3.1434943714456271557 4.1306404967332257527 3.8565376064080765239 4.0433525031220618473 4.2423897552893894414 5.10394e-08 1.34117e-05
33117043.121149901301 5448 1.913874221033198042 0.26236657262546880798 0.12880610015155843917 1.3115966935741347754 1.937023299383971997 5.2449774662176871232 5.4596000560009096958 5.6520687786019037091 2.56033e-09 4.94632e-06
33117043.121149901301 6528 1.7469826608135479162 0.14393367330494741263 0.11013429628060800169 2.9236636238464983606 5.6907373105561376292 0.83463045068265084847 0.73246631820018348602 0.63621708755397743396 2.31313e-09 4.78172e-06
33117043.121149901301 6764 3.2661517504449228966 0.049910385632703613279 0.28459146591242179269 3.7218976366748428575 4.7010921168613517551 5.4440977474714795648 5.4806420746443569314 5.5165339134646886876 2.4069e-09 4.84547e-06
33117043.121149901301 5259 1.8159386662837382342 0.19922577805482027946 0.18385611914617411289 0.92709822576008726891 1.007616137904232767 3.7344162186753497856 3.85693541749647828 3.9876028631291364768 2.21606e-09 4.71387e-06
33117043.121149901301 6809 1.7274703942956304292 0.053548423726696936509 0.28258004705553535496 5.8646973226586860406 3.8090056828025273816 0.057464809309785092051 0.054467327368297326073 0.051552129756647843695 1.72631e-09 4.33733e-06
33117043.121149901301 5328 1.8065457715928423532 0.44057775608031846115 0.66639168739528031882 2.1189250147767517696 3.6280188526127288284 3.0288663130405852897 2.9609993932761753399 2.8818658050340593135 2.1043e-09 4.63325e-06
33117043.121149901301 6498 3.2371574586348317304 0.068644631137027858903 0.11378478805786829131 2.7370518045213789726 4.3505173440606021984 5.9928977789825674805 6.0119413690515077775 6.0303333320310157362 2.50157e-09 4.90818e-06
33117043.121149901301 5668 1.3931848673577298392 0.36300700066867530591 0.13555335708155588637 2.1687088804609695458 5.1052150025857248039 4.730102982876653428 5.1003348148084155511 5.4363660675188247851 5.17696e-09 6.25473e-06
33117043.121149901301 6300 3.2680635594609910299 0.084878492593200113858 0.24080452203801117061 1.458727716226454918 1.4076523709906785253 3.6157391924710320374 3.6560838046651165101 3.6978518265606390436 3.26125e-09 5.36181e-06
33117043.121149901301 5204 1.2043680404098495718 0.5487333524266292395 0.26183037289150273841 4.3036899946211271129 4.524765210854085673 2.8611611392940461407 2.6300969955472313089 2.3615018815272721397 5.21728e-09 6.27092e-06
33117043.121149901301 4755 1.912723164451757496 0.042630703275517642381 0.12092934032504779052 0.47734343565332060244 0.14175277448739276309 0.33887075616073375484 0.32497266684208719889 0.31136141297674552186 2.39615e-07 2.24572e-05
33117043.121149901301 3800 1.2692784479074297188 0.098606353823143103043 0.094813630643373197904 4.8895610207230513211 2.9436714377266963716 1.0644291880337337641 0.98005975717346183185 0.89816415753549927459 1.79108e-08 9.45995e-06
33117043.121149901301 5861 1.7379921814451027018 0.20320734002914397909 0.16301879508855987577 5.9615371717361584913 4.0914732722513598162 2.8614673245027559823 2.798498543076800793 2.730139090284904313 1.95257e-09 4.51911e-06
33117043.121149901301 6719 1.6262630809533553666 0.12296697598044281641 0.27813870496223347395 0.5731367931396026405 4.4968466441087944219 0.049673771827445437066 0.043900672698401671523 0.038504073572771108092 2.09817e-09 4.62875e-06
33117043.121149901301 6923 1.9359884423709503576 0.57757854934282992776 0.35792809543898079783 0.22579220779761480231 0.14016638660796645888 2.3403455037346572176 1.7697831467573690301 1.2036017455154031097 1.67707e-09 4.2957e-06
33117043.121149901301 5480 1.90372393406615803 0.47293392679721218963 0.29966134761102541928 0.20626243144662445572 4.2883646519325431257 1.8640214088311977125 1.3561408821397253899 0.89406086169520471163 1.6026e-09 4.23115e-06
33117043.121149901301 5093 1.9522596951725372794 0.16334335748589806636 0.1866630527126278416 1.2866850496907578094 3.0127902622825839529 1.6143502886848049016 1.4498402964653225311 1.2876903690541217085 2.98948e-09 5.20853e-06
33117043.121149901301 6676 1.9422252207486021547 0.281947880394057937 0.13327362717123233948 6.1835557829815686048 1.6662457357619511189 2.6878631225529363569 2.543235444369694509 2.3844181905522843223 2.23147e-09 4.72477e-06
33117043.121149901301 6526 1.1997747167026304727 0.27295783031789022655 0.20362090158924300853 1.1267635506614517293 5.1267344467225122173 0.5077149983599227312 0.38724834331987656455 0.28416801687815096411 1.74858e-09 4.35591e-06
33117043.121149901301 6951 3.0126614225198067309 0.048983008950195014441 0.081842728896434541186 4.3651429909940677732 3.9475621620885434915 3.5631283277437169055 3.5836403239224581263 3.604594824293797295 2.54062e-09 4.9336e-06
33117043.121149901301 6202 1.9632477726361339254 0.43336908829718551184 0.22231591716948193027 2.5849934282953865861 4.4143961815913481672 5.5599623361566061774 5.816225599996527329 6.0113169086469264712 4.75227e-09 6.07879e-06
33117043.121149901301 6083 1.8087558105790983998 0.19635562972520825831 0.11987003768917266211 0.44582562173668088823 0.053782042798668369676 1.7581266964058366309 1.5602930577962437209 1.3639482588164093535 4.91269e-09 6.14644e-06
33117043.121149901301 6402 2.9713516111067543868 0.21134563561895949868 0.22516192005803853382 0.83287198213823609994 2.257034513557379718 2.6711180543783785701 2.5641174425724577723 2.4487416830910597731 2.16272e-09 4.67574e-06
33117043.121149901301 6242 2.0196188935173364776 0.29184159942955756328 0.36444325229371277164 1.4539820558471938661 3.7048966074314422237 3.1540178911298091258 3.1583744914949072324 3.1632719000266877885 2.33848e-09 4.79912e-06
33117043.121149901301 5146 2.7897611561076613995 0.0095953857114945712709 0.12669794364534495146 3.9096766960935203095 5.462160370841540491 2.9360078784363081716 2.9340397915932383555 2.9320625097869750242 2.55901e-09 4.94547e-06
33117043.121149901301 5492 1.8814628837644109538 0.21656217035396665982 0.26692170946591248226 2.5453087284926625422 5.336885170065684747 1.5806140693860157853 1.3620995962907411769 1.1502364431309159976 4.51271e-09 5.97488e-06
33117043.121149901301 5047 1.7916738913965295499 0.12171807737558523743 0.30576280607645633935 3.854064319721529408 5.530006775972014843 1.0041925987464113135 0.90446767043196130142 0.8087855485327806182 8.23744e-09 7.3021e-06
33117043.121149901301 6657 2.3697166006033398844 0.19640948694194085289 0.3023029553817240811 0.76415174246089412335 2.5989504849391322772 1.0003598311902552886 0.84223864722707619812 0.69569056303848331169 9.52311e-09 7.66378e-06
33117043.121149901301 6413 2.7411719540205932155 0.21513580232225770761 0.179495561201871906 5.8291746627176994622 3.9854220672591647023 1.9432231827210686426 1.7328790940656972897 1.5205630079441316838 2.71272e-09 5.04257e-06
33117043.121149901301 5928 1.8133037101649225331 0.11855500621987745402 0.10397687632062178886 3.4414291499742453162 2.0956883170516618087 4.6077333183148532214 4.7266564434418096852 4.8451993833080795326 1.85148e-09 4.43973e-06
33117043.121149901301 5018 1.4217549919709537853 0.21652901067687016501 0.18797571300604024036 0.73769525403112123918 3.5555565266797222179 3.0262351285606814422 2.9979346299705253998 2.9669353826785047623 1.65949e-09 4.28064e-06
33117043.121149901301 6118 1.1868706220207989599 0.34118935341269751582 0.085843428270632543553 1.0661838221276511707 1.2302592891823895815 2.3469727326999656469 2.0626304058282292075 1.7618828372029322615 5.68798e-09 6.45411e-06
33117043.121149901301 5423 2.092715111293578456 0.42691340093590773863 0.72692713013417065149 5.8527867960398669567 4.701989294248867246 2.8110209515254278578 2.626845189655390822 2.4166692960331888074 2.52578e-09 4.92397e-06
33117043.121149901301 5626 1.0771913229959901859 0.11509609761388095439 0.20709630151735444747 6.0916133418771831742 1.9657931272094197883 3.4817159826542316559 3.5224524867746724865 3.5652358733875235686 7.93289e-09 7.21097e-06
33117043.121149901301 753 1.4386844836244438994 0.35200385843213150006 0.16212134885179046995 0.96161072126911273372 5.9239435148765924311 3.0169773403506447984 2.9618442002288567494 2.8989122164234215617 1.27811e-08 8.45356e-06
33117043.121149901301 1124 1.768598379283460531 0.26523867465854467085 0.26318599004022669163 0.98607553568918870912 0.38168409787383272835 1.6847015372830873581 1.4138616501366292333 1.1518824918704333449 1.32419e-08 8.55396e-06
33117043.121149901301 5020 1.6710742451212612369 0.31041656630463143607 0.32434021427503273438 5.107428983935299982 2.7698171002116551698 2.2531908826518893818 1.9803368931130664876 1.6955905784573428452 4.40916e-09 5.92883e-06
33117043.121149901301 6161 1.9001685442887941146 0.30955467096678895844 0.21012057120643995445 0.87112809447079997405 4.6332187311632466731 1.2191470887757274166 0.93851423095267938468 0.68880238400442428404 2.19638e-09 4.69987e-06
33117043.121149901301 61 1.8265404086086634017 0.1360486448723370323 0.043884982726626720062 0.9746306196867039473 1.2106203192135167601 4.5882454152464688946 4.7248224622191896671 4.8608605912469622368 2.97121e-07 2.41265e-05
33117043.121149901301 6451 1.6860984286816984579 0.39836612419840378152 0.069457852786494606034 2.0174593639800919576 3.4767884673909783544 3.6477870701772672213 3.8927890547733965398 4.1646793783723143889 2.57122e-09 4.95332e-06
33117043.121149901301 6702 1.7665526766478751863 0.34065402837673292025 0.24622196460421466591 5.5604191042006814172 4.27956460501490632 4.1266182730739924267 4.4478954194556115098 4.7767032101948920797 3.70623e-09 5.59535e-06
33117043.121149901301 5132 1.409000415640276227 0.18521750849403798012 0.27930705078348883053 2.0600501949948344382 2.817417565692607706 3.65172917195201574 3.7509754096899663445 3.856986767391334503 4.5221e-09 5.97902e-06
33117043.121149901301 5470 1.5555503288253618166 0.16483573364890652391 0.24745677847717709175 2.4529565790937319925 1.2359323043158474409 1.3612915459420718012 1.2020414945992565769 1.0482865308433126916 2.3944e-09 4.83707e-06
33117043.121149901301 6270 2.0591558661643136752 0.2659438286583063471 0.28938457671748840649 0.55516469238677090825 5.4701968486183281115 3.7745711213572237241 3.9539262201500049443 4.146973300593762346 2.07589e-09 4.61231e-06
33117043.121149901301 2778 2.1160071994171092413 0.47283727426063021371 0.3737515651060180355 0.86715906864231540041 4.1551603505231682334 1.1314040369963691557 0.72603614562434104496 0.41211444780248468467 1.15158e-08 8.16485e-06
33117043.121149901301 5605 1.4596032631527564583 0.2671463501234835336 0.34915454416510605107 2.1595782479684264565 6.1277836054982461889 4.8737162368795097223 5.1350334305759748332 5.3786728912457268947 2.44051e-09 4.86793e-06
33117043.121149901301 5518 2.0424227028801684725 0.17243703639555740814 0.21357847358033169027 0.26745475220774844738 0.45745936036066420227 2.0510047777467876884 1.8908177841835152044 1.7271356057968940689 1.73658e-09 4.34592e-06
33117043.121149901301 5490 1.5577199554426104378 0.1075691693762202833 0.19986267469767238225 1.7388773669411035083 3.7194067695978167976 4.3360957725000144336 4.4383695591394101143 4.541925431240259492 5.31486e-09 6.30978e-06
33117043.121149901301 6726 2.2177462618524783622 0.54159186537255354921 0.23893748662685387885 3.1826804952597673726 5.6316235465609478794 2.7924252201878689839 2.5159351434405294867 2.1987625027736807937 2.92983e-09 5.17366e-06
33117043.121149901301 2768 1.4607301725100692025 0.02471222696924809531 0.04208339613934246326 0.59965655268710027492 6.1537590995293882656 5.6041528212775455486 5.6195273103723826225 5.6347501047704824373 6.49272e-07 3.13083e-05
33117043.121149901301 5194 1.914953352225833072 0.26637226565254901178 0.12537835569151842274 6.1230424619580485768 1.2321746660784129723 6.1815999326220270049 6.2058379514169574875 6.2264206044706869037 4.75382e-09 6.07945e-06
33117043.121149901301 5310 3.4723371444432427069 0.12598038169739064762 0.33493564555735105825 3.7591818231380615956 4.2842504512900969615 5.4297197376133210511 5.5211654240678953443 5.6081402793706960352 2.51895e-09 4.91953e-06
33117043.121149901301 5888 1.5221297937440483317 0.26218399060882013885 0.2990927031384584267 4.8402243729856824217 4.2355293300311576132 3.016246443804562638 2.9777997113980774202 2.9350475841217429362 2.79797e-09 5.09485e-06
33117043.121149901301 5964 2.141549977761857626 0.19995373149267214874 0.47537977996308605766 3.4953201594396801077 3.8617136896519865807 1.2120076720451449237 1.0298596060742517544 0.85845392801400111082 2.1711e-09 4.68177e-06
33117043.121149901301 6639 1.4840839438088189173 0.25366799622797608915 0.22940997776648636153 5.9216726888419621844 0.34624254764549555752 3.1345174152924446531 3.132422743505596241 3.1300966633882141288 2.07227e-09 4.60963e-06
33117043.121149901301 5312 3.0009283012909500066 0.036934880134146357011 0.16725245959033785415 0.27726455283018747178 3.6046177867741970857 5.1870708622339449789 5.2196553301824408777 5.2519392132691296027 2.46345e-09 4.88312e-06
33117043.121149901301 5289 1.932761646182256543 0.16660337577801936915 0.1360007667430666034 2.7698616816423844433 4.9691593073186481888 1.1560084514987465365 1.0077530783700472394 0.86686748957508963365 2.13423e-09 4.65511e-06
33117043.121149901301 6734 2.0073709744776100372 0.29552919631041357773 0.10672130509233876405 2.9633125122281569475 1.4818407347050179812 4.0983710012462495342 4.3673693131017499169 4.6454826195384484322 1.24231e-08 8.37387e-06
33117043.121149901301 6073 3.2351430628720794225 0.039134609594941610622 0.23793241834138370572 3.0812013123951866866 3.1953955994864999823 1.30322158667003829 1.2656639381100467379 1.2283370661478862917 2.87152e-09 5.1391e-06
33117043.121149901301 5364 2.6198554079005216266 0.079952087654798997818 0.096000689536880040587 4.6510555921925202938 2.8305757714446437845 2.5350550249976735451 2.4878631331607095056 2.4392401750484502543 2.91675e-09 5.16594e-06
33117043.121149901301 6028 1.5643509460169184866 0.2170819072771553726 0.18739953088950389581 6.1912844038761356558 5.8302501304271636684 1.3840293133117644864 1.1732477885563223907 0.97309547629173875904 2.1303e-09 4.65226e-06
33117043.121149901301 6691 1.6415431213185249781 0.42093807836053714899 0.30057257308658408279 0.64005911676803473043 1.5655632888910402389 2.2751470893102454518 1.8875789524412351916 1.4875856661152000449 1.99622e-09 4.55253e-06
33117043.121149901301 6521 2.9827303944138590097 0.036388352771827427168 0.13085022103939655813 2.2916522924149926865 1.0480038153879236429 0.71057372672882457287 0.68715503736892169506 0.66407243354849754269 2.953e-09 5.18726e-06
33117043.121149901301 2010 1.8380681922757784452 0.26146777990881414633 0.25654493715727699765 6.1990435628548796743 3.4684528020125009462 3.3672250424622673926 3.4356002343713303304 3.5113710236938655562 1.54172e-08 8.99881e-06
33117043.121149901301 5455 2.0306806082874859776 0.36892846217186542335 0.37804960804544590625 0.27843824758752255821 0.055200263091264932525 3.1461681129506615662 3.1483314897314222947 3.1508176193692318812 1.18753e-08 8.24895e-06
33117043.121149901301 6780 1.9808469710096088257 0.39939555180786479038 0.16939381215705870409 1.2823237078881839501 1.3523009379697112919 6.0841679991754080703 6.1525581452884114952 6.2045818070593155014 3.2776e-09 5.37076e-06
33117043.121149901301 6017 1.7657979103287548828 0.23078583647461639594 0.017405419218675721726 3.5920129796031150526 0.26029213007636220478 1.6680583802548847316 1.4336249416310562488 1.205006934671040586 1.07446e-08 7.97837e-06
33117043.121149901301 5540 2.0312302824353265507 0.52329520816966323959 0.45594759523057337702 1.9477558577788880445 5.6791159258041945535 2.1200392853380982672 1.5690716504238357842 1.0457772205270241539 2.31531e-09 4.78321e-06
33117043.121149901301 733 1.7047791531637244145 0.05543748537603155474 0.22314001233579650041 1.1682966443253610667 5.7744945834634506809 6.253606461149078477 6.2552029916890576899 6.2567540584595651154 4.51209e-08 1.28719e-05
33117043.121149901301 5469 1.3394004232936691512 0.3850461919857218196 0.25216742159047905725 0.0062554694791544067367 2.8494776023818149113 3.6317512459166065852 3.8597478921605175017 4.113106996026474782 2.51139e-09 4.9146e-06
33117043.121149901301 93 0.97440539702489215035 0.10333169148987275676 0.018579097330458899107 3.563772721893761819 5.3389592252837578812 0.95016508088501794305 0.86838860739277479173 0.78951667669676084405 9.78155e-07 3.5891e-05
33117043.121149901301 5525 1.2680151125588636774 0.2191527912577452275 0.08485443871261280635 4.8270201381779802574 5.4859923462925213045 5.4216737357055446722 5.5783553034048258823 5.7203453499745426925 2.22151e-09 4.71773e-06
33117043.121149901301 5178 1.5658802102890720942 0.017755737819252794679 0.083737930555364700758 4.9149395677429419393 2.6173050019833947744 3.5098134096900825973 3.5162585641455121888 3.5227564830040427601 9.33283e-09 7.61239e-06
33117043.121149901301 3770 1.3512958262013170518 0.15064405501349115157 0.1325535880110028375 4.5634013088357772148 1.6701823638072264 6.1467043257077209617 6.1658785714388049115 6.1835096323219032044 1.55823e-09 4.19174e-06
33117043.121149901301 5667 1.8888484104380589557 0.13762916830987584338 0.29355262093727929607 0.60108763595712344507 3.6948061464617505401 3.145623757648224661 3.1462226126553392014 3.1468598277942207986 3.20823e-09 5.3326e-06
33117043.121149901301 6103 3.3164362653793850733 0.072457472797188324232 0.12568842700292209846 2.2449839221317420268 5.2800566504581984972 0.86574011413620199917 0.81176798019533658035 0.75919971694923071848 3.07621e-09 5.25842e-06
33117043.121149901301 5181 1.2711505314033140213 0.15431597353114012705 0.098172632687833008558 4.1023774048922581059 4.8555655874486944867 5.6323242033845861698 5.7208546846504724215 5.8031296942456416232 5.47157e-09 6.37119e-06
33117043.121149901301 5623 1.1457345585230833684 0.37711899158790007647 0.19279096235014703264 5.5276747903139362705 2.9399333510733818287 3.7375540488661904703 3.9983593982174694403 4.2833591974926532586 2.3084e-09 4.77845e-06
33117043.121149901301 5316 3.4867804569480984611 0.039407132821442932002 0.21532993356310556332 4.8078012510075449626 1.6467444893286666829 1.5519180832893957334 1.5125224208574661322 1.4731821794222124122 2.96988e-09 5.19713e-06
33117043.121149901301 6874 3.2558297010171233232 0.10893050151232926137 0.24182900486060301959 2.06257117404734025 0.99436195820540351775 0.32107059869022369636 0.28829356208976997245 0.2573228094437554625 2.61974e-09 4.98428e-06
33117043.121149901301 6823 2.014915091752227827 0.32387777956829116865 0.25236109701431480579 5.7046411999333566101 1.3660765653967674726 2.5910159199187510204 2.3887886709605861135 2.1673574100996022551 1.69817e-09 4.31364e-06
33117043.121149901301 3953 1.586395110347241344 0.28100849372409125726 0.40924521410709591152 6.0466054084898717136 2.6761654509977299554 4.4790276165977189748 4.7656317902204623493 5.0462420770382472313 1.87457e-09 4.45811e-06
33117043.121149901301 6642 2.1653182794451648618 0.67919223506638759513 0.50297121313590342773 1.7217935000666060308 5.9590160817379977942 2.9726760703288217513 2.7589531280216790243 2.5053628457662071582 1.26355e-09 3.90884e-06
33117043.121149901301 4189 1.1757528273857384971 0.028340236490632594868 0.023188739035926133475 0.077957340603121622058 2.2196664969829305036 4.3539770103263766288 4.3806527490336915065 4.4074478277721746977 1.30808e-06 3.95422e-05
33117043.121149901301 5324 1.9065889899648986727 0.10190841519269162874 0.14633131600750792778 2.18722681060292512 5.9895470919172009161 2.6092823559153246471 2.555051823710560388 2.4986472142244338102 4.64884e-09 6.03437e-06
33117043.121149901301 6836 1.7310018942665028607 0.3496232006018574201 0.22966906378119086862 2.3896266345540051468 3.9928668154512170219 2.5033272203875402973 2.2530781524756493539 1.9817230351478638539 4.61039e-09 6.01768e-06
33117043.121149901301 5451 3.2617185209426877712 0.04131683773673779092 0.068632701956613403893 4.9521356624151593451 1.494313401803087249 0.68330362711598635617 0.65761982812973918122 0.63236553908974468818 2.58702e-09 4.96345e-06
33117043.121149901301 5538 1.6163626268088417959 0.24043682218114192928 0.15469079777334038273 3.2932617467891582841 5.7736502569728900269 1.4882787864516455745 1.2486673847869214082 1.020597773545139253 2.97954e-09 5.20275e-06
33117043.121149901301 6532 1.6174782650290631114 0.18343213554570830803 0.06200040255837206693 1.2448476398262575682 1.9526834558970607159 4.0721768533947599877 4.2288985996832035852 4.3913053289131722678 5.62757e-09 6.43118e-06
33117043.121149901301 5853 3.1328760483601429954 0.18825508863545786786 0.20018847625260843826 4.769295671039905038 3.4601617493111334056 4.7360515630851338642 4.9249620391849298073 5.1089797501579470307 2.34516e-09 4.80368e-06
33117043.121149901301 5360 1.7198412753429468403 0.21352963015745804465 0.033385683744369641646 5.0580877166045956628 5.0760243548006442893 3.401265867182876601 3.4631775634023793664 3.5306680054456118789 3.7029e-08 1.20512e-05
33117043.121149901301 6233 3.1197271142233580221 0.16861683356552151225 0.20836285160258963267 3.4623576068593964195 5.2698490410720264521 4.6468610810509822784 4.8168662228725365182 4.9845636251976817022 2.38928e-09 4.83362e-06
33117043.121149901301 5382 2.0966928474196513399 0.27689669516836001861 0.45219755223238333741 0.81988008583455329603 0.028968321601390949194 1.6004684452777206971 1.3188630048894349756 1.0507073015951964301 2.55203e-09 4.94097e-06
33117043.121149901301 6255 3.2537410792498557832 0.1021590890713737626 0.1959750155800812077 4.2948923983535376436 5.226209964101830252 1.6513833923668623793 1.5489557716030963874 1.4468210470091240616 2.45838e-09 4.87977e-06
33117043.121149901301 117 1.4077657598476243095 0.17592033098086856668 0.15624192989497923123 5.3070127158607380835 3.9197964990997284929 1.4578391658602740666 1.2838494476283623946 1.1151220671500035042 1.39228e-08 8.69812e-06
33117043.121149901301 5708 3.162783238529765395 0.18957364099882162423 0.21229642534927398168 4.4743125005732125032 3.204030219006316571 1.9572128863963373924 1.7738988750317914445 1.5882218290981642284 1.65544e-09 4.27716e-06
33117043.121149901301 6956 3.4849379823422008684 0.11242369438008809057 0.41664059501976424826 5.5385648876907316307 5.0096298059837121031 5.6802545135919375596 5.7413504384523355029 5.7993283391284533579 2.20649e-09 4.70707e-06
33117043.121149901301 2850 1.5831659894668961286 0.41179566783395704643 0.35319458742879128454 5.3668728885785652594 4.468537798860005239 0.41664213002684891141 0.27121555774766714642 0.16089436238762172549 2.86233e-09 5.13362e-06
33117043.121149901301 6683 1.7491411813823805055 0.26409433752423389086 0.035563523222239080968 5.5968094444680076549 0.48923653509596037869 2.4293579618803478049 2.2343616783038160456 2.0263078322650307506 2.07491e-09 4.61158e-06
33117043.121149901301 6722 1.6262116610805006367 0.24632485496138548098 0.23970338546584027406 0.91130155965050552158 5.2084452998411556734 3.7016251736994219002 3.8500053051549949501 4.0102714400508103765 1.78527e-09 4.38616e-06
33117043.121149901301 5002 1.0616407978498867415 0.25363343663056159283 0.32554541008778387079 1.2098385569926586314 0.23019579458416791762 5.1254083731691579828 5.3490196679002979252 5.5529671612620212784 2.79003e-09 5.09002e-06
33117043.121149901301 6473 1.9116263950139187333 0.07184738316454354623 0.24601555492123150515 2.5801616643122518013 2.7433705591084667219 3.6593149044083901344 3.6960629350995164444 3.7338900807198989185 5.43469e-09 6.35685e-06
33117043.121149901301 5815 1.3729396249997305457 0.37066489598059526589 0.34886588120588613027 5.6026646881192245786 2.9600221215575732714 2.8461695127640109781 2.7092729194502180867 2.5539723945200751842 2.67562e-09 5.01947e-06
33117043.121149901301 6211 1.8231336575447159021 0.16577476583608138916 0.30252186170797806808 1.9845761505749923703 1.9935626105922983342 3.7465472971018738413 3.8483942356686946518 3.956049178056846749 2.33777e-09 4.79863e-06
33117043.121149901301 2174 1.1521057779244980868 0.31861577883917763243 0.15206574811326900587 1.3081969734796508043 0.90881845438694353057 3.0140197371243897528 2.964348428223151366 2.9081708442585094687 2.03153e-09 4.57921e-06
33117043.121149901301 6225 1.9987521201151099426 0.36044916068973625878 0.16110717254244455443 1.2454033658719785294 5.2126440245485010649 4.1129711160023223471 4.4538045677011961487 4.8022698498107114773 2.38341e-09 4.82966e-06
33117043.121149901301 5873 1.8925752540811371372 0.56040406356771721441 0.19400624311013217604 3.9867999829292481984 4.8206406302068343095 2.0530997626632361275 1.4399183065694316497 0.88430699220962039053 6.23622e-09 6.65514e-06
33117043.121149901301 5741 1.6829244312509470394 0.27104612014847068169 0.19728749143512758213 0.048825932692889713327 5.4806565116757814948 5.1528192578170699534 5.3876963627418126279 5.5992518796312404916 4.83963e-09 6.11581e-06
33117043.121149901301 5780 1.2949158596159848766 0.12229596821904367698 0.17239905768418375964 2.6391240583162782762 3.5381159173325751333 5.0099719314644426404 5.125131002479141884 5.2371570910453222325 1.95079e-09 4.51773e-06
33117043.121149901301 5080 3.2297883983360264892 0.19081970722127894469 0.24400259258626441627 3.7889791722904266891 5.2196894092596854975 5.0762811582655222864 5.2498582234452477735 5.4137737041938045479 2.57476e-09 4.95559e-06
33117043.121149901301 6155 2.2175794069348970794 0.22466866671500007602 0.17663140793231713044 5.6729363406272454995 3.9475426159519471092 1.0252341941816498494 0.84205289743357381038 0.67444742487783337914 3.03729e-09 5.23615e-06
33117043.121149901301 5782 1.9145558387247965104 0.32437884747420769882 0.23417397183966567886 0.77417115814351877834 0.84226625901169815958 3.4083497258766235483 3.5129775488177874543 3.6306966633291613 5.0598e-09 6.20718e-06
33117043.121149901301 6417 2.1231898192510092471 0.11522153549896418934 0.75005511795807455755 0.217205833233481721 3.5480619102625667871 2.6318282228204878948 2.5724354977817180945 2.5103400468019736458 1.63097e-09 4.25597e-06
33117043.121149901301 6237 1.0239759564500341416 0.046032160460625033693 0.27738499790038223525 5.9925015823336247323 2.7585858419091668914 2.4808632633154501512 2.4520772406166408963 2.4227932662120217344 1.89473e-09 4.47403e-06
33117043.121149901301 5750 1.4717765097312693889 0.36009879573348912984 0.054492412912036436445 2.1787797461097335727 5.9181832844988218056 2.7177611171053386308 2.5337060292088131597 2.3280413787527782787 1.52873e-08 8.97346e-06
33117043.121149901301 5661 2.660640059062814089 0.29458375916563434016 0.13051498058162791516 3.2763937411608288208 4.0524583735634340798 2.9546483070409532701 2.8889518702478547141 2.8153171890355661589 3.01386e-09 5.22265e-06
33117043.121149901301 5643 3.3350378990593956274 0.016879855330600313651 0.085212524811750511855 5.9514267787470389592 2.4610587588528876068 3.9549263777917440521 3.9672632360695896381 3.97966997439271708 2.47115e-09 4.88821e-06
33117043.121149901301 6335 3.1069114028555961937 0.023535914983536992962 0.2440928691334260936 5.3418580948196829894 0.26917238572455998158 0.94259721161598775119 0.92368335880933893911 0.90490575457337119047 2.80706e-09 5.10036e-06
33117043.121149901301 6290 1.9371674441494319829 0.3959132070805548298 0.27222076402996470135 1.6857489047632998602 0.90397028986284533314 4.0641074253788254111 4.4356500799862654816 4.8164994030885672771 4.66797e-09 6.04263e-06
33117043.121149901301 5215 3.2224074080707478807 0.38195773113016295852 0.30051987928315415655 4.6651628507540232604 3.4113134588135163305 4.2256223673708532829 4.6077178700396661526 4.9875851384691047841 2.09099e-09 4.62347e-06
33117043.121149901301 6358 1.9144231030004346117 0.34256949280505888389 0.078670943071350779574 0.32026478809888936361 5.7583192029019114599 2.728504789763936067 2.5597269522687922105 2.3714563869036076049 2.40091e-09 4.84145e-06
33117043.121149901301 3761 1.1264685414072297398 0.28976938836338417271 0.086835006472990916571 2.3661590164573738093 4.5583018869336431322 6.1094806817953601907 6.1541389643437343082 6.1914289446603110179 4.38307e-09 5.91711e-06
33117043.121149901301 5048 1.8496359235317272329 0.077874490787958161597 0.3725283518552556794 5.3736288355766701486 1.6466188625512003796 4.5999954321414575631 4.6777974387427736502 4.7556253428515837811 1.54672e-09 4.18139e-06
33117043.121149901301 5673 1.9036873909283442696 0.10232006691057463077 0.37977639699378901161 2.1913677034419274392 4.3216547901173489876 5.7989743055107423331 5.8446488330022852153 5.888095456135144623 2.67237e-09 5.01744e-06
33117043.121149901301 3324 1.0371908977237789262 0.22134733477839155236 0.27263941298171662231 5.25974753328890543 0.60884687985822127931 3.6895977320360184848 3.8185362940234552909 3.9571912635682213732 1.99813e-08 9.81126e-06
33117043.121149901301 5034 2.8385187010216608172 0.15491174018125192235 0.15461411745987616029 3.4117469065095860081 2.5628540200173257624 3.2523520882476808502 3.2710246059780714312 3.2910191986489594207 2.20492e-09 4.70595e-06
33117043.121149901301 6957 1.5134916259926045612 0.16308526800476419449 0.27100615699224206434 4.340966700649971699 3.1132515828765447985 0.21470472630285733495 0.18232401371896894693 0.15275411797955010251 6.68595e-09 6.81142e-06
33117043.121149901301 4112 2.1269403116690104305 0.46184353271263295371 0.77078901814315969876 2.1851380028068065897 5.3139352691601500212 6.133007771069108216 6.1919580173571775461 6.2340323344423680396 1.99037e-08 9.79854e-06
33117043.121149901301 5344 1.7862686627163442132 0.081195469516576482261 0.2113580185419751678 0.67421326686366844783 5.7797360406548943246 1.0316007177785762039 0.96326386513209527607 0.8965975865330361172 5.14004e-09 6.23982e-06
33117043.121149901301 6577 1.6987856006973052203 0.29574002940026816733 0.28791226298142985618 1.0053248487660766397 5.0264942727316173077 4.7596475480646613931 5.0574511978089908837 5.3357586564113237415 1.63583e-09 4.2602e-06
33117043.121149901301 5446 1.3917638984244860012 0.270575412525803638 0.042554220476366040604 6.1504023475262030729 2.7209147462147398322 2.33781838692801891 2.1191806209076258227 1.8882802445219890597 4.99881e-08 1.3319e-05
33117043.121149901301 5123 1.4980821208598305017 0.39247953474328645118 0.19051133312586332469 5.4870430575996858025 4.9440051744398996192 1.9090278205511737042 1.5009966390578413087 1.109472795651399446 2.85229e-09 5.12761e-06
33117043.121149901301 5200 2.370184174949661049 0.47576858842098251889 0.23942749953455491618 6.1763064033606722703 6.0997210892846274177 2.0180887028441736319 1.5163224621201796261 1.0412595974738356741 2.18438e-09 4.6913e-06
33117043.121149901301 5511 3.1467740792773923886 0.068686154313599687149 0.17737819592913958711 5.1987546779136142305 1.2504798815686599678 1.081228799862472334 1.0215225146722857197 0.96293982809236611242 2.90982e-09 5.16185e-06
33117043.121149901301 5957 3.1716610510806488854 0.014924029231960593209 0.088867394368863789067 1.509130379700225344 1.8299998211147538996 3.6579558037094739298 3.6653726141332567678 3.6728369703675909363 3.45473e-09 5.46581e-06
33117043.121149901301 5962 2.8922819746064831747 0.22307131535768065511 0.16003892837586861098 2.0172154380296172249 5.6026938760530624606 4.1072543399093550676 4.3051655208631531835 4.5099949655284001793 2.88829e-09 5.14909e-06
33117043.121149901301 5160 2.9986898026578825416 0.082699089741626208294 0.1946488429082528504 3.4755528346357120739 5.7587892205346538077 4.9065776540100616288 4.9871733934179296455 5.0667699207250276316 2.48083e-09 4.89458e-06
33117043.121149901301 6891 2.0999184833516353343 0.2355217802662289972 0.21470845095768611999 0.143851797363239442 0.81862026815531374613 2.6013150568820733177 2.4646315544691459465 2.3170943150539815569 4.39964e-09 5.92455e-06
33117043.121149901301 1399 1.5166149766837733193 0.096534645137144756144 0.12793974090954229883 2.1134226915436653549 0.31765301067058171469 2.8297268270520379296 2.7986067108407861603 2.7661420505290412741 4.64728e-09 6.03369e-06
33117043.121149901301 6752 2.1673907266218663814 0.25735065301124854242 0.25950967423120663291 4.400232733176412836 0.058829494012304778261 4.4699647419975292451 4.7308227473777177963 4.9881296772666141592 4.12549e-09 5.79885e-06
33117043.121149901301 5597 1.7138073160842450804 0.21151975028239580756 0.40163744616759955441 0.61891792587260319181 2.4562601186264600983 0.51090355214795613037 0.41529515275435469057 0.32995539178362187638 2.41109e-09 4.84828e-06
33117043.121149901301 6928 3.1957831027297598503 0.043900301584447652681 0.22003393411970445515 4.4397908344846674922 0.072791026273260187041 4.6614136326767141583 4.7053201370682735671 4.7492193418401722482 2.08658e-09 4.62021e-06
33117043.121149901301 1123 0.75544774265698089177 0.11500553839778979159 0.024790589041618134314 5.8204323818585113059 2.6207464469200152379 3.8097208605901209388 3.8845620992496097124 3.9623607903066861979 2.24876e-06 4.73694e-05
33117043.121149901301 5640 1.3640018080003917245 0.10228282092316159924 0.15422975066461686033 1.3142663028651575541 0.93089272553668545029 2.0508429943181707422 1.9577434161052504891 1.863022831653788236 5.24602e-09 6.28242e-06
33117043.121149901301 5842 2.0287988652669355361 0.39086062711873392761 0.7835524453535649414 4.9587543060176875187 3.1515724537932725546 3.8949129936185760137 4.2190385029800765437 4.5632894254771017017 2.75394e-09 5.06798e-06
33117043.121149901301 1444 2.0944596965049924187 0.29795678503719053021 0.27754839788351404195 1.308457000402975412 2.3116015070625723915 3.9148258934683783927 4.1527183160340079837 4.4052158354549426633 1.72307e-08 9.33865e-06
33117043.121149901301 5176 3.0884516068302092506 0.091996648655283688734 0.098893257334116885238 2.6388393703710182336 2.3610883903403445672 4.7209012973473445385 4.8129887947063529907 4.9045203179453178421 2.68297e-09 5.02406e-06
33117043.121149901301 6404 3.0907153456969629346 0.22411685198018341247 0.25799578312933357793 4.4141952323766302513 4.7232355198102524696 2.3246052972799353675 2.1456388224349902671 1.9575424907117751072 2.07676e-09 4.61295e-06
33117043.121149901301 6140 1.9328383850842729696 0.12053294779015552574 0.1649624698579933435 0.29763818587548968031 4.9106358483426655326 2.6413296734440554481 2.5800706021135813018 2.5158898028963143645 1.67728e-09 4.29587e-06
33117043.121149901301 5534 3.2684436767465978591 0.13235022301335305772 0.12803273508684900883 6.1951685365696436136 0.83916173409578387332 0.40992812708971393398 0.36000229812075912328 0.31337844012568782937 2.18919e-09 4.69474e-06
33117043.121149901301 5929 3.2498660127007354959 0.17563842294140208367 0.19961125506281032771 1.2831660508200826154 0.7913857142505353881 5.9603237337553371944 6.0121265253052733613 6.0591540134156618436 3.18574e-09 5.32011e-06
33117043.121149901301 6162 1.9553267898608652775 0.10212477637148237308 0.090354795108505747692 2.2055394041338538536 0.76832693657220085814 2.3098814346358360616 2.2315417485163218103 2.1509106650993525811 1.62993e-09 4.25507e-06
33117043.121149901301 6775 1.6527275684022637581 0.25101923637581990967 0.14024153158573546274 4.5013984385421093037 1.2863799741967041346 2.3076858281234371439 2.1017855861990923927 1.8853300558019756572 6.39874e-09 6.71246e-06
33117043.121149901301 6061 1.5077538795843825614 0.21477787158910635612 0.16142133248747600471 3.6682357334855550945 0.84910297914646026829 3.4686084251512272481 3.5463810513971480987 3.6309657893441791288 4.03777e-09 5.75746e-06
33117043.121149901301 6920 2.2956464627935906364 0.0144818577085112591 0.15035992691586458347 5.2962355819960853509 0.43199974430427479088 4.7834070275149862539 4.7978454680651552167 4.8122744788094005131 4.48089e-09 5.96081e-06
33117043.121149901301 1810 2.1472571946179943581 0.33107877178433414711 0.40279363411991297994 3.0580558979249850005 5.3461732209625054679 3.5075836907166610956 3.6523146295040085363 3.814148323577657429 7.36354e-09 7.03416e-06
33117043.121149901301 5072 3.1085393810678807469 0.072734825198894653697 0.24879298632517585221 5.2191176143132977927 4.5412907720053237171 5.4854715900388919536 5.5362976407373887255 5.5857106408432350975 2.73643e-09 5.05722e-06
33117043.121149901301 5231 3.1589238211465957562 0.035715235826771954408 0.25750598630725457516 5.6083330964247632977 4.2887325349095739568 2.4769175185960401464 2.4545678777474297938 2.4319158559149913756 1.89135e-09 4.47137e-06
33117043.121149901301 4786 1.6495018157434522266 0.17546559426818938987 0.36856199419556023855 1.7994071987773372356 5.6407199760592163784 3.2615196680845577326 3.2847113457131884573 3.309738110431637903 8.41208e-09 7.35334e-06
33117043.121149901301 6756 3.2151190741402282391 0.050202497989807075285 0.29546652541645368473 3.0424228946552354103 4.3373519441596677382 1.9633611163757336282 1.9165064902785191592 1.8692742210546537951 2.22448e-09 4.71983e-06
33117043.121149901301 5323 2.8054640248510391842 0.084583834295538243286 0.095713946450161110913 1.7303148348900863063 4.3044385133988676273 2.0918228312223194898 2.0167827890017204773 1.940472472057185982 2.25995e-09 4.74478e-06
33117043.121149901301 5372 1.7386399711943647528 0.10598804501395818478 0.070114187912518055601 2.8682525033072954201 0.94127801668250954403 2.2483499289238881858 2.1627389458792758425 2.0747838855026903282 1.39548e-08 8.70479e-06
33117043.121149901301 5855 1.9706173268381996788 0.20168919516488015287 0.075645490739983806128 5.1963733366522095736 3.1775037670540511314 2.5826596168195083969 2.4645169921797451806 2.3381553930748912862 1.88487e-08 9.62226e-06
33117043.121149901301 6156 2.2515185798630623637 0.38517443078176638593 0.33190888739514873285 0.019793958086669366514 4.9876151463964220056 3.1797824833795234056 3.1989062786288031681 3.2209699375908247276 2.69058e-09 5.02881e-06
33117043.121149901301 1410 1.9148485031415141133 0.23554236138963188796 0.13961492253717150414 6.0112699767434278897 1.1178597908837528685 3.6693652526809259484 3.8033236385311068872 3.9480605089902551796 1.96181e-08 9.75145e-06
33117043.121149901301 5256 1.8749902638234403618 0.29438375619875728484 0.27417096239145749559 4.4503929043458603232 3.2984780359541603367 2.6811975281313293884 2.5268959462507183389 2.3571216622540531738 4.61883e-09 6.02135e-06
33117043.121149901301 6653 1.5875188926293384295 0.1112342529027580823 0.28810042221573040067 5.0287545801861419648 5.6513389837942984428 5.8670902122315968796 5.9099938425000244635 5.9505486358854282614 2.19009e-09 4.69538e-06
33117043.121149901301 6914 2.0161962552464474108 0.14893313705995023244 0.20021384092867666737 4.6608718611251962471 3.2948315457907271231 4.810993092668616633 4.9586742297761574605 5.1031132764249145239 4.41745e-09 5.93254e-06
33117043.121149901301 6633 1.2231855128584578907 0.084424019791792911938 0.088426450219980246015 1.4673352497467770927 4.0225724948242147505 1.347659024866676436 1.2659909006338563309 1.1854583753287222248 3.02269e-09 5.22775e-06
33117043.121149901301 6942 2.8188934111272474503 0.53646782510746349182 0.28258575619480225116 5.1808529351365679716 2.7635603662710686024 3.5750520900562019477 3.9041241852094819009 4.2746915783224412877 1.34834e-09 3.99439e-06
33117043.121149901301 6832 1.7209255793514643962 0.26402847568093718023 0.26557652475005527615 3.6230409898339086538 4.7570183609703686756 3.6341680296097549352 3.7781074721450442766 3.9350450398931688945 7.86044e-09 7.18895e-06
33117043.121149901301 4502 1.0933114313762675174 0.18305465450039529185 0.24072007757935989791 1.3878147701818022153 2.874358932866888594 1.3054328836569208949 1.1319279428461106463 0.96622081345598920255 4.58456e-09 6.00643e-06
33117043.121149901301 5426 1.0437357081253799684 0.13365279408011615514 0.086476492477486330279 3.1346490490727378919 6.2060417247098893512 3.6752711231750496701 3.7477245804633554371 3.8238656047826955486 2.09851e-09 4.629e-06
33117043.121149901301 6089 2.013889827852344272 0.52336718653776415078 0.19765962324697311514 4.3156423271159587429 3.7028992281730008784 1.1584519920546154648 0.70145841632712158109 0.36371258232532815979 5.81535e-09 6.50193e-06
33117043.121149901301 6690 2.9175077533361255533 0.16575188652332414896 0.087310951642476805623 5.2218221332799501511 3.4570961181577293253 2.9640923986232023957 2.9319871643149175711 2.8974984996569190798 2.63564e-09 4.99435e-06
33117043.121149901301 5386 1.7729497010916051014 0.52987078666847742259 0.33227836951774814001 2.9667575403744463891 5.6577444275943591379 3.6688284891716613778 4.0477831563401789339 4.4648762203269027893 2.3788e-09 4.82654e-06
33117043.121149901301 5291 2.1374658320197621464 0.53649832565572264098 0.51132544067283280942 2.2108258049669409218 6.2737969431440232526 2.7797447258643566137 2.4985985034253035408 2.1769171353521246104 2.6037e-09 4.97409e-06
33117043.121149901301 5063 3.4898430564556432998 0.16290734208782961523 0.43016264773001416932 6.244975661746295259 1.3672731519378837906 3.6724150656165472917 3.7616990346705847514 3.8563680325222104983 2.23728e-09 4.72886e-06
33117043.121149901301 5818 1.6781386412139793762 0.28254174927210717883 0.23523746605446349545 1.6821063877854345314 0.67236966673836939812 3.5549410820780149578 3.6882220895396597982 3.8350903357132812843 6.74885e-09 6.83272e-06
33117043.121149901301 6055 3.2028684602854529118 0.12523311665489991751 0.05771522111501408564 2.0795087007136907609 6.0232250321028679707 2.3393908433136485492 2.2449465614321391094 2.1471097312551514769 3.0525e-09 5.24488e-06
33117043.121149901301 5142 1.323960367470337518 0.3279201190004012445 0.095681219120689109392 4.2872647271487700493 5.6074488427540929436 2.0805591733921091624 1.7625078528973066039 1.4405953747474495863 1.02472e-08 7.8533e-06
33117043.121149901301 6415 1.5728057333024882958 0.45635627191989563967 0.26400804163235591648 2.5167698309397472656 1.2790881547811749908 3.1616749220552105015 3.1744600187906417688 3.1894565466671012111 4.5356e-09 5.98497e-06
33117043.121149901301 6291 1.6215172816587339888 0.25000748990673332672 0.30717976252171685925 4.5889078319838425557 4.7977240554582465393 0.26942634983182867092 0.20920043656176137703 0.15727942219060231377 4.97801e-09 6.17355e-06
33117043.121149901301 6390 3.2371583475198808522 0.059736722219412369261 0.29296207219694786472 0.92541759745291995998 5.4475822614562963153 2.1130025313324192204 2.0609972548282691207 2.0082952318323310514 2.74624e-09 5.06325e-06
33117043.121149901301 6126 3.0055376011850185591 0.29588293040514085375 0.21424611832770479314 5.1690113841971871977 3.709275702774004202 3.864571009200614693 4.0894941021326420838 4.3298081537387940188 3.04059e-09 5.23805e-06
33117043.121149901301 6332 2.1382454173680374154 0.28398582131676353146 0.28381509706997243292 1.019270335793588611 3.3120500551784579635 4.6294734060127211706 4.9198852921556532891 5.1977795515519682468 2.19525e-09 4.69907e-06
33117043.121149901301 6732 1.2554561063211291394 0.21558433071685798033 0.25022012934059595368 4.84296920000267761 0.15641562171167083806 2.052011618955703387 1.8490547317950403183 1.6417627919590760399 3.70815e-09 5.59632e-06
33117043.121149901301 6286 2.1006040906271539193 0.45697154435567327591 0.81598470117395582868 1.4730379317707744669 3.9901554589925938288 3.5658582876656956806 3.8198939519587131741 4.1066304596590148535 2.66284e-09 5.01147e-06
33117043.121149901301 5405 3.1847511862467108301 0.05227812107303732303 0.13818869373104267217 3.5661948494230131246 4.1332709904581683702 0.2374850722296010519 0.22548303044120499017 0.21379483496454051994 2.93677e-09 5.17774e-06
33117043.121149901301 5098 3.2204616718755048055 0.083677265733990008334 0.081212466882851483407 2.2912266229046140964 0.58437541477401999668 1.5355401176986904765 1.4519402560151082326 1.3688533393709350072 1.90652e-09 4.4833e-06
33117043.121149901301 6153 2.7629917256948286486 0.3652328259888491524 0.78517762376377586708 4.0303192535831282584 4.5571681867761757445 3.9708040175470982192 4.2879380543113976287 4.6207619419077161638 2.21408e-09 4.71246e-06
33117043.121149901301 5367 1.1199050133960255504 0.21834966878069839158 0.11937585234914112331 2.0713180096054779611 0.44862564897640694328 4.4261218170236134029 4.6441055019551500394 4.8619463262627329314 2.85701e-09 5.13044e-06
33117043.121149901301 5796 1.6000229376872630027 0.28626466221861884831 0.28536090354055293483 1.7275702721697250297 3.0662609117215056109 4.4824724866353875541 4.7748717116790002635 5.0605777539277507771 7.64873e-09 7.12382e-06
33117043.121149901301 5895 2.0936196169115932619 0.30858844772641075282 0.48891218798664637379 0.30350074621968092803 5.8140403185000817388 3.9332134836872056916 4.1850617193740928812 4.4517300144217069047 5.57854e-09 6.41245e-06
33117043.121149901301 5138 1.8427611177501679318 0.295039810383263712 0.16538622029418290071 5.1454709432858294349 5.5465391022332921622 2.4210738180093995808 2.1974598374726750372 1.9584809302292034427 2.37553e-09 4.82433e-06
33117043.121149901301 5548 3.19915193701891587 0.15907324916154180761 0.30653043794814727185 3.0335410126890272053 4.4502182830337257968 2.6951317777624472782 2.6206629622765378329 2.5414943175564808087 2.11518e-09 4.64123e-06
33117043.121149901301 5131 3.5227238773967051166 0.11467909862376657326 0.26505206673918685345 5.2099130979358569959 3.9157685378712661084 3.6798440289431546546 3.7418721302060924394 3.8066512696813763483 2.25296e-09 4.73989e-06
33117043.121149901301 6295 3.2558409909884393763 0.057828491780365483266 0.25727019362782077572 6.0167756172778696921 2.5033270196178611933 2.8276248721428216548 2.8092450820030974157 2.7903777827326727845 2.30061e-09 4.77307e-06
33117043.121149901301 6725 1.1290833879791817296 0.13745379105019581156 0.12863211679954777988 3.2158941480964680082 3.2714389784096824521 4.3853824496135578315 4.5189410126204023754 4.6538309083132229915 6.2698e-09 6.66707e-06
33117043.121149901301 5278 3.1327583666004268359 0.10339786759021056539 0.30591137817069219418 0.30639362327378127926 1.8468681573515617345 0.5015852890101126782 0.45391261585314596205 0.40857417092702746908 3.13887e-09 5.29389e-06
33117043.121149901301 5669 1.4267804940564088323 0.19760397700548060218 0.23562525231223871436 3.7300873420561599936 2.5121159471104803629 4.8540360607358437051 5.0482515106212737521 5.2348146390964318542 5.45549e-09 6.36495e-06
33117043.121149901301 5118 1.2571039087800335299 0.36637302934259713405 0.32353401713982310461 4.5163958692737891099 3.0132773140393633859 2.9987436073960025418 2.932232436502387074 2.8560876167821920291 3.95744e-09 5.71902e-06
33117043.121149901301 5053 3.012585228273232385 0.24278788437363171826 0.25548663288686768169 3.9254647898874615031 4.0693459901101505238 4.6912422446483112992 4.937060822021714479 5.1737467837586272879 1.90259e-09 4.48021e-06
33117043.121149901301 5116 2.7104094548773796092 0.071396181163531455272 0.078340448105631163567 0.618468226641666452 4.4949173817954823917 3.1301336628165805642 3.1292841444255365957 3.1284053860643448175 2.56354e-09 4.94838e-06
33117043.121149901301 6595 3.0430230128561017722 0.023344712388648183182 0.237385493304736378 3.6086111252711190467 0.39479736267172177433 6.1304023503971674103 6.1339151152224475894 6.1373868586674591441 2.5233e-09 4.92235e-06
33117043.121149901301 5290 3.1894403735908221087 0.051692749545018262802 0.12725272661426703658 4.600964543337158652 4.1472638914170421032 0.88472572661068837885 0.84535244735817061112 0.80667567388897276626 2.68653e-09 5.02629e-06
33117043.121149901301 5762 1.9159108767077683844 0.28406539024680049765 0.20576758172987796858 3.1815475988476378255 4.1309127046425970775 0.71953869437125117514 0.54761465425132305196 0.39971539009560341782 4.50081e-09 5.96963e-06
33117043.121149901301 6628 3.2952621236675376792 0.090985066446171714016 0.18507866734289629695 1.192168845663028609 4.9796628701102951808 5.4151834073092510735 5.4827359238679589382 5.5480330952386962551 2.5094e-09 4.9133e-06
33117043.121149901301 5227 1.9050045015537560023 0.10283213665625698385 0.12132077611607930412 2.5267959004865301331 0.72277976280251399199 1.453280928323308796 1.3515895222703053768 1.2512181338550307785 5.94474e-09 6.54979e-06
33117043.121149901301 5481 2.3362898762946970876 0.23697317401062992226 0.77396126521824570865 4.3875193634850235824 2.4371133572405021539 4.0816310780383773249 4.2898278297458016795 4.5059572250893866752 2.0621e-09 4.60207e-06
33117043.121149901301 4662 2.0598553577432321404 0.40485167248500480985 0.44681582164169980631 6.1337881368509723501 3.7638456749529050072 2.8709557837102037681 2.729177759746080234 2.5669039330583003355 5.28399e-09 6.29754e-06
33117043.121149901301 3089 1.3592099664069747789 0.26316515812444452038 0.26914102594910471744 0.068100401418067904591 3.3607104235099463097 3.0417623810677891782 3.0109605459323445231 2.9766804180745087827 1.46985e-09 4.11094e-06
33117043.121149901301 5878 3.2438877664312237847 0.01044028316143405348 0.078092283118849900592 0.50598123061908317766 2.647727351418444286 1.7194032616471439656 1.7090698718395787026 1.6987292366367554575 1.44428e-09 4.08696e-06
33117043.121149901301 5489 3.2210195293242240844 0.0036118822379779423268 0.29585332947330406084 2.8501567835786056904 2.7086051642477593226 3.0956060043383470948 3.0954396638883006077 3.0952730238992041123 1.80848e-09 4.40509e-06
33117043.121149901301 6960 2.9808470846137673504 0.22700517084914018096 0.10718099892654465999 3.0382580115813668797 5.0721618547434665913 2.6468618989510983575 2.5255067141295390876 2.3943328774849721441 2.28045e-09 4.75909e-06
33117043.121149901301 6292 3.3666066611055391888 0.036172734128535381781 0.31837130930076301683 4.5720024755413364304 3.4721763387655717459 1.4040238874443500272 1.3684519461621285075 1.3330172035086915727 1.7586e-09 4.36421e-06
33117043.121149901301 5358 2.1702163761944657239 0.37980629587638325972 0.20946120657233585627 1.9081087440179829162 4.9653579760785415687 3.7785528845088247607 4.0556890693909419809 4.3564999347259663054 6.59336e-09 6.77983e-06
33117043.121149901301 5535 2.1903411341784670974 0.35919684646397975758 0.39097391439656459244 6.189486329197586123 3.5853486454259551053 2.4510306012554541333 2.1765022640782567542 1.8812063992559764358 2.07392e-09 4.61085e-06
33117043.121149901301 5713 3.0620902645793406371 0.19198113731336202692 0.21668366076678227672 4.3095157794301375276 3.6399319921311565906 0.1910639899976276368 0.1574636246743151835 0.12735834876285598294 1.49134e-09 4.13088e-06
33117043.121149901301 5569 1.9344469405889714864 0.17176073890981174985 0.379885664411641788 1.0428257153728612838 2.7644186489708801879 5.909462959823192918 5.9679131788269978998 6.0211719240226644345 2.77052e-09 5.07813e-06
33117043.121149901301 6450 2.6776485705384107661 0.27010808329856034193 0.07713434343671903004 1.0373875611941214547 0.91040929875590348441 0.84875401754674539845 0.65999230649394036163 0.49438613043986534556 1.74846e-09 4.35581e-06
33117043.121149901301 6969 1.9517212937512717907 0.067968383456379011243 0.11384801308145355014 4.3557352103642026364 5.9469073763664868082 5.8144151253024300985 5.8442502012119659227 5.8731351165657086355 2.41679e-08 1.04535e-05
33117043.121149901301 5576 1.9862314245543839508 0.55057284492058689018 0.43542420164699480178 4.3238746166982835462 3.9413150924261981523 3.1884803344482466336 3.2286449790926088355 3.2765131137961787111 5.46785e-09 6.36975e-06
33117043.121149901301 5647 2.0944992113507976406 0.29641377583107503257 0.47677606727513299756 5.2638030301901235219 4.7794045285952151403 2.2152666021627478443 1.9501329471532211635 1.6747910807195034444 2.57441e-09 4.95537e-06
33117043.121149901301 5992 1.8045079528315270956 0.014675497198619286837 0.1717904944098291864 1.2039844707899287624 4.1835368817412614817 6.083518341127652107 6.0864084898981234417 6.0892776871191118815 8.41385e-09 7.35386e-06
33117043.121149901301 6761 1.4192133948774301455 0.069003637927391045515 0.015826843066667272558 3.6956183994242826074 5.6662570171388768614 2.6288519780890013955 2.5939123926836424872 2.5579816332817371105 4.88068e-09 6.13306e-06
33117043.121149901301 6421 1.8077232514462215907 0.13159745765630859182 0.032617333032551577843 5.6229084625789775842 4.4985100207980952547 1.8205583726543907996 1.6905440246627441159 1.5598889616806637104 7.66894e-08 1.53613e-05
33117043.121149901301 5394 1.4890864326093760095 0.17598689578111223475 0.18045662225803743572 4.8803929318436116702 3.7775038490762358201 6.2021501984321512069 6.2153415080273060056 6.2272719705032333337 4.23442e-09 5.84945e-06
33117043.121149901301 2895 1.2855863912847376174 0.051005746377878732889 0.042181436324925894454 5.1530281674041633622 5.9333519859664383134 2.6155689081436137577 2.5893654848610441199 2.5626086534034593356 1.06911e-07 1.71603e-05
33117043.121149901301 6189 1.5027407843175744073 0.091194077730650441316 0.15181940749216413233 5.0565080680418068582 4.098528212489945588 5.0341046526982218268 5.1195139111708245494 5.203254064057764694 2.99935e-09 5.21426e-06
33117043.121149901301 5234 3.1112188721251365919 0.20196740507519986285 0.08786191620408838332 4.1925520501092332637 3.3061858271197048786 2.4959034404605722202 2.362407782081940244 2.2204853471777714624 2.35138e-09 4.80793e-06
33117043.121149901301 6129 1.3475065142702646881 0.42413873422435621752 0.51380552852868399683 0.92165447041018433438 4.5072866723840459002 4.3095568205409806595 4.7509163601763368945 5.1747403462645094052 7.14833e-09 6.96495e-06
33117043.121149901301 5351 2.9508270713474225033 0.21176570239413761154 0.11818714169057321917 0.93284090166899302776 0.76289820757491710879 2.2140971484489218035 2.0314595055463602336 1.8417687081610618627 2.44807e-09 4.87295e-06
33117043.121149901301 6272 1.9789350312311055902 0.39496807542207124087 0.14848108597830406152 0.540322018244789537 0.78271862393477598108 1.9627680383781580531 1.5555366647522523849 1.1606145740348297046 2.92426e-09 5.17038e-06
33117043.121149901301 6230 1.8382599749230059683 0.1390299330185337523 0.13490977474622961596 3.8741900230029262531 3.9776223548804590102 5.5623417902955321068 5.6498982041187915115 5.7321757903670578216 6.03494e-09 6.58276e-06
33117043.121149901301 6557 2.0980046281727058322 0.16794891290208494028 0.20021215250831575494 5.3306696539239535326 2.3726891078008742753 3.131001345689055082 3.1290443539124304095 3.12693693592947497 1.93092e-09 4.50234e-06
33117043.121149901301 1239 1.8114967041565530614 0.1752044251010200504 0.23567927898186169511 1.1163623722978481823 3.268391829527570458 5.403091882962051784 5.5317666732669881213 5.6513745420640812966 1.31823e-08 8.5411e-06
33117043.121149901301 5775 3.0217752742550461065 0.18319596674219001953 0.1159251977810160511 4.6594968695881711085 3.1041816643659543296 3.2123576428049260834 3.2267469554384424768 3.2423280337498838755 3.02463e-09 5.22886e-06
33117043.121149901301 6935 3.4962383313347271674 0.097837455495291367202 0.41411573355693814813 1.3810100647622707282 1.1419808720442703454 3.835475597924033142 3.9006297186010092659 3.9679637209836333689 2.603e-09 4.97365e-06
33117043.121149901301 5807 1.6164363615497410187 0.093871510405251074038 0.19298939171570994588 3.9652479240801312699 1.7884681334350067683 3.7319563392369836663 3.7864430313407848594 3.8428672126165230871 4.88354e-09 6.13426e-06
33117043.121149901301 5927 3.467000020178147679 0.13886467723997150681 0.16496129345592711046 4.1992909678488761216 5.4848781776423667367 2.5200104153120301831 2.4339199050038056171 2.3436485457741520477 2.21586e-09 4.71373e-06
33117043.121149901301 6445 1.5728469520889079014 0.22256572692447892936 0.042775397155582331465 2.286304105935864861 4.6813999146488054492 4.0325246675827930432 4.2206119625509028737 4.4168025725800736936 2.3322e-09 4.79482e-06
33117043.121149901301 6807 2.1501992917409284978 0.30300025075708225675 0.15968764729648271539 0.75980291532856114589 5.3150093907190294473 4.0628983208528364202 4.3339299399790336409 4.615488410176975087 2.57067e-09 4.95297e-06
33117043.121149901301 5494 1.2391693693422458633 0.34135152241472493939 0.24790739083904864137 1.3473558518558352848 6.2146170982657107373 2.0585185800172833837 1.7228791976004269593 1.3854676660723219683 2.97785e-09 5.20177e-06
33117043.121149901301 6119 3.1302221943492556377 0.12853928632501115947 0.1913068167299567246 4.1668870164118274602 3.4006814268340455065 2.2798644063142483596 2.1776925095585544234 2.0721074935544887552 2.96829e-09 5.19619e-06
33117043.121149901301 5559 2.3311112065815899896 0.3092499216829741604 0.3125464597839390235 1.9249087614814517355 4.2173803893416348387 3.5770771678744148758 3.732941189064935994 3.9053421662007870019 5.44342e-09 6.36025e-06
33117043.121149901301 6737 1.7388087582795344055 0.26972532679476884931 0.21076972741483707141 5.3535237205765078272 2.1715386308752413491 1.5719496606319072196 1.2987993128401877918 1.0389900847416189134 2.16814e-09 4.67964e-06
33117043.121149901301 1127 1.2605053978955842453 0.4929859345847694696 0.24088746347734427133 6.0960451940482363042 1.7646889814023478671 3.11651101865446023 3.098556898344071886 3.0773474246656125075 1.29908e-08 8.49954e-06
33117043.121149901301 6005 3.0452089755262528037 0.11515470459943050185 0.59145757891562544817 5.1754779890159063882 2.1901132731666881348 0.14758227366883666654 0.13151128129114120213 0.11641075434769201924 3.36675e-09 5.41902e-06
33117043.121149901301 5209 1.5051513821687132477 0.25116098194948571765 0.079854698722054237581 3.4614134619282235228 5.1739357166944390798 2.4198770531006115192 2.2339083111503152956 2.0359732642296055616 4.75685e-09 6.08074e-06
33117043.121149901301 6996 0.8514841491595076528 0.14122535682126644008 0.21667577403439108874 3.9449449679528290069 2.8325256065114032822 1.3411050025905726368 1.205302829050155955 1.0734057609927372123 9.30536e-09 7.60492e-06
33117043.121149901301 5406 2.0604020314997244512 0.32385823501685689907 0.34315139393720167638 0.98828182250795171271 5.3433080459687865016 4.699829347254917522 5.0302866821617691073 5.3379178813501280132 4.61584e-09 6.02005e-06
33117043.121149901301 5938 1.6140532471755288935 0.14186157939677485063 0.20097806767232959113 3.8119127957670135842 6.1753250337158265282 6.2669307536239609036 6.269094062214820795 6.2710930023270039513 1.88863e-09 4.46923e-06
33117043.121149901301 6827 3.1079952721516281855 0.1560301280991411299 0.1755105465002356202 0.50758976460479121595 0.19576421712444885825 4.1249496780689707265 4.2613551708105461557 4.4017818101637731232 3.04652e-09 5.24145e-06
33117043.121149901301 5420 3.4646655101786287823 0.15023218175799371576 0.21490798942213470979 3.9723949569676624272 5.515481374556480354 5.3462112807607971021 5.4626095515955910287 5.5725101766692484162 2.55489e-09 4.94281e-06
33117043.121149901301 6167 2.0223721901173639104 0.22142417354462884393 0.14779599988707581293 1.3607890849423232016 4.817343719373650579 0.016956603596404110773 0.013538166238792047683 0.01054058053723873345 5.7681e-09 6.48427e-06
33117043.121149901301 6401 1.6188667091017912014 0.099695742240110851728 0.22277327058569384999 3.8925748513602425049 5.9602729767170563591 2.7455544907903108864 2.7051412224309623333 2.662997218516792497 1.93159e-09 4.50286e-06
33117043.121149901301 6586 2.0874569686256836398 0.23637078830260002671 0.21215487211992212213 2.8584426873095103439 5.4644062570306530802 2.556436357461383313 2.4095655114432341648 2.2515802785680016918 2.89513e-09 5.15315e-06
33117043.121149901301 5195 2.7552049276288013147 0.18183576281788005335 0.12888767303468984249 3.2418177558815872707 4.419660191996460874 2.9123596336942565443 2.8666168377341159079 2.8172441256318285774 2.26107e-09 4.74557e-06
33117043.121149901301 4963 2.0969657196812661049 0.19248011088526428836 0.22892384182234104539 4.2081787235511178835 5.877074120988501349 1.2624745984009018152 1.0831240123316003832 0.91308209013394225906 2.1769e-09 4.68593e-06
33117043.121149901301 6056 1.1869788440295743204 0.21476031748505852725 0.21034137422662646522 0.45110385083220666536 0.46529352662516820782 3.834949101237584479 3.9862014461887569361 4.1467801834868147637 5.38932e-09 6.33911e-06
33117043.121149901301 6170 2.3477462124213319683 0.32683020862457151656 0.39532107386851400577 2.5921716117686131042 0.3692921149542242043 2.2706572451738513685 1.984369322656215795 1.6850939263295887649 6.44558e-10 3.12323e-06
33117043.121149901301 6886 2.7775195904419471837 0.1304393538008923048 0.54115888579698245842 4.8535067196173748982 3.3035457687374756297 0.99083878419779847224 0.8851552993062945518 0.78419350107078367174 2.88448e-09 5.14682e-06
33117043.121149901301 2992 1.7140551174762674869 0.04432857690375230364 0.071044183550186573717 0.93178730545648180694 2.4104354739103368566 4.1154683041237252183 4.1526079023759834286 4.1901706697182206085 2.26492e-08 1.02298e-05
33117043.121149901301 6243 1.4385403278422943529 0.10892654077149173386 0.086215995565470035511 1.3196281108842429219 4.9583278690000316402 5.3499763538672091556 5.4349479324022587079 5.5166554664607057035 6.87089e-08 1.48088e-05
33117043.121149901301 6186 3.2366187054459940597 0.046709052534244427379 0.18949562013760082313 1.1830473625238402402 1.0855232129311898071 0.061140794273933915526 0.058350273146007630709 0.055626333510690725848 3.14704e-09 5.29848e-06
33117043.121149901301 5846 2.7835506475830111839 0.18274951022877070073 0.10780648288063734985 1.5171455937146725024 5.9559706351297094784 4.8333002953827373105 5.0137536394985495747 5.1882670524301364168 2.37403e-09 4.82332e-06
33117043.121149901301 6333 1.7026385332086999558 0.063537861547231469506 0.22599161325023450764 1.852699077449688092 1.0506351659680190913 1.1886146569905846615 1.1303094509283664326 1.0728366482882647492 1.94245e-09 4.51128e-06
33117043.121149901301 6138 1.9607462866335831908 0.44344147944432815711 0.43032481031698549545 1.5624379737218427877 2.515502903655121969 1.3107269458980674859 0.89068683451007402141 0.54590936985070093179 1.45536e-08 8.82754e-06
33117043.121149901301 6244 3.2117240783474003685 0.03677644137995137591 0.34375661997313006202 5.0713005888270448196 5.1742601352040455964 4.0323739030695016083 4.0613123076567925196 4.0905654567661224874 3.08558e-09 5.26376e-06
33117043.121149901301 6192 3.2021222365027597334 0.24150432370980587371 0.3446152273983904557 2.1035264845843184567 0.1529423435140722376 3.2281697465777412503 3.2523131360576167381 3.2789980114576522396 2.79503e-09 5.09306e-06
33117043.121149901301 5914 3.1769079364034480406 0.082977733337275885739 0.10641274968976280335 2.5609551154352767632 4.6268007361731049443 4.2468595676988964982 4.3225111746824138592 4.3992618863241448324 2.63408e-09 4.99337e-06
33117043.121149901301 6739 3.1820439896807135582 0.0689770023430052448 0.21570428289183546378 4.3069765939182005354 1.9535817734961857806 6.1668324267279750472 6.1745836726313045872 6.1820599712810677673 1.84353e-09 4.43337e-06
33117043.121149901301 6164 2.0900835818232539332 0.44408716699954359219 0.56518401435892895446 6.0613400482632293631 3.7263554237262406232 4.037826674527541293 4.4599836137586228446 4.8899996666415850299 5.09634e-09 6.22209e-06
33117043.121149901301 5361 1.6318860452522174764 0.44199006024314485552 0.33271914241515521127 6.26523256996605582 3.108549059643234358 3.1007314207187652855 3.0759213038975188326 3.0469160791841720659 3.09083e-09 5.26674e-06
33117043.121149901301 5650 1.9783915064399215655 0.25152539328800249674 0.30750505549784168391 0.52091829608332806956 5.0261511355330661388 1.9707597943327153089 1.7242247963427530522 1.4756540910531916744 1.14639e-08 8.15256e-06
33117043.121149901301 6897 2.1651132281623661768 0.3570945547190495506 0.40744529863328210473 5.3437889020583844157 1.2542774566471113218 3.8255350949070638933 4.0961611498708974111 4.3875733120274356125 2.6229e-09 4.98629e-06
33117043.121149901301 6655 1.5935607040080712604 0.28652791430065316369 0.070029915643484930143 5.5011868798204677233 4.7349991654177809863 1.5240854180391816275 1.2357398725383110794 0.96514527478461087373 6.32791e-09 6.6876e-06
33117043.121149901301 3400 1.3143507383967030222 0.272289525558755241 0.2223600588115554888 3.0664076675789484483 3.3251095283681233461 2.8389281325194715144 2.7436472130238920286 2.6381281745571123487 2.20416e-09 4.70541e-06
33117043.121149901301 5798 1.4148098190088471693 0.1700348723864435474 0.25083232783338432759 5.5370809286253255266 4.676132369065026495 1.1998003066107454373 1.0452863703190944378 0.89819460383433624706 2.01067e-09 4.56349e-06
33117043.121149901301 6362 3.0180821080707320725 0.098523519473117243672 0.23269050806867849768 5.3441221772570219883 1.6110194155271362337 5.7308586217862984569 5.7805761934520250023 5.8280363143649722701 2.92709e-09 5.17204e-06
33117043.121149901301 2928 1.9564080236320728901 0.37107481600153746637 0.16014466908783264731 4.8999985344106562479 2.0927888193380486115 1.9987844441277928809 1.6227902006792638279 1.2522168466423224675 9.69793e-09 7.71039e-06
33117043.121149901301 5185 3.5386400507852240338 0.055803612793511897516 0.24195702477543343245 4.1995230753193881768 3.5681693733014081538 2.0976691949719663555 2.0487181742844939869 1.9991672081848690379 2.64564e-09 5.00066e-06
33117043.121149901301 5885 3.4924407284958918218 0.093812690781165344878 0.28491933620409415351 5.3656582272145021406 2.5813542197440488835 5.0618274170380699317 5.1487113805880504458 5.2337349457738637781 2.25928e-09 4.74432e-06
33117043.121149901301 519 1.7166339145161506607 0.060370013137184569407 0.11216996287795109877 6.0119373038400647502 1.0708093031190306643 2.895029886851473222 2.8798369477638141589 2.8642145858506555811 3.92741e-08 1.229e-05
33117043.121149901301 4406 1.6800458985298400982 0.060825880697769035832 0.21818501861367292638 3.8091109981254880346 1.3212116956556856362 5.6790156036303152121 5.7127530468597722546 5.7455987741874485764 6.27014e-09 6.66718e-06
33117043.121149901301 5578 2.8809250672621957712 0.097436504801604623127 0.17884567658709757398 1.9403044683710832796 0.88855562578072155855 4.1640351943141311608 4.2495093571046949066 4.3366926556151250693 3.04211e-09 5.23892e-06
33117043.121149901301 5134 3.5255774467872051936 0.066194706823043208965 0.34929987221262775998 5.3573230723277189824 2.8830283000574916663 0.51884257144839096565 0.48690397638895277499 0.45593200834238872821 2.31886e-09 4.78566e-06
33117043.121149901301 6863 3.1102091330640613265 0.065167269286301843234 0.088433351512816157913 6.1968858019138011173 5.1129586864987004446 3.3218178316677624551 3.333899111290228312 3.3463540975759689111 2.72515e-09 5.05026e-06
33117043.121149901301 4313 1.975248875897822165 0.43684570136070255408 0.32050709056281306841 5.9768285428982732554 2.6391421888192478917 4.1606292805463871431 4.5988643285557380125 5.0328980517045858178 1.98502e-09 4.544e-06
33117043.121149901301 5577 2.1532425998713984328 0.26244168881775198354 0.49657183644827790348 2.7690837782515522747 1.6930138670910324095 1.8450933479335014376 1.5798700917013144274 1.3174392066427200731 6.01747e-09 6.5764e-06
33117043.121149901301 5417 1.8042034247258844637 0.11531628989536994723 0.18529685016179553436 1.104289092026977448 0.049367431428082850231 0.5512526402262187819 0.49351527703233660782 0.43888711160446786108 6.2485e-09 6.65951e-06
33117043.121149901301 5880 1.418766062694422958 0.15192709763742182072 0.21974112683692589854 2.7030235955136685533 5.61371631745878652 5.5376731893133142037 5.6357455081050114032 5.7273797734106492996 2.24295e-09 4.73286e-06
33117043.121149901301 5030 1.5490807633419187983 0.26312922224093887591 0.31228860877459918566 3.150870707036577123 2.4636917066977073176 3.6568409566425561508 3.8059564400539738216 3.9681909619892192786 2.14686e-09 4.66428e-06
33117043.121149901301 5240 2.0823616368077764172 0.16369604596513021022 0.15695063177271106891 5.2739990129868079549 2.1424521162242968764 3.7799061253669261617 3.8849678933052231855 3.9957535425496462089 1.54708e-09 4.18172e-06
33117043.121149901301 5678 1.6424951884712795103 0.18746783256647164828 0.17908864997087720061 3.0930146347402391882 5.1001419846124305124 4.9181090354679888321 5.0992591396954374261 5.2728720602879119994 1.85255e-09 4.44058e-06
33117043.121149901301 5625 3.0298673416715153905 0.20781503842635618007 0.089867911342777800909 4.7226771815615169459 6.1895642936949899493 2.4616556109463596513 2.3180465729371886319 2.1656016820933707834 2.295e-09 4.76918e-06
33117043.121149901301 6997 2.9709369170498711732 0.26885889466406193149 0.24496812736073164674 4.8146977520058769073 3.4310090882702604098 3.4888304364359230547 3.5957151255339767637 3.7136565041821509858 2.77488e-09 5.0808e-06
33117043.121149901301 6029 1.9262514560309895728 0.30753630600445874821 0.047711598298594844192 2.898013192162551821 2.4912837571486905475 6.0823124824681826794 6.1367722610593222754 6.1816388872708643021 1.2969e-08 8.49478e-06
33117043.121149901301 6282 2.804082380773498695 0.15741746592370745028 0.058745978496405538982 0.2405030264687372521 1.2770956728304989625 3.9751507427938279626 4.0988594493554222353 4.2275672694611667879 2.68214e-09 5.02355e-06
33117043.121149901301 6604 1.1644190219695369493 0.051580663880272284438 0.14246447352934246688 5.9919979383925490168 2.5471773640019717 1.9006262968770766264 1.8513917948037714734 1.8018284142210412302 1.53681e-08 8.98925e-06
33117043.121149901301 5362 1.3973992259435434882 0.32675927186204051234 0.3358630112750625174 5.2911195535109598609 1.2966721144287436385 3.0351331964231320626 2.9922796403802713883 2.9436713151728977067 1.49782e-09 4.13686e-06
33117043.121149901301 1465 1.2374980475205750174 0.24387170454743539727 0.11439161333368401408 5.1192493784531380996 1.2146236505850180887 2.0102608281575431448 1.7748134326301143737 1.5359994817570195025 7.44584e-09 7.06027e-06
33117043.121149901301 5877 1.3139349734240739487 0.35708398360765031265 0.25808729260898122249 6.1174179440721410117 2.9136668776802694403 6.2313708711100002091 6.2475175608321906751 6.2602512414438891142 2.13222e-09 4.65366e-06
33117043.121149901301 5479 1.6468944624776724606 0.29435098749908134019 0.18977122434127596806 0.71948589718014333005 5.8993058364686170592 3.1083640759214974381 3.0965929057461587526 3.0833516554590487679 2.12255e-09 4.64661e-06
33117043.121149901301 5257 3.2104460643568923928 0.1399749267858449997 0.19753316201679188557 4.391115346968073041 2.7859802011332663874 0.51799682479169029126 0.45238123356325815605 0.39119700695111664368 2.20895e-09 4.70882e-06
33117043.121149901301 6565 1.7255656021759007146 0.41075744914965667265 0.11943705241780214199 5.7461086942174555148 2.8103238649507531477 3.8679456411163850582 4.2047393437246372017 4.5636959614280439013 1.41094e-08 8.73682e-06
33117043.121149901301 6327 3.0129788902255034699 0.11624476776098095765 0.13976172969306061011 1.2014982781243033205 4.5287700278801983345 3.8086502766924885677 3.8842420157434283112 3.9628516115573795275 2.25041e-09 4.7381e-06
33117043.121149901301 6313 3.2467567020214285201 0.05255379191631034258 0.35975488649881537384 5.793704101276881957 0.52008789107741726365 0.57591828236714248668 0.54789726069013744425 0.52052233534454406261 2.33149e-09 4.79433e-06
33117043.121149901301 5890 1.9612001509792007514 0.53254337988232391954 0.30293755268835709238 3.7028438571720800887 0.52475245998535013925 0.67506897154402867312 0.38291815532929096566 0.1839445719943059443 4.73576e-09 6.07174e-06
33117043.121149901301 6709 1.9508420730178857028 0.55945392745987221339 0.23817605547621403805 3.3242843680697125031 0.12321844620829963679 2.5133890573978732164 2.044367750932558625 1.5464844378373459044 7.37402e-09 7.0375e-06
33117043.121149901301 4581 1.5050170636419006875 0.34303269493581600713 0.28132867291521290731 1.3971081460222367632 3.7935551619226672848 2.8167268019923383804 2.6812788710592201369 2.5288937140134799542 2.62777e-09 4.98937e-06
33117043.121149901301 5923 3.027649404128383015 0.048564497716003879324 0.20479439040638902636 4.7197928875563937012 3.8149533814372116325 2.7164462609597044285 2.6959508715131623724 2.6750177726650625765 2.22479e-09 4.72005e-06
33117043.121149901301 6677 2.2295164129707338851 0.18076310386250754592 0.22426854286484804168 1.0704277779905402301 1.7962602824635756082 4.656394504156022407 4.8387986677305976357 5.0181194499598866798 2.33048e-09 4.79364e-06
33117043.121149901301 6023 1.7220605044218937341 0.064475932018398893208 0.32111461699503413003 1.7450672962090649776 0.47849250266821463651 3.7682513840501474789 3.8071132054182843518 3.8469250740584453041 3.26695e-09 5.36493e-06
33117043.121149901301 6842 3.142747160714680188 0.078632295467455551319 0.12300570389921987313 0.51676747763601171837 2.4735983366183984522 5.9247717996922171224 5.9514138567517669287 5.9770258411348837768 3.94698e-09 5.71398e-06
33117043.121149901301 5437 2.0454297564017709377 0.30345613923138664569 0.31239174559290000532 0.32890231986185952673 2.1445110916781962018 4.7682981547277947243 5.0735327762459778711 5.357413955803767891 4.54448e-09 5.98887e-06
33117043.121149901301 6001 1.8238107240348759852 0.17034015918829945035 0.3996478401380624268 1.4118274495092595355 0.061151174214945681895 2.5297615729590385847 2.4238577128432221564 2.3118283803536598953 1.89847e-09 4.47697e-06
33117043.121149901301 1517 1.9797097359442645814 0.49189389570006603059 0.55437958458113134608 2.0131630200413006548 5.3713456771596010952 1.5573475170047386129 1.0448619382209407558 0.61944492685169749713 2.17631e-09 4.68551e-06
33117043.121149901301 6356 2.0970651316700488209 0.54898418098326795533 0.45857529935531399223 4.3202927245372624299 3.7362240406386857394 3.2048239035930605745 3.2586793496605084286 3.3228113248771413701 5.8318e-09 6.50805e-06
33117043.121149901301 6121 1.6537593931419887205 0.33355774411010236102 0.19132602222182132357 5.6541075324885126108 5.3511325359572277094 1.9517231252098292682 1.6144445524653090462 1.2812044996165770083 1.90564e-09 4.4826e-06
33117043.121149901301 5717 3.1689010443437757303 0.14032392628663822864 0.2308070743127755009 0.87142573844243442771 1.8859756914766161451 0.53953064895788127586 0.471242390504461095 0.40753622442316850272 2.31886e-09 4.78566e-06
33117043.121149901301 6197 1.9759726533395840509 0.081049807336614571041 0.26492385924792327678 0.70249627718124152409 3.2010350217050622668 2.4344404891120730028 2.3800320375937400463 2.3241034724446407722 8.02678e-09 7.23931e-06
33117043.121149901301 5211 3.2077421235636318642 0.078663972163546799776 0.27060059580236223153 4.7759382897090603137 4.6300831508073283516 3.878678649132705214 3.9332108201863662522 3.9891795505003355693 2.07199e-09 4.60942e-06
33117043.121149901301 6154 3.1265146761073467907 0.11305422370597656423 0.23328156944151581809 3.7229359413112343979 5.3729567645822999822 6.2180608713882810079 6.225046579258238566 6.2316157058205083885 2.04677e-09 4.59064e-06
33117043.121149901301 6204 1.6335703940880941243 0.097528845697627208899 0.28335252298525498427 4.6849887429909466974 0.86726563548190271913 2.5717042379048855594 2.5167078531942155273 2.4596531033234496633 2.26769e-09 4.75019e-06
33117043.121149901301 6392 2.981701378537107594 0.28807353183250106188 0.17955282395862121048 1.3737424975151506512 0.95900952636138525609 1.4951842966767068255 1.2069520871984911192 0.93773709178532826947 2.75286e-09 5.06732e-06
33117043.121149901301 5076 1.4616642333204352688 0.40966941236921372571 0.1346713937064427935 1.28106839521559146 3.275221073736321209 1.7720263793943522579 1.3402542452602195233 0.94142359190992896956 1.5547e-08 9.02399e-06
33117043.121149901301 5288 3.108132439295995475 0.25980592158672222158 0.26712385042740788288 5.5990913489456817231 2.9209303110071189735 2.7151648548858062782 2.5910287148471118357 2.455106591922930459 2.94866e-09 5.18471e-06
33117043.121149901301 5459 2.9529307884663729133 0.18513233188151728692 0.20700186752783911182 5.9955616877880029136 3.922669359876052475 1.590610488607730133 1.4040972525537005478 1.2215312519464940344 2.51526e-09 4.91712e-06
33117043.121149901301 6816 3.1005145153474549247 0.029844860500430232808 0.18914716752641894115 5.5494098443375943219 0.058184982374947818995 5.8756345413221149343 5.8873064643718455713 5.8988152158704343364 1.76213e-09 4.36713e-06
33117043.121149901301 6572 3.0108841757892896851 0.20318837331672578994 0.15979441505505193044 1.4174269732499302776 1.0692220919198314188 2.0842324619321126455 1.8964332736094364762 1.7039230280960344643 1.66053e-09 4.28153e-06
33117043.121149901301 6740 1.8451302734583312493 0.36896240313283790169 0.27526535745372787689 5.9579373417946435154 1.5604805507108507889 0.64640842152352473438 0.44721561166495232831 0.28765536430667992818 1.33102e-08 8.56864e-06
33117043.121149901301 6480 1.7323398564432441749 0.17297322395206571333 0.25042331911691462221 0.39502899120546575151 1.1629078512736503725 2.3143632524032287101 2.1782467137873999796 2.0362173717034282028 9.59462e-09 7.68292e-06
33117043.121149901301 5642 2.8689455931617242612 0.17184672551323765255 0.12644861365576601231 4.8394686618757010166 1.599561014778341228 3.3062510568725014259 3.3372777572919347655 3.370691395532103396 2.80041e-09 5.09633e-06
33117043.121149901301 5478 2.176680653856037484 0.41626409767563771203 0.26596340098464560375 0.57941993513898648605 6.1884369692791709738 3.2424138180946067145 3.2984453699108806646 3.3634701254613998955 2.28234e-09 4.7604e-06
33117043.121149901301 5788 1.4505151906147260021 0.27256030920854962263 0.28608655669653915155 2.4586354633852063323 0.55465110326902244964 2.9365071113691052496 2.8710465431838230188 2.7982026957816339419 1.43499e-08 8.78617e-06
33117043.121149901301 6815 1.8811362493600851664 0.36770511742935929611 0.12610593468210820611 1.5886823933470870518 3.6713609164844851485 4.0049039591458681642 4.332471560890428286 4.6739575617051123402 3.57143e-09 5.52668e-06
33117043.121149901301 6617 2.7535740917214397427 0.13345475326067648969 0.03722982036272202977 3.4201734232628484556 0.81356239619047965306 2.172739493512146236 2.0580139298341961762 1.9400881171858690433 3.93262e-09 5.70704e-06
33117043.121149901301 6667 1.9407835343894426217 0.32130204480609858564 0.23658786592543235017 5.6758858907497167223 1.1434009388572796695 3.4101225842896822904 3.5141656705060375643 3.6311238323315149223 1.85586e-09 4.44323e-06
33117043.121149901301 6040 2.1911738620534939592 0.47592427712497725745 0.48670919416104102551 6.0130555734455573003 4.4980590617374298645 3.6588665601417531548 3.9772655103609464433 4.3302813674335229877 4.48499e-09 5.96262e-06
33117043.121149901301 5950 1.6313904332499880034 0.2157602303834085522 0.13356470523371971604 5.8587332036138253244 5.2464886466605280546 2.018597217885408579 1.8127588978015407584 1.6032838500477140098 6.81029e-09 6.85339e-06
33117043.121149901301 5158 2.0000750257122974496 0.39624235952852848719 0.12086652677553351432 5.8009216625712083371 3.3332449347036159359 2.9732421208373907007 2.8863668937539550541 2.7863300174938472331 5.85576e-09 6.51695e-06
33117043.121149901301 5252 3.1416048722007436922 0.22353708502861582841 0.16491922460162561359 2.8462587020175669217 5.7914226899357714728 2.9695703564197066804 2.9259580992136711153 2.8781284659847705676 2.42859e-09 4.85999e-06
33117043.121149901301 6104 3.3468586659207968381 0.022413250984684784245 0.13621264179403300143 3.407143919041119684 2.1472035965251050627 4.0212861694466717211 4.0386825670854609172 4.0561988512311701882 1.75259e-09 4.35923e-06
33117043.121149901301 5196 3.5738095055894456564 0.13962269424508735871 0.20491991985682386779 4.9499734422720953475 3.9694010685408898098 0.30072003089909282725 0.26177401693894847279 0.2256404261967041025 3.02458e-09 5.22884e-06
33117043.121149901301 1284 2.2531684833928840028 0.17324833838552661236 0.22081591249428189627 0.10109437243804574036 5.1867680009182315359 0.1644356979013281983 0.13812666737194040367 0.11427247320870467795 3.64405e-09 5.56389e-06
33117043.121149901301 6952 3.2211161431858457149 0.13988372544705504619 0.1315998028332167058 5.6333813183448402384 1.5211454093092653395 0.10854300113823681095 0.094309350407272493633 0.081136554440576033609 2.57429e-09 4.95529e-06
33117043.121149901301 6978 1.5866896625670006138 0.33005603767182628561 0.40301737992271879918 2.2964465881280298198 0.020560817502502062859 2.0519993779012177804 1.728178504606380228 1.4022016404267925171 2.46129e-09 4.8817e-06
33117043.121149901301 6692 1.9240632375133157606 0.28705892690669715384 0.21360303621555981612 1.9639082316034195408 2.3866703681639354073 1.7728574676369457386 1.4790176611614875846 1.1931668809441273726 1.32225e-08 8.54977e-06
33117043.121149901301 6425 2.2378551679441480715 0.32110305825236068467 0.39132642175657544881 1.4075944531080175626 1.0936206122403231422 3.4643640685332108831 3.5882252055820784697 3.7269195272398856211 5.02719e-09 6.19382e-06
33117043.121149901301 5767 1.7717081301994879183 0.40752243857196246424 0.33748240191042189196 0.94476618550056701284 4.4870855650799432723 3.9103554442162855587 4.2565827997749847711 4.622499826018372282 4.97944e-09 6.17415e-06
