52238193.018480487168 0 5.398758044650918464 0.023188309886942305021 0.031312337145966165353 1.041388291371475372 1.4804328343415653624 5.2767717421599611427 5.2962452151556931312 5.3155922221336355804 0.000954966 0.000356051
52238193.018480487168 1 8.9916337825472485434 0.086257154754398351892 0.039652874594998402391 5.8123473791738087257 3.1661433849427886855 2.5474215322922844074 2.4972567786466841611 2.4454449001904476901 0.000285285 0.000238018
52238193.018480487168 5775 3.0386548370755730453 0.13603225601975729719 0.14670590444189576806 2.3196230411217531042 2.1107948013181734304 3.5932701196336496174 3.6568084285372912667 3.7238345987992018671 3.02463e-09 5.22886e-06
52238193.018480487168 6920 2.3587408519861754463 0.10498124642842969478 0.30306780707314873169 5.3273333440796397653 0.35714953631195511807 1.8237828664138326928 1.7205926205164139287 1.616787006690908246 4.48089e-09 5.96081e-06
52238193.018480487168 5134 3.5419847938621180639 0.032222086787661752272 0.33007905585626007294 2.9511848267388303135 2.440455317027417248 4.1056755945636886906 4.1323977222504204576 4.1593504487176113926 2.31886e-09 4.78566e-06
52238193.018480487168 5278 3.1825906583513687842 0.029548238431436637391 0.34601556424565349523 2.3187524715198408742 5.7028822613642446981 1.3963454206185847983 1.3673158121603663506 1.3383771783692084423 3.13887e-09 5.29389e-06
52238193.018480487168 5740 0.87930062967635991278 0.3162087386417509749 0.17063076834133122928 6.2692956562513035834 0.88464230230977281 0.36147900235501373434 0.26191189393763342208 0.18003668744637346677 3.09097e-09 5.26682e-06
52238193.018480487168 5588 2.8108656374382214871 0.1776196045672921997 0.13464809734877308811 5.1316769670230986122 5.0069759175132553253 6.0024570967553056988 6.0481250984717735975 6.0894929777182422725 2.40685e-09 4.84544e-06
52238193.018480487168 5846 2.8145910616684131078 0.13034450947938228116 0.16254328463368167279 0.934500306981693174 6.0146643195511826363 3.4700051679405166105 3.515007620570883784 3.562556930617922113 2.37403e-09 4.82332e-06
52238193.018480487168 6171 1.9979352864963715319 0.62311954558015902883 0.34086655910917901258 2.1092539826312419748 0.5012994606925208485 3.696780195045045847 4.2096603312548293019 4.7556819886217054361 2.39216e-09 4.83556e-06
52238193.018480487168 5548 3.1691799628059711402 0.061573243295578776457 0.33161373570713009729 0.45518756546621241821 4.05498970299843009 1.0766593532351591556 1.0231944469986598012 0.97062471818611173457 2.11518e-09 4.64123e-06
52238193.018480487168 6443 3.2118506246542399829 0.18458647393736091202 0.25935625291167324624 3.5410696153615468518 3.3046566078232295638 3.0102883774405624351 2.9834346099953878984 2.9543623312117426316 1.88164e-09 4.46371e-06
52238193.018480487168 5990 3.0966095949565546341 0.059542853669033425634 0.18901729303957695572 2.1549598948418853261 0.59236091864324591505 5.2776683355519740104 5.327192532087068777 5.3758323017152251921 2.30118e-09 4.77347e-06
52238193.018480487168 6883 2.3133910339756860175 0.2922177771904495569 0.25049257270643676687 5.7656146683942015585 2.436602434817388918 3.6160802742408097998 3.7731580374188409266 3.9456860163797120578 1.23696e-08 8.36184e-06
52238193.018480487168 5098 3.1898429494760076608 0.042940253487794337317 0.1045797992805142379 6.2759913329596441756 5.7622930694408234231 3.9646334015084581104 3.9965966312377148029 4.0289982097337100342 1.90652e-09 4.4833e-06
52238193.018480487168 6793 1.3304710255691161169 0.42554125095546146973 0.46984757602253612863 3.7445473880402428968 6.1985985508884562378 1.3559113164749188041 0.94513238832801105271 0.60019951343319410952 2.0508e-09 4.59365e-06
52238193.018480487168 5467 2.9551266992733657979 0.15085255037411407497 0.19238762291954536465 0.94914349601714964599 1.3467401281194184559 3.9969950545172423517 4.1173704224275118335 4.2422971663916841933 2.43648e-09 4.86524e-06
52238193.018480487168 6282 2.8261076683146657551 0.081680315344318202286 0.082151621014915937602 1.3565671172388356069 5.8456376148176936169 6.0046504873955406367 6.026293701272476433 6.0470466595642164975 2.68214e-09 5.02355e-06
52238193.018480487168 5694 3.0978955836545871705 0.034520011328856826938 0.25676487738027858887 4.6426331245234733203 0.22866244556842549307 1.5569432257378568174 1.5224279204885626804 1.4879482811182740409 1.21025e-09 3.85309e-06
52238193.018480487168 6392 2.9630763688957171276 0.18375001435357907198 0.18787886390171820716 2.7781282616695848198 5.8818584378477591912 0.8481489685428167391 0.71735635847546985744 0.59656004254489181093 2.75286e-09 5.06732e-06
52238193.018480487168 6484 3.1221986333677294034 0.12408575870778937311 0.2039864681524281298 3.5627488943510630115 2.741845842519138543 1.473448211294735577 1.3503724575925015738 1.2292889710832120009 1.88476e-09 4.46618e-06
52238193.018480487168 923 1.6233045726075412407 0.091079035647650088969 0.17965140685957517452 0.6551865340891793732 5.0445886009619176349 2.2899062874543232304 2.2191377708611756958 2.1465399067005117573 2.53731e-09 4.93145e-06
52238193.018480487168 6739 3.1601135704067795373 0.031078765955517118069 0.25622387018873438169 1.9988946223040462424 1.0228544580371865536 1.3513784571423292924 1.321142102889776071 1.2910268436284750848 1.84353e-09 4.43337e-06
52238193.018480487168 5885 3.5022168433451743574 0.02591496726184889382 0.26381957385904153401 5.6597192412817864948 4.3426589488256883698 1.5247812398366460407 1.4989062253346314701 1.4730581959307966766 2.25928e-09 4.74432e-06
52238193.018480487168 6655 1.3717995919427228291 0.26592001212218036033 0.039764704537466374901 5.9085554480413877698 1.4695507957864106796 1.7913887115362161495 1.5207525197681666107 1.2551654208873381791 6.32791e-09 6.6876e-06
52238193.018480487168 6764 3.2662111557330981704 0.027392965170498235344 0.27695638388863164092 2.8174142323355328976 1.6614407109272812946 5.4960237819987405317 5.5152448431578600108 5.5342735088686207945 2.4069e-09 4.84547e-06
52238193.018480487168 6362 3.013141300901036157 0.16395414574325603563 0.28291710783910756222 0.70355019643417160413 4.9873436758530171886 2.8981957819813004562 2.8549561230405005041 2.8086017625926253949 2.92709e-09 5.17204e-06
52238193.018480487168 6809 1.658547556613960694 0.48812585373920480691 0.41491772076283955917 2.9032587810129690808 3.8042773668686535871 3.23349176521468884 3.2980759066346965191 3.3741480755825410398 1.72631e-09 4.33733e-06
52238193.018480487168 6055 3.2326034270288372952 0.056673848847970539899 0.08215982129370560938 1.5312003403143414904 4.3759825926844477806 1.818695603107839176 1.76333892423697014 1.7077123588513014596 3.0525e-09 5.24488e-06
52238193.018480487168 6498 3.1886154867627625187 0.049556877776731907137 0.15691477540033332838 1.7411231567759259953 3.7168726803086227228 4.8615249207665360842 4.9103721338751018521 4.9589609314160520981 2.50157e-09 4.90818e-06
52238193.018480487168 6313 3.2596069832731529026 0.041195596143025016433 0.30109576387822417631 5.0008269049382221283 3.1297951318516199493 2.8061172510670870928 2.7922801323443602328 2.7781808601519792923 2.33149e-09 4.79433e-06
52238193.018480487168 6300 3.2476747689922218498 0.048636102694376313893 0.25897417080041440496 2.1180014950836838494 3.1457862606133502048 1.3926614409014443918 1.3449812713785560536 1.2975799450137903701 3.26125e-09 5.36181e-06
52238193.018480487168 5323 2.8322296971945783994 0.13507482654663602317 0.10529526496506745603 3.1209257975794328921 2.7915871872434614431 3.6755168106759503743 3.7488255559356096214 3.8258988769568471611 2.25995e-09 4.74478e-06
52238193.018480487168 4755 1.904835703126771751 0.035843008315236901673 0.082989715299981350882 6.052205115204840169 3.6243947121901998187 1.560270599276080139 1.5244286590412114979 1.4886241743512724778 2.39615e-07 2.24572e-05
52238193.018480487168 3800 1.5790884843424259909 0.34780925375409349476 0.19866477852298256024 2.6687026036934700102 4.452364727711163539 2.9406382065952580973 2.8537361540242711655 2.7549939508088088225 1.79108e-08 9.45995e-06
52238193.018480487168 6104 3.3261261929718797248 0.044295686090702501847 0.18562532270483275698 2.0516412380028890006 5.1655091017925487407 4.6425798644481943711 4.6868505627360370625 4.7311318045499248797 1.75259e-09 4.35923e-06
52238193.018480487168 6197 1.8019388530789202107 0.063012034809445144345 0.38445668064336824266 5.5177712219828451978 3.335854347451462143 4.7517351693834877224 4.8146621955372186363 4.8773449705235893958 8.02678e-09 7.23931e-06
52238193.018480487168 6815 2.1630260873569926439 0.12577631733163091576 0.25181637967060954697 4.777707381264254316 6.0699480689989613325 5.2173952304241426603 5.3245314305412003719 5.4274691329477935398 3.57143e-09 5.52668e-06
52238193.018480487168 6425 2.3819144337891291485 0.22472281299512075758 0.49774845026518244051 1.486606722521550239 0.25171631463350829794 6.1800543851676543738 6.2011048543034794633 6.2195294998702745914 5.02719e-09 6.19382e-06
52238193.018480487168 5489 3.212775786468142325 0.064233968792134665815 0.34223695722161123767 0.76889309750672818478 0.89683159255617361794 3.6021211139350559627 3.6315428888937395513 3.6617702370188252026 1.80848e-09 4.40509e-06
52238193.018480487168 6756 3.2153091061713241494 0.079685896134052885964 0.26490871834585394407 4.7299788387572352377 1.2619882700236682016 6.2114438018460509383 6.2169457683293014583 6.2222202662349719304 2.22448e-09 4.71983e-06
52238193.018480487168 5116 2.7163249737437147324 0.1636685826877966321 0.093460361522631929532 0.87174813441155496463 1.8803981757145722398 3.2781060360288503119 3.3025227051123242639 3.3287483548348806295 2.56354e-09 4.94838e-06
52238193.018480487168 6951 2.9826671912426854227 0.031696612281676368739 0.10993406964755823851 1.0974623331880031252 1.9602778372598141932 5.3707843249600770719 5.3956196828594018555 5.4202015854690204222 2.54062e-09 4.9336e-06
52238193.018480487168 5559 1.9185703431216405423 0.27433068277524835787 0.037232855011741873563 5.1153499781236790867 5.6569536565385547533 5.3914933201150958553 5.590897731550104055 5.7660029511625117138 5.44342e-09 6.36025e-06
52238193.018480487168 5923 3.0170254530933697801 0.0078358290603602002294 0.16565968116855786518 6.2171823611094652051 5.3279873435403342086 3.3674172740102097379 3.3691785473410029716 3.3709465166738232789 2.22479e-09 4.72005e-06
52238193.018480487168 5234 3.0206632282844680937 0.23687959573854155959 0.10063479677341501117 2.3185907844908251185 2.3940373628834641373 1.8229255177040515346 1.5841740387200617945 1.3473156390278413497 2.35138e-09 4.80793e-06
52238193.018480487168 6863 3.1627685235474953807 0.12876841783340781111 0.064745252216247980992 2.7178890507091506556 0.93444267964590765896 0.72741983295815515476 0.64544469789895597689 0.56798357493797735351 2.72515e-09 5.05026e-06
52238193.018480487168 5146 2.7650470122034249698 0.050189194311582821517 0.062317781243893567711 0.19808214703841450777 5.6202859929433763853 0.47389221936582703876 0.45147560605813114032 0.42957837349563499085 2.55901e-09 4.94547e-06
52238193.018480487168 5492 1.8761877256367078814 0.21393890636172924191 0.3583101578659893538 2.4313614986869791501 0.64162612185595679914 0.6501274576728324206 0.52965303047258016633 0.42156383324620555486 4.51271e-09 5.97488e-06
52238193.018480487168 5047 1.396901557201632782 0.2301254543935890573 0.17068427571562966305 3.2847728429575417941 3.3401856113483328059 5.7771630581142865424 5.8796668662574713693 5.9700271502600141815 1.0218e-08 7.84583e-06
52238193.018480487168 6657 2.3577466445684871488 0.14056873593070390305 0.24032942165712953275 3.7782682811443311088 1.8580525439022637091 2.3091399185448042708 2.1995534002435732646 2.0858671491876172865 9.52311e-09 7.66378e-06
52238193.018480487168 6413 2.8667221557809563492 0.41596576690863362735 0.23586228621443561249 0.014039130140845483205 0.24493419981870853674 6.249948054051845503 6.2618380840104181928 6.270717123662608472 2.71272e-09 5.04257e-06
52238193.018480487168 6628 3.2530210415611469088 0.10923074115461323119 0.23033296280596932126 0.99163840970796823804 2.380539140888707994 1.6426549379646568916 1.5330575199522211705 1.423904553735082068 2.5094e-09 4.9133e-06
52238193.018480487168 519 1.5452853265829880058 0.13049807852939113162 0.10151545234758208025 3.0481996238955391121 5.5339362970475898251 5.2006986228690301743 5.3128701348661975246 5.4205393805363621951 3.92741e-08 1.229e-05
52238193.018480487168 2992 1.7661808514938859282 0.15756897594645113969 0.10953528094286442418 0.33493525016436082042 3.7689411265485714964 2.7098286353679084115 2.6383577944077316602 2.5623682836436878496 2.26492e-08 1.02298e-05
52238193.018480487168 4502 1.5057541814861397089 0.32293825638573292469 0.091611422001134146242 0.066866422450341425621 2.4594297564598339711 3.3191638868924830952 3.3891893753308575121 3.4683333654544101776 4.58456e-09 6.00643e-06
52238193.018480487168 5626 1.4758728860635128566 0.078763657146410884224 0.3000579037793343895 0.61770984708088372273 0.33649059064802805397 4.5382241387033470659 4.6164117336694001636 4.6948128982984682622 7.93289e-09 7.21097e-06
52238193.018480487168 753 1.6765912873309556375 0.37463138923044092543 0.1257544584429064749 5.6222025300615543486 0.46426911857602842781 1.3888351096770674697 1.0235748857929012345 0.70364958966970625465 1.27811e-08 8.45356e-06
52238193.018480487168 6244 3.1696336410614507351 0.085911024030985452815 0.35429330670590980512 1.6570456555601638104 1.7545664218446981319 3.5584491539914613334 3.5947214164320184793 3.6323316034654435924 3.08558e-09 5.26376e-06
52238193.018480487168 5020 1.5672157202043095481 0.43357974120461784118 0.44147916694148786609 5.0964847914968434139 0.63165525016353429866 4.2475321664024843216 4.694122630406034169 5.1276300396130380932 4.40916e-09 5.92883e-06
52238193.018480487168 6390 3.2234590102134665912 0.083790643190283578545 0.31488022257510639434 2.5687547833699362343 2.4297008880845378798 0.7349692600772823603 0.6803963622993408622 0.62768357020356480014 2.74624e-09 5.06325e-06
52238193.018480487168 6914 1.8308762823491764316 0.20080915823299000378 0.30297021929060319323 3.0321567976198271488 2.785141835814419764 5.5483308882205495394 5.6746657528770638734 5.7894589885986889044 4.41745e-09 5.93254e-06
52238193.018480487168 6451 1.1914230256278501852 0.47023944662328698296 0.11194676140923880137 2.7835835999473714786 3.0236611764923937429 2.0080783339068513094 1.51237530238377893 1.0429380949497788489 2.57122e-09 4.95332e-06
52238193.018480487168 6702 2.0862539655772573965 0.21781380164741656613 0.23287315728028148976 4.7253213464196583971 3.6276115208398969081 3.3050018086830275088 3.3452382928738528811 3.3892891678064533956 3.70623e-09 5.59535e-06
52238193.018480487168 5195 2.7453276727781990019 0.12151358860755916147 0.13056505941350654565 2.8130881134902514518 4.0784843030712956136 5.4371280851539003365 5.5248358913406034887 5.60840371523292891 2.26107e-09 4.74557e-06
52238193.018480487168 5437 2.1337036215674660689 0.35016468821836971292 0.74522016546341529608 4.9144143783952261018 2.8213066972416283029 2.4071588658627405266 2.1290630245215140803 1.832062249739921489 4.54448e-09 5.98887e-06
52238193.018480487168 6667 1.9106716296028483093 0.35688953696603703536 0.28812009402471933095 6.1139032975609586273 2.8225655609337785279 3.2783946891590058925 3.3399611338943215877 3.4102933796285745949 1.85586e-09 4.44323e-06
52238193.018480487168 6816 3.1213502167479152405 0.089425257466323029854 0.16644871132213912013 2.1999100320796527441 2.1408068286644286182 1.1309893001728335005 1.0514714356332777179 0.97383650220454087698 1.76213e-09 4.36713e-06
52238193.018480487168 5291 1.9267417451275097307 0.3577473154144529266 0.70421013328740322823 5.0191765882358492235 0.22864649548803248069 2.2524448124015816752 1.9300482497241446822 1.5951394907081244412 2.6037e-09 4.97409e-06
52238193.018480487168 6595 3.0438385442193096608 0.073915486945885386372 0.22425995012977059662 2.7599964651322603792 1.5202977406173725505 5.7073180911190766196 5.7464063915417220585 5.7842045967676796181 2.5233e-09 4.92235e-06
52238193.018480487168 5950 1.3299505011108641028 0.11125320224738308172 0.29170357167895377692 5.5710965927026094846 5.7179931880670231692 3.8014520515788721156 3.8729878169998483983 3.94729479041787501 1.07677e-08 7.98408e-06
52238193.018480487168 5351 2.9665309735047289408 0.14811025204278333023 0.10929090874457397797 2.9529139194950619896 4.1493213591637108095 4.6228165158581902006 4.7718691429172697127 4.9197174733243693723 2.44807e-09 4.87295e-06
52238193.018480487168 2768 1.597101517134451143 0.0023481208349016517017 0.047214346633178520818 5.6730228897756003192 0.052032353382473146841 3.3447445386294587522 3.3452188354212881727 3.3456936769165905865 1.05906e-06 3.68544e-05
52238193.018480487168 5194 1.9342872173648737455 0.35336184875858556165 0.16444737295082070827 5.1788139689991021797 4.8414647784155873111 5.6148143444231060073 5.8120928796006747774 5.9724696842976543465 4.75382e-09 6.07945e-06
52238193.018480487168 5310 3.4743781000517324209 0.05494920127541747662 0.36625763075654399481 2.5598416042869782672 2.9394598266034757117 0.48849604940659246965 0.46330204640575534114 0.43874500173148955895 2.51895e-09 4.91953e-06
52238193.018480487168 5888 1.2191953792292669068 0.31411039968060289196 0.41269719753343103719 4.9219793221666732208 4.4740377208470416548 1.9399336899036696558 1.623490671015843656 1.3098162646536155584 2.79797e-09 5.09485e-06
52238193.018480487168 5072 3.1088263647384759558 0.084746101642649437902 0.25581627356296843256 1.2781382830602037171 3.2691224210217431079 0.513672525143499481 0.47344780093872301796 0.43480717712373823103 2.73643e-09 5.05722e-06
52238193.018480487168 6639 1.2861231041015630527 0.12639052025578459415 0.24733311622251269446 4.4877541774087683635 1.370632286084649154 3.7420477960952318597 3.8176731034646484986 3.8967607665766812453 2.07227e-09 4.60963e-06
52238193.018480487168 5312 3.0100053371059245499 0.077925327522240142586 0.17603920546950843629 2.3879043263837211875 1.1997579230828105956 3.3740476176118430196 3.3927354891799286207 3.4121007984337796692 2.46345e-09 4.88312e-06
52238193.018480487168 6126 3.023136105702029397 0.255876729773936884 0.12360695402414545452 4.1872078608204059691 1.1718718315385088236 4.5758531391062549076 4.8367960211248330893 5.0906951870800840609 3.04059e-09 5.23805e-06
52238193.018480487168 6734 2.1076681611533700789 0.086298025369442213361 0.32788338197025918008 0.96818672165579588995 3.2735490862064242634 1.52006152429014052 1.4339556026303625913 1.3484642990561632736 1.24231e-08 8.37387e-06
52238193.018480487168 6073 3.2570499500120351222 0.039245386697871503801 0.28664399183622119027 0.87050587265047651986 0.6488919981922117719 4.6532257464069797237 4.6924580750622331138 4.7316956670800669471 2.87152e-09 5.1391e-06
52238193.018480487168 6692 1.8238591291228403168 0.096162808841367616863 0.26280720461613149563 0.90424379687247369297 3.8639841877544167659 1.9628028232125762642 1.8721195060179436354 1.7802893484227244603 1.32225e-08 8.54977e-06
52238193.018480487168 6028 1.3602731063080086837 0.4369340376370237089 0.27756041604926601218 1.8602651398792227067 3.9574916005014988407 2.4317443208155924417 2.0724698310248261812 1.689375236885034548 2.1303e-09 4.65226e-06
52238193.018480487168 5030 1.2714644049421013339 0.48152854642055098466 0.30577151132384877696 5.4054972425151994742 1.6703548440227329319 3.2955016034009347869 3.400815600183999976 3.5242455898916511536 2.14686e-09 4.66428e-06
52238193.018480487168 6521 2.9626039237070438404 0.099402463733519130784 0.13995449850649599455 5.7533332491204962622 1.1648690959686611723 1.9225874726678184867 1.827478704518654018 1.7313329085958992781 2.953e-09 5.18726e-06
52238193.018480487168 2010 1.978570343829453293 0.62066007264797051768 0.24945370637375000045 2.3700028255339247174 0.3341745320330122837 2.8593610461289391544 2.5703835656667228804 2.2348239541286356591 1.54172e-08 8.99881e-06
52238193.018480487168 5717 3.1651104536102203646 0.14058355101872255233 0.26312115508080641257 1.4973660962868280411 4.704381555112779445 4.2381422231316410176 4.3678425952240935715 4.5001638775834731376 2.31886e-09 4.78566e-06
52238193.018480487168 6832 1.5155573556800749913 0.14612665688191309177 0.26835121290919328185 6.2336324774187019671 4.2742619379483315356 3.7586361917603281491 3.8490012312814658735 3.9439640282303574104 7.86044e-09 7.18895e-06
52238193.018480487168 6842 3.1920926274217715779 0.056799078205107531025 0.1479208311330760528 6.24086477856675792 3.7222824567755834479 4.6523083344970963537 4.7091324394567877221 4.7659312164833789183 3.94698e-09 5.71398e-06
52238193.018480487168 5372 1.6929100433128081438 0.30340894252414057908 0.14786590915248928879 3.5523193702281297135 1.1116220637100253654 2.2821446040436081937 2.0216830243753736163 1.7485964482739084769 1.39548e-08 8.70479e-06
52238193.018480487168 5131 3.5445385112009568651 0.074988098118923013358 0.29588299105052573434 1.0471699827737364075 0.10321266265424509923 3.093102291893448097 3.0893205718509118007 3.0854025726631189031 2.25296e-09 4.73989e-06
52238193.018480487168 6291 1.336878347290702207 0.21118303597333171195 0.2898900681506408894 1.9060554781345571129 2.1813537567704690545 1.9834684834782916329 1.7797592783135367522 1.5731701973531029282 4.97801e-09 6.17355e-06
52238193.018480487168 6119 3.1146598338535578243 0.054631896245296393544 0.14249822425147376515 3.2009105578833727535 1.1865638867186689698 2.8871298052362002196 2.8729935204934413662 2.8584952499220843691 2.96829e-09 5.19619e-06
52238193.018480487168 5525 1.950951252171980288 0.43246787998299468514 0.12566379778115488453 3.5639478961200556917 0.57699413088035989006 2.9931552198224355976 2.9064231048863584661 2.8056546850208237132 2.22151e-09 4.71773e-06
52238193.018480487168 5240 1.6461603538034343952 0.25966419838011006727 0.3935932908441096556 3.7116004325516360751 4.7364564924746650476 3.3210939522679252534 3.3752965322506356394 3.4354301629019521336 1.54708e-09 4.18172e-06
52238193.018480487168 6997 2.8945740059745994621 0.01957775326581874184 0.19744339673934921398 0.16100289192225103463 3.2368813911415239559 1.9391357151754755606 1.9208052554790873145 1.9024145082228145487 2.77488e-09 5.0808e-06
52238193.018480487168 5667 2.0108217367086416161 0.36788471371479808392 0.71401190202603270762 2.0955040440646035549 2.4778873841453541438 2.8706141664819289083 2.7457637593291552847 2.6039173013283147817 3.20823e-09 5.3326e-06
52238193.018480487168 6103 3.3109382463955281395 0.079308770376840670435 0.09779104419329182063 3.6575146322393439213 4.7890452131714287276 5.9279789782067631165 5.9546114331934205666 5.9802038597690856392 3.07621e-09 5.25842e-06
52238193.018480487168 6333 1.225564939903824202 0.27650964185617832314 0.28820898301651598494 4.0451168969260802299 0.79255283479537619318 4.2589957796273392177 4.5275728285872389733 4.7993735256924177079 1.94245e-09 4.51128e-06
52238193.018480487168 5252 3.1616197668593555292 0.1796977150860927519 0.18707265184026569682 0.083122661987495058411 2.4432685086874212921 0.061618092025984429194 0.051386814626837556963 0.042156784847980285913 2.42859e-09 4.85999e-06
52238193.018480487168 5316 3.4564936443388378784 0.14454512241018860341 0.20372381106115491911 3.1181472053300907099 5.1236426150724119211 2.0264808515385364096 1.8918937852079786843 1.7547364185270717396 2.96988e-09 5.19713e-06
52238193.018480487168 6874 3.3039517507156954679 0.074966849909077523662 0.28253317768505481489 2.0849199367500563795 0.49624024530177718306 0.51014167332558890688 0.47465015862054976692 0.44038826103188971617 2.61974e-09 4.98428e-06
52238193.018480487168 5053 3.0396785189689543571 0.19025572947845256766 0.25624000875036634373 2.7079924643661033024 2.7215733699091453346 5.477159016459086871 5.606884409032740102 5.7259678307872095004 1.90259e-09 4.48021e-06
52238193.018480487168 3953 0.92367204070376740521 0.077819465752619249033 0.40285263040387170319 3.7229797520229475083 1.6933630991122794462 0.91262598168377395691 0.85242217155459987232 0.79383370181337609139 1.87457e-09 4.45811e-06
52238193.018480487168 6204 1.5583762816924493499 0.16141714467924875298 0.34147906531265398433 2.0572185663702895475 5.2287609918452266911 4.4270776444767774294 4.586302938844902144 4.7464387026044239093 2.26769e-09 4.75019e-06
52238193.018480487168 4189 1.1125329456335577571 0.048231360792646851832 0.020905476449040644171 5.4402885446791531265 3.8265084111753142615 0.77325798108543175591 0.74012540714499674976 0.70759911718752610543 2.43052e-06 4.86127e-05
52238193.018480487168 5324 1.9349605161419729527 0.20909451946417209611 0.26580916517483671457 2.7000795326599815738 5.4392306159677872301 3.805740436193379761 3.9476594600509340438 4.0985357189059827832 4.64884e-09 6.03437e-06
52238193.018480487168 5185 3.5396656840138454037 0.030111787261530725129 0.25039385279945342022 6.167925793627690112 0.659693242862986029 5.0787893651395439321 5.1067560810960062057 5.1345564852884031382 2.64564e-09 5.00066e-06
52238193.018480487168 5451 3.2708109730968799589 0.050922540041183829429 0.08524942337877319809 1.5437283649601256652 3.4077605577657097413 1.8149751103750304537 1.7652348721926169883 1.7152719009122341376 2.58702e-09 4.96345e-06
52238193.018480487168 6192 3.2080161922636158955 0.19026168654716921202 0.30202828586609431483 4.6304963155592826496 6.1165116821710103778 1.6547636798898361921 1.4624663585793709064 1.2733199774677181892 2.79503e-09 5.09306e-06
52238193.018480487168 5992 1.709080309811372711 0.18866197485493313435 0.26077874429525910172 5.5702006783746709218 3.9477234365189950438 1.4370299982806311601 1.251260536875835383 1.0721483782357583703 8.41385e-09 7.35386e-06
52238193.018480487168 5853 3.1549557879487837297 0.14239759796010445503 0.18932605093195603585 1.0814682103367585508 5.1782236682619480206 2.2025394267497784284 2.0820852012858965807 1.9578981794183367704 2.34516e-09 4.80368e-06
52238193.018480487168 5360 1.631074494386795859 0.4476440631861595687 0.2488472807956526589 1.8205433221361058127 0.66628262969611962152 2.9562738021114234321 2.8429568685787587334 2.7112525329390901874 3.7029e-08 1.20512e-05
52238193.018480487168 6233 3.1473406841023137126 0.11954565086611723679 0.21756989272939650237 2.6182290996332477917 3.7196003197038800536 2.4660936250251719315 2.3874304389955915973 2.3055801268295712525 2.38928e-09 4.83362e-06
52238193.018480487168 5650 1.8489587526052086996 0.18055806247806113762 0.37254285432746575557 0.13640695228198720934 1.5780989222269565797 0.053319200734084713778 0.044425315324467855305 0.036406604704720200993 1.14639e-08 8.15256e-06
52238193.018480487168 6255 3.2277853986065352387 0.12432981646907270701 0.19823248519682637458 5.8019162429788053714 3.5358000836153302693 3.173618806580789542 3.1778813039922360062 3.1823920750709384642 2.45838e-09 4.87977e-06
52238193.018480487168 6952 3.227168164271823958 0.12957433859146325061 0.11419049741116431285 5.8509650727405020376 5.2262844045214675859 4.3064700092819379051 4.4290176842415123204 4.5534243781725969313 2.57429e-09 4.95529e-06
52238193.018480487168 5708 3.1588251364246549002 0.39775646745256304504 0.34489876484998305273 1.1795015118009768429 3.1475803979065535287 2.8944429662755393196 2.767565122435208913 2.622237849691858802 1.65544e-09 4.27716e-06
52238193.018480487168 6956 3.4819913265016131376 0.14516928167020309859 0.4196068318051446866 6.0080994554387299189 2.5364817176337073334 1.7059797864376955445 1.5601914677694119771 1.4150303491117044441 2.20649e-09 4.70707e-06
52238193.018480487168 2850 1.6202363349655375391 0.26235523566765817094 0.40996228936561052159 0.079008391036972783206 3.4185383418919124132 0.16282174863533960263 0.1245787620251594674 0.091979347586054804875 2.86233e-09 5.13362e-06
52238193.018480487168 1284 2.3443193066296896809 0.25196548013845393443 0.30130013457553084244 5.9212225803427074311 2.212603718185929047 0.3210877726726605319 0.24905155259198255568 0.18694587003459711694 3.64405e-09 5.56389e-06
52238193.018480487168 6722 1.4761894602095990692 0.17329017395180648653 0.45735589652433000785 3.6735309319911264581 2.3595147632240722757 2.8985685593832632989 2.8526681156380275795 2.8032940184716084175 1.78527e-09 4.38616e-06
52238193.018480487168 6089 1.7851815211669128658 0.28000270504633761881 0.31837301107871274208 0.90662275463901687012 2.6990287706960534031 3.8743480939585039913 4.0873677725491983637 4.3144361651977654049 5.81535e-09 6.50193e-06
52238193.018480487168 6473 2.3565637428673538167 0.55186087104709879991 0.51044243738187655701 0.42536633232479337252 3.7194927258147196802 2.306061473236223236 1.7607570732707853445 1.2188232699717507224 5.43469e-09 6.35685e-06
52238193.018480487168 6295 3.2712518324805301972 0.011972419302689898957 0.2832734700931325289 0.78053308422659484211 6.0701815926192166373 0.12764112029872956566 0.12612603530287358478 0.12462000188678759582 2.30061e-09 4.77307e-06
52238193.018480487168 6211 1.8562821864729006638 0.20807387136338925671 0.49410024353375014972 6.072479931313531587 5.0321749524561099065 6.1273479087924993536 6.1569240970005756353 6.1831260080945043001 2.33777e-09 4.79863e-06
52238193.018480487168 6969 2.1802928823474840847 0.027473227294322107722 0.15552830946919443678 5.3179567231454143439 3.477433121750737044 1.1115520579374800203 1.0870710689819480521 1.0627498855608787931 2.41679e-08 1.04535e-05
52238193.018480487168 5578 2.881807977888525496 0.10930112771743771827 0.18775332751464557379 5.6133400924053278302 0.95451790710617534508 5.2245863053594607806 5.317579963158999945 5.4074684956413339165 3.04211e-09 5.23892e-06
52238193.018480487168 6286 1.8599042623828851983 0.46161641853318763351 0.7859214498413491512 5.9521167981945906078 5.2176283968150460879 2.7234706009869422694 2.4690060776478386373 2.1814138226069710313 2.66284e-09 5.01147e-06
52238193.018480487168 6886 2.7135272870211148977 0.55309763787420218595 0.68986184211722312298 0.36829135991072969869 4.7485018547982313919 2.8200863673956630961 2.5544895511815974842 2.2481002619518619667 2.88448e-09 5.14682e-06
52238193.018480487168 5290 3.1865691032324616749 0.052152161293826583555 0.11754661488936610225 3.0956714645830256671 6.1238311193713963476 2.6752876775966383249 2.6512659137156959765 2.6267067226770683952 2.68653e-09 5.02629e-06
52238193.018480487168 5080 3.197666363347600349 0.20243895658395938408 0.20613375172081602194 5.0440834807868810685 4.4400356129842277753 3.7760586161143705475 3.9080017501804906743 4.0484038569907729865 2.57476e-09 4.95559e-06
52238193.018480487168 1410 1.8781661996318916863 0.091266905460850325515 0.31819425560871872349 2.1635951159522117671 0.87928331683720517553 6.0488872985947956806 6.0692152453721668337 6.0885949595605204365 1.96181e-08 9.75145e-06
52238193.018480487168 6186 3.2266253645831897146 0.02962810641078933091 0.21993158572003404516 0.5437253274704146877 2.1248790247970297251 3.0536862313765782417 3.0510455371805411673 3.0483664619433161747 3.14704e-09 5.29848e-06
52238193.018480487168 6417 2.0295224142666477007 0.093769923387914566604 0.8372440291574066995 2.247074083586327653 6.1164521659866792902 1.4025605654116903853 1.3106983259179609824 1.2200823745912503515 1.63097e-09 4.25597e-06
52238193.018480487168 6572 3.0064421442462703205 0.15305134230597872147 0.19693559937315635588 1.8610629542608665421 4.3946133220962932953 4.6110396680897878241 4.7651047699857036477 4.9179435001789695292 1.66053e-09 4.28153e-06
52238193.018480487168 6029 1.8277181814967811135 0.49161339447880841869 0.5548276051166198819 3.3704573059773732524 0.17788165080809123508 3.7683735820012511653 4.1550905898096832658 4.5723165235912226478 1.2969e-08 8.49478e-06
52238193.018480487168 5063 3.5008569750403815135 0.14553283557381066493 0.4429512397751148578 2.0072609820024061023 1.3708854783428281454 1.911146647990858316 1.7700100802735954097 1.6273555235621834925 2.23728e-09 4.72886e-06
52238193.018480487168 5643 3.2962075581705869709 0.071099554240960802232 0.09743782151939167635 0.50210113027749803116 1.0489073148525127621 1.8843780308670354806 1.8159349106742079805 1.7469609699470929343 2.47115e-09 4.88821e-06
52238193.018480487168 6335 3.1105953224640492394 0.063037432043941979409 0.25060592261433983774 0.51432610791600030797 1.8970506530674562384 1.1013443268650844331 1.0458766841847395579 0.99132634628855176295 2.80706e-09 5.10036e-06
52238193.018480487168 6290 2.0745292382541666854 0.38160352141967490702 0.31415919626231048056 1.9002319733783881173 0.27421314376523303613 0.88365065971168266223 0.6129708986093501677 0.39343438527848673125 4.66797e-09 6.04263e-06
52238193.018480487168 5878 3.233741092647730575 0.064658475847136298587 0.10537748292283895257 0.73405346330137721811 0.89306089604898653 3.0192975765714198388 3.011139595988822748 3.002728603942574459 1.44428e-09 4.08696e-06
52238193.018480487168 5257 3.2023031206587520003 0.13481317936944628433 0.22069617921813083905 2.754988663254759107 3.4253789713044091592 1.9526786496957106998 1.8239276880582628859 1.6934106054650215345 2.20895e-09 4.70882e-06
52238193.018480487168 6327 2.9971299981720731509 0.18934589620167011081 0.14818180905408129266 5.6136194605853280137 3.302448110196090969 4.3693978556054435813 4.5547831809055185914 4.7417823038580531048 2.25041e-09 4.7381e-06
52238193.018480487168 5405 3.1745707240694920337 0.054732082744015538023 0.078017681525316184832 4.5769970443795635617 3.8384430957351445279 0.31679313114253143668 0.30016332075639279298 0.28398034492547102881 2.93677e-09 5.17774e-06
52238193.018480487168 5231 3.1550745937374271577 0.061281121796733416252 0.2590044213056878486 3.1294214955422381408 0.59224272878425909816 1.5108538144034169282 1.4497565179940956615 1.3889237520881481114 1.89135e-09 4.47137e-06
52238193.018480487168 6129 1.4139344776359108469 0.21594883446097018487 0.7606666857657573555 0.45978874139145947675 3.4742530108628586483 6.2014235915210411676 6.217517808194978457 6.2316884384564028565 7.14833e-09 6.96495e-06
52238193.018480487168 5034 2.8791268070237907573 0.20660964769757364512 0.12131427171232343765 4.5400186329144212038 2.7766148798344243431 3.0677712794439360167 3.0505763062596824575 3.0317974032115553307 2.20492e-09 4.70595e-06
52238193.018480487168 5227 1.8783148386428678567 0.5375912102086848332 0.31090603358102414377 5.6365160691263653803 5.2857741433501876926 2.9681951350758315478 2.8272213988349652602 2.6609881967289714666 5.94474e-09 6.54979e-06
52238193.018480487168 4112 2.0539143470906067179 0.47820751113724174752 0.74844513485266350727 0.20446524368829538387 1.8310374314075628099 3.8744215197786724403 4.2885572811946888194 4.7244529084414326192 1.99037e-08 9.79854e-06
52238193.018480487168 5288 3.0989624376398205996 0.23178849725273667493 0.28654964045888847712 1.3291252599312168847 2.3900191762205293955 3.9642155740055091684 4.1508650448167205838 4.347061174530579386 2.94866e-09 5.18471e-06
52238193.018480487168 5938 1.9391815029616870092 0.27565705672758811229 0.11423568919518561904 5.3599524818929058512 4.856691166663853032 1.0054466193994280321 0.78559388454963219317 0.59063676442303925107 1.88863e-09 4.46923e-06
52238193.018480487168 5446 1.1742704390121860847 0.28241869844586392491 0.1321147960104971375 0.30227678292065723875 2.9368199688809926151 5.8300631720149382886 5.9416724866764356605 6.0362581600560742956 5.46354e-08 1.37196e-05
52238193.018480487168 5914 3.1906861203983565289 0.078831299112866501377 0.097155226982768377875 2.8556019581509262117 4.9981874417711562586 1.8936949686160351458 1.8179076703405616655 1.7414710261876225061 2.63408e-09 4.99337e-06
52238193.018480487168 6154 3.1337556410726388201 0.12961044882756000973 0.27265218087884057763 2.0019638908825250212 1.210103286469738082 2.4692199485825176986 2.383853779897321612 2.2947750147654524255 2.04677e-09 4.59064e-06
52238193.018480487168 5511 3.2184244032161037907 0.11792302098781851094 0.14922171438205641958 4.6566030496708892272 2.5427227969962680199 6.2404301521123821672 6.2452057640209517331 6.2496833498590387279 2.90982e-09 5.16185e-06
52238193.018480487168 5957 3.2180260618985618848 0.0531264887649115225 0.06724368069574365725 4.3488898350433373707 4.9796621983808213585 0.90723628896630947871 0.86603394007744005645 0.82556401317830874209 3.45473e-09 5.46581e-06
52238193.018480487168 5962 2.8876882420668805729 0.20260809139402469192 0.22421667599372918644 2.0386808197236852003 5.3902012706738773318 1.7985609897397201173 1.59510300902285862 1.3925547666117001899 2.88829e-09 5.14909e-06
52238193.018480487168 5160 3.0515185876168420265 0.09700027521771520389 0.18422122737233420642 5.6822833690610243806 4.7384180667275987986 0.91561555901218916187 0.84077154772058271259 0.76849102850265982312 2.48083e-09 4.89458e-06
52238193.018480487168 6827 3.0837465789526601334 0.12142675593951446356 0.16538682266160872891 5.652632081532412478 0.045825535014585111471 4.7005645918786864712 4.8223708024271561001 4.9430639092409860424 3.04652e-09 5.24145e-06
52238193.018480487168 5481 2.1101147667107977846 0.45755437884768712653 0.29975993523879079783 4.329576598287939504 2.2011064604849064352 5.22075528562787472 5.5948458906212961139 5.8855098660542415345 2.0621e-09 4.60207e-06
52238193.018480487168 5196 3.5612959415525011764 0.15392665316096643124 0.20843018788974451705 0.48427135301997070727 2.1893369956048971403 2.7426796975563898506 2.6779353744600906673 2.6090959511134732551 3.02458e-09 5.22884e-06
52238193.018480487168 6960 2.9582330374877687795 0.1634847130549358929 0.16874605126695849111 1.3390484510626472492 2.7910308750720576043 5.5196976084362923132 5.6270143737401507877 5.7267543424746962799 2.28045e-09 4.75909e-06
52238193.018480487168 6928 3.2192089167952597784 0.16600669782318408507 0.24124081903888053291 2.8806838967854768718 4.33261567664885483 2.5470269549872139869 2.4465077747099881478 2.340188680710409308 2.08658e-09 4.62021e-06
52238193.018480487168 3089 1.9526711206970306378 0.38832603954320277229 0.48360637088888136503 4.7665471976619491201 4.3292806323151244996 0.71602750484897648153 0.48682936747240562747 0.30516035978627253922 1.46985e-09 4.11094e-06
52238193.018480487168 5640 1.3846410329468756828 0.23291560498020896786 0.2273362527980715142 4.2011436666252564009 4.8719196592876610197 3.4484790177055804072 3.528828103677921213 3.6167840255154435347 5.24602e-09 6.28242e-06
52238193.018480487168 5762 1.4714437886363680441 0.052244998018740468337 0.45553508560607913758 2.1682675068769885485 0.5557569284984704705 3.5728910364749162376 3.5952777081243754154 3.6181756860819311861 4.50081e-09 5.96963e-06
52238193.018480487168 1444 1.929360566298335522 0.53185115348051681394 0.73927916287510075932 0.97547131388551666653 4.8182678333261108605 3.818600989223503106 4.2757211185482519866 4.7576665120417560573 1.72307e-08 9.33865e-06
52238193.018480487168 5176 3.0782760366984418532 0.21614082589292898939 0.14056461209415688218 0.95072703437770678114 0.59555220628788263504 5.0956992906183016245 5.289968469270411866 5.4710483777278460238 2.68297e-09 5.02406e-06
52238193.018480487168 5642 2.9069617489932269017 0.21166838295579723517 0.10334980848201355541 3.8036674027066754711 3.8308003084803177174 5.6759328273684941379 5.7881082943334787316 5.8886718200450145488 2.80041e-09 5.09633e-06
52238193.018480487168 6140 1.722798082237323003 0.33543320439015972267 0.29320548284267178296 4.2908045528322453777 3.7475511670442784862 3.431597035254961181 3.5498313804745507127 3.6829961522170986399 1.67728e-09 4.29587e-06
52238193.018480487168 5534 3.2383600389232571892 0.13063900632858330142 0.12439969347697521496 6.2290309831410093366 5.8756235116581638778 3.8090789402320037738 3.8946536475087447648 3.9839944317105495664 2.18919e-09 4.69474e-06
52238193.018480487168 5929 3.2623906160221629591 0.13167287265330390733 0.22462303264220984111 1.9773589197127312556 3.2210199413954931913 4.6255740021718949606 4.7578908933435943851 4.8894274801701502753 3.18574e-09 5.32011e-06
52238193.018480487168 6935 3.4880704578764145651 0.082831551896813404579 0.40568924857360222358 3.3700099393371552026 4.3439383161384004239 5.1272365491235047941 5.201889056750733431 5.2749935359447031047 2.603e-09 4.97365e-06
52238193.018480487168 6775 1.8259619481497360027 0.2169555800548619573 0.34395543166713077321 5.4140552687309693169 5.9826266333878521664 5.2212134538598427014 5.4027334180451820345 5.5700119677272210694 6.39874e-09 6.71246e-06
52238193.018480487168 5211 3.1892694797409366636 0.065669586075278923998 0.24308386740827470085 5.2670296071816000705 4.6580237808897635432 2.8475474285600848035 2.8278758562807446708 2.8076104747133525663 2.07199e-09 4.60942e-06
