48788501.02669403702 0 5.3968543718111190444 0.035763450544949997034 0.03868806136037367116 0.73358338363038599894 2.1646824135670832412 4.4590924804272598081 4.4938782901076423926 4.5287913350956419123 0.000954966 0.000356051
48788501.02669403702 1 9.0335661496197978693 0.077956040358276884605 0.015042544693527134733 4.8254995485730329818 3.2564440181732456914 0.88760995442291068525 0.82853131675001512324 0.77108243938589082767 0.000285285 0.000238018
48788501.02669403702 5775 3.0431962138976431653 0.16051910145681227982 0.14701121327496627367 6.1762236790516826801 2.9137682632741688238 0.79134143302031922929 0.68270144242047903216 0.58143133863138962703 3.02463e-09 5.22886e-06
48788501.02669403702 5394 2.0815478889091112435 0.28342295367644743109 0.33453978509677301245 0.71237046897653455435 2.7653761685410582771 3.5853067211290623462 3.7279548920394569578 3.8847826142879813283 4.23442e-09 5.84945e-06
48788501.02669403702 5134 3.5542859993779547523 0.09731757361867007794 0.32185899551436414345 5.3609482480246635205 4.5281034374477462379 3.6406468646481022766 3.689412578813797694 3.7400982397095430265 2.31886e-09 4.78566e-06
48788501.02669403702 5278 3.1737869530646345417 0.12161025017901455625 0.28437670982908969108 4.7706778353893266598 5.277035958606649757 2.3698745909988829794 2.2809165693184842993 2.1887015241046530178 3.13887e-09 5.29389e-06
48788501.02669403702 5740 0.9306059495033829343 0.21423752685651012428 0.23700845052782185118 1.4002427067387288595 3.0872685047429624383 4.2919221807624481357 4.4982204091285922232 4.7075633454074745643 3.09097e-09 5.26682e-06
48788501.02669403702 5588 2.8205760905998502608 0.40495013366117310616 0.15773079300608922049 2.0430972351725080749 1.4987050475785728132 1.3428933893525252241 0.95451764996462917789 0.62406415310906071525 2.40685e-09 4.84544e-06
48788501.02669403702 5846 2.8279672532526478612 0.10190056897093997812 0.15683560762937073796 0.31151008327259754882 5.9747636856877806011 3.9863793461509295923 4.0654233436396589596 4.1467314875758161108 2.37403e-09 4.82332e-06
48788501.02669403702 6171 2.1488724961414682468 0.37610401661262415907 0.26614984199540797638 3.0192695712070167779 3.2735383982841743666 3.3479286510726815607 3.4467339380052730569 3.5597260914077430982 2.39216e-09 4.83556e-06
48788501.02669403702 5548 3.170452474027687817 0.10154620277415089824 0.25053338627587179444 3.6323932911724625683 0.69943867544079374454 4.8558012671017634077 4.9557543381244997249 5.0543082303501263297 2.11518e-09 4.64123e-06
48788501.02669403702 6443 3.224987604767814986 0.18766393464624583909 0.29474170317551900977 1.348286500766803897 4.9217888994668061997 0.43719270614019228871 0.36339033003643883557 0.29668608492842230007 1.88164e-09 4.46371e-06
48788501.02669403702 5990 3.097176843004752822 0.064593772926808304402 0.18907709034849437546 1.8640718494655665882 6.1665258723034517274 5.3731102912447923359 5.4231599128547571809 5.4721128934640308472 2.30118e-09 4.77347e-06
48788501.02669403702 6883 2.3676735662205392607 0.3967020716840331529 0.41411487209724284764 4.3039504694329107082 4.3305155920098385991 4.3860699313586888337 4.7997372018510588987 5.1949268742622018991 1.23696e-08 8.36184e-06
48788501.02669403702 5098 3.1805860166776591669 0.04544451923193416204 0.12411808255565662251 0.017282939728513396077 4.6127080457678815151 4.2125360785950487497 4.2528753528011389307 4.2936058355085018334 1.90652e-09 4.4833e-06
48788501.02669403702 6793 1.3194452269567227276 0.47101020911132751579 0.32869989730385806848 2.1281080678387529481 1.6774732030431969143 4.0701885294561730433 4.5332012641314669565 4.9966700303494180346 2.0508e-09 4.59365e-06
48788501.02669403702 5467 2.9579480939521287652 0.1269634317854393124 0.10669866582202840177 3.6176057495008131504 2.410899602090476268 2.3948217889552707582 2.3040416368772240752 2.2097070093119777212 2.43648e-09 4.86524e-06
48788501.02669403702 6282 2.8247346922505975897 0.064496770983033718805 0.040078342267594636861 1.3790747881562579469 0.41028859979118253998 5.3095749885412386604 5.3620004254005149136 5.4133604222617979218 2.68214e-09 5.02355e-06
48788501.02669403702 5694 3.1069493328800117382 0.20183787942916334157 0.28604780116760381015 5.3050029965860812098 4.5096437287960675633 0.82090927473698482864 0.6815986279443880802 0.55443364518476534464 1.21025e-09 3.85309e-06
48788501.02669403702 6392 2.9832158363725711503 0.15834287471265540148 0.14831156742435014362 3.0072930577664109819 3.6445758125665266292 4.3118042577364850132 4.4629538688248810985 4.6163963518532913355 2.75286e-09 5.06732e-06
48788501.02669403702 6484 3.1211315069901623964 0.1048198247846169745 0.28193725135229957823 1.2560222727954093447 0.3092308894126986063 2.0302693376322862306 1.9338878793835363457 1.8359019635137288073 1.88476e-09 4.46618e-06
48788501.02669403702 923 1.8128715612207464414 0.037336324553404312554 0.12336626900456008904 0.99047745881648474597 3.9683062793545400559 0.99842344674610017385 0.96734379969132699983 0.93660176987240739699 2.53731e-09 4.93145e-06
48788501.02669403702 6739 3.1546380555281730018 0.029379334366671967099 0.2381571225716590523 1.9780796177181074746 2.5073826115895680999 4.6396578405919113308 4.6689950499801078365 4.6983467275561325849 1.84353e-09 4.43337e-06
48788501.02669403702 5885 3.500467391001238493 0.052663142896708856067 0.31101289890256839099 0.16644781699311023138 3.5914463453841207752 2.4857054129437328172 2.4528833102447071823 2.4194137111834366216 2.25928e-09 4.74432e-06
48788501.02669403702 6655 1.5128950328604067188 0.35199328122906986538 0.17631555484439098702 6.2298460557365720192 3.5624464057575742082 5.1646838201720965955 5.4653869771305938485 5.7222160704309548152 6.32791e-09 6.6876e-06
48788501.02669403702 6764 3.2605790775681628979 0.036203182465057791306 0.30562072147415508816 1.6445566011814289897 1.3964267363427838031 5.4586101566509155347 5.4848769832841925975 5.5108048504483360119 2.4069e-09 4.84547e-06
48788501.02669403702 6362 3.0155896125115395634 0.13170244031590686018 0.29002499801339959307 1.3908450710476953915 1.3048411724915396359 3.2112542253440086171 3.2211118255088124762 3.2315736608116711892 2.92709e-09 5.17204e-06
48788501.02669403702 6809 1.6479612974725372787 0.13942979950483369578 0.43727614266979675239 4.3725504726376254183 5.2932751909898767551 0.15020008763917766514 0.13059280983324117464 0.11243599259804933077 1.72631e-09 4.33733e-06
48788501.02669403702 6055 3.225560142594946722 0.056662798377443236719 0.027079011902600973183 1.9909938368544615184 5.7490552035523920793 3.6230797532049865417 3.6500166109045126817 3.6776001268019471446 3.0525e-09 5.24488e-06
48788501.02669403702 6498 3.1896746713193766531 0.074091509819173825835 0.12342918402566954716 2.7962604132345636465 6.243149664272014121 5.8079287347334016545 5.8407901830705002411 5.8725091462034706424 2.50157e-09 4.90818e-06
48788501.02669403702 6313 3.2539733927021323723 0.076319563288995972972 0.39437410305563141977 1.3594998861023002146 3.9149715119292980425 4.8835661224166688754 4.958358113946831125 5.032380595752095509 2.33149e-09 4.79433e-06
48788501.02669403702 6300 3.2546146627536942653 0.070113945667970675735 0.25478895395356959686 1.8568340200693989051 6.2513281899231678551 0.70065644832695883615 0.65658669064736618903 0.61378796045677064264 3.26125e-09 5.36181e-06
48788501.02669403702 5204 1.7673887749162602301 0.45493670990591589254 0.5141989603925414265 0.98221984069005863205 0.33310322308757273069 2.6684757710736142222 2.3911827313571829556 2.0809438109005258255 5.21728e-09 6.27092e-06
48788501.02669403702 4755 1.9124072059692889258 0.0023711354812120844122 0.088561179195047551316 5.2168631503214575318 2.999111854013841505 4.2861447599962039234 4.2883047991536180632 4.2904658898791572241 2.39615e-07 2.24572e-05
48788501.02669403702 3800 1.3208154457907308466 0.31292259311672177002 0.24082382237641850042 5.766922999244547654 3.5026233196258811375 0.58172442402353463642 0.42652134194839230741 0.29706329204398618238 1.79108e-08 9.45995e-06
48788501.02669403702 6104 3.3384506264711384382 0.059532558493232128061 0.10372259375603562481 3.9851071526498129671 6.1755047341604925037 5.3125514164708196319 5.3609007869463720652 5.4083472568205861464 1.75259e-09 4.35923e-06
48788501.02669403702 6197 1.8779811455060850811 0.053124585219112757661 0.31285818557770234127 4.4900696773025128294 5.3040664753423145683 2.6435828659270272922 2.617582755560243335 2.5910015505875070296 8.02678e-09 7.23931e-06
48788501.02669403702 6815 2.1905832129199449554 0.17037098124538466171 0.24502970562007236888 3.5204644981964050565 4.6976356436210959799 6.0771812679885890418 6.1095641155998272609 6.1389957406505297755 3.57143e-09 5.52668e-06
48788501.02669403702 6425 2.3892030685049596705 0.13857151137230808158 0.52679786429133457215 5.3710162566606971524 2.5545563192557283472 2.9788182970485195256 2.9545895918030886662 2.9288270629982151583 5.02719e-09 6.19382e-06
48788501.02669403702 5489 3.1978118455584736424 0.11236471819335441813 0.31061437859507379233 5.5172188444465515289 4.8803732519016724822 2.2720223117862623496 2.1827067481189406095 2.0907303715633225316 1.80848e-09 4.40509e-06
48788501.02669403702 6557 2.0884948954672073462 0.37846187732905067769 0.78478012887633075145 5.0869404386826015951 6.2392711105518205983 4.1491979288066866971 4.5163536603959784088 4.8875666808104645256 1.93092e-09 4.50234e-06
48788501.02669403702 5116 2.7200121271952086843 0.19409230178844497083 0.02215872767562180462 4.7544984733405888377 0.28900942632384585274 2.0512638196141068647 1.8697522441646652336 1.6842690003871725324 2.56354e-09 4.94838e-06
48788501.02669403702 6951 2.9716121187921071822 0.0094319187737153913076 0.1211204476161463206 1.2872182105270404406 0.43495854083830043368 4.8546526207979221468 4.8639831553367258721 4.8733069050090556118 2.54062e-09 4.9336e-06
48788501.02669403702 5559 1.8010153852331296509 0.27783455821066033176 0.073381289248058798047 4.4882967976530663279 2.4524624124649636592 1.3750730396968178226 1.1061587091042783815 0.85777905735957316047 5.44342e-09 6.36025e-06
48788501.02669403702 5923 3.0273931400240448042 0.016094291236509634946 0.22494162146646576317 0.92026928500298155189 1.6553350788229026502 0.8495724009873564242 0.83754887314850945401 0.82559073672437499614 2.22479e-09 4.72005e-06
48788501.02669403702 5234 3.0198986394325340044 0.20318803443701238809 0.063631773262131083313 2.7582929935561777413 0.37333128506791624091 2.1394476689574366546 1.956815589749679285 1.7685791147636329423 2.35138e-09 4.80793e-06
48788501.02669403702 6863 3.1104664848028695801 0.099000158936474541571 0.12073538927696751688 1.066270463275363678 4.1565069971112951208 1.3378039519753612829 1.2424078229887776104 1.1486979049532122232 2.72515e-09 5.05026e-06
48788501.02669403702 5146 2.7752686242339374978 0.047897445541370951838 0.13580668415572755281 0.39791979718918091269 2.3717388985830485382 2.6313435085472329789 2.6074384747137502316 2.583053251804170003 2.55901e-09 4.94547e-06
48788501.02669403702 5492 1.901388758050892136 0.2033238451745936759 0.39723686961568727138 0.62057065135120659249 4.7905602511133364985 2.0930987312632414188 1.9059520017424729232 1.7139412748349662774 4.51271e-09 5.97488e-06
48788501.02669403702 5047 1.6630829865108089916 0.33948091209672448532 0.20646067218887434458 4.1068430139714369176 4.5126558194524957202 2.7326937754582929507 2.5673654623484809534 2.382964151994583446 1.0218e-08 7.84583e-06
48788501.02669403702 6657 2.3756938178402737805 0.13881468353974846242 0.12753618551716208729 1.0012113780919824624 5.6986581469051298399 5.6274644384704215483 5.7080167752648893753 5.783528661215202149 9.52311e-09 7.66378e-06
48788501.02669403702 6413 2.7377022617361408408 0.24249156213347805577 0.13103710845036092847 2.9653507016431319698 2.1981946891035892833 2.4637676120088500831 2.2934408879218812771 2.1115578319282830577 2.71272e-09 5.04257e-06
48788501.02669403702 6628 3.2719880798863334448 0.078609879182826927768 0.18059002335068258249 2.3545754126656612826 4.5481694763537428017 4.8335051973546576676 4.911250993598059722 4.9883116313467130709 2.5094e-09 4.9133e-06
48788501.02669403702 519 1.4555393356390422532 0.022647000375425628549 0.19077523978877905519 0.52237692944356228786 1.3714759477214184535 6.151752939044644819 6.1546883475004863229 6.157590416546548262 3.92741e-08 1.229e-05
48788501.02669403702 2992 1.9177941061377901111 0.24649394707453095577 0.10238285051040901807 2.019139725700434429 2.4779764663337675579 3.2559303532713239626 3.2885468873435401704 3.3246399800667121305 2.26492e-08 1.02298e-05
48788501.02669403702 4502 1.4484806346478034111 0.169904816623751731 0.15690800382659192413 0.91051898550902621299 2.9475009738498547662 3.0903252583824682986 3.0807352191601129476 3.0704016293079874345 4.58456e-09 6.00643e-06
48788501.02669403702 5626 1.5091592879849169417 0.15680646636989237219 0.26156002556410173909 0.4090305132402617394 2.4932638473575048366 2.9398867031507580627 2.9056318973237602599 2.8689741164161839393 7.93289e-09 7.21097e-06
48788501.02669403702 753 1.6216794479851668331 0.33452010173218588163 0.11633375286301458895 3.7163002856461990753 0.056861023957657491623 2.6083607191873330322 2.4035044622762424815 2.1784142924386160622 1.27811e-08 8.45356e-06
48788501.02669403702 6244 3.1641028242690514283 0.12295377722212719185 0.35353266293148027932 0.38946700946231993523 4.4797151747039789527 3.3856198820941800776 3.4173369879574950758 3.4508127802163861553 3.08558e-09 5.26376e-06
48788501.02669403702 5020 1.6063127761056121834 0.33096970421158916631 0.47719883417390573932 6.2125378421517032379 3.8050315775580418887 4.5160070825259275296 4.8581306602102705128 5.1855915780496051326 4.40916e-09 5.92883e-06
48788501.02669403702 6161 1.7619906585437117297 0.43899358000588029061 0.34946196661770945191 6.20897433033495183 0.43080630783211631973 3.9196176469360453076 4.3034332308526934696 4.7062258948004878079 2.19638e-09 4.69987e-06
48788501.02669403702 6914 1.8498439399787975912 0.35912367457330141018 0.22642785895915637506 3.3893621565916953742 5.6344868394550609025 4.9501329546300212314 5.2926755220001195923 5.5930126563614326329 4.41745e-09 5.93254e-06
48788501.02669403702 6451 1.6554689934099706683 0.28162060760658014225 0.066186505561910816131 3.8368470395929539229 3.2972927563979710364 4.9559274764239908961 5.2239236329931602043 5.4694951969490244181 2.57122e-09 4.95332e-06
48788501.02669403702 6702 2.2259668449112504085 0.30812466717484049417 0.36202963801789461717 0.049393953414360869392 5.62543252416523476 4.1799301340958558981 4.4735999382320672524 4.7729816020076958338 3.70623e-09 5.59535e-06
48788501.02669403702 5195 2.7624588440772135378 0.090537150214123410241 0.15925823693517893176 1.2143068236458227638 1.8389902472513754983 1.4668423679614055466 1.3770917164943408117 1.2882478056860062754 2.26107e-09 4.74557e-06
48788501.02669403702 5437 2.1356455091378587774 0.13461778563574480772 0.59271947385464418545 4.931995149759394792 5.3019235325559996852 4.7441249856242215799 4.8787968603499161091 5.0115550534294106555 4.54448e-09 5.98887e-06
48788501.02669403702 6667 1.7304351692154471554 0.079111240544894614879 0.18063015776888988184 5.7641666469603531908 5.5798398342120680837 1.6752846750335765869 1.5961956903177736411 1.517109966826059253 1.85586e-09 4.44323e-06
48788501.02669403702 6816 3.1078891229047442835 0.048844169418789051829 0.13333470543277001208 2.5591032979093624178 4.312549359612926736 0.30402635519430987188 0.28972902711306752765 0.2757746114816714833 1.76213e-09 4.36713e-06
48788501.02669403702 5291 1.8046948832894216252 0.39812661169792445959 0.63849922612058696014 0.82441128836026500437 5.5111225088535675809 1.1613049025122708091 0.81300161994534847487 0.5238209538540781196 2.6037e-09 4.97409e-06
48788501.02669403702 6595 3.0378102564713453937 0.060575502660931528076 0.18226474758572078216 3.3662466031677662492 4.9127824309126459923 2.0295785413780906836 1.9744912638014489037 1.9187850724249619905 2.5233e-09 4.92235e-06
48788501.02669403702 5950 1.2962699958480179419 0.22420250396301846796 0.25633195837043154519 5.0607579194349385787 5.5908729448505587456 1.3341488582388918438 1.1199323588935248264 0.91813419365836157482 1.07677e-08 7.98408e-06
48788501.02669403702 5351 2.955697584964192437 0.14984456858995218176 0.13624209844063367436 1.9658916602119826944 3.054580061636535504 1.3916982030071793908 1.2456375633005534187 1.1036448471238204938 2.44807e-09 4.87295e-06
48788501.02669403702 2768 1.5965063023144783205 0.021456080704633458123 0.040946752024470609022 0.28424341754408893879 3.5321093789461737167 1.765087750504884534 1.7439900251592441727 1.7228549397784698183 1.05906e-06 3.68544e-05
48788501.02669403702 5194 1.5294909261096845121 0.24788735168058051439 0.21358247588784742832 1.1300806041747670783 3.9250093318005512266 0.59054704198885876743 0.4637773167279719555 0.35288996540408190672 4.75382e-09 6.07945e-06
48788501.02669403702 5310 3.4874473483522865358 0.050948229597566951909 0.39493887906399699483 0.34980411054084942224 1.0461483572784040508 2.0806988433076920586 2.035649771778818895 1.990107797677215018 2.51895e-09 4.91953e-06
48788501.02669403702 5888 1.1374322570105221963 0.24857399014195005749 0.38321682836402054528 4.3775938239250979933 1.3055776022706033768 2.3621880259931211654 2.1677893950997995098 1.9622113170093558043 2.79797e-09 5.09485e-06
48788501.02669403702 5964 2.1853961674206217047 0.41842692781591117601 0.62442586175110426083 1.3150202608009300409 4.0000811616249487557 4.1460338871915283221 4.559460143661317133 4.9730036768277798842 2.1711e-09 4.68177e-06
48788501.02669403702 6639 1.3426366815403880661 0.10864697954275932823 0.30704089310174892402 1.3460460832888734295 0.65169925334852674137 0.14223020366809732695 0.12757438282343597225 0.11375137819457661892 2.07227e-09 4.60963e-06
48788501.02669403702 5312 3.0157385575238646602 0.04931599843013081963 0.096222087032413722296 4.4022333448694528357 4.1225924509655547112 0.34853333580297568561 0.33206301813567012937 0.31598629657317334196 2.46345e-09 4.88312e-06
48788501.02669403702 6126 3.0283332797585678087 0.23124910419015137775 0.15686055561875167363 5.184662341877220193 2.6727305888611940787 5.4439334730597188639 5.6053613275547844452 5.7503775303911774941 3.04059e-09 5.23805e-06
48788501.02669403702 6734 2.1005419221842234201 0.056911062889179048208 0.33246623609601494431 1.7777628597879275851 5.7801033507849588489 5.3488543341795313779 5.393889396632556732 5.4380881439242232389 1.24231e-08 8.37387e-06
48788501.02669403702 6073 3.2494817575122900699 0.040200540535066275893 0.27617795812417456069 1.8951420469964523896 3.0763914268819196884 4.7668445148868610062 4.8069524152504765624 4.8469733481812546927 2.87152e-09 5.1391e-06
48788501.02669403702 6692 1.9244465653700479901 0.16902859487090562962 0.17486897644639398663 3.9321252300841669225 2.4275773821894013338 3.2537900062617444163 3.2746126754996622843 3.2970306144399206261 1.32225e-08 8.54977e-06
48788501.02669403702 6028 1.4287774611507624289 0.48042608537103947963 0.35356004676608487891 3.1118442026565005243 2.7202860509672346367 1.6935850065625115413 1.180648539203173808 0.73632509886723029879 2.1303e-09 4.65226e-06
48788501.02669403702 5030 1.2962457180665345469 0.42646032443137821266 0.27975977810264179846 1.7121650525110880814 1.7734241492172240218 0.7965707761426921163 0.52147038982030735621 0.30902677706776782163 2.14686e-09 4.66428e-06
48788501.02669403702 6521 2.9559330606739715464 0.03157197874573970664 0.10975119802417357406 4.9898428133268879492 1.4230422146799206473 3.5734478827107705179 3.5868579375811280308 3.6004559040028354389 2.953e-09 5.18726e-06
48788501.02669403702 2010 1.797468265220315331 0.46197461957404195587 0.11832720490767299759 1.6023849680497717074 2.5030156295556058588 5.598564549294329673 5.8573980812673172025 6.0482110835992246578 1.54172e-08 8.99881e-06
48788501.02669403702 5717 3.1511798018612866557 0.15565957409365649422 0.21334838407457881737 2.739679181989361556 0.87739911217272881228 2.1270923979043998564 1.9885783091829298819 1.8463068417424506329 2.31886e-09 4.78566e-06
48788501.02669403702 6832 1.6038971004429158906 0.21701177289507059265 0.34331625150190514528 0.96338250738119712846 1.9636678600738586287 3.2345886440764957115 3.2574865773932240032 3.2825806603308458342 7.86044e-09 7.18895e-06
48788501.02669403702 6842 3.1833584230193054943 0.062133237753842496254 0.1611888564522510614 1.7166270408894979127 0.55829254782489179387 1.4695323126232116007 1.4078710408740762183 1.3465606330449062522 3.94698e-09 5.71398e-06
48788501.02669403702 5540 1.4908527127976067828 0.52269866988236246552 0.079826495496886445968 3.1491634168890620948 3.2321785703415466529 3.5248965215050902522 3.8088190356841931106 4.1322699797518573916 2.31531e-09 4.78321e-06
48788501.02669403702 5131 3.52935663148486789 0.098635037049174367763 0.23680795641466254042 2.7250569484578286428 4.9917458047974836433 3.2826717326571142053 3.2972901342018303694 3.3125853885726459502 2.25296e-09 4.73989e-06
48788501.02669403702 4406 1.6854892690606322336 0.41743574938414634845 0.47033684309799744794 2.0478992391209116519 2.532836107766214262 2.8996388050732715413 2.7667819905481620957 2.613960289244852131 6.27014e-09 6.66718e-06
48788501.02669403702 6119 3.1334364695491698782 0.10865835198280827945 0.16597805306798238401 2.3603299541717088772 2.095073818014012712 2.3788275387416999429 2.3004823535196221584 2.2194901842088432531 2.96829e-09 5.19619e-06
48788501.02669403702 5525 1.4156438641719912841 0.24047065189164468224 0.33783499201314026728 0.09494310433865156551 3.7868463308519677568 3.1460018421427684565 3.1472274625020419947 3.1485824615039836871 2.22151e-09 4.71773e-06
48788501.02669403702 5240 1.8755870954614957125 0.46275513295627818122 0.32975811322476511478 1.9113310738893449781 4.7485248487726350319 1.0136892063049038892 0.64917197106829460651 0.3694239905120266787 1.54708e-09 4.18172e-06
48788501.02669403702 6997 2.8889925351906091677 0.031218778437195917469 0.1471795722944287399 4.8707522968345067227 5.5656993298708350437 0.75646572294050673513 0.73527474768106881875 0.7143334737413455926 2.77488e-09 5.0808e-06
48788501.02669403702 5667 2.0489428308880377472 0.48356795543813668736 0.62449948476878047732 2.141467415306642863 4.1012195215272253535 0.28482601592251494127 0.16879116857632148196 0.087556191260357005279 3.20823e-09 5.3326e-06
48788501.02669403702 6103 3.3052178534282607991 0.03878757553697542021 0.15866955546618394246 6.2632033784377272312 0.8882871761638944097 3.29336686663394973 3.2993481441795813325 3.3054417485620817274 3.07621e-09 5.25842e-06
48788501.02669403702 6333 1.2889889962527987244 0.35320452656151912763 0.36426366224530731808 6.0333151239818398892 2.4946639937643011464 1.7251630623055003166 1.3582970454066387589 1.0130371974517029532 1.94245e-09 4.51128e-06
48788501.02669403702 5252 3.1578673999120474569 0.15471874601757082401 0.17722501777521151856 2.2865581702482984383 4.0010420270060347292 2.5527021114280148417 2.4603279619606981399 2.3628898227998336168 2.42859e-09 4.85999e-06
48788501.02669403702 5316 3.4964212919003596625 0.10385602176418098908 0.24787533222632382457 1.7547042173930456066 0.47554986070769617035 3.3814100465352230351 3.4074616080931674489 3.4347495483560881446 2.96988e-09 5.19713e-06
48788501.02669403702 6874 3.3042906871081512143 0.07529733338066615933 0.29524407480148090466 0.44218208809509312873 3.9974756553126535863 2.928265585601190768 2.9116911612830449485 2.8945322838140099542 2.61974e-09 4.98428e-06
48788501.02669403702 5053 3.0334558790764445391 0.17479362699586975527 0.22464844338645789668 2.7760084509504672212 2.6101563418205384615 3.7907066120361556649 3.9050952373885285951 4.025957341794137001 1.90259e-09 4.48021e-06
48788501.02669403702 3953 0.92463478093084194853 0.23665563260810418278 0.37179309328778220589 5.1101603726816637874 2.2016166186719003939 3.5785999045344074609 3.6924773277086782031 3.8163526432866525795 1.87457e-09 4.45811e-06
48788501.02669403702 6204 1.7561217443480721112 0.20838493330770102574 0.3031410733939490787 3.1970548011783557207 1.0058102486506343975 5.264422799304948164 5.4340232192100064168 5.5904634428882573616 2.26769e-09 4.75019e-06
48788501.02669403702 4189 1.1059760101930393716 0.074148759325353003069 0.042822562777248364407 0.0050528494087942891003 2.5241241956361033516 3.905417964975524292 3.9581792584882316 4.0122198296422713071 2.43052e-06 4.86127e-05
48788501.02669403702 5324 1.8565966721121305305 0.11034153259473944431 0.34539399500566458912 4.9489118228901300967 1.9559854867247661314 5.7724292607727196724 5.8240303157090469455 5.872932665225885529 4.64884e-09 6.03437e-06
48788501.02669403702 5185 3.5400684863793165924 0.04614584940082357839 0.24859476650386011509 2.1330599996302561649 0.62776595823279379704 5.248958889398849692 5.2881730187089805995 5.3268785724093543621 2.64564e-09 5.00066e-06
48788501.02669403702 5451 3.2641207905347791041 0.088146890987072942791 0.10235893246471908236 0.73577290553071483803 2.9524815135395026111 1.4927977540209484975 1.4051056616189432358 1.3181659708000257325 2.58702e-09 4.96345e-06
48788501.02669403702 6192 3.2016855930253704798 0.24658579989393145104 0.2870064808142902546 4.584065222058322675 5.3567431141666785877 2.4771435770182308467 2.3062351193663870319 2.1233827648023049228 2.79503e-09 5.09306e-06
48788501.02669403702 5992 1.8509407937954720502 0.20349018779833802362 0.2490091146353084206 4.5844384514844920275 4.5183301877226558219 2.788086140095042964 2.709335472208044937 2.6240890698514314217 8.41385e-09 7.35386e-06
48788501.02669403702 5853 3.1578103235598731224 0.14352066675450755873 0.12283476830043076056 3.0168507406695295181 1.815505212001528923 2.2974153710520357485 2.1842796818276144499 2.0669303605069431207 2.34516e-09 4.80368e-06
48788501.02669403702 5360 1.6164328221182300283 0.32006743613593319209 0.10546358652665326072 1.7691969318809381839 1.8994837231688093127 5.3968220224229588311 5.6265134922864961098 5.8219096116265109941 3.7029e-08 1.20512e-05
48788501.02669403702 6233 3.1484420645190955845 0.11045009661387428235 0.25197710257942723677 1.5201629979403792348 5.253580923375126055 0.67042428021709610242 0.60447641888717629222 0.54170416617707828344 2.38928e-09 4.83362e-06
48788501.02669403702 5650 1.9250275226117530281 0.16511214053857578565 0.31549047570802951634 3.9984451643922569453 5.1329148387209508897 3.8101892682788567335 3.9203270672944467989 4.0362983895433863779 1.14639e-08 8.15256e-06
48788501.02669403702 6255 3.241257995688058724 0.11573326987382606679 0.25607000161113319114 0.60306623125966318799 3.8705424627987503605 2.2055405217510792859 2.1087767163878408105 2.0093913164693528728 2.45838e-09 4.87977e-06
48788501.02669403702 6952 3.2203059876247266402 0.1249095903424709969 0.16910691478166325896 0.84678074677609116439 4.120942916675618406 3.751922764137496813 3.8276512471720978148 3.9067805298244038248 2.57429e-09 4.95529e-06
48788501.02669403702 5708 3.1352959871742545062 0.25869680563301272747 0.25646035212639123335 2.3403783480821500618 0.073095886419776823217 2.7321475390304335029 2.6131344446532995818 2.4826988755878951487 1.65544e-09 4.27716e-06
48788501.02669403702 6956 3.5094816355281071019 0.18507919047906309928 0.44449180730851145515 0.27287903861393314475 2.0346588405973724534 5.0006882805172629958 5.1746078805756532404 5.3402658261659681216 2.20649e-09 4.70707e-06
48788501.02669403702 2850 1.6951450118315021243 0.29830845297024644047 0.42220698039691734182 2.2875087550692367877 0.32036607497943303535 5.4908520529260709253 5.6865282877187075528 5.8541419136288812552 2.86233e-09 5.13362e-06
48788501.02669403702 1284 2.3616163022805696237 0.2357540006990949677 0.075550596564331468086 3.7186695376487879372 1.561159482839428625 0.22602181181901551121 0.17803527195636278946 0.13628412396355069069 3.64405e-09 5.56389e-06
48788501.02669403702 6722 1.4899009130807714385 0.07662535551630032804 0.49285645487281815047 5.6053932932359602503 3.014770017512417688 4.2340857942378171686 4.3034091692156932751 4.3737150019602486495 1.78527e-09 4.38616e-06
48788501.02669403702 6089 1.9153963579622963476 0.3554576046482902929 0.30462683413308955238 4.0149161147875620514 5.6152430022384711705 3.6605042250770347678 3.8764884581558418652 4.1148262856832680257 5.81535e-09 6.50193e-06
48788501.02669403702 6473 2.0468008972873215079 0.367424710273648647 0.80513087913401903961 3.1473433149697229716 2.4809513959948619188 1.394543625905730666 1.0357102480169690928 0.7196424223013841992 5.43469e-09 6.35685e-06
48788501.02669403702 6295 3.2668804813723069103 0.04462300897767346175 0.25814232677213228007 5.8848443077904883936 4.0505990804707643349 2.4555134358781609549 2.4267351976534219382 2.39748437903501177 2.30061e-09 4.77307e-06
48788501.02669403702 6211 1.8730626971476764808 0.32171663248723258999 0.45832281625200294028 2.6033308305553544137 4.7670001041542917619 4.6087929686552637776 4.9401722153300235973 5.2535787060881302679 2.33777e-09 4.79863e-06
48788501.02669403702 6969 2.1759364449979243794 0.066666319961350528622 0.12142747160971285869 5.7284482397464531189 2.5899752442655872287 4.4338937703998961837 4.4986343306797351715 4.5637834137867052675 2.41679e-08 1.04535e-05
48788501.02669403702 5578 2.8916570829569443468 0.068887143542770840066 0.27997569136958311287 0.52711880331298388569 3.3160533968738166166 0.34049061897769672402 0.31818444198790996058 0.29663360537189153998 3.04211e-09 5.23892e-06
48788501.02669403702 6450 2.5964216241867772439 0.41933556424427709253 0.19369759595221827664 2.292727337274526267 0.75881699821526715777 1.3617946536329776919 0.9561768977053751728 0.61358269326262804277 1.74846e-09 4.35581e-06
48788501.02669403702 6886 2.7100965898168172252 0.56046791753784730439 0.47622542211905100062 3.7384839271833771868 4.7307554778585378941 1.2773376443507040712 0.7507321913993282303 0.36839537448192838376 2.88448e-09 5.14682e-06
48788501.02669403702 5290 3.1952470566188786449 0.037831044440909969429 0.15854695212181063591 6.2453297409830206277 1.971712383780179989 0.90329044429720872778 0.87391474114892564451 0.84490410297202711565 2.68653e-09 5.02629e-06
48788501.02669403702 5080 3.2193341918714817318 0.18770759348112664444 0.26344371014563405797 1.9465806094285038608 1.0055331652734178505 4.7156767318628727281 4.904445028026613862 5.0887014028287209655 2.57476e-09 4.95559e-06
48788501.02669403702 6155 1.6588054627833948018 0.58934150621782932511 0.54597743552183786164 0.74595420133605283564 6.1739345073057600999 3.0349077087337192893 2.9322807725591042427 2.8098233580440203916 3.03729e-09 5.23615e-06
48788501.02669403702 6186 3.2345952582640045136 0.032276412805286307239 0.1558858885731641275 2.702174051391667664 1.7754548297387049427 6.1599389933293018373 6.1638453287921626256 6.1676880586409170704 3.14704e-09 5.29848e-06
48788501.02669403702 6417 2.0422599810085682037 0.47800645801059427065 0.72457305179511444226 1.7762057852307315819 1.1629433101652266735 4.1220583182889303231 4.6050475665775838507 5.0803028297429948523 1.63097e-09 4.25597e-06
48788501.02669403702 6572 3.0012856691106821749 0.14068793574405569213 0.14982248821050633825 2.4020827650463085767 5.215587109560854806 0.89569352765413379203 0.79008627816851206838 0.69013959951123593495 1.66053e-09 4.28153e-06
48788501.02669403702 6029 1.9508493966146089882 0.41767233339255804836 0.19767567782087147599 2.4862709356104750746 5.1986391844618129454 4.3186822832059332811 4.7529564232932477452 5.1702851184989739863 1.2969e-08 8.49478e-06
48788501.02669403702 5063 3.4640422652350038035 0.12970030856749123482 0.39370108146910121061 3.8102198358732852768 0.030542742766368084772 4.2991190991423415824 4.4214548982482249073 4.545704727046405047 2.23728e-09 4.72886e-06
48788501.02669403702 5643 3.2976020491827218173 0.087553722461178734582 0.097595634185321772369 1.7381239392034939506 0.58922583139601458768 5.068966937615488888 5.1498872963303465866 5.2291947186394880376 2.47115e-09 4.88821e-06
48788501.02669403702 6335 3.111993410577645669 0.07742231216073577893 0.27087311695790566857 0.337306483356271114 1.8853034659032064102 1.8023289393860146834 1.7262186393144283159 1.649729556656838847 2.80706e-09 5.10036e-06
48788501.02669403702 6290 2.0292668477649695724 0.46977165746134968982 0.13767674425737200239 0.3308752510714896844 1.0176794031675509 3.098914805078717194 3.0705565341616378738 3.0372138370479127012 4.66797e-09 6.04263e-06
48788501.02669403702 5878 3.2360989605904615374 0.062393523180404975026 0.10855452652888529508 0.24073148673850974788 2.0732794813383237376 0.76453769348556488428 0.72226567876094727172 0.68101817360704453019 1.44428e-09 4.08696e-06
48788501.02669403702 5257 3.1858516576481799021 0.11135896866646753656 0.2415290432009325472 0.21667147372338646516 6.0127014156198512751 2.6930061690127771179 2.6420036728547442451 2.58865551138379546 2.20895e-09 4.70882e-06
48788501.02669403702 6327 3.0007152420327716236 0.18164450158107911526 0.12604643590362807348 4.6744730146143727012 3.3619218112485436123 3.4148678931952312077 3.4690702589843724901 3.5274972497382557357 2.25041e-09 4.7381e-06
48788501.02669403702 5405 3.1799155736817783513 0.072608245697730472434 0.10305976451827143781 2.4800670487483480464 1.4392389714887392493 5.7914719341389524487 5.8247293642351785081 5.8568631614904864691 2.93677e-09 5.17774e-06
48788501.02669403702 5673 1.8746621113731312125 0.0075571087875669368944 0.4675527819877699498 1.4564719877449174845 0.71049350652875764567 2.3917408766660979147 2.3865761346910452367 2.381397242757958832 2.67237e-09 5.01744e-06
48788501.02669403702 6129 1.4714032280693183363 0.25956545298679056799 0.6682553617810179647 4.7527235869329551576 6.0537334231359789527 5.0802592131897732486 5.3144340411523183221 5.5283624785896883225 7.14833e-09 6.96495e-06
48788501.02669403702 5034 2.8696915873922708151 0.24695162312597498944 0.12675819397673429578 2.9711000661619588747 0.70377999266664448275 4.4437658262539443399 4.6926408518653852653 4.9395443223998869442 2.20492e-09 4.70595e-06
48788501.02669403702 5227 1.9447021244384601335 0.59313891739861213104 0.35459078371556362885 3.1328476875908868315 1.8719197523379313974 3.6566292928284886976 4.1024421449186014854 4.5886253469604998401 5.94474e-09 6.54979e-06
48788501.02669403702 4112 2.0297111179741538223 0.30401969308833121097 0.82047188821500838252 5.8790524183051209306 1.5975642115083952266 1.2693939759078063378 0.98706835005181325915 0.73339011608104054396 1.99037e-08 9.79854e-06
48788501.02669403702 5288 3.1049360217963255515 0.20269917048569860429 0.28618084007507599287 1.7735106228304569065 3.2406643399052237342 2.1616171344848482683 1.9817087961423591747 1.795882968999792606 2.94866e-09 5.18471e-06
48788501.02669403702 5938 1.8745458405436892235 0.21259037409694198084 0.20015590133724539545 4.4607259931175065049 4.2982114728497755607 2.4698767009795199456 2.3240058957396576567 2.168921783889227406 1.88863e-09 4.46923e-06
48788501.02669403702 5446 1.8391100508622382215 0.51786575290900660473 0.40502558651847031523 3.1093030009895343824 3.4722226587188735891 2.7587777673722309046 2.4792612662813922064 2.1607961161949780227 5.46354e-08 1.37196e-05
48788501.02669403702 5914 3.1927389105895276344 0.049121501537616525657 0.15386261280252655492 1.2235471904831756174 0.048702369233228168244 3.1493303176769678053 3.1497202106732400395 3.1501194440856052914 2.63408e-09 4.99337e-06
48788501.02669403702 6154 3.1451628937262912089 0.08997713064628133639 0.24187704693861664107 2.1781609346686843232 4.3339361292483218335 5.9271027715739874608 5.9572565671365058648 5.9860662338539061267 2.04677e-09 4.59064e-06
48788501.02669403702 5511 3.2192308127347479818 0.11036363084164249604 0.14795971216209882759 4.3681001762172817493 0.95743362275055343691 5.9802576138468701572 6.0116219973828766143 6.0412256930019276879 2.90982e-09 5.16185e-06
48788501.02669403702 5957 3.2230645052203805712 0.075493626845653721835 0.0862068786993360342 2.3487217002607869709 1.0620456780135243413 2.5541436201644436288 2.5108878269852867859 2.4663681684458671484 3.45473e-09 5.46581e-06
48788501.02669403702 5962 2.8935453316043782124 0.18756407333886448985 0.24487943145627091845 1.0171437381141155143 1.2724762207924362745 2.5104878714438751963 2.3897382577582084728 2.2616330407691007665 2.88829e-09 5.14909e-06
48788501.02669403702 5160 3.0408712004361944103 0.10720829853200872228 0.1646867587556794521 2.9617788515629648316 0.17759076258929493153 2.4576480791349588628 2.3867880112329675768 2.3133346333552458063 2.48083e-09 4.89458e-06
48788501.02669403702 6827 3.0968714627693922914 0.10542610554628070729 0.20795444376222474436 0.33761563280251244423 4.7998117436377372158 4.6303497591818132406 4.7360746855569431091 4.8414712197974063557 3.04652e-09 5.24145e-06
48788501.02669403702 5481 2.1173251586354835396 0.58355479297877910216 0.74519352369369329381 4.5922320420796642892 5.2163166842082846486 5.231215522712081345 5.7044784203687939339 6.0236489514269520029 2.0621e-09 4.60207e-06
48788501.02669403702 5196 3.5342465073546458498 0.18067084671899369397 0.18528594972868872581 5.0964819139804138359 3.2977947054065022137 2.1069655014693577932 1.9430844616257398894 1.7747900230465789573 3.02458e-09 5.22884e-06
48788501.02669403702 5597 1.4978741232915757653 0.66298090400056186589 0.29428067262494839174 4.7919522379586858563 1.3226237453796150234 3.3606643212138296306 3.6207966112369787126 3.9264791683143731582 4.51539e-09 5.97606e-06
48788501.02669403702 6928 3.2123415349607862268 0.025159496207131867157 0.17930340304415384733 3.7960066931465554774 2.5214901310778237153 3.3609065046696033896 3.3664491215277005942 3.3720588449707395995 2.08658e-09 4.62021e-06
48788501.02669403702 3089 2.0197923601966980556 0.46292920227836470426 0.60417212805285580579 1.3228421930933991213 2.7016325680855124425 6.0156510608623507963 6.1204712546108854809 6.1954643981172994316 1.46985e-09 4.11094e-06
48788501.02669403702 5640 1.0552824386067369833 0.15558064624941142506 0.34448673433664261934 4.4727870195849535051 5.311564082333704917 1.593159382832952442 1.4367103597127131032 1.2825262151090852658 5.24602e-09 6.28242e-06
48788501.02669403702 5762 1.5393673257620694717 0.079761140246882897276 0.47002305428890789329 5.5224561422337838934 1.8448844024296542354 5.9752381318812437527 5.9985635642841170778 6.0209600483834968543 4.50081e-09 5.96963e-06
48788501.02669403702 1444 1.8567045823345478262 0.47733026267147032895 0.79503748754570069401 3.7382324035219700598 4.4288446749092127419 3.7981120009348319222 4.1816399203609222468 4.5933029774908353815 1.72307e-08 9.33865e-06
48788501.02669403702 5176 3.096844069192853599 0.18877973486731502994 0.15194486333018278335 0.61282362560078873503 1.4345883792543281388 3.0737858491632450431 3.0595240264098659821 3.0440485183174565975 2.68297e-09 5.02406e-06
48788501.02669403702 5642 2.8999652658020647067 0.17150635819974044405 0.15425591630607801696 0.84222024990122834609 6.0348411566965465269 3.0978704977033348911 3.089604946297026089 3.0806927397499896948 2.80041e-09 5.09633e-06
48788501.02669403702 6140 1.744422922216840588 0.31154543599575834634 0.2706434498986073911 3.553614822748683455 3.6043474903676293586 2.8683889252916334733 2.7666002663637567771 2.6524919385078558065 1.67728e-09 4.29587e-06
48788501.02669403702 5534 3.2480580842389392693 0.13142237186987079656 0.087509048331471273041 4.896712464327920955 6.1189371376893024745 0.11567194427160269743 0.10137536521148172997 0.088075182527618936512 2.18919e-09 4.69474e-06
48788501.02669403702 5929 3.2451357965505565062 0.15644306562990054066 0.15441639173986232425 3.4270356954699070506 0.46803362965359041059 0.011321634188868981777 0.0096695317833695188653 0.0081568241612185871103 3.18574e-09 5.32011e-06
48788501.02669403702 6935 3.4817869947910606854 0.11204066031337978071 0.4737125048100516711 0.89769688066828257078 4.4703712454385255981 1.6461102719103724024 1.5336770562861408163 1.4217135741758695211 2.603e-09 4.97365e-06
48788501.02669403702 6775 1.7170618060535631777 0.16779794744485621028 0.34601554093190917127 5.2355396445921202897 5.5805991251864970337 3.7675762906806467001 3.8737687347418656714 3.9859399199889575804 6.39874e-09 6.71246e-06
48788501.02669403702 5211 3.1900411214319444042 0.085275414873109300906 0.25074411126683415763 2.6087495282728347945 1.870458805358848231 1.7669324472131435755 1.6824862490909180401 1.5977421715167920979 2.07199e-09 4.60942e-06
48788501.02669403702 6920 2.3365147895774196485 0.10835047500757927219 0.19586956502091276699 4.7606211974590664227 4.2228114715140963042 0.57970281086972219597 0.52277957160233878842 0.46868122167224013364 4.48089e-09 5.96081e-06
48788501.02669403702 6390 3.2167889558431554953 0.10981303722595200933 0.26316225648057550712 3.6744933309927030329 5.7492174252276075919 3.1076361865843109555 3.1036789247624985144 3.0995165004280611498 2.74624e-09 5.06325e-06
48788501.02669403702 5072 3.1116623002696122136 0.095878671374316409848 0.23669735555646109759 6.0363543159257941895 2.7457909648589491347 3.7127624061777506626 3.7668910267533313174 3.8230125731369124509 2.73643e-09 5.05722e-06
48788501.02669403702 5231 3.1606976287502934753 0.081121267504117799962 0.2179450304794446347 4.0960214650302848582 1.0391713276984426706 3.6027862137968553746 3.6403070411163396258 3.6791070928310594113 1.89135e-09 4.47137e-06
48788501.02669403702 6291 1.2067391658626573925 0.22517310465591272584 0.3699456622911682091 5.9084989901944693358 1.0848962322056519003 2.1508101413163531745 1.947990455677013788 1.7386466299188529927 4.97801e-09 6.17355e-06
48788501.02669403702 6756 3.2101870846186151276 0.033672796873610418011 0.32284197184303953243 5.9655847894544384857 1.7401583204455808307 1.8866174282286118924 1.8544353784433638133 1.8221080318912261653 2.22448e-09 4.71983e-06
48788501.02669403702 5323 2.8255457054592860722 0.15033295159264797869 0.069501055510661005621 3.3603062825717646689 0.62472549848747149781 3.9353292889919435638 4.049037080909878128 4.1674893280678988461 2.25995e-09 4.74478e-06
48788501.02669403702 5372 1.6335786923107880053 0.29448703869686138068 0.27376814251658360133 2.0121645244420540699 5.5682455903689245247 3.1320196538119744467 3.1286255901718686978 3.124807065078242907 1.39548e-08 8.70479e-06
48788501.02669403702 6286 1.9100230595415665924 0.40736188394401123825 0.77685064169733875072 6.2173474490737410392 5.1789667326396893188 3.7454703993656739414 4.0365820023440912578 4.3544067294310471183 2.66284e-09 5.01147e-06
48788501.02669403702 6960 2.9728166877694763848 0.1390490742469802643 0.082739813457972960498 5.1035602800870707441 0.26889833639039323332 1.2826027718608057349 1.1514342478845802642 1.0244339325599529644 2.28045e-09 4.75909e-06
48788501.02669403702 1410 1.8503169566062971363 0.13217889948501254649 0.35481276768288283474 5.7304154691165276603 2.4571334111055134208 5.01890423713770506 5.1428333864431561295 5.2629549795902788034 1.96181e-08 9.75145e-06
