33412731.00616016984 0 5.3972815128996316503 0.02939338144276745432 0.015264123603754280178 0.12157046386551351169 5.9037062282061940621 3.9555845390695885122 3.9771762320135848334 3.9989769523751701463 0.000954961 0.000356051
33412731.00616016984 1 9.0246908622342090212 0.087304462527223125612 0.060096305648408732125 0.90893431029210380867 4.397844536410959293 3.0088312760654414291 2.9967279814432346008 2.9841248383842486902 0.000285285 0.000238018
33412731.00616016984 6992 2.3728706413383142682 0.36314450655786190136 0.52849572422887636236 0.10915746245096394351 1.1588189508814887851 2.4956430456055089806 2.2309024625300208911 1.9440447561773461782 1.98059e-09 4.54062e-06
33412731.00616016984 6819 2.1520012911682431245 0.24144382930782778973 0.21826983331662469512 2.2663214249483778495 0.91506051441872793273 0.93355441207482059429 0.75048026819285096334 0.58581796972660038492 2.46721e-09 4.88561e-06
33412731.00616016984 6751 1.5448369295420474323 0.2253787001424757408 0.37300235708432583071 0.70826913952264047847 1.6971701995149228726 3.36621157690448225 3.4234181354284207721 3.4860981102494088546 2.66624e-09 5.0136e-06
33412731.00616016984 5931 2.6676700098102879011 0.52011935415318921727 0.43837300456407851668 3.1695784599043470564 1.3948088196537629102 3.2916825841755614768 3.4076453986782215821 3.5443978418768864458 2.66585e-09 5.01336e-06
33412731.00616016984 5740 1.6582162251633707495 0.18306804157684769541 0.1735599231016643762 4.8893272737554438478 1.84755444471619934 2.9942568029709613064 2.9644312974169078068 2.9321681044852909714 3.09097e-09 5.26682e-06
33412731.00616016984 5588 2.6972264339981082415 0.21814562026140973949 0.13107105779152733449 0.50813672830583356266 0.86003391227942149744 1.9364480830021113533 1.7225850018891406545 1.5069475763192810014 2.40685e-09 4.84544e-06
33412731.00616016984 6582 1.5898832283330115445 0.32296969273472259099 0.18456024222206049434 2.3439894777383427638 5.4479198522080842793 3.1974121900694458809 3.2196025287383420732 3.2447718078974774336 1.86721e-09 4.45227e-06
33412731.00616016984 6171 1.7549155827648657002 0.079034874994780526802 0.079220891665021067607 2.7771335279699349563 4.0016969315081514225 2.757697741299318217 2.7269230203883583208 2.6950808505231380607 2.39216e-09 4.83556e-06
33412731.00616016984 5921 1.5022355568070118181 0.16151134536342148795 0.35210846281569319061 1.0264304635942433919 4.6512537340746655801 1.2717627082439046937 1.1203227374649902259 0.97492360137883660176 2.32801e-09 4.79194e-06
33412731.00616016984 6443 3.2095748689200882531 0.18854469334315313023 0.26434002495285985335 3.7197576348092957765 2.3789053212888378042 3.8096975624923987702 3.9368972829975055205 4.07153269296972109 1.88164e-09 4.46371e-06
33412731.00616016984 5990 3.1160842928245164885 0.10882120778348196299 0.16998640378874249612 1.9599496141901815438 4.8176539482772664513 2.1135689324964617164 2.017473250265788387 1.9193287576039492759 2.30118e-09 4.77347e-06
33412731.00616016984 6883 2.2542634294514725113 0.16506545039522269036 0.026237958348004526699 5.461862288823862599 4.607563465567650951 1.7906057497145859703 1.6257801645870368912 1.4609641661216561381 1.23696e-08 8.36184e-06
33412731.00616016984 6035 1.8707398575341043223 0.20292512407745427749 0.16620834720799490536 1.0324922692523599288 5.984087880266503845 1.8071866043730633322 1.6036321369714940932 1.4008163990286417455 1.91047e-08 9.66563e-06
33412731.00616016984 6793 1.5287927726719781063 0.29425007331306191061 0.17096582484634004206 2.1839075687302860196 6.1494777245139236044 3.0331269010243420148 2.9948278723442940397 2.9517971932198467933 2.0508e-09 4.59365e-06
33412731.00616016984 5467 2.968516748012664852 0.16193767017020577192 0.15013781997591862938 0.42356228059162925881 5.8469725792259330532 6.181468272288399568 6.196779130901942878 6.2107541409832585089 2.43648e-09 4.86524e-06
33412731.00616016984 2413 1.9661337661661979492 0.45451216905191443862 0.42125073545736252401 3.8426115382543799548 4.6890663084358381596 2.5254812059650126876 2.1832276330041477941 1.8113217869363571477 6.11801e-08 1.42469e-05
33412731.00616016984 5694 3.1226138884188361367 0.12822222611369377132 0.3146415984286445866 5.9656322008044293526 1.6347206391675090931 5.5366551991647181552 5.6200973809367633649 5.6990250033963896215 1.21025e-09 3.85309e-06
33412731.00616016984 6054 2.0627332733723160452 0.36920377925010683384 0.13310639557562542468 4.4737885985927228205 4.3774995247218653205 4.2111980538542006514 4.5767124671824088722 4.9425232830239460569 1.3494e-08 8.60789e-06
33412731.00616016984 6484 3.1495487330100133683 0.1274415053424068911 0.23762287638633478037 3.6719359628820118502 3.7410829053782639342 2.4528950594407628039 2.3673963601630214626 2.2782966939866367007 1.88476e-09 4.46618e-06
33412731.00616016984 923 1.6283967407469168709 0.11916437710395000327 0.10940790609026075642 0.044810680793335257166 4.5422839252793654197 4.3422461563143581742 4.4560793099107822712 4.5713508379576559548 2.53731e-09 4.93145e-06
33412731.00616016984 6411 1.2231116972036353285 0.21671962871361072356 0.11377159020442459414 1.4918435079887477634 2.5944354242017491075 2.8663571636529803222 2.799741968341792564 2.7270907736658362985 5.10394e-08 1.34117e-05
33412731.00616016984 5448 2.0678663342537166869 0.25883130621416239325 0.12722384717588972047 6.1912421502269543439 1.015375966817324338 5.6534618951452664248 5.7933928608585762987 5.9151581714612335716 2.56033e-09 4.94632e-06
33412731.00616016984 6528 1.7568713484068885222 0.055127390873374995661 0.23394488734615323522 0.36110976142425588176 3.6667701531150385108 1.2052413748822499162 1.1542314838422975676 1.1038183519656481479 2.31313e-09 4.78172e-06
33412731.00616016984 6764 3.2649187035470665919 0.0044542413711958356304 0.29757106559831736359 4.7794358853554479438 4.3239990937247601011 2.752027449896652822 2.750332289889224846 2.7486336478618529355 2.4069e-09 4.84547e-06
33412731.00616016984 5259 1.848519726677093411 0.11719397373894861747 0.07101782652279205188 4.7032111586853213581 2.293207642204282859 2.5536284807750044834 2.485071324413488103 2.4135402217161328053 2.21606e-09 4.71387e-06
33412731.00616016984 6809 1.7222899839535195099 0.038540142102784037681 0.30120943514371728567 1.0228751780330020971 2.2869441287661618212 1.7996204924850527362 1.7619105528312739573 1.7240721036157331536 1.72631e-09 4.33733e-06
33412731.00616016984 5328 1.7944755694460106099 0.59053381798871695807 0.43186855358887188405 4.6321541501068761448 1.2662858653477371274 2.9103360325418892174 2.6915234342761968911 2.4346247703524794836 2.1043e-09 4.63325e-06
33412731.00616016984 6498 3.2338103339379742351 0.078269111798175514116 0.11523713773398677751 3.3310807493442577965 3.679923148578490899 5.5537703959044968371 5.6045175347297986335 5.6536514833042099681 2.50157e-09 4.90818e-06
33412731.00616016984 5668 1.4011881268491603869 0.33372603161429009733 0.14688217946110598833 0.45088427772253730774 4.6581367799893023118 2.0686771052575383401 1.7427518091592850702 1.4139475524975246845 5.17696e-09 6.25473e-06
33412731.00616016984 6300 3.257307262014629945 0.074909229921659145623 0.24835035352207410209 0.93636211325524854043 3.6178799190676014241 4.7577517094512344897 4.8325270513666200856 4.9068963428707936814 3.26125e-09 5.36181e-06
33412731.00616016984 5204 1.2680934448299880923 0.49631319418658703668 0.31864408583114978146 4.6225857190425774235 0.40999987617737948531 3.6232032032972316671 3.9423840225536799231 4.2986908471884532901 5.21728e-09 6.27092e-06
33412731.00616016984 4755 1.8963381559059264703 0.042127359242294049047 0.017615947283105743565 6.2538394407937349939 5.7046679832468356608 6.2390876480634354095 6.2409072802508465116 6.2426878113391186531 2.39615e-07 2.24572e-05
33412731.00616016984 3800 1.3997524583657643404 0.015197548422547722466 0.066934411536510876606 2.0504491757772376204 3.9278757916835123076 5.0784895967544203543 5.0926420916098269487 5.1067540901165537903 1.79108e-08 9.45995e-06
33412731.00616016984 5861 1.7335261734939837464 0.19715724365266351636 0.082869244398686814357 2.4560996989375074584 2.5838245341836345581 5.5832487314693279856 5.7022935308339119942 5.8104874436872169241 1.95257e-09 4.51911e-06
33412731.00616016984 6719 1.662933218998999374 0.14284107326540176897 0.28505835907152271558 1.1001216610327269052 0.61675644003444929364 0.89906074184087891865 0.79158657368137896881 0.68995956664952995396 2.09817e-09 4.62875e-06
33412731.00616016984 6923 1.9571485932239163219 0.66732877043002358786 0.39510700823390182412 4.3784732773955603591 0.74475662080864657444 3.0457394760086029528 2.9276578842556961746 2.785979580429882585 1.67707e-09 4.2957e-06
33412731.00616016984 5480 1.7677980944859950085 0.48475808546764143081 0.25723676666059180906 6.0124282329112448409 5.560256064182815372 2.9519361806118622482 2.8214360253319008542 2.6688752711048078226 1.6026e-09 4.23115e-06
33412731.00616016984 5093 1.9782974012270964081 0.19580709562775147625 0.18779828275050280961 1.6628612973354781612 6.1819130633886407722 4.7997457153173073152 4.9944111549068734845 5.1824828196292296312 2.98948e-09 5.20853e-06
33412731.00616016984 6676 1.8665204872503287081 0.23963081371206254588 0.083993651114092252041 5.5257475750334368314 3.7728082658858448362 0.034469136511007227031 0.026996850472084242545 0.020528359030978948069 2.23147e-09 4.72477e-06
33412731.00616016984 6526 1.1904738139636332761 0.278700105048860447 0.22653534188539342642 1.531459220809856081 2.7732650681130417425 4.1616557955162232219 4.4219428427277609472 4.6889699300161131745 1.74858e-09 4.35591e-06
33412731.00616016984 6951 3.0093890070550424198 0.0089425794884775006155 0.079145790142625668806 0.01340062144330833073 1.5009674584570673606 1.3564261002509241383 1.3476963959304002483 1.3389754469649037816 2.54062e-09 4.9336e-06
33412731.00616016984 6202 1.7561984035738182897 0.35187105900365783784 0.32422676688212348495 1.6334596226876803016 3.4193777599521961719 3.4372118831992684029 3.5652208333582318112 3.7098646852089376402 4.75227e-09 6.07879e-06
33412731.00616016984 6083 1.758803533416964715 0.068640853260434869787 0.087066649153218447776 1.8988268309277092083 5.5118213185642606078 1.4998190599960967706 1.4314634562821737518 1.3634878105103760415 4.91269e-09 6.14644e-06
33412731.00616016984 6402 2.9738416771985627385 0.16135667122219440883 0.22401428471753664917 3.2288947837120929307 0.33645506142842979136 3.964794940830405956 4.0906965216509938443 4.2218623775831618516 2.16272e-09 4.67574e-06
33412731.00616016984 6242 2.0069761725627657256 0.34702822875040512107 0.32095175719571211737 5.9783225633630374674 3.8613175565606132622 2.7308829130945744268 2.5602102820957388651 2.369629418360240436 2.33848e-09 4.79912e-06
33412731.00616016984 5146 2.7846879679168310417 0.023890127388629198851 0.12764602952579204298 4.6850778683720708528 0.051207705081434989891 1.5627044813936088463 1.5388151722221357076 1.5149372611346592077 2.55901e-09 4.94547e-06
33412731.00616016984 5492 1.8987250038958121134 0.20890895482654056603 0.29299966364358004389 5.5371092209126295813 4.4747684501076232522 4.9898964985239873116 5.186703317379615541 5.3725499963939613579 4.51271e-09 5.97488e-06
33412731.00616016984 5047 1.7806101309612190065 0.14644600243691294206 0.32943248420598919557 5.6301075630311512299 1.2916596189443911857 3.4439321711843038365 3.4910788260879548339 3.5412241467058374056 8.23744e-09 7.3021e-06
33412731.00616016984 6657 2.3637801109957381485 0.25027581768659795669 0.27803552490644861672 0.72023314655713865928 4.4953042179276057055 1.0101985228985455034 0.80912405251978858356 0.62800371492624185166 9.52311e-09 7.66378e-06
33412731.00616016984 6413 2.7620989230740846665 0.25234999940758479076 0.16736008693655299306 4.7830078609939885581 4.0273486983832142982 4.8522121533137809735 5.100466434764414636 5.3340512540892595084 2.71272e-09 5.04257e-06
33412731.00616016984 5928 1.802900985750856222 0.18369320016569887222 0.10061172152696523652 3.3680503354003530347 0.4852571670741394616 4.4447812565012991826 4.627433359237480559 4.810464059072475429 1.85148e-09 4.43973e-06
33412731.00616016984 5018 1.4337923892478705579 0.24353771747060271036 0.21035807103250561689 0.59061647959116281292 0.86669824117232774352 3.9318626886408152288 4.1237010534405698081 4.3262440547405995872 1.65949e-09 4.28064e-06
33412731.00616016984 6118 1.2331369154506681696 0.2966131684957802328 0.13110173805437250194 2.5442621173584241134 4.5746685018363502095 4.8987182085966933798 5.1867469744085354932 5.4506099417066184998 5.68798e-09 6.45411e-06
33412731.00616016984 5423 2.0429581364925044618 0.40999385327123832878 0.67678894977733117244 4.2563644824786983634 4.6497417516766095247 0.2421570166788193923 0.15709119991801889782 0.092949346707348487473 2.52578e-09 4.92397e-06
33412731.00616016984 5626 1.1080333784817661957 0.071196324610664510346 0.2638633089200128623 5.5657790850089368107 5.6853002909959506894 0.15845418917576331586 0.14758826679013622996 0.13711863023979725673 7.93289e-09 7.21097e-06
33412731.00616016984 753 1.4269961620131579316 0.3203272455998181778 0.146426070985607365 0.26141090641939812578 4.8665230980937028704 5.8630742577875309962 5.9796048112635995508 6.0753630804098897045 1.27811e-08 8.45356e-06
33412731.00616016984 1124 1.7553509115756043002 0.2869793187195667783 0.23608397791159063672 0.55067612719583369785 1.7330801192701421609 3.812732159220506567 4.0179475361302898762 4.2384656797320872101 1.32419e-08 8.55396e-06
33412731.00616016984 5020 1.7467272966920068811 0.33032118297774809568 0.24922949166105851093 2.5357904319542288185 1.6544189688567656482 3.1493348258848854471 3.1525046864276342617 3.1561090904914514965 4.40916e-09 5.92883e-06
33412731.00616016984 6161 1.9130218282769810845 0.33234778589432451001 0.11394363695245816881 4.0353140909917204482 2.219899555281003245 2.4618502966225417339 2.2150966302461574386 1.9493778527685958757 2.19638e-09 4.69987e-06
33412731.00616016984 61 1.8586665335088070616 0.08157471475863870003 0.059805367695822203578 0.65348516156976577118 1.8567198157867383923 0.81446185943259996609 0.75666592592762371705 0.70066480564053301716 2.97121e-07 2.41265e-05
33412731.00616016984 6451 1.6930085157651078021 0.43607336305771265961 0.058403885526192453326 2.7607950724611565185 2.1848987105425345945 3.1672688748963135907 3.1825631498108788442 3.2004242940075293689 2.57122e-09 4.95332e-06
33412731.00616016984 6702 1.8694019882222483453 0.35687101653933789303 0.29858994877952588221 0.42268608165576515567 5.6141424037191782759 2.3195005669177279906 2.0127655257931476029 1.6901858348325804471 3.70623e-09 5.59535e-06
33412731.00616016984 5132 1.4029590632239801185 0.21186654750649455692 0.27891658148612219481 5.3935865945413059563 1.8568076209325428128 4.5876913796398168799 4.8023700936317643695 5.0133795202634594546 4.5221e-09 5.97902e-06
33412731.00616016984 5470 1.5448115732450553583 0.18650310328484070999 0.21153810078351370505 4.6334210822672066143 0.79294798232875662869 3.4917809867990112771 3.562559308093371957 3.6387724778150953853 2.3944e-09 4.83707e-06
33412731.00616016984 6270 2.0552223625360932502 0.27813555361627179119 0.14865537738505421594 4.5815226402880826484 4.9205151704447258609 3.4274860730668543773 3.5200437980600010057 3.6228097834814456668 2.07589e-09 4.61231e-06
33412731.00616016984 2778 2.1063170212063062614 0.42125962280702627938 0.59213507050472424798 0.60395330546862135979 6.1146084689634916387 4.0428137671886901217 4.4390149594595857963 4.8446312977783945186 1.15158e-08 8.16485e-06
33412731.00616016984 5605 1.4290489542585076421 0.21242787068353713442 0.37418663730075357732 0.78648972946037498666 2.3326377704759848619 4.2220917905511763379 4.4210996152548327487 4.6245788306616706365 2.44051e-09 4.86793e-06
33412731.00616016984 5518 2.0588971107563707186 0.13195241525210360534 0.17368132812350872696 1.9677624762713163964 3.7938882994801055304 3.7248662589409140544 3.8020945960170573485 3.8830491584458068921 1.73658e-09 4.34592e-06
33412731.00616016984 5490 1.5841195588418568452 0.15191837629007667876 0.24576340326545689785 2.511389077125709246 4.6103046315776907704 3.7191257247630851168 3.808197460782236643 3.9021318115847156704 5.31486e-09 6.30978e-06
33412731.00616016984 6726 2.2072770682603883863 0.50433013989686459322 0.26918473523548175352 5.7284633748666040631 3.8905180501211784616 2.2434006288339882751 1.7447502360286417655 1.2480313795318296322 2.92983e-09 5.17366e-06
33412731.00616016984 2768 1.4786313458461193271 0.019319412672232007255 0.029579135920858343894 0.66474187308111354344 4.5379930703674498105 3.5225586035871176982 3.5298075436434559471 3.5371206512487245455 6.49272e-07 3.13083e-05
33412731.00616016984 5194 1.9426770346922639376 0.28668551614313692033 0.17087381991189379282 1.2469417904361290717 2.6475871896401135253 4.1404943241045941704 4.4063445605431050822 4.6797086035393427039 4.75382e-09 6.07945e-06
33412731.00616016984 5310 3.4921797282239142035 0.064296813971280286637 0.34590739201065379138 0.65341605149383941153 5.1707644346376282485 2.6120631623841186197 2.5786257792364937202 2.5443107267709019759 2.51895e-09 4.91953e-06
33412731.00616016984 5888 1.5862358758459587094 0.1577745276128391938 0.34537113926626877847 2.1758461599345788606 0.07368272962736160947 5.9989679699826119474 6.040329647811734759 6.0782705505211760411 2.79797e-09 5.09485e-06
33412731.00616016984 5964 2.155974686447034383 0.18721171028409869241 0.5582213206146888762 0.30823030372358939388 0.49153899615898316577 0.77770883813691138453 0.65369530778716655739 0.53984736587473780567 2.1711e-09 4.68177e-06
33412731.00616016984 6639 1.3917548063058586827 0.23051372776169909429 0.20722658447601616238 5.1575958216182566929 3.5914164091220248665 2.2481384627221476791 2.0523041573170139884 1.8480003867209631174 2.07227e-09 4.60963e-06
33412731.00616016984 5312 3.0032544836087939899 0.082811893122455432215 0.17517076680957080481 4.367380278295027729 4.1213198599449230031 0.620066284968338155 0.57344488397524484569 0.52851702277522294438 2.46345e-09 4.88312e-06
33412731.00616016984 5289 1.9067612796506152595 0.041460186416146356525 0.15795710799069476171 4.0259831901973033297 2.498930377112675405 3.2913645552020067697 3.2976831517145543948 3.3041284458252913048 2.13423e-09 4.65511e-06
33412731.00616016984 6734 1.9569518812517696649 0.26441812769375705461 0.14518131777792414594 5.7632469633565825973 1.8486652740717450794 0.87671876659354563976 0.68677060512025212002 0.51911808681328652781 1.24231e-08 8.37387e-06
33412731.00616016984 6073 3.2363628271619626631 0.086519627583722252817 0.24071959616043378527 3.5567253376146310551 4.413955828537028836 2.4984391159981220731 2.4445992200630470847 2.3890609534107980494 2.87152e-09 5.1391e-06
33412731.00616016984 5364 2.6224060559797051084 0.070134008160589428327 0.063406872846273110156 4.2265759659434056772 2.1327331947564642789 4.9683948040718757255 5.0357026667040187817 5.1022028799591847559 2.91675e-09 5.16594e-06
33412731.00616016984 6028 1.6709538914121588871 0.27056587984962487958 0.088324402291713954849 4.2609191123221297204 1.071361377180201746 1.3272813151948137378 1.0697485864016076373 0.83244072760110099374 2.1303e-09 4.65226e-06
33412731.00616016984 6691 1.6558007745979486103 0.37678391617970741212 0.29716324650697306664 1.4256852068776175724 2.077759559627355479 1.820739349177790567 1.4275692217827955499 1.0546433767672633852 1.99622e-09 4.55253e-06
33412731.00616016984 6521 2.9840686212302656166 0.052213711222466159534 0.12797350462177148334 1.5004488718452393403 2.5559161547569511086 6.1721988225930921601 6.1778394283079114402 6.1833297593847955653 2.953e-09 5.18726e-06
33412731.00616016984 2010 1.8434638634007436409 0.23177823127961530436 0.18817680330566588509 4.7442013665611222351 2.00036014877749313 2.1380939643455141308 1.9273533824625372901 1.7101530435588274681 1.54172e-08 8.99881e-06
33412731.00616016984 5455 2.0267607527737308004 0.40731279604201636735 0.21371423386073093442 0.070243239035665830383 0.25043307436294459656 2.1094881811858314791 1.7048191865679265256 1.3011590202692442375 1.18753e-08 8.24895e-06
33412731.00616016984 6780 1.9416664616063226134 0.40997975186457652486 0.14523502377908539818 1.2783178157050456569 3.870909288564141626 3.7082617121549992234 3.9874800846740909854 4.2943744594038806284 3.2776e-09 5.37076e-06
33412731.00616016984 6017 1.7838905538260707573 0.13337291256540301232 0.13293505762899621159 0.39653690078449044254 0.86890372082355882277 5.9925123732890606121 6.0285887715349177896 6.0621794024901092257 1.07446e-08 7.97837e-06
33412731.00616016984 5540 2.001905857900157848 0.43787137163073086565 0.67321463294494299223 1.3287727272353535568 2.9196082852424880549 3.9831017990105470616 4.3839257427167890313 4.7983881619888713033 2.31531e-09 4.78321e-06
33412731.00616016984 733 1.6880798373416288083 0.096676656023629653491 0.28140674198241444337 1.4153771214342965035 5.6981993345630970182 5.9623059062344809789 5.9915238429540895737 6.0193226273686155636 4.51209e-08 1.28719e-05
33412731.00616016984 5469 1.2870705975278342592 0.33247370838915468738 0.22527147308820424931 0.66986938063407375221 3.050907890940495637 5.7926737724630781301 5.9325114791058348729 6.0467264066317598648 2.51139e-09 4.9146e-06
33412731.00616016984 93 0.97770475015362801052 0.042203269769812333523 0.053024593052437632434 1.415795626058029999 5.0686763931590386179 1.837266922587208029 1.796313042561661355 1.75517841468442648 9.80253e-07 3.59167e-05
33412731.00616016984 5525 1.2628827064123564483 0.13828956606257511441 0.13386365204576511356 5.900822928503914433 4.2681828222880504597 1.7208627658455948328 1.5822475836455249798 1.4439670845280125899 2.22151e-09 4.71773e-06
33412731.00616016984 5178 1.5302739568671857029 0.0091812243136893331719 0.13180562954955440946 0.68841380881412228554 1.6718849834534115217 5.9767394363692867287 5.9794971412668580513 5.9822427095347983084 9.33283e-09 7.61239e-06
33412731.00616016984 3770 1.3018798295891045314 0.18563480548759336841 0.10039874808629432879 0.0060139259116189667728 0.4537969498356372311 5.191882884857371927 5.3508124679355937303 5.4998839454063395138 1.55823e-09 4.19174e-06
33412731.00616016984 5667 1.8899101553181050228 0.16523586045936755617 0.25078344189778828399 1.8014748193328702364 0.51730166245626518773 1.7537699804260931113 1.5880339377408667634 1.4228226253714422178 3.20823e-09 5.3326e-06
33412731.00616016984 6103 3.3181061127812938594 0.049052485829247122195 0.14240668438293754838 4.5894214599743978766 4.1657186427698178477 4.5650659054166391471 4.6137821487628603023 4.6625963515655701741 3.07621e-09 5.25842e-06
33412731.00616016984 5181 1.3294602532774397741 0.092646115419715277528 0.12852982411338675917 1.6783933997221711643 2.4345381716545961837 5.2783294379622454073 5.354758479910803004 5.4289382283000158225 5.47157e-09 6.37119e-06
33412731.00616016984 5623 1.0664377843111512156 0.28173267568151899587 0.19127956980048543834 1.7002452690395906121 1.4276844646364501568 2.8710203279838584223 2.7818591891789856696 2.682682308552018835 2.3084e-09 4.77845e-06
33412731.00616016984 5316 3.4779428210766978324 0.076595945105968454847 0.202912260063284694 3.2816217206199489453 0.66190814362955396888 3.7013166580205183465 3.743407275576803972 3.7867712438177534295 2.96988e-09 5.19713e-06
33412731.00616016984 6874 3.2650874499268036644 0.064978690593476828852 0.24934595348483679089 1.5288799708709004399 1.3113885356520742498 0.045170604196244246165 0.042325802917147541116 0.039576348765968945298 2.61974e-09 4.98428e-06
33412731.00616016984 6823 1.9439495889875495482 0.33091388501481794338 0.29787344967518786243 0.35184380387633201748 4.9041065798241465501 4.0107670562519022184 4.3009001731016383019 4.6041914696701180532 1.69817e-09 4.31364e-06
33412731.00616016984 3953 1.559874857231910994 0.27753833167755392886 0.36032947346000182565 2.5484575564191405128 4.3007341762932780327 3.8130687100959588243 4.010503886924567496 4.2224394891377698968 1.87457e-09 4.45811e-06
33412731.00616016984 5767 1.7660106560312800461 0.39349892006294145963 0.31698712791053579307 4.727349730476787748 2.6977307848502669607 3.8656857796357346757 4.1838930332926409505 4.523705496098300749 4.97944e-09 6.17415e-06
33412731.00616016984 4189 1.1832036250152997425 0.070493213519515526833 0.043766600213099075833 0.33145140306239856409 5.7720426938989621846 0.95934851609362570279 0.90271823265695116945 0.84738009469980279942 1.37678e-06 4.02228e-05
33412731.00616016984 5324 1.8892467310663796365 0.035853585450044835048 0.12829735048893958771 3.6679361581835823181 2.3997708526754091274 3.2664576605414343824 3.2710052374823379573 3.2756322022324400045 4.64884e-09 6.03437e-06
33412731.00616016984 6836 1.7008380543288497133 0.3433162363503703407 0.27135725808696858907 0.65086975174677674794 3.9391452039100816052 4.4739647189396638538 4.8292532759550930166 5.1702277990771694505 4.61039e-09 6.01768e-06
33412731.00616016984 5451 3.2600320668787157175 0.077822030660535557178 0.074074410903188600552 5.7733605526987332723 0.6815947600458819311 1.5412914648610287482 1.4635138645602994156 1.3861392518919082306 2.58702e-09 4.96345e-06
33412731.00616016984 5538 1.6111556480697140081 0.2347290040116433163 0.18967666528367035927 5.1867160961694338539 2.3431459742070601671 2.7414967563288161756 2.6374503041321801788 2.5240628934264033312 2.97954e-09 5.20275e-06
33412731.00616016984 6532 1.6015354724536550179 0.24192501291903845129 0.10145235790724088654 5.7235179124093571446 0.24452196086766586625 1.0374030601072086188 0.83902308182335327835 0.6590331201363258673 5.62757e-09 6.43118e-06
33412731.00616016984 5853 3.130471343929742023 0.15054026009290044641 0.18292410839387004962 3.3171257627007229019 3.5641212009215026413 3.1450771031434574532 3.1456478653304982274 3.146258336287499624 2.34516e-09 4.80368e-06
33412731.00616016984 5360 1.6605410302609144857 0.18033557601362129597 0.13680553898170721983 5.7503386539666090371 5.3943077441888762635 3.8758203217818358866 4.0062779924599833947 4.1434937316126188023 3.7029e-08 1.20512e-05
33412731.00616016984 6233 3.1278159670952252469 0.12223039695231716073 0.20610561199743915317 2.8833777116997856282 2.7689334890132597522 4.61782254061580133 4.7405221953919376432 4.8627042242125524396 2.38928e-09 4.83362e-06
33412731.00616016984 5382 2.1082495200231123889 0.32134775711065866055 0.32503405567716614488 4.4221287602578387421 6.2402283821267356956 3.7639736748833918512 3.9853089946154107714 4.2253938461695108586 2.55203e-09 4.94097e-06
33412731.00616016984 6255 3.2512877410346829876 0.095660788709782756944 0.19686817226839248285 4.2618341112186914899 5.3969276075338541432 2.0588343101633146404 1.9722539732483266306 1.884198946038996958 2.45838e-09 4.87977e-06
33412731.00616016984 117 1.4737366930881021787 0.2676677525500964494 0.027765112668201530344 3.0213917102797243075 5.2455977258866255397 2.2734578671749163803 2.0462797925239741836 1.8083040195231216973 1.39228e-08 8.69812e-06
33412731.00616016984 5708 3.1680130130757384599 0.16107780847865935114 0.18515618253216015177 2.8408200247928774296 2.177273522333857958 0.21094745747918991485 0.17949440705546690356 0.15073684343456172918 1.65544e-09 4.27716e-06
33412731.00616016984 6956 3.4969389549589333654 0.14555247309707222692 0.39119254427139005248 3.3219573892925584602 4.9633433868684653234 1.488743147167645331 1.3440262722289872954 1.2022002816124541802 2.20649e-09 4.70707e-06
33412731.00616016984 2850 1.5949204866381885282 0.39545666028114900836 0.33760095519900984451 5.108813387031592157 1.5505605175758305769 3.696141422726925363 3.9578400267733155893 4.245962064177326134 2.86233e-09 5.13362e-06
33412731.00616016984 6683 1.7007305406465380582 0.29299672254814040917 0.091960655841886534967 0.2260676342442943243 3.4341444498431359378 2.4174475451941024318 2.1948260826315966199 1.9570503278817836801 2.07491e-09 4.61158e-06
33412731.00616016984 6722 1.6386486285661259199 0.2271833664849603196 0.1737573448864509762 3.9784121641376448686 0.075661120796079547879 3.8970920794079746408 4.0689329823625657312 4.2506858244157204041 1.78527e-09 4.38616e-06
33412731.00616016984 5002 1.0738029291233253115 0.15657778218278181614 0.3798702716585404815 0.85908588409444486267 0.13820295094896289934 5.9737575190042830897 6.0183775115197892802 6.05935763871184907 2.79003e-09 5.09002e-06
33412731.00616016984 6473 1.9211995419373468774 0.12579862597890842379 0.3051412572517022137 6.1436792314362023149 2.2239628315578823248 1.0603233597821846157 0.95352462591255071622 0.85094079492777485729 5.43469e-09 6.35685e-06
33412731.00616016984 5815 1.3718345183638518403 0.3235260432547198417 0.33332677507535629635 1.37133114543207002 1.200155475690081408 3.8925611935984667511 4.149379077259199633 4.4229696705026029235 2.67562e-09 5.01947e-06
33412731.00616016984 6211 1.8379547639716140583 0.16059028018718099484 0.34815649160019246366 1.6060036000083395269 1.6865809440698165123 0.27567308216351360528 0.23485611156329558313 0.19748626363817478602 2.33777e-09 4.79863e-06
33412731.00616016984 2174 1.1058544148093047976 0.28517529036681754651 0.20873452029600150781 0.84262975356826230744 5.1251667836640066866 4.664788336393957735 4.9556418089710527752 5.2324214337051753176 2.03153e-09 4.57921e-06
33412731.00616016984 6225 2.019830358802879644 0.37291515978243577889 0.18808003202128473208 0.80724279115998487377 3.1542691189051028644 4.5367908085250654437 4.9260419962815653605 5.290478140600831658 2.38341e-09 4.82966e-06
33412731.00616016984 5873 1.895592928438547764 0.51178825025869734144 0.13277835005622418141 6.2563675699587149026 0.21352378470111579856 3.0276163475508228728 2.9414803556062603107 2.8397473999006774825 6.23622e-09 6.65514e-06
33412731.00616016984 5741 1.6776149427326467745 0.28633970240700529208 0.12862177491131213114 3.9524422482688774672 2.3822062738943587945 3.6894236624746530318 3.8630388029165061425 4.0521579313306723691 4.83963e-09 6.11581e-06
33412731.00616016984 5780 1.3261770203132681178 0.26433766816958909063 0.13639932867677032058 2.2016472300336400458 4.2947553607152313404 3.8590670422335042744 4.055343418434882885 4.2646460361177336296 1.95079e-09 4.51773e-06
33412731.00616016984 5080 3.2298262694567925202 0.12643635759571444921 0.25286723162705598833 3.7325718268347154449 0.30179254878658462458 3.9479252041920620542 4.0436857513291029065 4.1428910406503991481 2.57476e-09 4.95559e-06
33412731.00616016984 6155 2.1946032531714423364 0.16078387631348189934 0.019950774547459620284 5.7264454875223869124 2.4374890619050213481 4.9949115129292289694 5.1466119137839214659 5.2924746013925823007 3.03729e-09 5.23615e-06
33412731.00616016984 5782 1.9285541534691719168 0.25538284883738515685 0.25357705888759357604 0.79052214963689815264 0.46417959276630366139 3.3360066173644473686 3.3934850778899887658 3.4571359607104619194 5.0598e-09 6.20718e-06
33412731.00616016984 6417 2.1239574492869826017 0.21340966001713651545 0.65820453971420034289 3.9377889782219908099 5.4739666596589202641 5.4860668164417081272 5.6294288473702494002 5.7592187520975297588 1.63097e-09 4.25597e-06
33412731.00616016984 6237 1.084655379601375369 0.08224268164967778183 0.23537697227104462105 6.007010590492746438 0.49088509815078334997 3.7910125941761303459 3.8425095458401847814 3.8955493886988139529 1.89473e-09 4.47403e-06
33412731.00616016984 5750 1.4763804211979392189 0.36649084168309103982 0.044259308726613835749 1.8366622181385958701 0.058980544152355866838 3.8196991171769427709 4.0974201084150756458 4.3967666783116081675 1.52873e-08 8.97346e-06
33412731.00616016984 5661 2.664247612321088976 0.22465343616932340054 0.1695363006810417239 5.6914088701784395496 0.35034214350867248777 4.3900227619761196252 4.6130053382192217626 4.8365502241157125596 3.01386e-09 5.22265e-06
33412731.00616016984 5643 3.3276937221234019759 0.019344970676194443715 0.067492820389357485733 3.5103861560562887867 1.2246006897042331918 3.9270055548606048745 3.9407799975716044649 3.9546462727417179828 2.47115e-09 4.88821e-06
33412731.00616016984 6335 3.105727282379910914 0.10157242953636316796 0.23939942974255193353 5.8631142350024783028 2.0827719254533825222 4.9588205667195115467 5.0562908899366423299 5.1519158734057146631 2.80706e-09 5.10036e-06
33412731.00616016984 6290 1.9597511620519114661 0.33442452777350883952 0.10435284912826238435 3.4672239539103730799 5.2556409260273406758 2.7421116464558092929 2.5832727229376186706 2.406107315727863849 4.66797e-09 6.04263e-06
33412731.00616016984 5215 3.2339977061710758477 0.41264582974982083607 0.30853438962939555568 0.31533806061511909791 0.32797285806985065904 2.8049206167613509599 2.6262003074839004313 2.4228169712912412948 2.09099e-09 4.62347e-06
33412731.00616016984 6358 1.8907839574566578378 0.32376412939195742258 0.12441313499342436522 0.3356232567274057832 1.5201326510047632468 0.96225214830713778902 0.71424515357104689794 0.50216435079212939918 2.40091e-09 4.84145e-06
33412731.00616016984 3761 0.82016206233612420906 0.027237430552737768724 0.11170423595864159561 0.73444907850357921131 2.4950155845844506075 1.6085310041045310925 1.58129560032970784 1.5540596710187817298 4.38307e-09 5.91711e-06
33412731.00616016984 5048 1.8316858666289648205 0.059932036444174670298 0.41006595976131327008 1.3582600269485731737 0.054234045442639773615 2.6230903914240135677 2.5925697878255760109 2.561294017957310043 1.54672e-09 4.18139e-06
33412731.00616016984 5673 1.8877204844256081362 0.10132668353218135526 0.34379582685993270719 3.2961891778620060478 4.9818332256450892359 4.3115421117300840592 4.406896437493767138 4.5035315871187471259 2.67237e-09 5.01744e-06
33412731.00616016984 3324 1.1363058874873324111 0.2752976961957886437 0.24498981709615164082 4.7813810486831309632 3.5445600326855770668 1.5796287433442601778 1.3003984396422918479 1.0351037702861731749 1.99813e-08 9.81126e-06
33412731.00616016984 5034 2.8315453915735262491 0.1869118954440594782 0.15806323967198079861 4.0565268267878051844 0.88064604585456152108 2.9464100867245996973 2.9061148523067648064 2.8625068814261078742 2.20492e-09 4.70595e-06
33412731.00616016984 6957 1.4921160341530099736 0.17057517482677839182 0.30638396753471275336 1.0529510491319222787 5.5715022055341094642 2.544561601737750145 2.4406625889392397077 2.3306537527490984729 6.68595e-09 6.81142e-06
33412731.00616016984 4112 2.1185361629750905088 0.24921399494812060404 0.79857521436947642712 4.2415404232390407913 4.9740083920064712686 4.4960859413563314391 4.7489456820622537592 4.9979931717055601226 1.99037e-08 9.79854e-06
33412731.00616016984 5344 1.8044745231669570007 0.13907181784823463566 0.13533273167523693359 2.5507525195867897239 1.1480836326729919605 3.0426704931562982281 3.0278374265721095249 3.0120513777376927145 5.14004e-09 6.23982e-06
33412731.00616016984 6577 1.6852429973071312297 0.26333637011025345931 0.2387256105752276758 3.73658393560545532 0.14723058078649847724 3.0984349346312729523 3.0850813682407540739 3.0702078109509476356 1.63583e-09 4.2602e-06
33412731.00616016984 5446 1.2126151034428278574 0.19238537978264499961 0.099336098747327059022 0.86104542503309244861 5.4779031903086696786 4.7293048720575585619 4.9225542801639186052 5.1107064972740516851 4.99881e-08 1.3319e-05
33412731.00616016984 5123 1.4948467601895674139 0.41782926969719952348 0.16241946121531791736 5.7211370968213568489 5.1967618227173897338 3.0510839587161551201 3.0004844570013822214 2.9417207885987139981 2.85229e-09 5.12761e-06
33412731.00616016984 5200 2.3053809129516209531 0.46560682455942886682 0.17874007397377059125 2.2130370723508638875 0.56438030500839275749 2.5627942530270928501 2.2253539891779303694 1.8559800381355546772 2.18438e-09 4.6913e-06
33412731.00616016984 5511 3.1479351995150812726 0.092376258131063454515 0.15649672122536256724 1.9074729655868736256 3.5958478243813107866 1.6528381586602991504 1.5602901704095875068 1.4679190104459998167 2.90982e-09 5.16185e-06
33412731.00616016984 5957 3.1707470088960465482 0.024807231350287128196 0.088023394671126811706 1.6353021092597594954 2.5426808308123556301 2.109791255137246857 2.0883621593214907186 2.0668040278846282476 3.45473e-09 5.46581e-06
33412731.00616016984 5962 2.8929605189716651736 0.17912665259886981217 0.16352850325403026077 0.77124778055269094246 1.1355810501092311604 0.30978176326766487803 0.25909985885691455554 0.21320571879769364965 2.88829e-09 5.14909e-06
33412731.00616016984 5160 3.0022704576156593603 0.072202301318041769984 0.19530920189046677149 3.8781164575391162685 4.9260765503006105348 4.2056013794290780794 4.2699175932422690494 4.3351665414609286131 2.48083e-09 4.89458e-06
33412731.00616016984 6891 2.1126413868777218497 0.15920304224642856106 0.098611803229844502416 3.4296933756205811861 4.9082968727004363529 3.9732184122414437866 4.0982210985514759827 4.2283303041059685512 4.39964e-09 5.92455e-06
33412731.00616016984 1399 1.5833068778914356489 0.086595362791468954988 0.24393157596862244385 1.1110839285069842308 2.7196027837148561979 3.3082087008798208849 3.3232399824454228465 3.3388834385336645383 4.64728e-09 6.03369e-06
33412731.00616016984 6752 2.158887208767433119 0.27018819532433341335 0.41048643914560134505 0.50943401911342800492 5.8173310670890305829 3.9294269187103529895 4.1447232591771250299 4.3725346872640269424 4.12549e-09 5.79885e-06
33412731.00616016984 5597 1.6544915495905359037 0.16663930852349684297 0.33652533171188175887 3.9771592930695929269 5.3539877860099274187 2.445801284201548409 2.3309566778507582185 2.210188916305360074 2.41109e-09 4.84828e-06
33412731.00616016984 6928 3.190204905437227012 0.091967406555512734578 0.20656479904960234339 1.7347693860405959398 1.3019979764914810794 1.6133018802769454325 1.5211071279393109101 1.4292532325471749566 2.08658e-09 4.62021e-06
33412731.00616016984 1123 0.75553112081794338017 0.10694432524486473246 0.059600540215008775136 0.42184316958824963351 5.2027565074913821874 3.1786788956019300656 3.1828807185602605578 3.1872949883889165612 2.24876e-06 4.73694e-05
33412731.00616016984 5640 1.3795042945052340411 0.13816221697206851338 0.075439932708462179023 3.5772788351612039293 2.8877019160235350981 4.6258132779375724652 4.7647325456354270301 4.902705534024436318 5.24602e-09 6.28242e-06
33412731.00616016984 5842 2.0040995622381090335 0.66359907127523010129 0.49159295330581925798 3.1429132888572515192 1.3719775721345253139 3.5715517664945322096 4.0456752710589105604 4.5671700229228555656 2.75394e-09 5.06798e-06
33412731.00616016984 1444 2.0662327747959148283 0.27659155690100190039 0.15965075027017652798 2.6369319609496875145 5.1853691577698608484 3.3780854225009715464 3.4546440373219131637 3.5398240435927785796 1.72307e-08 9.33865e-06
33412731.00616016984 5176 3.0846205184081822992 0.14922203491257993169 0.11556607287476433621 4.8156808956779117992 2.7506247221359836352 3.1022049496043382355 3.095816971115967764 3.0889886159149799738 2.68297e-09 5.02406e-06
33412731.00616016984 6404 3.0922101375403898693 0.1478926565817672012 0.26761882907442580137 3.1776892139778860624 6.2765355777621891775 0.14024007891824030736 0.12087931571044757684 0.10304565707019253118 2.07676e-09 4.61295e-06
33412731.00616016984 6140 1.9252000084515779044 0.17795238770723484367 0.14330863733998222553 0.56813640325172920509 1.6032703987875369656 6.1801175774656078588 6.197061451261306253 6.2123684578487576857 1.67728e-09 4.29587e-06
33412731.00616016984 5534 3.2636653904290255923 0.12280078960524633269 0.10769148753629005644 2.0621399871422649852 0.42460745426275603442 2.4214435929837372363 2.3362514094332955672 2.2477037975935463265 2.18919e-09 4.69474e-06
33412731.00616016984 5929 3.2410667788884617302 0.1506431742136616625 0.18610643692311157338 2.6955085810631160825 4.1174346199652873679 2.4759798552943732552 2.3765716161321686073 2.2722433582628012161 3.18574e-09 5.32011e-06
33412731.00616016984 6162 1.9401628820273475462 0.05357696192565162413 0.03114225687243116561 3.3752568816038794886 1.1403642656328576432 1.8234013893756719771 1.7711491538844654769 1.7186439229536576434 1.62993e-09 4.25507e-06
33412731.00616016984 6775 1.6245389603083308927 0.27139986342230965066 0.12910496020343179002 3.1464903062036415626 2.290298033842979919 3.7438283416261732839 3.9202077794176672931 4.1108103346223847652 6.39874e-09 6.71246e-06
33412731.00616016984 6061 1.4307402653710374896 0.17574069320728932797 0.25328731380511865234 1.8768586957518249569 2.7431991570767140232 1.6601142472270147277 1.4827629557940538163 1.3077028070557452644 4.03777e-09 5.75746e-06
33412731.00616016984 6920 2.2982476149828015011 0.037789486230448407489 0.14979536087263881083 2.6957638609247593919 2.5429556794547010234 3.1098756594879493065 3.1086537797965103636 3.1074092617513429104 4.48089e-09 5.96081e-06
33412731.00616016984 1810 2.127757399193584753 0.20861945088040972918 0.43264365612458222099 4.9006764675392728847 3.1253540977963787384 1.8389763168733035403 1.6304869373538128929 1.4222390284546850836 7.36354e-09 7.03416e-06
33412731.00616016984 5072 3.1052686714710757698 0.088882208124868911092 0.2403320782259689703 0.090666075469253981645 0.11821534768475654154 1.8638670375917547606 1.7775484538404058288 1.690559187314704781 2.73643e-09 5.05722e-06
33412731.00616016984 5231 3.1563136754775618087 0.05913292577413686163 0.26300276389885568484 5.9923280759310966204 3.0891419185543660397 4.1971922270347858941 4.2494446510858256971 4.3023533329659979785 1.89135e-09 4.47137e-06
33412731.00616016984 4786 1.656166450738034035 0.18400257056630076047 0.33059907579594105531 5.170918391153625393 1.8399877808120901346 4.3871717481903349523 4.5679101852511516668 4.7499956480538667591 8.41208e-09 7.35334e-06
33412731.00616016984 6756 3.2125340989037023398 0.02879881562514982965 0.28799020969171262863 1.6104554110152153878 2.3814586604216985144 5.430188665404638293 5.4516815753277283463 5.4729623267549660781 2.22448e-09 4.71983e-06
33412731.00616016984 5323 2.8092293873678015892 0.14255760258936267526 0.096490901496844971863 1.0370600844074742142 5.1107351937934630826 2.4337617429090849797 2.3353131661957222676 2.2324269380612324909 2.25995e-09 4.74478e-06
33412731.00616016984 5372 1.7707084332454416931 0.13685253586076714938 0.17332919384763142978 1.8705020615401475315 0.047264980863796934862 1.1705173834261208832 1.047346892421625153 0.92881890225288032958 1.39548e-08 8.70479e-06
33412731.00616016984 5855 1.9851326307690431161 0.10963798001172932184 0.11635089354531620576 5.6086043046698357273 0.23746362927793099318 6.1675061447338439535 6.1795414760933953247 6.1908844431203959857 1.88487e-08 9.62226e-06
33412731.00616016984 6156 2.3041443513188823999 0.51596186224866968928 0.40596904987578336099 1.2104043730161762049 4.6167019897086891689 2.3459421255006422946 1.8626881584603725006 1.3685508702433430983 2.69058e-09 5.02881e-06
33412731.00616016984 1410 1.9021080041123066273 0.22227943809750361215 0.1755056014654053087 0.82361470012401660767 2.463129723876495536 4.2265267322802753114 4.435845895130102079 4.6496798330676423205 1.96181e-08 9.75145e-06
33412731.00616016984 5256 1.8857272406269371956 0.32845561167322706586 0.28507301001984652888 1.7556195876519475885 1.5789879132175312915 3.6229968077317598052 3.8064450726984162543 4.0090834605453649075 4.61883e-09 6.02135e-06
33412731.00616016984 6653 1.5684941878248643832 0.13408198764475753872 0.30415530595410661396 2.2988757274013131848 2.5718822387760371662 3.0459011605602959172 3.0321076545468437224 3.017456998725575712 2.19009e-09 4.69538e-06
33412731.00616016984 6914 2.0236306716596290656 0.13547207113830386782 0.19906687756468302575 3.7877982289206375555 0.062389168489281929264 0.74258114008463882438 0.65500139239440180461 0.57247717845453438557 4.41745e-09 5.93254e-06
33412731.00616016984 6633 1.2517900458120523322 0.20787492122152972929 0.085780334611779404663 2.7322592534042731138 3.0525715192900571004 4.2416707235328274805 4.4377270885796136213 4.6378102247455910145 3.02269e-09 5.22775e-06
33412731.00616016984 6942 2.7046435547519274145 0.58467271546872345844 0.19197069507722555604 3.2184910959319963375 0.93800929415356359975 4.9222947700320629494 5.4975212294151720727 5.9110571926040078594 1.34834e-09 3.99439e-06
33412731.00616016984 6832 1.6439882321002441401 0.18876911973040363946 0.28856761463774582843 4.9498889293538663736 5.8871240541758833587 2.0463478497310862991 1.8697418588552450203 1.6893451074385761324 7.86044e-09 7.18895e-06
33412731.00616016984 4502 1.1803446374022972254 0.19116267142390233613 0.18390858735775567068 4.4588606525177469919 3.0891466577494735013 4.0796288907220823461 4.2442573311447846507 4.4148533616857692508 4.58456e-09 6.00643e-06
33412731.00616016984 6425 2.2208721734400529435 0.30713722458746511856 0.34887505430979792731 1.8565663658176041473 4.4243225995996500188 1.2750590513230271039 0.98914637204229116652 0.73251562284122173629 5.02719e-09 6.19382e-06
33412731.00616016984 6089 2.0165214882094857352 0.45216051673775797815 0.51772125032577509529 6.1699136839441957036 0.40047475346651462136 0.94366234196877252227 0.60743789285285276769 0.34936024407471111264 5.81535e-09 6.50193e-06
33412731.00616016984 6690 2.9156177442236947961 0.11969601659109212199 0.060443172064324576787 3.5659776999302947864 2.5338479472260093672 1.2940602855547163053 1.1804909898115800715 1.0697969597800796038 2.63564e-09 4.99435e-06
33412731.00616016984 5386 1.7713402208961996909 0.46519302395130618377 0.36003600725314804931 3.3435681338687102127 0.44783064721217830106 2.1420458398110580056 1.6718269124571181194 1.2090060240294135951 2.3788e-09 4.82654e-06
33412731.00616016984 5291 2.1243422035485490795 0.51508603020029797293 0.57749118237054319902 5.1555150968776519704 5.7145375201206736193 4.5851936851768790859 5.1407428561147252566 5.6092912441282605229 2.6037e-09 4.97409e-06
33412731.00616016984 5063 3.4500159626405664248 0.11131990568893367077 0.4345787681400082314 3.8410028355207388451 5.9043881012177852341 3.6027494424383701421 3.6550428804394510252 3.7097216041753604543 2.23728e-09 4.72886e-06
33412731.00616016984 5818 1.6954331811502536542 0.27503151679034759658 0.19471748916091166648 2.3850724904128099979 5.359822379842722917 2.049258253477427516 1.7846845869955194619 1.5159202196405483498 6.74885e-09 6.83272e-06
33412731.00616016984 6055 3.2108701501076160056 0.080722459858538583855 0.077350854560085835487 6.1384287490600257797 5.8333167928368458988 5.8941437556865716729 5.9237039987167507959 5.9521012514948159478 3.0525e-09 5.24488e-06
33412731.00616016984 5142 1.3990879773386328822 0.40483444758487341364 0.12288821074549215184 1.2412543257869355084 4.9930875936082168565 3.1342834577961435905 3.1303631477353430768 3.1258171524805433705 1.02472e-08 7.8533e-06
33412731.00616016984 6415 1.5993855280973745536 0.43126793524995704621 0.27343574772210221813 2.7356716553012847548 0.54224764909166600635 3.686996387504945627 3.9767323309390842923 4.2964701744852931142 4.5356e-09 5.98497e-06
33412731.00616016984 6291 1.5718688939804292826 0.20960576940465752704 0.35770293458012231147 1.0459324846516837582 2.2265718974256349938 5.2364101902776738484 5.4102474024947166953 5.570851550778517236 4.97801e-09 6.17355e-06
33412731.00616016984 6390 3.2306467701255590086 0.097085339617040106175 0.2895944112459777342 1.2139237643401896705 4.5859552099071212439 1.9508554464586946864 1.8588880230864881504 1.7658037825346735161 2.74624e-09 5.06325e-06
33412731.00616016984 6126 3.0131662813648358856 0.25912199384156348048 0.2047422467515595812 0.81908484449283391893 5.6936634239494017251 0.18306824331619198087 0.14058908130807284964 0.10427924704281335555 3.04059e-09 5.23805e-06
33412731.00616016984 6332 2.1239870755988286 0.27517555275203542386 0.24513821147357148234 0.37766649758074599674 1.676008653403305626 2.3837485174057859716 2.1698184342099535726 1.9425544179388583022 2.19525e-09 4.69907e-06
33412731.00616016984 6732 1.2398300018205108408 0.20467366100710324139 0.27623755818566525511 0.18284330925487296549 3.7415871864041410078 4.9161651752636643664 5.1139476573478583887 5.3023401217667061047 3.70815e-09 5.59632e-06
33412731.00616016984 6286 2.1036814368967262645 0.55951904174498290345 0.71640277793934059591 1.6159041029377572141 2.2494996080920675041 2.1851239157031350224 1.5957294482800754576 1.0363843129823537836 2.66284e-09 5.01147e-06
33412731.00616016984 5405 3.1840520253231407999 0.048597133389639730894 0.15471123372977188537 5.9864150435346230594 0.83496858672964302528 1.6529765392548392278 1.6044274114097920592 1.5558577583201465 2.93677e-09 5.17774e-06
33412731.00616016984 5098 3.2184075208316706984 0.040856578708947058343 0.083304419176121607959 1.5443966860943529884 1.0694643437692303856 5.5925965778463853084 5.6182275067576838978 5.6434370750124775995 1.90652e-09 4.4833e-06
33412731.00616016984 6153 2.7657596907129482489 0.32932187730831802286 0.83135199082005939442 4.7728613299690128002 1.5062965553800458096 5.0621557289609757646 5.3607171115814411522 5.6232177613910785396 2.21408e-09 4.71246e-06
33412731.00616016984 5367 0.97213243947713068316 0.22639583638473462224 0.0055189874199052116679 2.1773697627643118224 2.0562825485663203118 2.0697521903036846247 1.8574493477843174727 1.6402914616110089163 2.85701e-09 5.13044e-06
33412731.00616016984 5796 1.5639927076864430511 0.34684701063833500712 0.27491608466804723365 5.8637698380637637285 5.3125579661650528251 2.7671875257781732849 2.6104313207805116548 2.43474116808462826 7.64873e-09 7.12382e-06
33412731.00616016984 5895 2.0923443281735005783 0.38392415753304209858 0.39574588291411266772 2.7475097017169960445 2.7620016518308214692 2.9537740944424490941 2.8611160294859154796 2.7548405708501859657 5.57854e-09 6.41245e-06
33412731.00616016984 5138 1.8506665194115961004 0.32798584470194780405 0.18930820175287763063 5.8592725645478536123 4.0178628627353507596 2.7418715493443506226 2.5867672362795381957 2.4139859613383976011 2.37553e-09 4.82433e-06
33412731.00616016984 5548 3.20397096201883258 0.084531075442593264779 0.33254464913292403061 4.7178306311208038082 5.3657035895447435792 2.622425753377015667 2.5788132511407404479 2.5337126251650921027 2.11518e-09 4.64123e-06
33412731.00616016984 5131 3.5368730180701852817 0.067043210971221248173 0.26260643632108637835 0.93534009851668276081 4.0822841717327147393 3.5526492272347192092 3.5803178803285078402 3.6087968820603251174 2.25296e-09 4.73989e-06
33412731.00616016984 6295 3.2569160191996031628 0.029406080485176535472 0.23050675782501681144 2.2269164925158704271 5.3149126806212141361 5.5025269327392871688 5.5230111152199832247 5.5432733072050153211 2.30061e-09 4.77307e-06
33412731.00616016984 6725 1.0721528219413658523 0.14140362773121639695 0.096214956420479211263 1.1535028656063748276 1.6818255864046520731 3.5599606720473491173 3.6216884282994983302 3.6869976911082056326 6.2698e-09 6.66707e-06
33412731.00616016984 5278 3.1332368953973044334 0.05615525517421372792 0.31526790462899306755 3.8317833021475449229 3.7114206713352597689 3.1225974864973049527 3.1214991732856032236 3.1203708946987211981 3.13887e-09 5.29389e-06
33412731.00616016984 5669 1.3536047834979421101 0.2248585003789208836 0.29963541872476323613 0.04116285818962378551 1.0765766627414008472 0.41443246359198010476 0.33142055475068982195 0.25825461049723397178 5.45549e-09 6.36495e-06
33412731.00616016984 5118 1.2367791178662399521 0.42175842868609136893 0.3239139966318720365 1.1779976034108152749 4.6131820756733024069 2.8488595614237213205 2.6872486465184568516 2.5021502738128451604 3.95744e-09 5.71902e-06
33412731.00616016984 5053 3.0035821664537927234 0.20701980519400170477 0.25339236845713736246 0.1237829936722912999 1.5282474779683163923 3.2261108650121075314 3.2458343436825369821 3.2673753765497806079 1.90259e-09 4.48021e-06
33412731.00616016984 5116 2.7113807477323947914 0.17759758292142335812 0.11435516556473727945 5.0997627708150732317 1.7728440687243181006 1.7958849501340832244 1.6182912691239474956 1.4408939581605688662 2.56354e-09 4.94838e-06
33412731.00616016984 6595 3.0475067592127675908 0.083385063064103426278 0.23613115493343536655 3.6637881683527067089 1.9899107607188628588 0.72576374103946239558 0.67201638146555320308 0.62010374241460886058 2.5233e-09 4.92235e-06
33412731.00616016984 5290 3.1873272374807566365 0.0083517391148431423253 0.13283023592196022133 5.505331992612757297 5.7801994617525407349 0.48029852037354159311 0.47645382606558861482 0.47262346093700902117 2.68653e-09 5.02629e-06
33412731.00616016984 5762 1.9172150918686297061 0.29253310379786051643 0.29430575801207442543 1.0460590664884867884 3.9757876701834775623 3.8392546567872862795 4.055410666334711145 4.2870504503863129386 4.50081e-09 5.96963e-06
33412731.00616016984 6628 3.2968810658848597406 0.098669846806549360574 0.19169017297834839431 4.0090758311671486069 0.50731633135540210588 3.4917628261699120706 3.5273444023186577567 3.5644694995417411931 2.5094e-09 4.9133e-06
33412731.00616016984 5227 1.8824341896393712581 0.10561627024753013349 0.14727742927791834249 3.4003710452873447956 4.8636854807752927243 2.3302393171144237805 2.2505651368706303117 2.1684254551629837948 5.94474e-09 6.54979e-06
33412731.00616016984 5481 2.3340862746540582684 0.3095456469970104818 0.72241802418100764527 3.8906954563131561642 4.0431085766172518703 4.6568253535667558651 4.9738100364468937897 5.2728384604396634217 2.0621e-09 4.60207e-06
33412731.00616016984 4662 2.0689919833309255992 0.35488565191343174332 0.52781270433334137593 0.38305187388987332886 3.5504267983265704878 3.2033276027295856103 3.2310286618321439889 3.2627259217832911276 5.28399e-09 6.29754e-06
33412731.00616016984 3089 1.3450512499068609795 0.27848471400501051409 0.27935386863711170191 6.0037035121744004584 5.9914791969565186491 0.40699461630702854498 0.30759125906603207445 0.22327616078341114281 1.46985e-09 4.11094e-06
33412731.00616016984 5878 3.2421077224079004608 0.068700924909386215655 0.084171968336616165285 4.9870538704339875125 0.7584776667343333667 2.4385927682052814802 2.3929342283552514914 2.3461724950900406661 1.44428e-09 4.08696e-06
33412731.00616016984 5489 3.2174295932567793521 0.028252853493348766001 0.29725022801979855691 0.83334535805623055627 4.2017479879930963449 0.49345756181098865412 0.48023696124812231822 0.46718444394012742515 1.80848e-09 4.40509e-06
33412731.00616016984 6960 2.9826955085774549126 0.17805378183693290617 0.11544699573260779057 1.5505044505054059734 5.7652294946352018457 4.7789288449201645648 4.9564891662046068888 5.129264577121104729 2.28045e-09 4.75909e-06
33412731.00616016984 6292 3.3699395055508389873 0.046650519918523737639 0.30476895114335667003 0.10756739803688647461 1.1217345683682138358 6.1137940072703864658 6.121485767383481047 6.1289963055207614673 1.7586e-09 4.36421e-06
33412731.00616016984 5358 2.1576114026477721808 0.39114414790414075984 0.2500542019230113655 1.6083722012840300231 4.2559267116460581803 2.8587726246147533438 2.7176815686551174522 2.5567928354834994487 6.59336e-09 6.77983e-06
33412731.00616016984 5535 2.161819543167151636 0.50483639912343070133 0.32915283873127509917 5.6496484371630009136 5.3370266140366444674 2.2645137561778150292 1.7708310286345332329 1.2760612273125335747 2.07392e-09 4.61085e-06
33412731.00616016984 5713 3.060871553187857419 0.16780264063130226337 0.21270483747995025392 5.6721810818972597801 1.60619183344359584 5.2476968122583258491 5.3868248295620420052 5.5178886531989457254 1.49134e-09 4.13088e-06
33412731.00616016984 5569 1.9025196240541784043 0.19886453738901699317 0.31958038176254105478 5.0613835623777632122 5.1294050138511240178 5.1280745807984127183 5.3042195318978855312 5.4692613558039626653 2.77052e-09 5.07813e-06
33412731.00616016984 6450 2.6866558896227790143 0.14563382352567191824 0.097863818443763725408 5.5184054860609181858 4.8157768982745370323 3.6589556089916293047 3.7362527250914330246 3.8178407558498776986 1.74846e-09 4.35581e-06
33412731.00616016984 6969 1.9389358306327593162 0.078344842604848433099 0.12701671141098286322 3.7465316998820537009 0.79354669777983311008 3.3581072512040202049 3.3756349080060128465 3.393803974645913879 2.41679e-08 1.04535e-05
33412731.00616016984 5576 1.9831167949446053544 0.58855357808140695841 0.3309183032383578027 4.2931617288861891879 1.64924209877743011 3.2173915187723900466 3.2903277079587134324 3.3775438568820432828 5.46785e-09 6.36975e-06
33412731.00616016984 5647 2.0868807284644814715 0.26524983917875011308 0.49391465040339255221 2.3291148715482781206 1.9642641965698315332 2.8866193741819312635 2.8082981068353052301 2.721519488038765644 2.57441e-09 4.95537e-06
33412731.00616016984 5992 1.8751933580976154481 0.14526947221327066173 0.17188247538365061806 1.108763859200491142 2.9412311363491796534 4.1071861625363821346 4.2323332338803636432 4.3611827783578904771 8.41385e-09 7.35386e-06
33412731.00616016984 6761 1.2358565950257338617 0.16679554739465862756 0.063692715841811686772 0.099938560915268009888 5.6446217469519384125 2.345709427075735487 2.2183763988721971749 2.0853492816250431829 4.88068e-09 6.13306e-06
33412731.00616016984 6421 1.7671602840556615011 0.1698951022445367165 0.14584855936677668109 0.28470275833234282015 1.0551875191394917142 5.0418995848122385439 5.1991438715507634072 5.3493065822991843206 7.66894e-08 1.53613e-05
33412731.00616016984 5394 1.3630912249856843577 0.10387632078237676869 0.2137358934365147789 0.4570131236908872574 4.0476640242851420481 2.1010822379400697635 2.0088635874198228493 1.9147959749094884963 4.23442e-09 5.84945e-06
33412731.00616016984 2895 1.234413322723384665 0.070652861602302691191 0.047860455435137068403 0.30189089378508215944 1.875957693278683891 1.6910014554783623364 1.6205007291090849364 1.5499351244629724356 1.06911e-07 1.71603e-05
33412731.00616016984 6189 1.5065244140542435325 0.061851193219671016243 0.22337742079452829747 1.619843284704045816 1.6557771922807633658 4.7569134875149394759 4.8186578690425054816 4.880160145675083605 2.99935e-09 5.21426e-06
33412731.00616016984 5234 3.1227501461608127009 0.18423676926063742298 0.090719904387084965292 0.55303750806680551655 5.837465413281717197 3.1927986946961652848 3.2032827651548414494 3.2146411444313045536 2.35138e-09 4.80793e-06
33412731.00616016984 6129 1.3693512533401035469 0.34790447756860026773 0.57903944586808497874 2.6572003242330541894 3.6686084094315525306 3.3970975410266941452 3.5068332173696536991 3.6310956514108987392 7.14833e-09 6.96495e-06
33412731.00616016984 5351 2.9480153787102749696 0.14539500037177013891 0.11172977786681109746 6.2242009218655471869 0.78658280931025836846 1.6111802651566557998 1.4649566740337414128 1.3203752734692151272 2.44807e-09 4.87295e-06
33412731.00616016984 6272 1.952014948413042239 0.34164380710282271636 0.055871473965610575496 1.9013490894726194913 1.1145147675101425566 2.8737839326012046826 2.7616222106762888799 2.6349089070803879409 2.92426e-09 5.17038e-06
33412731.00616016984 6230 1.8593276880063531742 0.087946882801709341804 0.22550279893301711232 6.2769219967612537303 6.0328582791517071371 3.9023238091710545916 3.9650587453840548946 4.0295683181443529008 6.03494e-09 6.58276e-06
33412731.00616016984 6557 2.1109135951172843804 0.11944395909342435391 0.27287164082270926047 0.72927557030139666949 0.00073638909437131398576 4.0108149433216979673 4.1059898872792457425 4.2041376503989917879 1.93092e-09 4.50234e-06
33412731.00616016984 1239 1.7946603489070556137 0.082199520379003437887 0.17621780207549203601 1.8510504386090715911 5.3523718005453249091 3.5258310274233757298 3.5579180353855175412 3.5911597231784053719 1.31823e-08 8.5411e-06
33412731.00616016984 5775 3.0172883693443925957 0.14158141072181873454 0.10504366287178093509 3.3632595395233404467 2.1396287880848858798 2.428188740086236308 2.3298519015513501351 2.2271365245958780754 3.02463e-09 5.22886e-06
33412731.00616016984 6935 3.5027240820241578589 0.012068352710060594596 0.41308710571027934533 2.9188912500054273735 5.4122313977894149772 1.778281724364498162 1.7664572222066905471 1.7546191409569185105 2.603e-09 4.97365e-06
33412731.00616016984 5807 1.5913420006611260771 0.08125554939497603435 0.14180601044575702474 3.7956082644006645666 5.2534751503765466651 4.4322452499388340641 4.5113113237686048862 4.5909297291605639657 4.88354e-09 6.13426e-06
33412731.00616016984 5927 3.4641478907181393332 0.11854669576142339016 0.16775079067435483271 1.2471910865992417161 1.4212832732750002585 5.8342831165587316633 5.883275823248209413 5.9294301974734384686 2.21586e-09 4.71373e-06
33412731.00616016984 6445 1.4914835473011691658 0.17036392487336879387 0.060235109340584694348 1.8236403445419500091 4.3728519924051649781 6.0906626033503288298 6.1209461937078533111 6.1484647921613122534 2.3322e-09 4.79482e-06
33412731.00616016984 6807 2.1545779543849246096 0.43464660249128372893 0.17712483016494126598 2.250938895397096573 3.1726864738684428247 2.7209650847388426875 2.4860153860596327924 2.2210474531264212672 2.57067e-09 4.95297e-06
33412731.00616016984 5494 1.2507169561723039397 0.36175904280238874167 0.16830234133241947503 3.9509540252273120942 3.2609492233086414537 6.2780866942501978301 6.2796947501017026383 6.2809574881248435574 2.97785e-09 5.20177e-06
33412731.00616016984 6119 3.1320408490963935755 0.10265056204836908726 0.17754590623491886547 3.0573985397617642334 2.3283532868663572302 5.7762231570843889372 5.8240339677196484303 5.8695274139737669827 2.96829e-09 5.19619e-06
33412731.00616016984 5559 2.3340618824534464792 0.3191069501011977172 0.34651316272959614695 2.2333995509888184827 3.8188451711474233896 6.228418091909467158 6.2438327800953175029 6.256387204064838059 5.44342e-09 6.36025e-06
33412731.00616016984 6737 1.7172560476686062891 0.24072043981788518452 0.22809421060359369449 0.2663276424157158262 0.82607437355734858464 2.8389386428815543972 2.7565550979159434419 2.6661419587586805413 2.16814e-09 4.67964e-06
33412731.00616016984 1127 1.2029296413876668925 0.41819881261242530801 0.27318823723911722645 0.834854832587575868 2.920186758098495261 1.5827066218993528501 1.1501806394051032889 0.76843299117850083491 1.29908e-08 8.49954e-06
33412731.00616016984 6005 3.0507206122513110813 0.31719938054820950857 0.50201602820672353023 4.1002637562309613983 1.5042181117569111137 5.8151555873041678169 5.943235830840254863 6.0490026210972311915 3.36675e-09 5.41902e-06
33412731.00616016984 5209 1.4303715171982380738 0.21330591829002096271 0.14813506539226678482 0.16270650530072572337 3.6785175764788693442 2.7441454410613559389 2.6514599152575999419 2.5510476466351734715 4.75685e-09 6.08074e-06
33412731.00616016984 6692 1.9023028428672932311 0.32247538778643908275 0.1970870959899117536 2.4998383253434415252 1.0237834745255902646 4.3570286326813576494 4.6837155487292418954 5.0060583814991943541 1.32225e-08 8.54977e-06
33412731.00616016984 5406 2.0428894357958156114 0.31058278135122441288 0.25296629844245821506 3.3950579887755618635 3.1814494296015003449 2.8372444348210281717 2.7248364205253290393 2.5991136084484711688 4.61584e-09 6.02005e-06
33412731.00616016984 5938 1.5747401978852229032 0.14108466845162628833 0.14095030924589763144 3.3886404466633299748 2.9934772381712511091 6.2777531327059596933 6.278472385562828606 6.2791373040850739784 1.88863e-09 4.46923e-06
33412731.00616016984 6827 3.1119813767459065801 0.12623328308698750222 0.17554963991536937096 4.8988881508113388819 3.3860528283690722873 4.4271595121428157782 4.5508291478340172631 4.6754185671756989251 3.04652e-09 5.24145e-06
33412731.00616016984 5420 3.4592552804643958986 0.14080537002084930753 0.22835100851277836953 1.3644332281643689608 3.5533721232543440394 3.4951223571135008328 3.54758609987925011 3.6031945962372966541 2.55489e-09 4.94281e-06
33412731.00616016984 6167 2.0221091111559368336 0.18312932876117352099 0.15851041420879993793 0.76023064352048197456 5.238135453751914028 3.3575038634814600158 3.4009876798663887243 3.4479595953329198466 5.7681e-09 6.48427e-06
33412731.00616016984 6401 1.632097150746751657 0.12150618683182730362 0.23080599742735036228 5.3849842257879210194 1.6392245275518828596 3.1911128206697689791 3.1975412298043588422 3.2043357818971767159 1.93159e-09 4.50286e-06
33412731.00616016984 6586 2.1141204072213537479 0.22134008461149695668 0.21295448732366037414 3.2057843627675550735 2.6102246114408687028 3.739877492941629189 3.8787647935037461444 4.027548919436782171 2.89513e-09 5.15315e-06
33412731.00616016984 5195 2.7550475609696567503 0.10340504523026905481 0.13776801993832954452 4.3424321901503972754 3.8957797076983760043 5.5130255439810422757 5.5825968003158745745 5.6492586920135501316 2.26107e-09 4.74557e-06
33412731.00616016984 4963 2.1216064872950237685 0.22269142232597929909 0.24378509902234749007 5.3418333905213337687 1.0782176782510370927 4.4400249628489145692 4.6630998686787128449 4.8855208406528385368 2.1769e-09 4.68593e-06
33412731.00616016984 6056 1.1553139233746299031 0.16515859871994073571 0.16057167519501341912 3.7200939013313369941 6.0768770355345669287 5.6264123770106220235 5.721604244341065737 5.8095553431472257699 5.38932e-09 6.33911e-06
33412731.00616016984 6170 2.3308405171139030543 0.42597154784552659912 0.57274093710522511191 1.7671268304662377524 5.2634446591586705466 4.5277856628020183294 4.9784955945674420619 5.389473828887301643 6.44558e-10 3.12323e-06
33412731.00616016984 6886 2.7799604188422906148 0.60752117495892055121 0.64020899496881034096 3.4547895641361323626 1.4759522817969557007 4.1781788093831817577 4.8552861388158516931 5.4566151922101804317 2.88448e-09 5.14682e-06
33412731.00616016984 2992 1.7104284131616975806 0.20401868976242515386 0.032343650337230973879 1.2672753426106846408 1.459799916526821173 2.1101072915511283057 1.9238359177945680845 1.7323998551028927384 2.26492e-08 1.02298e-05
33412731.00616016984 6978 1.5759087467161949636 0.35253320904770585331 0.32510095541947980902 3.2641688861290041324 2.1811306650023158937 2.9299674253690999315 2.8369569596690684676 2.7312161525354721192 2.46129e-09 4.8817e-06
33412731.00616016984 6186 3.2320060014360407763 0.027823393345888618178 0.20699589392159797874 5.746796832930704646 1.0690695652911330615 5.9243788688231830974 5.9340253846768069579 5.9435440051709687026 3.14704e-09 5.29848e-06
33412731.00616016984 5846 2.7824896911437004832 0.10653481662218845794 0.14924307775958658984 4.3876475626051920642 0.62032796811096135858 3.9685381756749560367 4.0500626243910238244 4.1340721207063877429 2.37403e-09 4.82332e-06
33412731.00616016984 6333 1.6914074776748226903 0.019947550006779866255 0.21347409347847487449 3.1514093031832643987 1.4313949942312618191 4.7366970030882589171 4.7566351496453735948 4.7765631769438199328 1.94245e-09 4.51128e-06
33412731.00616016984 6138 2.0310993315671157511 0.38890049370945917184 0.4656958264231448319 5.6466012527090496675 3.1071853604109711533 2.255441766408713633 1.8996050872234007123 1.5315388932378384279 1.45536e-08 8.82754e-06
33412731.00616016984 6244 3.2094392285152952837 0.10336071983994796208 0.32971237055795599158 3.912683477349371497 3.8781302553791423549 4.3175730451678360211 4.4151062955479893901 4.5139331989816966484 3.08558e-09 5.26376e-06
33412731.00616016984 6192 3.1996037496794675903 0.22933045464312556971 0.33136458905560195465 4.2208000334907049833 2.2993770747337833882 6.0533830268116082252 6.1009356069671305534 6.1425000254430583979 2.79503e-09 5.09306e-06
33412731.00616016984 5914 3.1852402460818542984 0.073757005682019136095 0.12620495620757055111 0.55149355628393159634 4.5320449992728848443 5.4418535150085265428 5.4955810800016227091 5.5478500871009579498 2.63408e-09 4.99337e-06
33412731.00616016984 6739 3.1813337174973392862 0.10604690978443752358 0.21545390310947012957 3.3422367283527374404 2.4301440415431261322 0.97742615922995546018 0.89185622427591992878 0.80932641103514624259 1.84353e-09 4.43337e-06
33412731.00616016984 6164 2.0882302779133419257 0.29302876447625331169 0.59135966337269252335 1.8904008023871985422 6.0691248648026085988 3.2799426575312087273 3.3284497861384889639 3.3828862256075589166 5.09634e-09 6.22209e-06
33412731.00616016984 5361 1.6596569963172820295 0.4953416363986585802 0.26136306816627480343 0.29115509375780745938 5.1352323878265293544 3.4990878041634214668 3.7446429871955078106 4.0255796576399376363 3.09083e-09 5.26674e-06
33412731.00616016984 5650 1.9981012221471987633 0.29031607586097335494 0.32482056916951701497 1.6890504547362845678 2.8303328456460774554 2.056302004479319212 1.7762112956844864353 1.4919987012735118626 1.14639e-08 8.15256e-06
33412731.00616016984 6897 2.1469869127317409152 0.38173519290243007607 0.57651863938557179612 0.076587648044674466741 5.6816541590633828918 4.8308924263632899709 5.2111888778698229885 5.5464124202061295676 2.6229e-09 4.98629e-06
33412731.00616016984 6655 1.5858563843446553676 0.28451754075039425995 0.13113359262572063524 1.6943523735669481223 5.1849205344592377287 0.83035388080902239327 0.6356570777867964761 0.46673719833864490969 6.32791e-09 6.6876e-06
33412731.00616016984 3400 1.3388505048031200673 0.35682538665016377832 0.2108393974397328452 2.4096755895045194329 4.2923135653445010362 4.3112014620506382556 4.6732385116126256008 5.0297904694925090752 2.20416e-09 4.70541e-06
33412731.00616016984 5798 1.4795236912355826941 0.17610429163848401179 0.26176610917008430457 0.10384212959442615243 3.5036402925361702643 2.9012585050925872032 2.8550339634399928279 2.8052575704236550891 2.01067e-09 4.56349e-06
33412731.00616016984 6362 3.0212324008146778098 0.10634411015066425055 0.23966395499419396176 4.7347421337204647074 3.0008585325921415254 3.6793987206312319671 3.7366349706017047971 3.7962455020820291551 2.92709e-09 5.17204e-06
33412731.00616016984 2928 1.9591968349805997107 0.35125321728369973684 0.32433109095560225255 0.44163972299812587208 5.9654123982422504469 0.062132280980324132436 0.043058527439739494036 0.027938754258436511446 9.69793e-09 7.71039e-06
33412731.00616016984 5185 3.5317317125014073831 0.050332651489015826918 0.232359440648913812 2.999928782550331352 2.764039180263158979 5.893338710195022756 5.9120433487135866102 5.9302979884667204047 2.64564e-09 5.00066e-06
33412731.00616016984 5885 3.5032760541509162522 0.029647945568565755442 0.27084903047082342642 4.3486658219059677322 4.5371140072034989998 2.0381365667692694643 2.011485501678440535 1.9846701830427255775 2.25928e-09 4.74432e-06
33412731.00616016984 519 1.6987383541439062817 0.06572501029198334066 0.052618337697622065419 5.0721823637331322487 0.35301402815327909135 3.5222338421331058633 3.5474469520417684087 3.573395436139272352 3.92741e-08 1.229e-05
33412731.00616016984 4406 1.6706225355934645194 0.088674489426319169638 0.14871206486356841614 3.9077240475355257132 1.4953997754186412195 3.1107273206378147634 3.1078579796894842957 3.1048671420570101986 6.27014e-09 6.66718e-06
33412731.00616016984 5578 2.8804568881446366291 0.14311824708388043437 0.20447677501263913924 2.8623882499351012143 5.7341801568511208131 4.9758665229871414937 5.1119959894281912227 5.2438385166814418525 3.04211e-09 5.23892e-06
33412731.00616016984 5134 3.5175457967253609404 0.034624575455776754329 0.34263542229636173575 4.6138756118522019634 4.1554565801732987751 6.1575308349445263545 6.1617981067272031837 6.165990772894708094 2.31886e-09 4.78566e-06
33412731.00616016984 6863 3.1058186370086549033 0.12821910497511984639 0.063339362982169383764 3.1797148425011423356 4.1688477131711580981 4.1599182848649221 4.2732252503140992772 4.3892773299193583725 2.72515e-09 5.05026e-06
33412731.00616016984 4313 2.1252326975897934958 0.47311641161178974446 0.30847967514366059216 6.1318087235749034747 0.016490654337025890258 4.1966521623101762373 4.6862214883229160733 5.1591759288695735464 1.98502e-09 4.544e-06
33412731.00616016984 5577 2.153657223380147645 0.1897226230200702024 0.59711102042424024638 6.0939461487890893565 3.7107297877474385572 1.9303849585101220399 1.7454504532064873956 1.5586141374792670256 6.01747e-09 6.5764e-06
33412731.00616016984 5417 1.8043258487590065897 0.12562310221128586418 0.11208362537636719358 3.4464292502600817336 0.45602119284109920994 5.6294598918031466539 5.7024720982033745287 5.7713914910229258126 6.2485e-09 6.65951e-06
33412731.00616016984 5880 1.4243956369038377474 0.11570347165378880305 0.21852666565793793518 5.0799254299543887825 1.8676212534934899523 5.1937779464631415038 5.2939006789185647506 5.3905863466828725095 2.24295e-09 4.73286e-06
33412731.00616016984 5030 1.5869862687323477157 0.29989464509327251607 0.28829913810900098525 4.1488530702321364529 6.0829821282266642868 3.6727586130933898012 3.8514821416029958456 4.0469384642359669257 2.14686e-09 4.66428e-06
33412731.00616016984 5240 2.0206326357639179392 0.095794868106409331032 0.17987454655291931771 1.9170984962994577216 3.8520983099179146869 6.1491754150693438419 6.1614212013643454569 6.1730567755398242369 1.54708e-09 4.18172e-06
33412731.00616016984 5678 1.7133085924112796405 0.18347327656509951344 0.28004838662964820495 1.1166043405006642608 5.7371409236930990261 1.0081136155639822682 0.85923579589726106764 0.72028345728469722609 1.85255e-09 4.44058e-06
33412731.00616016984 5625 3.0343180268314462467 0.2457667785703454566 0.07042335555186503282 2.7640992451840613597 5.8923347736068905078 1.0590845540949365144 0.85470861723447888458 0.66930715509872673596 2.295e-09 4.76918e-06
33412731.00616016984 6997 2.9607066311529477431 0.17772204233087399161 0.23552648046915117264 4.7848599279256847083 5.5612654886186518866 5.0539414597146956609 5.2174588478747958575 5.3729906350524316849 2.77488e-09 5.0808e-06
33412731.00616016984 6029 1.8981221919575503865 0.28553404866411391527 0.058547188560971588633 2.4493294505398690575 4.7925529101674122501 1.4957261198392710622 1.210047649474538245 0.94289262183716049393 1.2969e-08 8.49478e-06
33412731.00616016984 6282 2.803291276427234191 0.070852894132430774277 0.052425207151403113714 4.1878626865702397453 1.0054836854179627359 3.5025110104846244319 3.5284214830027815779 3.5551509827476523995 2.68214e-09 5.02355e-06
33412731.00616016984 6604 1.2754977300434064968 0.052694741180552527593 0.04876158593725416629 1.1236182453328351638 4.5821188622688540093 3.7614910190765371567 3.7927947145131275519 3.8247352582476246141 1.53681e-08 8.98925e-06
33412731.00616016984 5362 1.404204128143266006 0.3128309746875120867 0.34756626638595639056 3.3035605184281844338 3.7036915519595052793 1.7855816416336125485 1.4637768391629402132 1.1527356085915323458 1.49782e-09 4.13686e-06
33412731.00616016984 1465 1.3354148292598777559 0.27953261484853419994 0.16686999994313936324 2.1790936731232144474 3.1880328415829906064 0.54639561873217290522 0.41448153181589403315 0.30190943811688847331 7.44584e-09 7.06027e-06
33412731.00616016984 5877 1.3335726921837838255 0.25441390306012195976 0.24102759687524163978 5.3599277605346724584 3.9945622634604589507 3.8219326509415654236 4.0023479384081550592 4.1952789368286715899 2.13222e-09 4.65366e-06
33412731.00616016984 5479 1.6099519176599708103 0.29096668412851917074 0.11142906930553475586 4.0166075395679792237 0.67090210877170441961 5.0686918538066931816 5.3321351973498680721 5.568989610577583349 2.12255e-09 4.64661e-06
33412731.00616016984 5257 3.2096815248707772916 0.13432184431027285876 0.17575836482047693665 2.8600030474613764575 2.6999183699741506892 4.0010520877428836783 4.1078702822098476233 4.2183870382129180499 2.20895e-09 4.70882e-06
33412731.00616016984 6565 1.7670972522618613176 0.47236161897445971825 0.14793108965170509439 6.1083726710252506109 4.957325382811841763 2.9156499684935215377 2.766990858337627035 2.5941528125817208128 1.41094e-08 8.73682e-06
33412731.00616016984 6327 3.0101130040344630245 0.14724440213111489317 0.14370962773281437119 3.2184067068300752368 0.079169101530618735119 3.4405470121270820272 3.4874621171101116701 3.53738014571776338 2.25041e-09 4.7381e-06
33412731.00616016984 6313 3.2478452641111661414 0.10706987846978632817 0.36107287757864992006 4.7700771826980625789 1.3035639711090563075 0.285574251440024518 0.25680874915349999332 0.22961350804440072704 2.33149e-09 4.79433e-06
33412731.00616016984 5890 2.0212458025968200737 0.51658207159212077286 0.19924150884220662161 0.070987184284923357525 1.6815265709680369266 4.0661012860293350712 4.5877453666376526442 5.1003198134146083831 4.73576e-09 6.07174e-06
33412731.00616016984 6709 1.9781121730775408363 0.58747138168930790325 0.32337054604041504113 4.8901219080868889577 0.8980679220518199557 1.096153983890796324 0.60339163896779324237 0.2700377823411738154 7.37402e-09 7.0375e-06
33412731.00616016984 4581 1.4949149414309201855 0.36744928297355516911 0.22853846973947417043 4.8951683418739087017 4.7331897094265471537 5.5774132348202067888 5.7922988035527485096 5.9655172963447800072 2.62777e-09 4.98937e-06
33412731.00616016984 5923 3.0282185629013675943 0.016908336654511555569 0.20373975808515396024 5.5969152657314040766 1.5408122164681086197 0.79953628693897593749 0.78748276782275550278 0.77550187078217580616 2.22479e-09 4.72005e-06
33412731.00616016984 6677 2.2402239948594169228 0.19791713259281709658 0.13709221932109985631 1.8892412023283955413 2.8248271423813715586 4.2238153126796227355 4.4084837929323299477 4.5973314017390141117 2.33048e-09 4.79364e-06
33412731.00616016984 6023 1.68494299765756117 0.076690622586067222488 0.29242726122491313756 5.3479763709283902884 0.83435670670346240296 1.919839589863526097 1.8467391944201432263 1.7729498749427046178 3.26695e-09 5.36493e-06
33412731.00616016984 6842 3.1453498465835640907 0.079246893173179192016 0.10676253065367158346 2.7450288864277809786 3.4451576820887819252 0.57831403084312638097 0.53633003274369639435 0.49583607697823561811 3.94698e-09 5.71398e-06
33412731.00616016984 5437 2.0375724772415204633 0.25342334193508214701 0.34287494047461680724 0.6186671094329573295 3.1742209910194962852 5.1054820598809147469 5.3313060272115784244 5.5377211672000834497 4.54448e-09 5.98887e-06
33412731.00616016984 6001 1.816576495386360568 0.14235588674395358022 0.36316326161541467865 2.8983522134738199938 0.88548220450049475172 1.4806920367437204078 1.3393353327334158731 1.200775752608763236 1.89847e-09 4.47697e-06
33412731.00616016984 1517 1.97611934845603332 0.52835352694692738762 0.47523506952257543734 2.6284493543577407415 5.0141826569465264285 2.3935914226651644476 1.9114403131976307471 1.413446133712005004 2.17631e-09 4.68551e-06
33412731.00616016984 6356 2.0943389333653170681 0.65058821835765212604 0.59216518801764139734 5.7664064255634182032 5.2025382680492615606 3.1683994030937423503 3.1998429229384828254 3.2377184342165947761 5.8318e-09 6.50805e-06
33412731.00616016984 6121 1.4327247495358597096 0.2493209855783206641 0.24047408954147950211 1.3922887158850250078 2.678179239434540726 2.9566877407327045724 2.9035033901752975716 2.8447019775029653843 1.90564e-09 4.4826e-06
33412731.00616016984 5717 3.1729001790627511248 0.090407332003378609864 0.23342639600281911427 0.78297144671433549501 2.6686853454272001507 1.3499372035718173457 1.2624692189112314278 1.1763252645868389479 2.31886e-09 4.78566e-06
33412731.00616016984 6197 2.0037864925365900248 0.071689715064358547347 0.22917934335794881706 0.34918619862841115964 5.675488119310776014 0.91266947259651709512 0.85711403488356330271 0.80291972895667351739 8.02678e-09 7.23931e-06
33412731.00616016984 5211 3.2045520114343348794 0.037270207200529544 0.25077357235402331082 3.6833510532732769427 1.1193672829345591158 4.4800907566953993566 4.5165248311044372542 4.553082426727629084 2.07199e-09 4.60942e-06
33412731.00616016984 6154 3.1186650362139642922 0.10628686957999303186 0.21652342132259894125 2.4860252294939013673 5.3497030577683384323 0.35150042107674095426 0.31655351176105395172 0.28346713518575006319 2.04677e-09 4.59064e-06
33412731.00616016984 6204 1.6559684458355081738 0.10771636156395918149 0.31885862425756156258 0.90963814625164174377 0.86042988557017163753 3.8316452481461720225 3.903373674348938227 3.9777207242703869206 2.26769e-09 4.75019e-06
33412731.00616016984 6392 2.9910286018811045317 0.23045998262938455214 0.1975622468720888425 5.7799640014503657071 0.72787935586747132266 3.256667952131621302 3.2870091363980913357 3.320403831718569343 2.75286e-09 5.06732e-06
33412731.00616016984 5076 1.5063382019812672219 0.43568844735059064632 0.10938385860740246214 5.918977541438627199 5.0616510071841371854 5.6462759745207069528 5.8755489470066430968 6.048273481253593431 1.5547e-08 9.02399e-06
33412731.00616016984 5288 3.1100510278658517471 0.21187843264762334927 0.24323945758020526497 1.5425369374649442467 0.26186200775531781604 5.3907566605558443484 5.5467883656667567038 5.6890907508375194723 2.94866e-09 5.18471e-06
33412731.00616016984 5459 2.9545492129298382977 0.23120906208973776574 0.19815517414782787831 5.2965404397218209809 1.4736100850021724984 2.3362912019219601589 2.1528707142583596301 1.959736227108073825 2.51526e-09 4.91712e-06
33412731.00616016984 6816 3.0984550999147479899 0.10234217420608948679 0.17667851228470818348 0.71523521592371952504 0.32964582920276708222 4.013910023365443891 4.0951285249009927725 4.1785852083017172021 1.76213e-09 4.36713e-06
33412731.00616016984 6572 3.0156192855237762274 0.14304047367602876206 0.16008547310514920081 2.9613559873702297587 5.5901588928334895456 0.20356120643302597073 0.17640843485031545979 0.15130556299709502222 1.66053e-09 4.28153e-06
33412731.00616016984 6740 1.8284167886918616386 0.3351934114655548691 0.26088162493905348027 2.4438945635422739677 5.382684257473031586 1.1238107876812162278 0.83615416096123051926 0.58741696324521119887 1.33102e-08 8.56864e-06
33412731.00616016984 6480 1.6856559254034855222 0.18401146588405006832 0.16306291712831683105 4.0587166879533498332 3.4492277786502412162 5.2778983476324672353 5.4269007986994610704 5.5659054911209207006 9.59462e-09 7.68292e-06
33412731.00616016984 5642 2.8668578159252988691 0.19024797913922020243 0.1070904190748683954 2.9955741064170045007 2.1621413873448482867 2.867639524895585712 2.8104216887372270861 2.7485624463938291839 2.80041e-09 5.09633e-06
33412731.00616016984 5478 2.1894303672897077462 0.45530243111207685525 0.26696796103419845325 0.96957115812539473865 3.2409979580572580993 4.0512234637755941691 4.4902319550290679118 4.9343450796451930884 2.28234e-09 4.7604e-06
33412731.00616016984 5788 1.4405608423960551967 0.32858930270140440655 0.23003664032851223187 3.4430975557450302915 2.290509288208347094 4.5225757355758906542 4.8621090329046943168 5.187022365680706848 1.43499e-08 8.78617e-06
33412731.00616016984 6815 1.8996100511446740722 0.43550931525301272984 0.16809097312670567836 1.9125429417983736968 2.7136912024603598859 1.0377514557659535122 0.68776026114083865792 0.41129537776330560295 3.57143e-09 5.52668e-06
33412731.00616016984 6617 2.759931006623366212 0.197607219261728001 0.056157380859218938851 4.4876285267617443964 1.542194759597716569 1.2118906180504112058 1.0318478683934217965 0.86225170120317518041 3.93262e-09 5.70704e-06
33412731.00616016984 6667 1.9233925922456016622 0.35953114093992333267 0.26879387820620725957 0.30044084454746589063 4.4398063229806430385 4.0448248994000817191 4.3720027778627938986 4.7109061078160756608 1.85586e-09 4.44323e-06
33412731.00616016984 6040 2.2173757421344673091 0.31697345258977882576 0.50421024077327525337 3.6830865421668486093 2.445949568829051568 2.452358247850876527 2.2168333593534463866 1.9637377044421002736 4.48499e-09 5.96262e-06
33412731.00616016984 5950 1.5937594983792582326 0.2122633691219259211 0.1811523865569546754 1.4245674765542652995 3.7361526293815674471 1.1639306173890646701 0.97534515409732025493 0.79961325997646515162 6.81029e-09 6.85339e-06
33412731.00616016984 5158 1.997711216780461152 0.41667667795001378517 0.095829781665288993331 1.5520128520598752697 2.5730884543934600117 3.5813075761317825219 3.8118344798865226863 4.0706638309705756029 5.85576e-09 6.51695e-06
33412731.00616016984 5252 3.1474507352554250694 0.16654322017730294192 0.19565041281684816821 5.742712816291884792 3.4150547475504056116 0.87057702746265930305 0.74905044251332764116 0.63564389058887826867 2.42859e-09 4.85999e-06
33412731.00616016984 6104 3.3353678847142234076 0.083212173576747303083 0.1473755542018670428 0.68253841243030033414 1.4569908669268858414 3.1539454270182023521 3.155019864799818663 3.1561371386567551589 1.75259e-09 4.35923e-06
33412731.00616016984 5196 3.5554113379907250625 0.11817140358450362037 0.18660057111140027075 3.3281135024510595244 4.6941684474757492396 1.4567142252235201205 1.3398213858654590691 1.2247881813450061106 3.02458e-09 5.22884e-06
33412731.00616016984 1284 2.2995760562268952043 0.17960917392279357463 0.19116315436285616358 6.0602817706441660661 1.1467644802691903116 5.3339227681622976007 5.4735397152432758716 5.6035844381647246237 3.64405e-09 5.56389e-06
33412731.00616016984 6952 3.21328868801684564 0.12212963807306145836 0.11249259065903770283 3.4049283349410703892 5.0966752847949505778 2.8701410483934663986 2.8352121779541699098 2.7983767004219650687 2.57429e-09 4.95529e-06
