77273100.616016432643 0 5.3987691978202745346 0.053275389766022508697 0.01843670741836543614 0.072178527779304030298 1.8639068492075203665 0.0057898588978330580573 0.0054891988991965208824 0.0051967611569322131465 0.000954966 0.000356051
77273100.616016432643 1 9.0141300499834215998 0.021203339207251949844 0.056460925538031697668 1.0366814480984418712 2.081299831596952199 3.584596069792559625 3.5937738599715496335 3.6030382044133548725 0.000285285 0.000238018
77273100.616016432643 5775 3.04982504177377578 0.16786968488873277305 0.10148543261702411278 2.9873645962626200756 4.3571273280991444921 5.4706148216096019965 5.5864953824646477187 5.6942144177487179491 3.02463e-09 5.22886e-06
77273100.616016432643 6920 2.3664214542934338681 0.25161317432345559064 0.12581306995576749252 4.0808910134369771328 4.4503966889625097281 4.4808358371978531665 4.735870585091468854 4.9874143946416156226 4.48089e-09 5.96081e-06
77273100.616016432643 5134 3.5212591232798051699 0.097320955365075359489 0.35860282162488593682 0.14660918127790223409 1.7159708294203948054 4.6667493912234094822 4.7643401217256950986 4.8615297758364297565 2.31886e-09 4.78566e-06
77273100.616016432643 5278 3.1994402512247548387 0.13370431488134129627 0.29641098138093041614 2.2855929082406385433 5.5008774727306422037 2.6408933929625555415 2.5724115666280269465 2.5003526390422914361 3.13887e-09 5.29389e-06
77273100.616016432643 5196 3.5669443986600417595 0.13467201329029110379 0.18768452082289968641 4.436457480638311246 0.24188919504816586148 4.8452097177749688939 4.977920659790727953 5.1078728382109455097 3.02458e-09 5.22884e-06
77273100.616016432643 5063 3.477729810016201295 0.11791543880981875114 0.43817047533599107201 0.15829509210053122059 1.3677846304894671903 2.2205447619822376026 2.1229076874500782957 2.0225122375700710364 2.23728e-09 4.72886e-06
77273100.616016432643 5878 3.2343543135660559606 0.08463570005794444906 0.062858851787838995739 4.9878578629147440893 1.2291111399246161806 2.8878231557693805343 2.8656268152562067719 2.8425655880064377712 1.44428e-09 4.08696e-06
77273100.616016432643 6255 3.2097924691245487416 0.070501574006248360349 0.17754849430478117367 4.0226338663970402365 6.1638556265122099731 4.5208213127783896113 4.5905599758516162368 4.6605389936864076716 2.45838e-09 4.87977e-06
77273100.616016432643 5548 3.1678400516456668434 0.022126176158438096847 0.32491514983356217794 5.1627457628640112119 2.8803603711895457984 2.3608285929589878371 2.345130724133655864 2.3293130170973674886 2.11518e-09 4.64123e-06
77273100.616016432643 6443 3.2052599881919303648 0.2486880490405892763 0.2980484069055449603 5.6341611587365054703 2.5807766284944415602 1.0370031348147716876 0.83333826280017198052 0.64926430092625564416 1.88164e-09 4.46371e-06
77273100.616016432643 5990 3.0870970434042162012 0.038035025631913403632 0.14910208563728605258 2.8637709421100372431 0.16548156477235650974 4.4491994194220092496 4.4861165499382762434 4.5231820411128547121 2.30118e-09 4.77347e-06
77273100.616016432643 1284 2.4598361951627509825 0.33897033449782648651 0.66829461021828162615 1.1567684337053061316 5.6509578449189845628 5.0665809070155898297 5.3730737284458971459 5.6407152865284428955 3.64405e-09 5.56389e-06
77273100.616016432643 5098 3.1522170606787938141 0.098065922735849408998 0.1085273147015717865 5.2090781290166914275 3.5103915890998393934 3.7553806361118624579 3.8143530355347401439 3.8754625471360073519 1.90652e-09 4.4833e-06
77273100.616016432643 5929 3.2600280575144813255 0.16748139025976527261 0.19595403011525291959 0.37814563623917890611 1.1897444422765179883 4.4682791662091503326 4.6349697023243168204 4.8019494228920045487 3.18574e-09 5.32011e-06
77273100.616016432643 5467 2.9593278172201840093 0.17163333873515093653 0.16314231684730151617 4.5717606486513178154 3.5912363117352508191 3.9300584679443431035 4.060478098302093386 4.1969138855883425521 2.43648e-09 4.86524e-06
77273100.616016432643 6282 2.8491326276167883158 0.058062452655649098021 0.085347332594652894344 4.3963000861947358899 0.47462240983481779333 5.6652749666626531777 5.6981590396602763704 5.7302223616837295594 2.68214e-09 5.02355e-06
77273100.616016432643 5694 3.107531905268046124 0.041679130165311918665 0.26811597083516364171 2.304768480042789669 3.9180541769223720117 3.4783198498744152261 3.4923729209526483963 3.506695148162534359 1.21025e-09 3.85309e-06
77273100.616016432643 6392 2.9774704623668317716 0.23524355171125108099 0.1878826644788441913 1.2793804136314472775 0.14630974673621088833 4.0095456899137715823 4.2061676451857596959 4.4119076400897947465 2.75286e-09 5.06732e-06
77273100.616016432643 6484 3.1094003110276768886 0.1175601094977991451 0.24820881457709792484 5.4217441441015488124 1.2640862834426669359 2.3261764910952162921 2.2367340865431497576 2.1442921303197195471 1.88476e-09 4.46618e-06
77273100.616016432643 923 1.9113427514727778789 0.4577296151481123343 0.24593206301591158391 4.1294330484988837071 4.3550193994632993011 2.6116026009476334124 2.3043122846389580971 1.9642992302851098874 2.53731e-09 4.93145e-06
77273100.616016432643 6739 3.1945873281018442036 0.1901244002507801456 0.25368023048410803799 6.1850655306047386262 2.5343720044195419128 2.4498912126995628924 2.3179320475369271648 2.1784495117287350219 1.84353e-09 4.43337e-06
77273100.616016432643 5885 3.5064412686481034598 0.038571085763031830174 0.28783656146395369957 0.47351137726579417553 2.6237713655838832416 5.1339595332861058807 5.1688874037404186623 5.2035088689266011386 2.25928e-09 4.74432e-06
77273100.616016432643 5405 3.1837089703380967443 0.024418230398011993992 0.10354526965491459012 3.1142233454536056847 0.26805396040643558742 2.127271188321241624 2.1064001711067370515 2.0854014548512154192 2.93677e-09 5.17774e-06
77273100.616016432643 6764 3.2901262183440587172 0.021313744892561319044 0.24794988821607594209 1.7421215509009968514 5.1560897674662058421 3.111091749209809354 3.1104346879388082847 3.1097707024546559218 2.4069e-09 4.84547e-06
77273100.616016432643 6362 3.0052872848816134521 0.21345817144291209799 0.26673134081368676807 0.90417121742725514721 0.82606904094653710313 2.2756737817904042487 2.0992749374085861724 1.9149377575704482624 2.92709e-09 5.17204e-06
77273100.616016432643 6775 1.6257940887778083994 0.26343449201316382347 0.21732151522194542714 0.75548505731723358814 1.5696319031250520748 6.1008261509136101353 6.1437866126473634765 6.1803902207621073117 6.39874e-09 6.71246e-06
77273100.616016432643 6055 3.2086788485505950419 0.11490367805149723224 0.066128164712136325298 0.71046726245690949852 1.6986356071619475028 5.3791413093980340321 5.4665624526440765862 5.5503085855885112565 3.0525e-09 5.24488e-06
77273100.616016432643 6498 3.2176496986053937377 0.069430293132109063836 0.13601599465479044526 3.6091861725879272882 5.0928188109535579287 1.6605621648702546533 1.5911393777735431954 1.5217234506526313709 2.50157e-09 4.90818e-06
77273100.616016432643 6313 3.2560704061479217586 0.066354481223641917365 0.34174811931864124137 3.9393083060203699652 2.1496841509180009133 2.8278204428289459571 2.8066495452190247661 2.7848378027076710062 2.33149e-09 4.79433e-06
77273100.616016432643 6300 3.214035388468088783 0.10590778954571275494 0.19732307965842016406 1.7968401643148801394 5.9113626731846702356 2.0208192923649774819 1.9230038750174507367 1.8235973981134689925 3.26125e-09 5.36181e-06
77273100.616016432643 5323 2.8049688220919870574 0.088093085394869097282 0.15973236553241199065 5.1557255569248603422 1.0138206436203709426 4.325868452933959496 4.4089567625306109733 4.4930254540133249819 2.25995e-09 4.74478e-06
77273100.616016432643 4755 1.8637107193117465886 0.11395791627107820787 0.034885460170723900375 0.51239055694981272548 1.5680949158546615418 3.9503548957180076862 4.0364105040283204673 4.125308519564804044 2.45943e-07 2.26531e-05
77273100.616016432643 3800 1.867194730814123016 0.50870500749396974083 0.38660016527523249907 2.3725731987137210766 4.4760791234869765631 2.8855279998095642036 2.6978279825535040892 2.4794192870837479248 2.3176e-08 1.03085e-05
77273100.616016432643 6956 3.5226515964449238716 0.08107197781762076616 0.41072087484330910279 1.2872378391474244008 2.5177241934327159179 3.020909889228925671 3.0107230176717245662 3.0001434171285565888 2.20649e-09 4.70707e-06
77273100.616016432643 6197 1.9428998882494996625 0.25430011239009125967 0.41800520105192001674 1.7758611473464562813 5.0555019287560627461 3.9442338119626283444 4.1478255121629494795 4.3626639042606853991 8.02678e-09 7.23931e-06
77273100.616016432643 5080 3.2233355045370331027 0.17232991509312786671 0.2313210851945928237 5.6260936989446079792 2.1584707539214371685 4.471563545091686187 4.643323233755222823 4.8152422986898946178 2.57476e-09 4.95559e-06
77273100.616016432643 6233 3.1522075735419639031 0.17857175195713784199 0.18619098982499349137 4.0439057204103221466 4.2952842015597116898 5.3008802808295731879 5.4432494534874580339 5.5762140341310839631 2.38928e-09 4.83362e-06
77273100.616016432643 5489 3.2126877564398133025 0.025647052780526837651 0.30358345551186410871 1.6907886229745567874 3.5134294276129449663 3.405376016994499544 3.41214802439317344 3.4190026261630293014 1.80848e-09 4.40509e-06
77273100.616016432643 6756 3.1873574695691924141 0.09717440607457913937 0.31022082713896653727 5.3228813028247525807 1.8584375919570894631 1.5477645303219158546 1.4505711500063296349 1.3540981823905418047 2.22448e-09 4.71983e-06
77273100.616016432643 5116 2.750459916734806054 0.27921177185600321025 0.089570437086408438709 0.88126443998759163012 0.65093907811662654606 4.5939713513432671732 4.8797340367817279017 5.1550453492983052683 2.56354e-09 4.94838e-06
77273100.616016432643 6951 3.0051764041606179312 0.063729952194377811892 0.05390069222299471996 4.8352536513588812994 3.2346130273557429646 1.5623492418579669749 1.4985955103070500716 1.435031596743429283 2.54062e-09 4.9336e-06
77273100.616016432643 6295 3.24965310310183364 0.035450378931581275066 0.25032158747647104136 3.7390184500157825909 5.3340450283043097102 3.7207898627541404757 3.7404915313678066546 3.7604760917413466714 2.30061e-09 4.77307e-06
77273100.616016432643 5923 2.9968736141644187754 0.083912734351853146553 0.21112117132497182359 5.0206664509544784991 2.9625614579400250115 5.7698493030114521574 5.8096671553997856208 5.8479330529963826635 2.22479e-09 4.72005e-06
77273100.616016432643 5234 3.0309354326099269272 0.16907621939396466626 0.07971807192958557664 3.7873460035853949712 5.8972666365222803364 0.52423862527527176347 0.44488737352428936456 0.37212437090256700323 2.35138e-09 4.80793e-06
77273100.616016432643 6863 3.1425827191252739823 0.14638433620830762494 0.042490610575729198528 4.63806759536256763 4.9687986512752750912 1.8286643607788790611 1.6838852632032896839 1.5384359923119874658 2.72515e-09 5.05026e-06
77273100.616016432643 5146 2.7727645351455008083 0.097092897186541390897 0.095471871456354787111 0.19038605348090451019 2.6120669037908186283 3.5604745436629148259 3.601895219818057825 3.6450257491130217957 2.55901e-09 4.94547e-06
77273100.616016432643 6969 2.1850877854167540804 0.12248086770516858346 0.18332710732454499114 5.0085160425625527836 0.6579376570522221801 4.5866462189376520087 4.7094124576961071682 4.8318927828305815453 2.41679e-08 1.04535e-05
77273100.616016432643 5047 2.3454073718958348138 0.5279377976402429562 0.13371206648601913214 1.9277413044272007081 3.1284869670517108098 4.8043970700460789658 5.3448631624599487466 5.7706805714506144156 1.0218e-08 7.84583e-06
77273100.616016432643 6657 2.2811932773109719896 0.1417198466886340491 0.21953674478592244412 1.1165713244912995883 4.5450602506686497151 4.6535510105263258041 4.7960993336454933456 4.9373229247512551154 9.52311e-09 7.66378e-06
77273100.616016432643 5962 2.8493852761058948708 0.20838534074865591728 0.19621449840680033061 3.9013531640879128837 3.642049531252594452 2.4792017079657915346 2.3381165919687272314 2.1881263359960883008 2.88829e-09 5.14909e-06
77273100.616016432643 6628 3.2598401160992565018 0.16924596137719882805 0.19325066578600177958 1.3543409978104030689 1.0300876925931368167 2.8488234514584598323 2.7952641313204416029 2.7378141621001015338 2.5094e-09 4.9133e-06
77273100.616016432643 5290 3.2028786975352203648 0.081628981884831211535 0.12901069680808824325 0.95796383413012120567 1.3441614230876510749 0.14623882151240044647 0.13478741476904110286 0.12381814018378403675 2.68653e-09 5.02629e-06
77273100.616016432643 2992 1.9148729253060856603 0.19791694415080970937 0.091917257530282514555 4.7549056562690150685 2.9373257207416663128 0.84367389086078936611 0.70386671710615766884 0.5757807505223424549 2.26492e-08 1.02298e-05
77273100.616016432643 6827 3.089214102622819702 0.11985744775784398786 0.13179437883029987422 3.5384011037689666601 1.0719819040912419439 2.3342977534461142319 2.2436883913884959618 2.1499571753822008802 3.04652e-09 5.24145e-06
77273100.616016432643 5626 1.3917590786916005374 0.40815617752801469642 0.2750098190632199735 2.2441593385727123255 3.0434557347755606393 2.8429718590433945558 2.6855894211877147093 2.5058524374583486249 7.93289e-09 7.21097e-06
77273100.616016432643 1410 1.8932403944202342849 0.49948485792679286899 0.24475012112022509481 3.3505764367129606818 0.17750153822201455989 2.1031936224760623411 1.5816684131796794333 1.0822130750822192002 1.96181e-08 9.75145e-06
77273100.616016432643 6244 3.1725256917701147863 0.11682986022929729708 0.27123421453979057461 2.8432311883765173377 4.8531712447346500028 2.882180706948014759 2.8503061683379664615 2.8167544135809454708 3.08558e-09 5.26376e-06
77273100.616016432643 6327 3.0066199876169337202 0.22097909936913559537 0.18242707148488157554 4.5358881302346034659 3.6362451589104272109 2.188526846736531084 1.9941088174566676816 1.7926348292900731174 2.25041e-09 4.7381e-06
77273100.616016432643 5650 1.6526522452079195347 0.19788865889320009228 0.2138928340176794729 0.92818400037614900988 1.676267222821772096 1.8822213893491130943 1.6865871291191791848 1.4900235857681769502 1.14639e-08 8.15256e-06
77273100.616016432643 4112 1.9817769791369765908 0.10125234640776309414 0.82477149364529733777 4.6273153157018391823 4.4929716964017343273 2.5724550879007743731 2.5153211247646392046 2.455974293250432261 1.99037e-08 9.79854e-06
77273100.616016432643 5511 3.209551274409586874 0.099366693886318413487 0.18858415901448588592 5.5477621228066631431 0.95286816667044538232 2.3790712151560162724 2.3077233107590551242 2.2341385808539087066 2.90982e-09 5.16185e-06
77273100.616016432643 6186 3.2328494594748078406 0.025345134962124253597 0.20105253159393665641 3.3543132857817683501 4.3800912337346735725 2.5141629073126789962 2.4991272563255546579 2.4839411836996188043 3.14704e-09 5.29848e-06
77273100.616016432643 5195 2.7573977710113406481 0.15729524661578073164 0.12627280777936591982 4.6059410792243209443 3.0553265479177702524 5.5219548371218714067 5.6251302276599872698 5.7213287320913908118 2.26107e-09 4.74557e-06
77273100.616016432643 6935 3.4819663457325225053 0.13824272961767153367 0.44928133702497352608 0.41079106355486921798 1.1439253792043020397 6.11387560247957218 6.1357814939414661026 6.156085286220281283 2.603e-09 4.97365e-06
77273100.616016432643 6667 1.3297795278849144918 0.15281836776369239761 0.43901535036928091005 3.4350385792485460534 2.3774365852459746762 2.0917700141091257748 1.9533602814290622618 1.8115890677541923726 1.85586e-09 4.44323e-06
77273100.616016432643 6816 3.1312106325761366321 0.22619059140096636762 0.12226745441201128384 3.9274077731321410667 4.6924271069674174939 3.5306757552053142923 3.6278377483353834165 3.7335387609425261246 1.76213e-09 4.36713e-06
77273100.616016432643 5762 1.3574320276732303459 0.11416347187097934668 0.45967534926666192563 2.931105146354564539 2.1946247792550459543 1.8122803663638873406 1.6996408397138864643 1.5864236663135213856 4.50081e-09 5.96963e-06
77273100.616016432643 6595 3.0532031280938634055 0.015835309419931380137 0.25239184286418336889 5.733460663364025045 1.9315426506957231734 0.56559160976169586821 0.55716110049798428516 0.54878772476687476267 2.5233e-09 4.92235e-06
77273100.616016432643 5950 1.8070359778439384346 0.30180315705097732204 0.25340348551576713509 3.0588091059779696224 3.5892682319125062129 4.9471439327459654223 5.2352406443862076202 5.4967225126985290728 1.07677e-08 7.98408e-06
77273100.616016432643 5351 2.971766498967589154 0.12636752982215435082 0.11343907097396759009 0.38928400404276519708 3.0412237498959542314 3.4051780395430970572 3.4403878960973908185 3.4775865850035612148 2.44807e-09 4.87295e-06
77273100.616016432643 2768 1.5600339827444780205 0.066198090465462641752 0.028476383045754050799 1.6256179036278430861 0.24373799587965072622 1.144121219543864143 1.0846254944639850404 1.0260978766313220145 1.06163e-06 3.68842e-05
77273100.616016432643 5194 2.3570680786953603914 0.16296281798852238487 0.071138374810854498875 2.019986622620788097 5.2101022432263661699 2.0024225014269041445 1.8484192647242689844 1.6916963521858023878 4.75382e-09 6.07945e-06
77273100.616016432643 6928 3.2081079087034085617 0.2973853558320388446 0.24571447881663008306 2.211942996674176598 5.510757694803330331 2.942188208745927902 2.8713839173312876163 2.7920020696674421323 2.08658e-09 4.62021e-06
77273100.616016432643 5914 3.2093931443134211534 0.086107644325188151257 0.071432931541210664683 4.6399506860453136881 4.2337175018633947943 4.6010267747125555005 4.6871199828285865507 4.7732001377936752462 2.63408e-09 4.99337e-06
77273100.616016432643 5072 3.1323211115928506487 0.052178064822717279414 0.20963960212135576699 1.3970633054267218576 4.6652375815657318725 4.509451511017477543 4.5608528513236823443 4.6124329740556451185 2.73643e-09 5.05722e-06
77273100.616016432643 6154 3.1871101234392007484 0.11615449190511088762 0.2442350312936067136 6.1674307376740813424 3.1299041362968234026 5.6280341423472171059 5.6958825246856825686 5.7602457931949961889 2.04677e-09 4.59064e-06
77273100.616016432643 5312 2.9795220485278752776 0.12054286503012236198 0.14000042501288470498 3.0262018781024284664 4.0959087333660866292 3.675236295249364904 3.7401361151235810176 3.8080547558724466839 2.46345e-09 4.88312e-06
77273100.616016432643 6126 3.0182372701497177658 0.29538396576858538811 0.19089693308219407575 4.3818239533073777281 3.2813405510782542862 0.37137356477302096991 0.27533670169440166431 0.19503037588081997833 3.04059e-09 5.23805e-06
77273100.616016432643 6952 3.2796159078827411548 0.16279570704816481719 0.10674597114396744413 2.114043577027075127 5.9494037864891593514 2.8123073156599720512 2.754872021361361778 2.6934730898517207365 2.57429e-09 4.95529e-06
77273100.616016432643 6073 3.2163681296395152387 0.034020463795662127249 0.24092611452087625556 3.1163104772932754827 5.4121049802827894126 4.1472041803613004518 4.1762046902067240239 4.205450865897346624 2.87152e-09 5.1391e-06
77273100.616016432643 5578 2.8790749609807995135 0.072403333102253178422 0.18806227284277843292 1.3451978226673104722 5.9207127923452702589 5.6431075200637552669 5.6851782622098383513 5.7259410850723302389 3.04211e-09 5.23892e-06
77273100.616016432643 5231 3.1497234253392165648 0.14595537549833983992 0.27440248157360958015 1.8738570071834197428 0.70095886305671695204 4.8117854903092931451 4.9564938153339479499 5.098122207139577533 1.89135e-09 4.47137e-06
77273100.616016432643 6029 1.6711219499654583753 0.32339262961601511481 0.56109915747085836735 4.9642861763798924457 4.0387105338742550487 2.4208700835276300012 2.1715769140198406539 1.9048120766746305943 1.2969e-08 8.49478e-06
77273100.616016432643 6290 2.0356465012429443284 0.45721102693912291093 0.21051244078770692258 2.614321865482500673 3.6260447046175081631 2.7958212579217853744 2.5842262450847122146 2.3423830849577487179 4.66797e-09 6.04263e-06
77273100.616016432643 5211 3.1618633285047965664 0.081110467359138474497 0.29146818361224557936 4.6141620499280247003 2.146289735800639864 4.3470784049656385761 4.4240410465702169063 4.5018028666315235142 2.07199e-09 4.60942e-06
77273100.616016432643 5717 3.141397245762309165 0.12390663205192536944 0.23405029340886021605 5.4547790440299408488 1.2817178796981343325 2.7787760686990874426 2.7319137136970557123 2.6825598613274972415 2.31886e-09 4.78566e-06
77273100.616016432643 5643 3.3219091465717403011 0.086302149782767331732 0.037137631153713344945 2.028112822334434906 2.6246725682923113254 2.4730446061996445017 2.41758267340494859 2.3604166395603325412 2.47115e-09 4.88821e-06
77273100.616016432643 6842 3.1855590740864867527 0.053841485183731024877 0.1291312608830567088 2.6939952693099242786 0.80063578233084775615 3.8603769809302361793 3.8965860047939844257 3.933482703785862622 3.94698e-09 5.71398e-06
77273100.616016432643 6572 2.9450614318983738826 0.18940033430559194416 0.18376325787199818129 0.57860371096138940583 1.0879423706760222856 0.13025358617812407558 0.10757822469327067705 0.087242151147338187211 1.66053e-09 4.28153e-06
77273100.616016432643 5131 3.531034927662282108 0.045045724161443784217 0.27462535847498636965 5.4070352152468750262 4.913108698510815664 2.0046794098381095495 1.9634016281750694688 1.9217831891693741841 2.25296e-09 4.73989e-06
77273100.616016432643 5534 3.2520689709127834632 0.1032787985981044182 0.096665994593942719537 3.7275447906294898459 1.9584594845428029419 5.9069937352999044577 5.9432862150171734683 5.9777185360161633199 2.18919e-09 4.69474e-06
77273100.616016432643 6119 3.1414819415006509651 0.069294603410181496161 0.17643966167016181257 4.5017758120539141942 1.8688077959669238126 5.9512007052091497883 5.9730934976546006254 5.9942384734500429033 2.96829e-09 5.19619e-06
77273100.616016432643 5525 1.6103429048588400185 0.42582939846610706747 0.34863756756330838149 2.7799373857724547499 2.2888551423020979669 2.8538438544296838018 2.6926841658498079646 2.5078816903792162663 2.22151e-09 4.71773e-06
77273100.616016432643 5240 1.521597622816862172 0.29620786017367217724 0.5096111833347708453 3.3828254272579600936 2.7547116481727007553 0.15302122247922639309 0.11285579198528014611 0.079497934693567279263 1.54708e-09 4.18172e-06
77273100.616016432643 2850 1.7789684500356324204 0.11322726540978617082 0.35892977047517637956 4.7520344429049696799 4.1663846414599898793 3.0614952698384936269 3.051861176211589477 3.0417147552621570661 2.86233e-09 5.13362e-06
77273100.616016432643 5957 3.2537474268384967147 0.10440281787611484232 0.11922607006843481681 0.34258073381804765578 2.0921840745727080524 5.7821693379439400573 5.8302366693147806842 5.8759252980690339641 3.45473e-09 5.46581e-06
77273100.616016432643 6103 3.2798643743373752102 0.092849377749565392692 0.17128385498398532305 4.9022512556767141589 3.7340015345346837528 0.38731539912325113617 0.35362459014854352723 0.32147081454822606927 3.07621e-09 5.25842e-06
77273100.616016432643 6335 3.113554471124297951 0.10485141397394892593 0.2607499158090796354 5.757259706639127117 3.0964938457794013438 5.8301772882574374179 5.8741106114385424064 5.9158163666546315085 2.80706e-09 5.10036e-06
77273100.616016432643 5252 3.1372859699944459777 0.17513483074890853763 0.17641026995002367928 0.98602998792088891733 0.88333644729968718856 6.0477022023156852271 6.0856225928914930989 6.1199980646180689448 2.42859e-09 4.85999e-06
77273100.616016432643 5034 2.8639847728545140271 0.14690730921488140415 0.12932325968331387367 1.3112613194489528556 3.8572361211420207461 3.2082600478355502993 3.2188828039628263333 3.2302259905141292862 2.20492e-09 4.70595e-06
77273100.616016432643 6874 3.2779357112224007942 0.12242522741428479849 0.26559357575067427115 0.99149139894717408517 0.95461591818517477215 0.52832705078035224755 0.46951936754656348194 0.41412712871706103268 2.61974e-09 4.98428e-06
77273100.616016432643 5053 3.0583782365605749476 0.22809956837684122744 0.23538793896970355846 2.2449848505094598394 5.7153379683657226096 1.6407066649021710969 1.4092866592519655011 1.1841556605574141692 1.90259e-09 4.48021e-06
77273100.616016432643 3953 0.88032248205939100938 0.18412732833630884866 0.30566679659282786075 2.6991915634529259904 5.6785562215947544829 4.8876377347485480129 5.0671113380534684723 5.2397754436642198783 1.87457e-09 4.45811e-06
77273100.616016432643 6204 1.8166031439488952159 0.17411083444672376119 0.24416860742944535012 1.2398787072525181419 4.3635574553074993887 3.0168082111376954835 2.9928906386287201791 2.9670953181381589658 2.26769e-09 4.75019e-06
77273100.616016432643 4189 1.1072069209110537713 0.02658183954947499969 0.0059254278919727019007 2.8477189323038842872 5.0965077416961284129 4.5209051610802504229 4.5470704807488289134 4.5732899032588489874 2.51666e-06 4.91804e-05
77273100.616016432643 5324 2.0500981250072451978 0.15109744005766723163 0.22234666946255712827 1.3579382768074896859 3.6796550363744002787 3.2713476452055179067 3.2926127032927468008 3.3153448070028770367 4.64884e-09 6.03437e-06
77273100.616016432643 5185 3.5321973456281199333 0.056714851382596701002 0.25799903204637564258 0.17039406012244512345 1.4708102222625651923 1.901764335077480661 1.847597878177495323 1.7930419099223187107 2.64564e-09 5.00066e-06
77273100.616016432643 5451 3.250053638676511536 0.083106290755245421087 0.062594717271156313787 4.5693138909687576188 2.3316852557965117576 1.9281438842976439396 1.8490416289314715037 1.7691316992641572536 2.58702e-09 4.96345e-06
77273100.616016432643 6192 3.2191140383457632623 0.22625217260271418551 0.32633638204479697986 2.1990960359076421327 6.2106805446657444847 5.254187587498277523 5.4390944633412754428 5.6081879540270005435 2.79503e-09 5.09306e-06
77273100.616016432643 5257 3.2377664982776308555 0.16558069892758986441 0.21912974596426079699 3.8417748862852918457 4.0397485968612532048 4.1019227375580324946 4.2451504325088471603 4.3929834488374730483 2.20895e-09 4.70882e-06
77273100.616016432643 5853 3.135785830781106398 0.15747251709078871618 0.16361199189165054335 4.4102401965261535111 5.7365047160481079658 0.65735975404885660378 0.56631278654575722964 0.48182498306674753641 2.34516e-09 4.80368e-06
