37158110.882956877351 0 5.3962021591926463415 0.050300525657675634883 0.020825628782371988917 0.03059848496853274924 3.5444880932433817655 3.4490386948009437162 3.4646445689910487786 3.4806130783579281029 0.000954966 0.000356051
37158110.882956877351 1 9.0370808738638999102 0.058829988604872089641 0.055075791373668546436 1.151356446627003649 1.1198866528807058796 0.076427941351783740265 0.072060383945295583552 0.067824740337913441701 0.000285285 0.000238018
37158110.882956877351 6992 2.3498545379321753579 0.33945120829326175249 0.3614424562145891473 2.4003440784739074054 4.9760967716211776946 3.458353280453294154 3.5888620486125373255 3.7356764444520278445 1.98059e-09 4.54062e-06
37158110.882956877351 6617 2.7923381123796184866 0.27017941295808944879 0.074175380812655858365 5.4287724102281620375 6.1603796710078055909 1.4578464845414302875 1.1900923707483164193 0.93925691384403398043 3.93262e-09 5.70704e-06
37158110.882956877351 6751 1.1321574421923821241 0.14715096196892016311 0.2202224706192165149 0.66662622975577445761 2.7293637734475133527 0.32274421365340777434 0.27890041268739962366 0.23838994160190943306 2.66624e-09 5.0136e-06
37158110.882956877351 5931 2.7495450287692233537 0.49927501505256738357 0.76277409876535517963 5.2285083710980213567 1.5028434281388070026 1.860331228995098618 1.3188325987065834255 0.83532233217815221593 2.66585e-09 5.01336e-06
37158110.882956877351 5740 1.6930767711326282221 0.051432677432136093831 0.11593250379324301913 5.942319477328231514 1.3290881692135185776 3.7375264030763082346 3.7670402209746556288 3.7971520053031788677 3.09097e-09 5.26682e-06
37158110.882956877351 5588 2.7247781576054390662 0.32505110035191930873 0.13272175424099047492 3.383063028347976342 1.5350584228999197833 5.5311086772735507111 5.7338502105905826411 5.903565977885429028 2.40685e-09 4.84544e-06
37158110.882956877351 6582 1.9358541955648227439 0.60813714204142799158 0.098548075385515923608 2.0752728448231283487 5.178627539581207806 3.7137338756743987211 4.2163365385195934465 4.7511738644638716877 1.86721e-09 4.45227e-06
37158110.882956877351 6171 1.8715961524611288702 0.18207672618696588152 0.05062363275357940201 0.78729727381550185239 1.0575143033651670521 3.1434147825919049879 3.1437831654927919089 3.1441820064098009446 2.39216e-09 4.83556e-06
37158110.882956877351 5921 1.6355247819056299985 0.38887669853307255119 0.31927483824778551957 1.0078099000156124365 2.7875182199620800461 2.818474268077369782 2.6597422017156104879 2.4795290688605167162 2.32801e-09 4.79194e-06
37158110.882956877351 6443 3.1931299728101136814 0.23380697874458472585 0.28344603461144873835 0.39530013166381799961 4.1264370667449981056 5.6621807380076036864 5.7878372280251806359 5.8989745512758391399 1.88164e-09 4.46371e-06
37158110.882956877351 5990 3.10908283677233932 0.12391675036296243007 0.15307557431234192213 1.9586407922191517716 1.3854272838029637605 2.0238652982818248205 1.9090158455108392488 1.7921193584368146912 2.30118e-09 4.77347e-06
37158110.882956877351 6883 2.3774864764536136619 0.2704762864495832142 0.20038693432727838761 5.3926436643644501956 3.6381915746442792248 6.117655506643672858 6.1576300793413656365 6.1915006372770031717 1.23696e-08 8.36184e-06
37158110.882956877351 6035 2.019901941971135706 0.30378937247446274883 0.11314985574071437235 1.201199151414530375 3.288619909693246246 1.8423320403916174648 1.5320524058966871195 1.2284910127101518196 1.91047e-08 9.66563e-06
37158110.882956877351 6793 1.3292737616910101917 0.24868528194851943769 0.40977929024388959345 3.9219870760495383344 0.5553756014831534582 2.3292983850882582608 2.1291244475740129793 1.9182040137662199619 2.0508e-09 4.59365e-06
37158110.882956877351 5467 2.9748365859289394031 0.1063411014030747892 0.16435296311418109982 4.8090964715414346031 2.2125470952758474752 5.2089369581888211869 5.300314881869569561 5.3888005507894671808 2.43648e-09 4.86524e-06
37158110.882956877351 2413 1.9469341679393796785 0.51430814309549033325 0.45331722084919340299 4.490236550744926447 2.2381160379178157704 3.7727049374036178975 4.1874419960180988554 4.6324988112450498079 6.11801e-08 1.42469e-05
37158110.882956877351 5694 3.1148243837935316591 0.12927710207124903929 0.33222433874717227642 5.8740321332321512315 5.1646529664161473505 2.5210253871203049947 2.4413677799873636509 2.3580629516510618338 1.21025e-09 3.85309e-06
37158110.882956877351 6392 2.9998695557522361277 0.17605978776177588774 0.21637497961762408583 6.0809866348331782504 6.2304993793667815538 0.86775808158105249834 0.73990644110302628 0.62120361903522247626 2.75286e-09 5.06732e-06
37158110.882956877351 6484 3.1252678872637678076 0.12004177547132119375 0.24189873132548539436 0.61391801384381405882 1.6324514941483521113 2.7891038433976880206 2.7450256529651886339 2.6986590307845843562 1.88476e-09 4.46618e-06
37158110.882956877351 923 1.7785634717869924781 0.26165197742048607044 0.27881820577311011711 5.5789417721861980226 1.3989246736641720581 1.4612510014381341339 1.2018193462932660331 0.95777738494414532688 2.53731e-09 4.93145e-06
37158110.882956877351 6411 1.1034997595103017698 0.2681123392310775233 0.35532948303288441894 2.2701780474745256733 3.0189404628023486232 5.0251910495971481296 5.2732903879001113978 5.5003214690975816836 5.56552e-08 1.38044e-05
37158110.882956877351 5448 1.830984146058618478 0.45970034143478782918 0.26428194425484752283 0.22717603525854593305 1.0405776304201179716 3.0316365176780495361 2.9611698204614533836 2.8786786356670139853 2.56033e-09 4.94632e-06
37158110.882956877351 6655 1.7857738878208979649 0.22364607927302559975 0.15965985869787593932 3.4560179986617058923 2.8845300617782956287 3.7181246888829280195 3.8543456389010120056 4.0005920722483043761 6.32791e-09 6.6876e-06
37158110.882956877351 6764 3.2639271029969187943 0.048497767624043376655 0.27822076051460553625 4.0867742610899639999 6.1717236260225289968 0.2511345073430155117 0.2393526081101208236 0.22785506094177093717 2.4069e-09 4.84547e-06
37158110.882956877351 6362 3.03185270008104224 0.12763744979775312749 0.24186429414879448418 0.11989649499459864579 3.337137263687633304 5.894795153790487241 5.9406044604349519389 5.9834803156690847814 2.92709e-09 5.17204e-06
37158110.882956877351 6809 1.7410846635284467077 0.19819829679240294484 0.36374003799330645315 6.177418049657592114 1.7220305094698484805 3.5064876963067366233 3.5852511933098836217 3.670327153595163594 1.72631e-09 4.33733e-06
37158110.882956877351 5328 1.5550655249729339324 0.53911938620833310676 0.49131873322655283953 1.0366028981861492575 4.4563678731180296211 3.6498352003471858929 4.0279208140042381814 4.4456064774408838858 2.1043e-09 4.63325e-06
37158110.882956877351 6498 3.2327136614270322035 0.085092633018989685678 0.08815867797142380724 2.9949389859596640129 0.23752558719945435217 0.42167591846838892167 0.38809433451677738391 0.35589314137249189463 2.50157e-09 4.90818e-06
37158110.882956877351 6313 3.2577326979824405839 0.06939093452834996234 0.35935890658464519909 4.7323921563140238788 0.048164661690071691735 1.6531571942683169762 1.5837474714530377362 1.5143623563885930672 2.33149e-09 4.79433e-06
37158110.882956877351 6300 3.2640600235478274271 0.04883280203153284732 0.23148703891002905819 1.8840165792566943015 0.30388033310671558329 0.29525935556764998369 0.28136608195858298087 0.26780676226082278379 3.26125e-09 5.36181e-06
37158110.882956877351 5204 1.4666685963561538752 0.4008509230565627246 0.42536891541061561117 2.7410023223399480052 0.67567610717022807965 4.8258699167667442609 5.226506333599822085 5.5755381023941579244 5.21728e-09 6.27092e-06
37158110.882956877351 4755 2.0254521172747859126 0.040720259866453292763 0.13071680306912347724 1.5572241830679411922 4.9504451166190222011 5.5646873127582727747 5.5910962399129449096 5.6170817506439432165 2.39615e-07 2.24572e-05
37158110.882956877351 3800 1.1938035977299767953 0.21429385726922844935 0.25763743977135245 5.1530078420721743271 2.2198238422466221031 1.0552286710616238796 0.87664559668115882296 0.71193991983189319761 1.79108e-08 9.45995e-06
37158110.882956877351 5861 2.2617252766040483181 0.26731135822715479389 0.51546139114186229069 1.7212967689949489891 6.1552512110916781651 3.0363457689808668327 3.0032681613141294363 2.9664102541224175447 1.95257e-09 4.51911e-06
37158110.882956877351 6719 1.7968281631362859052 0.18918428194585448776 0.23107956669527493498 4.9692549677324109325 5.9208810826447537679 3.961062602798029797 4.1100230125311920659 4.2659103652263601347 2.09817e-09 4.62875e-06
37158110.882956877351 6815 2.1483131297737316778 0.36116957870116855878 0.31770758494039857966 4.934421411104162658 2.990964017301283473 3.3972874229353600128 3.5125631999121509352 3.643494441951930618 3.57143e-09 5.52668e-06
37158110.882956877351 5480 2.0076700922538854854 0.51596372290264758131 0.43439158445494291394 2.0801931543955851645 0.19383161801997794704 3.7289328819238964918 4.1243951818631208184 4.5537054693993130883 1.6026e-09 4.23115e-06
37158110.882956877351 5093 2.0476838578331051366 0.39642989786925747486 0.37467949742039385885 0.86800132809804853018 2.5483309209809963392 4.2269063115207643477 4.6261417320786568652 5.0210981043912568111 2.98948e-09 5.20853e-06
37158110.882956877351 1517 1.9489002126845043072 0.29798765486905887112 0.63967857793654825382 6.0804272901584708322 0.094828625984867798149 3.0399104658630271558 3.0034300262699242801 2.9623901281615858672 2.17631e-09 4.68551e-06
37158110.882956877351 6526 1.7208712645472545866 0.24956784930485303997 0.2470703164140543584 4.8491216614471603918 3.1839814607775425159 3.8687501476785062238 4.054419169698116221 4.2518860732634955468 1.74858e-09 4.35591e-06
37158110.882956877351 6951 2.9995028894726747382 0.02884602420540132231 0.048796858008899983428 2.9575714527095184891 0.35100409911432417509 3.1804879109250965286 3.1816262440899336639 3.1827807455685097615 2.54062e-09 4.9336e-06
37158110.882956877351 6202 1.9858804610649680722 0.50947686409410675168 0.17712658979928233571 1.0488193378439685244 0.89698930511423291545 3.198885041338829005 3.2420389336712212014 3.2931279781202369428 4.75227e-09 6.07879e-06
37158110.882956877351 6083 1.4384723853050813691 0.53737547315820133331 0.14264913759733016674 1.7014230991138148408 3.7153805043280994092 3.5055742839671206745 3.7889422066086053675 4.1130195464083616486 4.91269e-09 6.14644e-06
37158110.882956877351 6402 2.9470457620729360038 0.20903860118035147431 0.25672749489305940473 6.0058371825314669223 5.521331529106068281 2.483825651464924178 2.3430410107289825206 2.1932969908488586519 2.16272e-09 4.67574e-06
37158110.882956877351 6863 3.1202875428410052905 0.10576822473583925854 0.058112988151181745045 3.8698202443049312116 4.2912064438120509635 3.1045576764933300318 3.1004106622327380904 3.0960561472040102338 2.72515e-09 5.05026e-06
37158110.882956877351 5146 2.7787914100996684574 0.061101312171063196232 0.10866999239751390371 0.12140223288763481169 4.9268370676008865772 0.85407295085233725374 0.8088775270964574382 0.76466994717488034894 2.55901e-09 4.94547e-06
37158110.882956877351 5492 1.9893213506049056694 0.299737327737998549 0.36864743499615254541 0.54063468814186432798 5.457255011040829551 3.1471740516841930635 3.1491966051595783327 3.1514757713196117628 4.51271e-09 5.97488e-06
37158110.882956877351 5047 1.8069837780209592193 0.3776541364388623645 0.14767275328872306317 4.7454087315512403222 5.1456796667322413086 4.1217475102894276517 4.4834176409223989168 4.851215152178955492 8.23744e-09 7.3021e-06
37158110.882956877351 6657 2.3830937232043876151 0.174889569795629779 0.18640339128574878735 1.5207377934629544569 5.379571779497157813 4.1348194141736112073 4.2896321081652128981 4.4491246325554962837 9.52311e-09 7.66378e-06
37158110.882956877351 6413 2.7324199159896265243 0.19059665196978475832 0.16643698755176866699 5.2719587927079727407 5.8658291353339651053 1.8030202038232634454 1.6121679706699589829 1.4217344092815715761 2.71272e-09 5.04257e-06
37158110.882956877351 5928 1.9215776565286533106 0.31635814555490743283 0.11901083864594041994 0.98524011231643471298 2.1898084681085974168 4.0822141020919104903 4.3702874228721340089 4.6683131649508347039 1.85148e-09 4.43973e-06
37158110.882956877351 519 1.8051716058394582376 0.19174031796293108942 0.030617668158248668303 5.0172241075517831632 4.2328997614596648447 3.1400170741478974357 3.1396794745193554732 3.1393126411798535358 3.92741e-08 1.229e-05
37158110.882956877351 5362 1.4084051368949326299 0.40899713725552294674 0.18341320020623688714 0.096224266197058122563 3.0968693003809253383 1.4426317149501250992 1.0354451222468410432 0.68367097171103319297 1.49782e-09 4.13686e-06
37158110.882956877351 5788 1.5266795523080867181 0.12743460786939991847 0.26977570774331371961 1.3580746910796979154 6.1006423957475446329 3.2293536242606353248 3.2413320508255520913 3.2540212387962261786 1.43499e-08 8.78617e-06
37158110.882956877351 5626 1.1434781767171815492 0.098327043021972371228 0.2167265930549292785 1.9333661630884004801 5.3318249012940581721 5.8924834092584061906 5.9283811296984918471 5.9625406077856215603 7.93289e-09 7.21097e-06
37158110.882956877351 753 1.4958353490660798446 0.12074360211512601138 0.16181629171253672506 3.2805536255320970618 3.5570249284078307994 2.1527668231247099051 2.0481370803747300791 1.9408902259088200992 1.27811e-08 8.45356e-06
37158110.882956877351 1124 1.4423597228333659981 0.44495611120694178453 0.21711370711090091645 0.89069678565408227922 2.6218032703807718775 3.7729440954649491324 4.1115539658266202494 4.4785821734814375006 1.32419e-08 8.55396e-06
37158110.882956877351 5020 1.7057278357855119033 0.50005128516267671746 0.38028592027810087517 3.8496071103931877033 0.052027257715798164162 5.8349285974737323812 6.021483708340928942 6.1508592705648128529 4.40916e-09 5.92883e-06
37158110.882956877351 6161 2.1482273781677432289 0.29130518856137888051 0.17844163141847296794 5.9168144973739131842 3.1318008925132736486 3.7004660340305379762 3.8806681535628424484 4.0768927587015557634 2.19638e-09 4.69987e-06
37158110.882956877351 61 1.7005443070531498506 0.28279253849823821065 0.02697539271085216267 1.5752809932852775976 1.9525918035484730595 3.4723291609799811219 3.5807917832642148781 3.7010393389354536708 2.97121e-07 2.41265e-05
37158110.882956877351 6451 1.4349800093432178993 0.16366843104940831388 0.18443758467641344079 5.5481133466398553367 2.2124337404408054297 0.41519475688646212408 0.3534072731732147421 0.29676220034555361726 2.57122e-09 4.95332e-06
37158110.882956877351 6702 1.8805933083631376501 0.043350426476551531807 0.21254702100172603862 5.6294041305874111814 3.1143426731392946927 0.51725287943058551043 0.49620379792988811296 0.47556506688702349095 3.70623e-09 5.59535e-06
37158110.882956877351 5798 1.549495353128561792 0.36905026574931010241 0.36750872372329929094 6.071086656618120081 3.4011380157174824213 3.6162395879587672098 3.826144478419357231 4.059504509742524192 2.01067e-09 4.56349e-06
37158110.882956877351 5437 2.1524554860967328729 0.20417852214739062866 0.23403408740285414069 0.5088848782584948216 4.9169007589964133231 3.9104895839919944223 4.065157558364589363 4.2280422507616020056 4.54448e-09 5.98887e-06
37158110.882956877351 6270 1.9225871333791884066 0.36495541577019074975 0.1948255208838588215 2.3539327958670628327 0.012858135850400846667 4.8058255571876671297 5.1715163678866664654 5.4986768369318879124 2.07589e-09 4.61231e-06
37158110.882956877351 6816 3.103948140273390166 0.12460364640076250498 0.16660403590950068065 3.9340450735096852419 5.2249763328626848136 2.1179240200582780673 2.0076124215188131394 1.89470865554440282 1.76213e-09 4.36713e-06
37158110.882956877351 6040 2.3128843540520125366 0.60979619840207743842 0.47227946736696246877 3.7916925480325258668 6.1749648961164833594 5.0690826763104883668 5.6242226724110118141 5.9975990624695478814 4.48499e-09 5.96262e-06
37158110.882956877351 5518 2.1795901881887069784 0.077225574674850569479 0.039921418616179003835 4.065809087145048295 6.0355261563600492991 4.355253519367644266 4.4286745361615444949 4.5028128102229381113 1.73658e-09 4.34592e-06
37158110.882956877351 5950 1.2828884402914082496 0.28910375592513698484 0.37562565619446036669 3.0870878427805781286 0.29023514364399322085 4.917324049928184948 5.1962899824440498264 5.4522008043060505855 6.81029e-09 6.85339e-06
37158110.882956877351 6726 1.9477769053725999537 0.43967075954642770297 0.31836435401002233236 4.5793709566786002796 3.9229507701438115497 3.8962168810612398673 4.2734413529145154342 4.6714310646671952654 2.92983e-09 5.17366e-06
37158110.882956877351 2768 1.5258249780533046369 0.026778669264442753889 0.029953045722916474269 1.2919875625779282391 5.6429393897857051954 5.3308830601696168827 5.3525359815055395529 5.3740126874357612152 7.28036e-07 3.25263e-05
37158110.882956877351 5194 1.9680256680694638849 0.2391808923233461337 0.092339271152851329361 0.66119176654589584263 0.98325129140205458356 4.0833038761787188164 4.2938539999250524559 4.5123900741929432456 4.75382e-09 6.07945e-06
37158110.882956877351 5310 3.4829795329937964787 0.098444226861932590533 0.33340892397615140563 1.7187090653508354521 1.3657301978008262733 3.0921298043667522215 3.0869976998936494716 3.0816258113979002609 2.51895e-09 4.91953e-06
37158110.882956877351 5888 1.4205122293033944914 0.030260516554817634 0.41314864238339599201 3.0496691653674408151 2.0764952749867813253 5.2947788225160037356 5.3198467126477266831 5.3446936757466581014 2.79797e-09 5.09485e-06
37158110.882956877351 5964 1.9904936526832646138 0.52221034112918962578 0.57241898391414147707 1.5140688801993869017 4.2168700645723156128 3.2956743849378566935 3.4154375015281810413 3.5566614596116510327 2.1711e-09 4.68177e-06
37158110.882956877351 6639 1.32762471633210688 0.20790476709569816194 0.2851830944725063377 0.37540020109587635133 6.0019092145972132712 1.5756724873387113472 1.366135926157049596 1.1625701192136952411 2.07227e-09 4.60963e-06
37158110.882956877351 5312 3.008100100762387985 0.11761954667396171126 0.18804623233916362146 5.3644433595657723401 4.744260821659813665 3.355032074198708969 3.3815619701741854719 3.4095169397955329416 2.46345e-09 4.88312e-06
37158110.882956877351 5289 2.0805400356422500963 0.020875480310717283577 0.13741906246028870453 6.2146531841557974829 1.5659257497861664987 3.5007039654102989346 3.50811367457122536 3.5155948142473865126 2.13423e-09 4.65511e-06
37158110.882956877351 6734 2.0201181348120322845 0.11431186995440464904 0.054627629701077158597 1.974467931880892646 5.8342596040239662614 5.652410614090660701 5.7170338841231931326 5.7783493925271258718 1.24231e-08 8.37387e-06
37158110.882956877351 6073 3.2412747649613495859 0.022715089443609021852 0.28291842524042942753 5.1246410946316487411 3.1700736762980681327 1.4843184824103630159 1.4617085029718153155 1.4391284360727902847 2.87152e-09 5.1391e-06
37158110.882956877351 5364 2.6014258250703528041 0.19135643030922275254 0.057988367039300381389 1.1108597989867070588 1.502771668705255248 6.2545877653049144484 6.2596241875374323271 6.2641323421599848231 2.91675e-09 5.16594e-06
37158110.882956877351 6028 1.8802728448984373788 0.25110502658183980751 0.15507960856647204362 3.6709737602691694391 2.1924537884706514212 0.99608963528718241776 0.79645152863920898323 0.61694173398531571006 2.1303e-09 4.65226e-06
37158110.882956877351 5030 1.2471523138241948914 0.46624147231724333285 0.3243696679940328842 1.6105712788050490225 0.59492598718877320874 4.4610950252053633847 4.9610614502526964031 5.4129613367698530269 2.14686e-09 4.66428e-06
37158110.882956877351 6521 2.9700080666192700818 0.048008583016011317779 0.14638903895292915136 4.3426452491717304483 1.4829987555055637038 0.99260995571544730076 0.95290813834130261295 0.91377616576543552185 2.953e-09 5.18726e-06
37158110.882956877351 2010 1.748066081578420139 0.098147977585812604118 0.12595325036090451731 1.3563129086014864555 1.6915934324103274466 4.3533717318239837368 4.4470359628455078393 4.5417487594670493678 1.54172e-08 8.99881e-06
37158110.882956877351 5717 3.1707481914137867207 0.14529315184254174009 0.23067017562146097109 4.0827257609304767882 5.6627332297213612833 0.048831635871659756498 0.042186493443233309686 0.03605890276888658319 2.31886e-09 4.78566e-06
37158110.882956877351 6780 2.1219457855928003376 0.46337704380393540671 0.31702312886732197938 5.9851823707815334785 2.0492816330369652 2.0542044000055965647 1.5726091582163788107 1.1092328758236074115 3.2776e-09 5.37076e-06
37158110.882956877351 6017 1.6817999134189287602 0.33817062990591245653 0.18879915428305629743 1.0058444847713530201 0.24690415723062358877 0.53476258921075803254 0.38064110809219742215 0.25500538695739483064 1.07446e-08 7.97837e-06
37158110.882956877351 5540 1.87594555922878925 0.41004171654017235182 0.18539606955236609398 3.6277601763725022543 5.5416911968585997883 2.6243780052823302285 2.3651781512706668842 2.0778512900703263178 2.31531e-09 4.78321e-06
37158110.882956877351 733 1.8609989809127476246 0.12860043661611489374 0.084808114149105676138 5.7255248065587318607 3.6020318175808099248 3.0479826042184532398 3.035082656311254734 3.0214113072381714176 4.51209e-08 1.28719e-05
37158110.882956877351 5469 1.3350813038229099039 0.26101547797524532468 0.095376085075515482092 2.6564903328170701435 4.6307190847685424373 3.562268830414337728 3.6855498727031825723 3.8206321946442978188 2.51139e-09 4.9146e-06
37158110.882956877351 6740 1.5079539576768696829 0.28483414750423319273 0.32225047961697556032 3.701910734371046896 1.4156372039568283494 3.0575995571488774338 3.0290646642362939467 2.9970804504455097472 1.33102e-08 8.56864e-06
37158110.882956877351 5525 1.7788621427585027401 0.29654728234903388051 0.31943821332301247651 1.9514672841984139762 5.7485434987127126405 4.3081087614796427232 4.602574568694967283 4.8973355849687401076 2.22151e-09 4.71773e-06
37158110.882956877351 5178 1.7649188387005121381 0.088223367517633197177 0.33252301990951438349 5.768293531480429337 4.7610016795774772191 3.3045272239009939597 3.3195198976323876394 3.3351345446055717936 9.33283e-09 7.61239e-06
37158110.882956877351 6997 2.9590904332260139498 0.16775510296755632988 0.24797857246589355418 0.10837920893117632126 5.8973518213171782776 2.4994243654038439395 2.3909975122541973214 2.2765761017844390324 2.77488e-09 5.0808e-06
37158110.882956877351 5667 1.9276645937556280419 0.44729364196161353062 0.22759082694294441307 4.2488007087937411654 5.5196763329271458787 0.50873225379365449861 0.31861983425841805539 0.17850234593170435926 3.20823e-09 5.3326e-06
37158110.882956877351 6103 3.3048719276963209879 0.074390713554656789919 0.14366031316879832036 4.7563494928700462694 4.5915123798756063422 5.5644498951663834418 5.6121526046455496584 5.6584083865915468792 3.07621e-09 5.25842e-06
37158110.882956877351 5181 1.1931065568672485355 0.22199206388325645745 0.13412984417983808694 5.3788709206226164028 0.039112833105177859105 0.63632179563506430231 0.51396613168498117563 0.4048271037836425057 8.5624e-09 7.39688e-06
37158110.882956877351 6480 1.7207725882640585446 0.30437681314247932995 0.18438886537190224413 0.017211318092006343272 1.5445328994718479088 3.1065710911606192468 3.0936401607640102718 3.079050126804271148 9.59462e-09 7.68292e-06
37158110.882956877351 5316 3.4785997237920835978 0.136234200256026311 0.23702520558159537178 0.3371922070086306733 3.5504563553461867542 3.1885570969208734127 3.1954543378548505572 3.2027885939226670153 2.96988e-09 5.19713e-06
37158110.882956877351 6874 3.2685605485998578956 0.11179210856794272178 0.22979532721787562788 2.283833942216197066 1.4282556648169288938 2.4768826524494489405 2.4045467226311436626 2.3294108567999507464 2.61974e-09 4.98428e-06
37158110.882956877351 6823 1.9317684540883932609 0.29376554112905023386 0.22890848546244971229 5.3411774938429905646 3.0483830956711974736 4.2604168507138560074 4.5476261378846860595 4.8374132949200889797 1.69817e-09 4.31364e-06
37158110.882956877351 3953 1.4168062827248777413 0.15082157889507633031 0.35555294059034625587 4.9313442091674239975 5.3991123529338276299 2.1468849401807004185 2.0143904162108192679 1.878166110096694208 1.87457e-09 4.45811e-06
37158110.882956877351 6204 1.6103421435422551333 0.19253122325975646767 0.31285145822280535644 0.96632151698987023281 4.1827032648905904111 4.3095579885805657128 4.4948989780417347717 4.6828945758653501841 2.26769e-09 4.75019e-06
37158110.882956877351 4189 1.1071866276664206197 0.081190705557191059083 0.028371126866911941522 0.86644894063920552263 2.1632584079930925469 1.2843933905608300172 1.2073052807387498753 1.1314194689112062608 2.40401e-06 4.84353e-05
37158110.882956877351 5324 1.9302438108099331249 0.057775104330282975318 0.30428545509651977463 3.6419941953569225923 1.6168279139139831724 4.5039741738226588552 4.5608713832379654818 4.6179845670097945387 4.64884e-09 6.03437e-06
37158110.882956877351 5185 3.5235377175219531054 0.021449278285211714062 0.26245149208773416172 5.4498518927514485455 3.0914636853632906366 0.93162519581713909567 0.91451810513723119644 0.89752451460304671915 2.64564e-09 5.00066e-06
37158110.882956877351 5451 3.2637155401473147975 0.045525329148766023601 0.060508623651431399371 1.0945355596041359547 3.8370066063519114863 1.0841931035165610631 1.0443607279878268645 1.0049993686398241977 2.58702e-09 4.96345e-06
37158110.882956877351 5538 1.5451182370158855761 0.60894151617358249773 0.21734415425148262413 4.6130469701461578325 5.2918241262825223004 2.916028423526553226 2.6899500246973868656 2.4241811249592952748 2.97954e-09 5.20275e-06
37158110.882956877351 6532 1.4487789456313144854 0.2673262052062331251 0.15518184488084121875 0.60252000890629331398 5.0197593766623915812 3.4430210404054930606 3.5358694421304917022 3.638560282049443817 5.62757e-09 6.43118e-06
37158110.882956877351 5853 3.1263679283009913057 0.18335621300445489879 0.16893187458906946952 2.0387045451512313399 2.3877388208029706185 0.17164795502873425592 0.14270115729472884758 0.11662472597045886458 2.34516e-09 4.80368e-06
37158110.882956877351 5360 1.596801618479159357 0.30079316078682089008 0.11155271996926442724 1.9158823138077196724 1.3729601728291938034 3.3555001079693473898 3.432404230617330132 3.5186505993356269606 3.7029e-08 1.20512e-05
37158110.882956877351 6233 3.1108399618309272583 0.11666644619328474242 0.19205560942849142503 2.4410379703413638275 2.9305207294653867756 1.9378283594637166765 1.8263304937798139349 1.7134523918390327513 2.38928e-09 4.83362e-06
37158110.882956877351 5650 2.1366892812198221563 0.21587728697936731104 0.22820649443123222633 5.0566544462307998486 2.0886622355744752788 3.2835816894956262324 3.3182398679593028135 3.3561759741792851486 1.14639e-08 8.15256e-06
37158110.882956877351 6255 3.2480950701667046232 0.093218323451698989479 0.17981162918662513261 2.7949642314458569281 4.880567528515326714 4.4630657517104950216 4.5545905262418475701 4.6466506714030861858 2.45838e-09 4.87977e-06
37158110.882956877351 5459 2.9859757952591792218 0.24617906300424036159 0.20248175041837457311 1.4868530545469649251 3.2981163162494491203 4.1983729439966435137 4.4293169295644094774 4.6656985400202488634 2.51526e-09 4.91712e-06
37158110.882956877351 5708 3.1572143837059196692 0.19101904423533389021 0.20914349222963513064 4.6407072047802930825 5.4735640785005159614 3.0082802932408441166 2.9799494609821670643 2.9492068186831095211 1.65544e-09 4.27716e-06
37158110.882956877351 6956 3.5088415683599567529 0.13786136091054310149 0.3885157589416681212 3.813284097234414638 4.5191533362312963362 2.7848992087263204631 2.7331845757940036457 2.6784330964318336932 2.20649e-09 4.70707e-06
37158110.882956877351 2850 1.6006960084760823992 0.248711519574479345 0.39378502073769455771 5.6805449427632828119 4.0834414463711716792 4.0940906182714513761 4.3153553566451012813 4.5447201297172483692 2.86233e-09 5.13362e-06
37158110.882956877351 1284 2.2290624351558143701 0.22628219255888668004 0.23197294840930637871 4.2742362025786615476 4.1354726323517194686 3.7372206934164848846 3.8790850846228792648 4.0312449319162499961 3.64405e-09 5.56389e-06
37158110.882956877351 6722 1.7564963647893232501 0.17760961311525683137 0.40044668664354726717 6.1284627163012768136 0.7503876790962296095 4.97306138043841095 5.1417438725355548712 5.3032326580281585748 1.78527e-09 4.38616e-06
37158110.882956877351 5002 1.1707970277590600272 0.14501125450320476173 0.48637516655447976532 2.0490976354475782806 2.4083895384030515885 3.2175260603564019846 3.2294517665627298086 3.2421759418739148906 2.79003e-09 5.09002e-06
37158110.882956877351 6473 1.8629408243844873816 0.2916012710768874916 0.30520154868442739282 0.7410661296703510148 3.5039867309569570075 3.8557219043146320203 4.0748483055123561059 4.3091680144150439347 5.43469e-09 6.35685e-06
37158110.882956877351 5815 1.1704601563257854835 0.30339005494218118653 0.44846760169909977156 0.43302621299228583052 0.081328775856385759901 2.8342498466571552918 2.7240242895638995257 2.6009878052969730433 2.67562e-09 5.01947e-06
37158110.882956877351 6211 1.7222716610133690374 0.33643151473802729301 0.46668036911383520282 0.075131762777285837629 2.1071389085469705016 4.3275389393976499974 4.6677492535484947922 5.0038456195300060614 2.33777e-09 4.79863e-06
37158110.882956877351 2928 1.6556091912994947979 0.39952054663881370056 0.3210377987240047859 5.3103353502770058725 5.5761404070745417272 3.6861249372408821934 3.9474349595078037645 4.2356547546125185022 9.69793e-09 7.71039e-06
37158110.882956877351 6225 1.9490210560059708644 0.10410136440667577817 0.19151823349960772624 5.4906033630619539565 5.002436109317804025 3.1148619769151109082 3.1119184563393926801 3.1088297852568542723 2.38341e-09 4.82966e-06
37158110.882956877351 5873 2.2070403784459657892 0.65760210807165431213 0.65664463330520417284 0.7149289902873654512 5.3000493972215174665 3.68361137029637975 4.239013557504422991 4.8243021402553623034 6.23622e-09 6.65514e-06
37158110.882956877351 5741 1.9309921245442100979 0.62336206885876910277 0.59577962843628340384 0.87755050535863221572 2.3966557201203766425 4.4384391325294600961 5.1506849569647243925 5.7151244494463888657 4.83963e-09 6.11581e-06
37158110.882956877351 3400 1.2618128299702935369 0.28606348532621417302 0.2243662002064748251 5.9095497393072875525 2.0769630968983916475 3.1925509891509213922 3.2099745837540218929 3.229520915319925134 2.20416e-09 4.70541e-06
37158110.882956877351 5080 3.223594824893726507 0.16620021426899075911 0.24334801954652848788 1.7448870057150580593 3.8613351401510742633 0.65546112479547236074 0.55986794609602152928 0.47160328199046275266 2.57476e-09 4.95559e-06
37158110.882956877351 6155 2.307586743973967458 0.38134385848204793712 0.18535688490077514845 5.256330820044178509 5.4520884938938900532 1.5544494792848491116 1.1644820903128774159 0.81418581122101496561 3.03729e-09 5.23615e-06
37158110.882956877351 5782 2.1483518897747115872 0.31979417631391943155 0.222608807115642654 2.9989784254339024727 1.3408102104252135334 0.8997443559620889042 0.66741842825399477768 0.46947848796788527181 5.0598e-09 6.20718e-06
37158110.882956877351 6417 2.2079837140710916188 0.47119114721167554283 0.70248264029978479961 1.6208431161758543038 5.3859566715491267175 2.0056730327650824641 1.5085061240875488053 1.0382288085059587779 1.63097e-09 4.25597e-06
37158110.882956877351 6237 1.1978952591499170133 0.11876271107355911016 0.31143099862282541679 2.3409729146644675524 6.1138228075061542555 1.0181384913562661065 0.91985308186992242874 0.8253758481492614596 1.89473e-09 4.47403e-06
37158110.882956877351 6029 2.0746735383074601522 0.17423382754364599712 0.091310386183221334266 5.8691815542165697295 1.5045532531941419041 3.6233883146489729299 3.7115513842203942119 3.8055674877505065723 1.2969e-08 8.49478e-06
37158110.882956877351 6023 1.6917544184031769738 0.079409997343091495714 0.51902787082355550385 0.017798611075420547184 0.7309415770827976111 3.9316265648998207638 3.989737412781798831 4.0492992533450937742 5.48103e-09 6.37486e-06
37158110.882956877351 5643 3.3257684965085765327 0.048746290342033433973 0.065524303320587132249 3.8568667708046917575 2.2746830730308751356 1.3980805893376486715 1.3502406731424299036 1.3026752110562758169 2.47115e-09 4.88821e-06
37158110.882956877351 6335 3.1243493192054803131 0.13053816420894154282 0.23771456400056614755 4.9298019720510612984 4.9667601229934525975 1.9204624779535373058 1.7946335091455036803 1.6673518961843543096 2.80706e-09 5.10036e-06
37158110.882956877351 6290 1.8811836222578757205 0.21616657405795441926 0.348760709657447876 1.264766618941832732 5.1772718531133783415 3.8795923797030811286 4.0393883031942472428 4.208420785035011491 4.66797e-09 6.04263e-06
37158110.882956877351 5215 3.1673302653588519817 0.30588815148417736189 0.24403534308849750278 1.1657110650549029618 5.5399456267322442216 5.1498501568471963807 5.4145084039393909237 5.648046391088987761 2.09099e-09 4.62347e-06
37158110.882956877351 5257 3.2245491752821000553 0.16243562076922907211 0.2022430306988061699 0.084536173752527671299 3.4779883970963005879 3.2226308412979425277 3.2370419964885295272 3.2525228381782702591 2.20895e-09 4.70882e-06
37158110.882956877351 6327 3.010644263985579272 0.20703594491080304363 0.17373357201169442598 0.68888071596940914088 2.425906510063918109 2.1707045379931169116 1.9876134667783866838 1.7983034927910430678 2.25041e-09 4.7381e-06
37158110.882956877351 5048 1.7883498448119521385 0.12801462227281917849 0.41908352161477629982 1.4728031674692847464 2.3667723295261451355 2.3217081872383635854 2.2235032876015763392 2.1218030095447528716 1.54672e-09 4.18139e-06
37158110.882956877351 5673 1.8087561957125328771 0.16021601291118683918 0.46320858258379643546 2.386989310173176726 0.76074928112318762619 0.60115074403617929644 0.51568331647939902318 0.43667608706011512565 2.67237e-09 5.01744e-06
37158110.882956877351 3324 1.4837541855095257581 0.26402195480804380168 0.28643703983372298394 1.7869833344502199513 0.037898510617144894053 0.019455778678158577866 0.014846000166318786689 0.010926474164714948534 2.73553e-08 1.08943e-05
37158110.882956877351 5034 2.8656877892224539295 0.23223721026224203312 0.1440115918485806723 0.79262059557061903536 2.1524972596411289238 4.6214879688996441942 4.8574044923119039652 5.0872040628757977387 2.20492e-09 4.70595e-06
37158110.882956877351 6957 1.7187551239446778872 0.42978867127297482043 0.092862189601345443424 4.8453124878828024436 1.9736787830760000872 0.81356292828148824015 0.53126533010752308162 0.3135237855021831832 6.68595e-09 6.81142e-06
37158110.882956877351 4112 2.0025387239540473061 0.38225925632033092016 0.7790970419151121984 5.366085304283176427 4.3385948992383411849 2.524031421318119861 2.2511816227445220484 1.9540398860874055309 1.99037e-08 9.79854e-06
37158110.882956877351 5344 1.9702218672208486883 0.34047649691058090582 0.28587608850973811325 2.2509227924517776209 3.938000752845542074 1.5269385110188655741 1.1824400673767154757 0.86731792187526624005 5.14004e-09 6.23982e-06
37158110.882956877351 6577 1.6315343298236051339 0.47689918885998394682 0.25224741783631521308 2.3784827494784086532 4.4818035299650462733 3.7776223241578663625 4.1520770799312334276 4.5560533241487339851 1.63583e-09 4.2602e-06
37158110.882956877351 5446 1.5898041437481249538 0.50248388720499548299 0.23204383459749813867 0.083339056933901603519 5.1659915256237356473 2.9162683404618645611 2.7533104186578154504 2.563070481992695715 4.99881e-08 1.3319e-05
37158110.882956877351 5123 1.5772217917269433229 0.61372074612901228452 0.22338351837657755006 0.82141978068632148791 2.9527095038046065056 0.47114128727043530498 0.23379877848896826742 0.091615262349133308462 2.85229e-09 5.12761e-06
37158110.882956877351 6154 3.1356335703202109499 0.12042576855659552215 0.21160020291699441208 2.4328561180243513107 2.2439936796854085266 5.1884476000602894885 5.2928838688084676178 5.3935828532021377058 2.04677e-09 4.59064e-06
37158110.882956877351 5511 3.1518009234478907565 0.15559667452145442557 0.17183601213871396718 1.4003589678525569795 1.6421945784203266783 3.551202059166846059 3.6183457499454036999 3.6897485596613965875 2.90982e-09 5.16185e-06
37158110.882956877351 5957 3.1842038440893443152 0.030211220817886675488 0.11700798360274300425 5.4710192145582023926 3.270414690079491038 0.94684674180940153754 0.92253819332650410789 0.89845571912351440691 3.45473e-09 5.46581e-06
37158110.882956877351 5962 2.9015543115435553645 0.18670403146848152387 0.18006037634028010386 4.6280169882969763862 0.64764240290898877905 4.050457278054542698 4.2078405378596643871 4.371279912457780803 2.88829e-09 5.14909e-06
37158110.882956877351 5160 3.0230037435603520635 0.047308493734924350616 0.21438455756218122161 0.40210044746895884371 1.9256534094938515533 6.2325548294054202714 6.2348950809433825171 6.2371787310091200141 2.48083e-09 4.89458e-06
37158110.882956877351 6891 2.2123604838655013261 0.38910783549706973172 0.29726243070158875348 0.3017914587260269732 3.6016413136886353819 2.5992098104736820474 2.3475762153171881863 2.0700744345596282514 4.39964e-09 5.92455e-06
37158110.882956877351 1399 1.334500525475787347 0.056138870833581183684 0.23975419186847807262 3.4168965983053833924 4.3835461528452190905 1.5792777879532469143 1.5230980287039617149 1.4670230073119117087 4.64728e-09 6.03369e-06
37158110.882956877351 6752 2.2122228100882517232 0.37154635664991375599 0.42430258823492128517 6.0425054685942267696 4.1952783546975744855 3.9617995064401032579 4.2834254847786334963 4.6213087568239350489 4.12549e-09 5.79885e-06
37158110.882956877351 5597 1.5152056118736667578 0.1008955080461159115 0.4289198243209943473 3.352725007189128803 0.81533288299840833702 0.47877224193095557769 0.43418122182080215454 0.3917377370004217485 2.41109e-09 4.84828e-06
37158110.882956877351 6928 3.2013383855012111923 0.15781414542455524108 0.23242928834400961025 4.6050021984590321367 5.3233507575375584864 3.835031897283797786 3.9430372780639970642 4.0564049350412814121 2.08658e-09 4.62021e-06
37158110.882956877351 1123 0.751755440033569311 0.29493061172200607523 0.039317259455657956047 1.3153409765160255507 1.1776935585049959077 1.8849107220886256453 1.5862487074823077293 1.2913533062457087652 2.24876e-06 4.73694e-05
37158110.882956877351 5640 1.730068174323128094 0.25418060032043776619 0.21603666043237482186 0.9320146587964222018 0.98139189594404119266 1.8656002782615810354 1.6100784391165141596 1.3560939246323988616 5.24602e-09 6.28242e-06
37158110.882956877351 5842 2.4339904892247568036 0.62721863108076347793 0.42948758648397750148 2.8947153352932657455 0.74802109933603233571 3.5105406405659933533 3.8850434651041010348 4.309565235848907605 2.75394e-09 5.06798e-06
37158110.882956877351 1444 2.0919251231876438979 0.089138718238861949783 0.94137897908080792053 4.9747675159119886246 1.2361971150566763988 2.1567527142560303233 2.0804883369475439814 2.0026796115455782754 1.72307e-08 9.33865e-06
37158110.882956877351 5176 3.0799328786814053061 0.12762956314264914393 0.14239283223132154221 5.6356321581176986868 0.34555004714892789686 1.8237315120326826889 1.6978002112095520459 1.5711985967937789344 2.68297e-09 5.02406e-06
37158110.882956877351 6001 1.9655851429432593669 0.29025949879273199583 0.22207926361372012924 4.5205170400138481313 3.3781558849734043548 4.4127527771667542922 4.7070154287958834161 4.9972707369689599588 1.89847e-09 4.47697e-06
37158110.882956877351 6140 1.7477357307697047872 0.21234619774605506537 0.27504476852390036257 5.7098340535290468267 2.5559395746056718934 0.73663456815517214249 0.60316724248500619421 0.48271308144836905241 1.67728e-09 4.29587e-06
37158110.882956877351 5534 3.2667591516833742737 0.091685059526506074157 0.09743706416560410366 2.2350857481444426078 5.2401098056134447489 2.5925330402746351588 2.5426376768681628882 2.4909475042362849706 2.18919e-09 4.69474e-06
37158110.882956877351 5929 3.2461540734901466188 0.14560144931742263763 0.21005076760451385498 4.6882503862355182633 0.078938896177408499066 1.1327930670370720545 1.0043978762852081577 0.88153369165048955924 3.18574e-09 5.32011e-06
37158110.882956877351 6162 1.9047173546553120005 0.30986098587028798601 0.15866910393963637449 0.49657562459293891344 6.1221176337439837667 4.5945652768519895659 4.9133175380190143855 5.2169446412427511461 1.62993e-09 4.25507e-06
37158110.882956877351 6775 1.6333136141989217371 0.11668804025764317744 0.33110653052121491458 1.3704453341129925192 4.7856662843610440206 2.6348278009846013425 2.5749511305076722145 2.5123128147994870929 6.39874e-09 6.71246e-06
37158110.882956877351 5211 3.2210382440079019517 0.068436777437234433408 0.28689302129214561132 6.1967050888417372079 1.70118673579425006 4.7626168873814140881 4.8309035274698617357 4.8988602460491668111 2.07199e-09 4.60942e-06
37158110.882956877351 6920 2.307860617791645641 0.040617702366353133914 0.079002302755154754643 4.9774649959415322442 3.8133274812825876943 1.8941645652340528549 1.8553906615311734907 1.8164067806735464394 4.48089e-09 5.96081e-06
37158110.882956877351 1810 2.0092728078457127161 0.2699492838879985479 0.54970692369143425715 1.6372016445884078895 6.2434638503499684248 2.3900012637559497897 2.1819680873157976109 1.960886050810502379 7.36354e-09 7.03416e-06
37158110.882956877351 5072 3.1016839674969225449 0.11819761732547594268 0.20128436016338707715 2.3098138084518771151 1.1502921946173396694 5.166499342065893785 5.2702953876699751845 5.3705701495907129939 2.73643e-09 5.05722e-06
37158110.882956877351 5231 3.1642717863037179704 0.040286357384417062488 0.28517882610425326906 5.6355355286765966838 0.90070375353063802937 4.2382238135853835814 4.2744091309500324982 4.3108928702741167172 1.89135e-09 4.47137e-06
37158110.882956877351 4786 1.2296820001359174412 0.24597149378885210802 0.28789946618931289146 2.611492283540925996 6.228819034289998946 4.3495396232652501212 4.5927120209332352729 4.8369241435829115616 8.41208e-09 7.35334e-06
37158110.882956877351 6756 3.2138232854183970133 0.053453211863852725938 0.33109544635466359175 5.6157458143554777052 3.628896564654656931 2.2394790061387603863 2.1968063379224811449 2.1534893650166524459 2.22448e-09 4.71983e-06
37158110.882956877351 5323 2.8022768539015450173 0.19052112353670483391 0.09683349679773341212 2.5495386790395846432 1.5519804590482595419 3.0087731142346072488 2.9806290219259530261 2.950094305106625292 2.25995e-09 4.74478e-06
37158110.882956877351 5372 1.5989989122634207241 0.15495932535186726642 0.16382092688518429258 3.1347344388657329972 5.7702402867106536988 2.3016027739253224205 2.1792943905786295034 2.0521491014022839039 1.39548e-08 8.70479e-06
37158110.882956877351 5855 2.0894308694756431599 0.37135026540897608793 0.41476237135844296056 1.6897937109969105585 6.191728921310434508 2.1530071983457013118 1.7970501404508205656 1.4351642537995967785 1.88487e-08 9.62226e-06
37158110.882956877351 6156 2.34109690630661893 0.42690132853605983199 0.65235436403860880272 0.9171749343677799704 2.5503033144948092925 3.5766254431147213033 3.8126942067887727994 4.0781623844283032554 2.69058e-09 5.02881e-06
37158110.882956877351 1410 1.9192868931379549746 0.082735316213388671036 0.19991608436340330135 2.101427055297085289 4.907125354396338679 2.7604696520549496519 2.7284118451915073678 2.6951915893611642083 1.96181e-08 9.75145e-06
37158110.882956877351 5256 1.7926022225160147539 0.29655280983960891072 0.19755641109986185611 6.0913760090771713607 2.0119108436027914877 4.8630638609296799046 5.1542504870202350276 5.4223215367195507497 4.61883e-09 6.02135e-06
37158110.882956877351 6653 1.8928110939810207647 0.53308877707572599469 0.23252568535737991318 3.8186273245605071303 4.3918806581712948045 1.2209436557953414759 0.73692801155693132831 0.37868373509960806533 2.19009e-09 4.69538e-06
37158110.882956877351 6914 2.0270927485695526826 0.03447617743600629725 0.21785864271924898494 6.0625111048322137819 0.047756676741199259595 1.9533094483105262196 1.9211109019516598995 1.8887286420737143811 4.41745e-09 5.93254e-06
37158110.882956877351 5578 2.9036601873666207929 0.12754857018568566129 0.24123267703781164917 5.6087010519085032101 4.3878265408877368259 3.4785594009887739197 3.5236191966865040293 3.5711695186181460215 3.04211e-09 5.23892e-06
37158110.882956877351 5196 3.5752398771158238056 0.11620983815522267779 0.21616435531965197403 5.5629398420883164889 2.5558559078882736593 4.5910787442394305202 4.7075173727305701377 4.8237258319099760584 3.02458e-09 5.22884e-06
37158110.882956877351 6832 1.6061087682857375647 0.13458531341744645049 0.19066260706980292516 5.8035476428785335301 4.2959827027968877644 3.9446232376798304742 4.046598506762606462 4.1524402693019561994 7.86044e-09 7.18895e-06
37158110.882956877351 4502 1.3202756752431963339 0.14264229547942078313 0.22811325035148802276 4.7022354142803024502 4.5526963391914812007 1.2168947644034504574 1.0858528371773048526 0.95965701388615132217 4.58456e-09 6.00643e-06
37158110.882956877351 6425 2.2919277755424212195 0.26279882167725243658 0.34863850151086872575 6.0303783993844257694 1.4755686983489946229 2.362455973266245568 2.1554661579317708764 1.9363197028560910073 5.02719e-09 6.19382e-06
37158110.882956877351 6089 1.8497642843374402233 0.3213517949541033758 0.27765656587614179207 4.2525337114780352721 1.0933792441795839867 0.95496886201016717433 0.71018876934469332696 0.50067481747892350619 5.81535e-09 6.50193e-06
37158110.882956877351 6572 3.0247511691163748715 0.20385815961279055153 0.14786178528810189903 1.7589674490220901237 1.6327803949416401785 2.5477201476162116833 2.4218414273923731805 2.2874586133504823948 1.66053e-09 4.28153e-06
37158110.882956877351 6842 3.1649661256302250578 0.094409282139054029326 0.098496394111923846193 2.6557610595850356106 0.32196094141197367788 1.7681296420482117693 1.6745450508106267673 1.5806434142854650649 3.94698e-09 5.71398e-06
37158110.882956877351 5291 1.954214027356421024 0.33517611445360756539 0.63174050603715092844 4.1436378403044855645 3.0945170635696577222 4.733640854277624932 5.0741327290597437738 5.3876166219195136264 2.6037e-09 4.97409e-06
37158110.882956877351 5063 3.4867043864155262689 0.12484952518140797484 0.41656679122740530863 4.3640274148835107582 1.655370290836423397 2.4503525261711711636 2.3664446586232776859 2.2790722393813811486 2.23728e-09 4.72886e-06
37158110.882956877351 5818 1.7335446195691111004 0.50928580496002140432 0.32344549327970983921 1.5119136459868236511 5.4822181362619764045 3.2781092443105905865 3.3802440399774735802 3.5006353596955932517 6.74885e-09 6.83272e-06
37158110.882956877351 6055 3.2146682895165410443 0.10476569927160914175 0.053023548942469668488 4.3185849504607478622 5.7729002737105163945 4.2479935266587025566 4.3441111462725219283 4.4418521717778496338 3.0525e-09 5.24488e-06
37158110.882956877351 6197 1.999361671297818388 0.15742479566199463203 0.19132213894018584854 3.2125098446540376607 0.86929955896669897086 5.0354651939407339967 5.1817357157588892491 5.3221372162432123432 8.02678e-09 7.23931e-06
37158110.882956877351 5642 2.8764714930901083001 0.22647871755818341222 0.10331238163095683713 1.0683110661614694248 2.022543461010457122 1.8218309367214693406 1.5940331287932321125 1.3676155519587107623 2.80041e-09 5.09633e-06
37158110.882956877351 6291 1.4366406302853120813 0.25346852961601828991 0.36220852225902994137 0.33893330565556772926 1.1492727262878321692 0.59190067582582583938 0.46220213568439094676 0.3491753835353325619 4.97801e-09 6.17355e-06
37158110.882956877351 6390 3.2335572161687808901 0.11867067697662631032 0.29222139816148651192 3.4523566106404470766 0.37601105519392929999 6.0165753824701919683 6.0462449515819107759 6.0741004685186972267 2.74624e-09 5.06325e-06
37158110.882956877351 6126 3.0072554561101689785 0.27241917529282394517 0.17434548704732183433 3.3887747557576410884 5.9014537449285331405 1.0634013100752455205 0.83702282074137890344 0.63470999385351034583 3.04059e-09 5.23805e-06
37158110.882956877351 6104 3.3376062027611217431 0.09222178617133029721 0.15190014152586953089 1.1017096796403829106 1.7971214871259122425 2.6931107895713517486 2.6513032080785485789 2.6078776975997239873 1.75259e-09 4.35923e-06
37158110.882956877351 6732 1.1621459720555353812 0.22377304616309776075 0.19465633427783293752 0.63505648816821747005 0.9034412349662651609 2.3075466494440002307 2.1263419933312013299 1.9362215538430760375 3.70815e-09 5.59632e-06
37158110.882956877351 6286 1.984768254735809867 0.52818206653973520659 0.74865354664742889135 6.2547949061702121654 4.1589480669973477589 0.33576418711838756925 0.18778562442927537735 0.089182532358109564696 2.66284e-09 5.01147e-06
37158110.882956877351 5405 3.1816367840321340132 0.062331920748826957768 0.10283890106667850639 2.3117576477792876055 1.2105565999524880993 4.4437650303700557686 4.5044036619917156017 4.5653922618992170968 2.93677e-09 5.17774e-06
37158110.882956877351 5098 3.2330935550614725571 0.026992566002151614779 0.1087967702797655728 4.5381918256727136196 3.2244292152995135403 3.0520340739057671975 3.0495865434414604067 3.0471065647871915516 1.90652e-09 4.4833e-06
37158110.882956877351 6952 3.2300731529311388357 0.14967852873059175889 0.10095247116712736946 3.2129584748777704206 0.95188943942153847466 3.0222710098771266019 3.0029059940097830861 2.9822140594061155028 2.57429e-09 4.95529e-06
37158110.882956877351 6667 1.8687493552210889813 0.30469611954378400531 0.14593072647871346836 4.8147879552627532718 5.3187538656547923566 0.53168052741822369178 0.39242990899354790457 0.27590352915315907723 1.85586e-09 4.44323e-06
37158110.882956877351 6282 2.8139536580087760598 0.13496143636728172299 0.097250889405557955358 4.9378196140728203289 5.0560123512923951239 3.9169730748799125308 4.0166244743318362254 4.1202160006233725653 2.68214e-09 5.02355e-06
37158110.882956877351 5240 2.0200426899137902126 0.11423934749239805786 0.27859337040142184705 2.5050667097627123958 0.28967330204349889256 2.1330713708953910057 2.0331297797524023885 1.9308839498943639601 1.54708e-09 4.18172e-06
37158110.882956877351 5138 1.9785755581354673716 0.40747574668840169654 0.34230959709600555785 5.665755554848646014 2.6896670838744922705 3.2934077877177543314 3.3749601894556686688 3.4691910263346845689 2.37553e-09 4.82433e-06
37158110.882956877351 5548 3.1885898037749815792 0.15160170320030791347 0.3366539022325751862 5.1188073164567038376 5.3310392521404130761 4.1425465162792445284 4.2762429346191463964 4.4136526704501015672 2.11518e-09 4.64123e-06
37158110.882956877351 5131 3.5357928708772035087 0.11280769746915264573 0.27338344623211829898 6.2248517318136000753 4.4226117594383422826 3.1703497386379657641 3.173798775257145266 3.1774312456570541485 2.25296e-09 4.73989e-06
37158110.882956877351 6295 3.2472535862362721382 0.017999879851860009494 0.26133029673038143947 4.9313096498528974365 4.2445526453524387023 2.3604319389830217268 2.3476757655713118567 2.3348399666578880662 2.30061e-09 4.77307e-06
37158110.882956877351 6356 2.4184702444744425875 0.53809001704116310449 0.17663560463038574522 1.7106687004349745429 2.2576415870379222817 2.9326260875591252386 2.7634507750827408401 2.5647910303080814209 5.8318e-09 6.50805e-06
37158110.882956877351 5278 3.1464107202367106453 0.075499570521849718174 0.28106129870419677141 2.2566076037743494354 2.0383287607653324258 3.0018918508506060583 2.990954406809978039 2.9796242480242072226 3.13887e-09 5.29389e-06
37158110.882956877351 5669 1.3782897830847939957 0.10081669190968098326 0.34142062780866505589 5.2531695439963588257 3.6846253304445477639 2.1836299563296135418 2.0985251695739575162 2.0114242871586345274 5.45549e-09 6.36495e-06
37158110.882956877351 5118 1.1637427429111901755 0.31765357583093500882 0.33339267832593688645 5.782705831678124575 2.0044282500035786043 1.7914982434847828152 1.4644777693686881204 1.1486178231803230165 3.95744e-09 5.71902e-06
37158110.882956877351 5053 3.0013295198827698584 0.22167798276719058448 0.26798896573418423683 4.3180508915811852688 5.2852961971782761452 3.8345369604085925985 3.9911611003219871208 4.1576402716658646952 1.90259e-09 4.48021e-06
37158110.882956877351 5116 2.7141577491807460376 0.23911617811311070003 0.10865848142641339191 3.9105618318045731741 0.32343731385800744693 4.1198852394731977355 4.3349566670574528615 4.5572424092495884551 2.56354e-09 4.94838e-06
37158110.882956877351 6595 3.0315314035867664266 0.12080418743851456531 0.22879885079920017632 3.5810530964109319463 6.1196964542292828781 0.57066894848017402087 0.5083707631932984361 0.44956875812919411262 2.5233e-09 4.92235e-06
37158110.882956877351 5290 3.1897608856175403425 0.021059464397291245003 0.16275023319646658715 5.9155463730957045243 4.8023321812790999985 2.1371895791787691721 2.1193162262587548206 2.1013462438841203905 2.68653e-09 5.02629e-06
37158110.882956877351 5762 1.7542895623992287302 0.22754735390061300859 0.29667717625707662465 4.2714401299126407707 0.96478562391556099698 4.6128047729035603908 4.8438607425807207463 5.0694443694729951488 4.50081e-09 5.96963e-06
37158110.882956877351 6628 3.3202938164704356439 0.11127370286441137792 0.16695096101536127664 2.9848654052169423245 1.5141381770571049614 2.2712504753484146214 2.1827844839348067296 2.0917061293597525307 2.5094e-09 4.9133e-06
37158110.882956877351 5227 2.081097653157149896 0.31371612686045136087 0.15917064458017671225 1.3865076761933441407 1.61430297972441128 3.0950845093089571769 3.0772563160760322276 3.0570868902715364612 5.94474e-09 6.54979e-06
37158110.882956877351 5481 2.3364463552562915183 0.63970917629650358993 0.69704041589467702345 0.8362029354127913372 5.164928199201692216 2.5362274241177851231 1.9662473675502538661 1.3759090862892633389 2.0621e-09 4.60207e-06
37158110.882956877351 5885 3.5069567590209502761 0.033762208301427162893 0.25151598234487820838 3.0732989711611664596 1.9788156887523649097 4.8028061246651390093 4.8363856479055655768 4.8698886386825366301 2.25928e-09 4.74432e-06
37158110.882956877351 3089 1.4835099420008504012 0.18395443794125809767 0.34748674777367249966 1.0372541104558692382 5.2600343953542481046 2.6683169057210660569 2.5762017805044639118 2.4776489442127931362 1.46985e-09 4.11094e-06
37158110.882956877351 5878 3.2030877448083492354 0.066285602881106062134 0.09106889867260904714 5.7001334257458049493 5.458258428152472419 2.0094050159827334667 1.9484879405935244812 1.8868742538394556174 1.44428e-09 4.08696e-06
37158110.882956877351 5489 3.2229163049595399571 0.0017777242199707560776 0.32984052031519311976 0.22467859564285169727 2.5554613626384150571 0.67334645964293793341 0.67223863000674644042 0.67113157159706871013 1.80848e-09 4.40509e-06
37158110.882956877351 6960 2.9868679786693408396 0.18237960065982844471 0.097466151155612953949 3.2101477949445778037 1.7727859719387217829 0.60365680997588344603 0.50667633252393073917 0.41817228277199658404 2.28045e-09 4.75909e-06
37158110.882956877351 6292 3.3540007498150581355 0.059211751026314436708 0.28567419514687369952 3.1847851157295052893 0.096855505366405081347 0.55525767565011296956 0.52478576990579450801 0.49511904752425184295 1.7586e-09 4.36421e-06
37158110.882956877351 5358 1.9466970520417072876 0.28933253034632144818 0.14027193742114027475 1.1720158911781006772 5.9300378528632613495 4.7245983345840114609 5.0175850003072017813 5.2935469162453099301 6.59336e-09 6.77983e-06
37158110.882956877351 5678 1.7058173486747316705 0.48475812115626015775 0.17487013748042815053 4.0216522743597913347 1.8306773555096089723 4.3691824168415562823 4.8904756782203300247 5.3675670731162741234 1.85255e-09 4.44058e-06
37158110.882956877351 5417 1.5342103611278092856 0.24356812170623778901 0.19438089230692143228 0.18246914684370482695 0.35521034698970138654 2.6730276226256997063 2.5476654878648612446 2.4113599038746236225 1.15634e-08 8.17607e-06
37158110.882956877351 5569 1.9473762447873597115 0.22422508519290701434 0.29942108255380306403 4.5149091933662806042 5.7657521993117670789 1.6367751589337704576 1.4094275525282276007 1.1881155350706902318 2.77052e-09 5.07813e-06
37158110.882956877351 6450 2.6349225876754940323 0.26225003245351558023 0.064700824004170223724 1.6135642059592301134 2.3154444480224269931 3.6373126276536225099 3.780918057727716608 3.9373906449850784028 1.74846e-09 4.35581e-06
37158110.882956877351 6969 2.060480445259607496 0.24155608328655361894 0.24071313094836871427 0.81464318308362482224 5.6425675614513162159 2.7275046878940547579 2.6164951530898283849 2.4954037233939838636 2.41679e-08 1.04535e-05
37158110.882956877351 6677 2.2394533470557345112 0.51006662283205084218 0.16411180116650150862 0.013707018687906628862 1.2805136367963603217 3.9280288935190332822 4.4004862459836662225 4.8859428687456114559 2.33048e-09 4.79364e-06
37158110.882956877351 5647 2.0733400138869000351 0.35408943441602219737 0.46053969640771569294 5.792375844136386398 0.51364491087832520044 2.0656907523161631701 1.7165937110297220247 1.3662610326144155604 2.57441e-09 4.95537e-06
37158110.882956877351 5992 1.7417854931153919917 0.21096089735197587345 0.30172143118943928197 2.7863985599529801362 5.152540169959030969 6.0606434062123542006 6.1032898859527682234 6.1410364196178601759 8.41385e-09 7.35386e-06
37158110.882956877351 6761 1.6438159925759514568 0.13019660441610897417 0.08103982593667476142 1.69402202322635409 4.8256958259622431129 5.5101761827974016228 5.5973430604513270126 5.6797998300137120253 4.88068e-09 6.13306e-06
37158110.882956877351 5252 3.1497885262028635367 0.22275435506469656866 0.19504078119156414983 0.63863747299831086224 3.5186846468390520215 0.65281398134743973127 0.52721972515381343438 0.41514475854823629231 2.42859e-09 4.85999e-06
37158110.882956877351 5394 1.8054565239099660268 0.13949740090057846653 0.36157664711914111466 1.1486882240114533182 2.3427985683941527917 1.0495474636807853308 0.93221599948724698237 0.82020756981068332347 4.23442e-09 5.84945e-06
37158110.882956877351 5577 2.1464700955689481887 0.28613447986313483851 0.72660608402207105261 1.2165011897548578812 3.5581931642329043264 1.6649072187392628397 1.3720176484745292278 1.0915175897289102203 6.01747e-09 6.5764e-06
37158110.882956877351 5890 1.8929029951520934816 0.68821278573894273389 0.53862379523800929526 1.5269896564811473727 4.9660891131434077295 3.8177995362017793646 4.5130267525842659992 5.1876081656828159083 4.73576e-09 6.07174e-06
37158110.882956877351 5234 3.1119648018424066471 0.15027376750234949787 0.078046046971021687533 3.8975684548403837226 1.6542078229657239952 5.7034137774066646642 5.7812465718456396147 5.8535471940469721019 2.35138e-09 4.80793e-06
37158110.882956877351 6129 1.3890763411748978662 0.14269370927802366156 0.71003402418586936129 1.3425437942605082942 1.7530219157838096145 5.691871776283481843 5.7672972141210117059 5.8376890990482630528 7.14833e-09 6.96495e-06
37158110.882956877351 5351 2.9513467354633546869 0.16377711592052832112 0.090004616120979819005 2.4124776341411688918 0.43319777986017266036 2.3807169688921812067 2.2599427346220277713 2.1335413454731431138 2.44807e-09 4.87295e-06
37158110.882956877351 6272 2.2480411675102596192 0.63079567224836197159 0.21931570489932564194 3.7013436757956070799 5.8444304511449045592 3.4739795096517087636 3.819458888558930898 4.2150513153471882433 2.92426e-09 5.17038e-06
37158110.882956877351 6230 1.3493367305576706716 0.29315762590787303177 0.10047384211602476689 2.5145298142937839714 1.1296839822491417937 2.7320926960110765158 2.5939477944619269145 2.4413070781309693658 6.03494e-09 6.58276e-06
37158110.882956877351 6557 2.2246146978146223994 0.25304201087717725915 0.20708885143278168983 4.0336543803831679256 6.1746596852973318903 3.5165671877735946715 3.6234820714672251185 3.7407554679390915275 1.93092e-09 4.50234e-06
37158110.882956877351 1239 1.6171916177520553326 0.33562627179733833804 0.14542427681066494305 3.766634564158386933 5.5803382375812953242 3.0661310122629759078 3.0346491361953824573 2.99882446068585784 1.31823e-08 8.5411e-06
37158110.882956877351 5775 3.0269035996419861867 0.15190601362370156902 0.13252856238512084053 5.7220230426381268884 5.5946537917568450737 3.0525640573313825854 3.0378605060214352029 3.0221312132572455411 3.02463e-09 5.22886e-06
37158110.882956877351 6935 3.4867463621213130587 0.040677892633708245818 0.42708587821144677887 4.4205938799750228441 5.5265362143622436264 4.1387725523844514086 4.1733320500802513209 4.2082415395437653416 2.603e-09 4.97365e-06
37158110.882956877351 4406 1.3594834075732724621 0.065518060804588690305 0.20578168051119011261 4.8243298397855953752 3.5955198582551486375 2.2659993825662572142 2.2145630333713968163 2.1621590274473438953 6.27014e-09 6.66718e-06
37158110.882956877351 5927 3.4330157329571449054 0.1295641536094973012 0.15571018855202656272 2.3593981934223102748 3.4161900438232497557 5.0212061283616336027 5.1426107202519713013 5.2603681188677882119 2.21586e-09 4.71373e-06
37158110.882956877351 6445 1.8388744124455540518 0.61609310087618318619 0.52488021282694974357 3.5076610901074096738 0.68225594747604556556 4.3751948170617520617 5.0788142427625819764 5.6540074278047312006 2.3322e-09 4.79482e-06
37158110.882956877351 5478 2.1393205997938098406 0.52662034733315599144 0.31477867200758502531 4.941626488313196397 2.4040320149210159251 2.1942491257774081603 1.6535165459796514753 1.1286969068172687525 2.28234e-09 4.7604e-06
37158110.882956877351 5076 1.450789294626007031 0.24002391354181271121 0.27056351755783053514 1.4478130079813298359 2.2945482637044096741 2.427327067578208819 2.2520426516815357232 2.0655948516033859619 1.5547e-08 9.02399e-06
37158110.882956877351 6119 3.1009892319600056432 0.12204419083674314384 0.17302831556453115991 3.752591233929290393 5.4870373585384797366 1.8423400957398536892 1.7224992024691154757 1.6018566684304429426 2.96829e-09 5.19619e-06
37158110.882956877351 5559 2.2685014006555137556 0.29686355918367052231 0.049727125871681446267 5.5728882857607793255 2.9486339269183403644 4.58184788127705378 4.8866631299231855223 5.1790299946429341205 5.44342e-09 6.36025e-06
37158110.882956877351 5625 18.206934611966975268 0.50406786240860612658 0.4771436551911161783 0.58230453916802304981 4.6111432731282313568 3.5938239291363194283 3.9036927902607905239 4.2517225037523269648 2.295e-09 4.76918e-06
37158110.882956877351 5288 3.1149223282939231261 0.20668546543953331129 0.27092391444924990296 5.470671009256293793 0.045559247544988246137 1.8239576085629580771 1.6169831351679699871 1.4105180834569517323 2.94866e-09 5.18471e-06
37158110.882956877351 6005 3.0330770377028781759 0.21532001292451860563 0.5372481653398791801 2.3467544378760174517 5.3059565224727682775 1.5495390114994838093 1.3330654765162930353 1.1238013698516560179 3.36675e-09 5.41902e-06
37158110.882956877351 5209 1.4026974967683714102 0.3289680162811414732 0.17577165172278419458 2.6821318208375903858 1.946032639476594106 6.1937532214004153985 6.2196154824777956094 6.2405138394958541426 4.75685e-09 6.08074e-06
37158110.882956877351 6692 1.8864159643300673075 0.39640498877982804915 0.29630667676529054422 2.9041981393092868302 0.73453059287566280222 0.67283057856614425507 0.45198160986268803851 0.27885212194923958418 1.32225e-08 8.54977e-06
37158110.882956877351 5479 1.1012605947199953782 0.37890561036312225829 0.27625062048895326905 2.5594962987410423416 1.402036967828518943 2.6492103493250045432 2.4250649861002715468 2.1762110791881195127 2.12255e-09 4.64661e-06
37158110.882956877351 5938 1.7698380834701137321 0.15708985787770549103 0.3203053715686497438 0.16386511469563286303 0.73111979738853161148 4.4287793814584892615 4.5836576465300993277 4.7394476735139701162 1.88863e-09 4.46923e-06
37158110.882956877351 6827 3.0982357449524453585 0.16129910110230527565 0.15889414618820632552 4.1035284458900207483 6.2193129036081966632 3.5608507456276741188 3.6322087426256906006 3.7082079424125948819 3.04652e-09 5.24145e-06
37158110.882956877351 5158 2.0259183854969649019 0.58614801876757216537 0.50062257534482779153 1.8682507926653222352 5.2743152285085299624 3.6642973078452305558 4.1063375610535963744 4.5880947487194010392 5.85576e-09 6.51695e-06
37158110.882956877351 6167 2.1631286216094482988 0.48453872061440300678 0.12570208194557755399 2.9026252966721326487 4.1352099376125384111 3.5635064604981816494 3.8387418718975707677 4.149832531584298323 5.7681e-09 6.48427e-06
37158110.882956877351 6401 1.5576025489409599523 0.23578987484469871028 0.30545247517576534779 6.2645455470777413609 2.2048354583808564833 0.90779464563905853947 0.73267098615096504233 0.57496113532821080394 1.93159e-09 4.50286e-06
37158110.882956877351 5134 3.5315449290036999841 0.057413743383794249575 0.31636782268032426213 3.0604610307791628721 1.1286174902038350609 2.8963409348097388651 2.8819895969450346485 2.8672516653033799372 2.31886e-09 4.78566e-06
37158110.882956877351 5195 2.7505151766585131945 0.079195742177406117102 0.15537970136431322743 4.7339773641903413193 0.63004566914975501657 5.1751456551687455843 5.2448604287352615927 5.313091919333660762 2.26107e-09 4.74557e-06
37158110.882956877351 4963 2.1608632385263479847 0.21378957975283560677 0.3630282789583689218 5.6595168862108105046 4.4766722710533670693 4.2761692048704418312 4.4808732412355931629 4.6889588556094619065 2.1769e-09 4.68593e-06
37158110.882956877351 6056 1.673281598311917806 0.43121877357533650033 0.19722188761498812837 5.8975560228296695087 3.645406644720657674 2.7299791506710140432 2.5020127150535405036 2.2446361422938596597 5.38932e-09 6.33911e-06
37158110.882956877351 6170 2.2985401459760015364 0.39814267157584615209 0.27144364394867198653 3.1945615473553705677 1.6876207325160139661 4.065962333219804492 4.4404361691372837839 4.8239463740642358758 6.44558e-10 3.12323e-06
37158110.882956877351 6886 2.7915818194381665229 0.10817829290092001449 0.5429472102028545244 1.6159752931482069815 2.4219290577177261525 5.1564438996083366007 5.2521138668880729128 5.3449146256925867959 2.88448e-09 5.14682e-06
37158110.882956877351 2992 2.046901724794944144 0.15648670192177216443 0.078424094168026425855 1.8889444727982052097 0.44051308786868997869 5.0542116354204109641 5.1984935987056681839 5.3368527914390497813 2.26492e-08 1.02298e-05
37158110.882956877351 6978 2.0325191361373078358 0.54694936183527265161 0.15489633589226614596 3.2676448041015686563 2.1108866571593858374 2.3173162738486303702 1.7825968428796272747 1.2478696146529921762 2.46129e-09 4.8817e-06
37158110.882956877351 6186 3.2365688461452930547 0.042651756975827979923 0.17923644099826332998 1.771767974267361323 2.1484560999199415754 0.19395003175688291241 0.18589443814990885828 0.17801130006115253868 3.14704e-09 5.29848e-06
37158110.882956877351 5846 2.8042505919697253702 0.12468533430751824187 0.10689651659354960922 3.4056057797364593931 5.4505022666865334813 4.0513054535699275505 4.1539666529896095426 4.2597112992720198577 2.37403e-09 4.82332e-06
37158110.882956877351 6333 1.2691124403036821988 0.31287810697516871272 0.24587122353268450747 3.9660795468586282908 5.7575666095032254077 5.526179755790796122 5.7229210593810346808 5.8891876344427345202 1.94245e-09 4.51128e-06
37158110.882956877351 6138 1.6369092994381797546 0.68657054204887202342 0.28249860379717323111 6.0060141473985693139 4.7565329186980997989 3.0052003980843715603 2.8273241189682241092 2.615090805639655791 1.45536e-08 8.82754e-06
37158110.882956877351 6244 3.204740396645666678 0.054972653411710557803 0.30257527301005099352 1.5440062322535077488 3.2219454150359547739 0.31413857086502317006 0.29757307483889128275 0.28145504841466917334 3.08558e-09 5.26376e-06
37158110.882956877351 6192 3.2011009308679461149 0.15132531143562852338 0.32851230259220220997 4.2150675310228491455 3.7720530740840438888 3.9648193155781008556 4.0823896363282035082 4.204664709151082036 2.79503e-09 5.09306e-06
37158110.882956877351 5914 3.1849513459891451994 0.10372275245422094003 0.1368504695801988913 5.4414002108022998527 5.1601604141860617503 4.005403544569937857 4.0871983628151431489 4.1713021200010649281 2.63408e-09 4.99337e-06
37158110.882956877351 6739 3.1836091982877596784 0.093091630843233102999 0.2436221252124715908 5.8125303067715501371 4.0014547602150782879 3.2916036023495247598 3.3062202406633836027 3.321476559294492148 1.84353e-09 4.43337e-06
37158110.882956877351 6164 2.083594919830806802 0.21786649310772621124 0.50223417897698152679 2.7666525973982283304 2.5488873057381442599 3.4236568793181398895 3.4922776779762010335 3.5671237988520463347 5.09634e-09 6.22209e-06
37158110.882956877351 5923 3.0379783481548487956 0.048343667332455007857 0.18846644370750798014 5.1349017423318450426 4.5820136234590060909 1.313742192740420478 1.2672538740113195033 1.2211203036280768863 2.22479e-09 4.72005e-06
