40706365.503080077469 0 5.3979131932962225449 0.058612852494300836381 0.028130010371082057874 0.094345800351918709947 0.45545834340191837519 5.9007735028374055375 5.9220835060037826381 5.9427917310764621917 0.000954966 0.000356051
40706365.503080077469 1 9.0392424499719243869 0.0066142597095654679512 0.045273929863908379811 1.4893222904032454856 5.092903540311437105 0.93568326575324800576 0.93036913690381972675 0.92506555513578803129 0.000285285 0.000238018
40706365.503080077469 5775 3.0395620045510471918 0.12447835574661533786 0.094894211675539283379 4.252981734643880074 4.1348930167135327096 3.662858160085825876 3.7286289204876905679 3.7975769709593802936 3.02463e-09 5.22886e-06
40706365.503080077469 5394 1.6793693285974176099 0.17884531274176679316 0.34228901599608663187 4.9782813930763492039 2.7640010711275166955 0.22504707269138804482 0.18806722754098950667 0.1546302090289746467 4.23442e-09 5.84945e-06
40706365.503080077469 5134 3.5266027379273858777 0.054065289016832038249 0.31236435244335047923 3.6530165390659963265 2.1348241447944267257 4.7999405369366510143 4.8536980194749110851 4.9072244116672631975 2.31886e-09 4.78566e-06
40706365.503080077469 5931 2.7023966294972292523 0.26727544014430903996 0.56169569594757362552 0.52671393194584104069 6.0138927636059476001 5.9492640584236262669 6.028279186220094843 6.0956739083567184068 2.66585e-09 5.01336e-06
40706365.503080077469 5740 0.93618420459700923963 0.085408799696578177607 0.083980213741964460095 4.294986973199262259 2.5581977326410219042 1.9793992511935738499 1.8995627118934965694 1.8187282906788850845 3.09097e-09 5.26682e-06
40706365.503080077469 5588 2.7882723375573625901 0.34316104872552910532 0.1445576679720539659 2.5874317569917004711 4.0353239232075868159 1.4363386909867952301 1.097046075968177048 0.79167955480037965899 2.40685e-09 4.84544e-06
40706365.503080077469 5846 2.8172898571799338541 0.11673164480801617726 0.1481220058657838623 5.1564367478479526952 3.104470562472427364 0.78727685717096873574 0.7076324798317080722 0.63175264896841021312 2.37403e-09 4.82332e-06
40706365.503080077469 6171 1.7391360920153313696 0.15988001232155255038 0.31406582154109913274 0.79177704638400403514 1.6498239727028174428 2.9910349657709103255 2.9648150623035887108 2.936698834667403446 2.39216e-09 4.83556e-06
40706365.503080077469 5921 2.0284246285965275014 0.29506422435628887335 0.72194432500529348573 2.8223737754226565499 3.1399225264946233338 4.9913344771787286902 5.2680988789078320167 5.5187636533909323333 2.32801e-09 4.79194e-06
40706365.503080077469 6443 3.202121924500023642 0.26366132812952214337 0.2571869400388255289 4.6734807481294868836 1.4640414090681712622 1.5941054300311865433 1.3265341363929659124 1.0706993255149557243 1.88164e-09 4.46371e-06
40706365.503080077469 5990 3.1110195129189244234 0.10905918601354994135 0.18139527756447718088 0.8786096219621151171 6.1851568164322152654 2.0263455160377854547 1.9257781931763719996 1.8235185429462814621 2.30118e-09 4.77347e-06
40706365.503080077469 6883 2.3509102742209857517 0.29070993732057426318 0.27859405199598280545 0.20253973962732585434 3.7940595982531313268 3.47979351862630093 3.5943199516996151566 3.7214822055826473068 1.23696e-08 8.36184e-06
40706365.503080077469 5478 2.0902769962412999227 0.34214962322208647416 0.45675444304313961297 1.3986201570670235839 0.20302963630089840286 0.13318623302104984352 0.09331463864929012697 0.061433385556674761918 2.28234e-09 4.7604e-06
40706365.503080077469 6793 1.2835777144637365854 0.33195727107949024592 0.36840989580244881685 4.8255460988517286935 5.0204114914776534206 1.4837443850000848755 1.1514663447841391175 0.84826920695122964844 2.0508e-09 4.59365e-06
40706365.503080077469 5467 2.967995064657915627 0.17536328061879630225 0.18898157536915871635 5.4339612752051502653 2.2764114740494614253 3.1923195533572519267 3.2021481330530363607 3.2127608517353269946 2.43648e-09 4.86524e-06
40706365.503080077469 2413 1.9020752375717404625 0.29390680956602693863 0.54589588705035230198 5.915791166727893291 3.5348199163315561222 2.1683067715278876442 1.8985378603859455193 1.6202751899379290723 6.11801e-08 1.42469e-05
40706365.503080077469 5694 3.11112518584161446 0.062483524937979685598 0.31953043427704436175 0.85709847706178154958 0.55589978337267853536 3.0539208824600745373 3.0482684340479875296 3.0424456685869367689 1.21025e-09 3.85309e-06
40706365.503080077469 6392 2.9708112095342413816 0.1891541589294093717 0.21412992626849253197 5.9434002613259417913 5.4873215897861156165 3.6199742702770372205 3.7159033804709058479 3.8186625555215392147 2.75286e-09 5.06732e-06
40706365.503080077469 6484 3.1248850526987741461 0.19112280431050901464 0.27400928457883955147 5.653902905844884863 1.119041574289134422 3.2339649124513134559 3.2536480388644117845 3.2750195877449588266 1.88476e-09 4.46618e-06
40706365.503080077469 923 1.7525462004860967724 0.20698291810898744592 0.20823030770718764515 4.8180716293266385719 3.4995307589356574596 2.6410115723403482235 2.5305488183278876946 2.4117980144489652439 2.53731e-09 4.93145e-06
40706365.503080077469 6739 3.1755249180774667295 0.12735622495337528548 0.25266609010256357859 5.4368147933746842071 1.092027073589568964 0.84363208205077389046 0.75205899542554510706 0.66505637255753624615 1.84353e-09 4.43337e-06
40706365.503080077469 5448 1.5508858954129458585 0.51390737395619057182 0.15909200866486286619 4.3582433440721839446 2.2616308775205573589 1.6802913843732751875 1.1277360691188469399 0.66344956425866241645 2.56033e-09 4.94632e-06
40706365.503080077469 6655 1.5900956636557039836 0.17229889358343145056 0.25890083291447174574 6.0448854547899042444 5.6622835678028211603 3.9005756037778533951 4.0278990745577818444 4.1613862069643081654 6.32791e-09 6.6876e-06
40706365.503080077469 6764 3.2758433854746038527 0.020629880464848961152 0.3081441142497497454 5.5433085902484942054 0.73881102955193234116 3.0648670719921984329 3.0632691815907078237 3.0616550292617676909 2.4069e-09 4.84547e-06
40706365.503080077469 6362 3.0313255115842676624 0.15257205611678548163 0.22728046596010514913 1.0007448229075468493 5.0368208729271666257 2.1718629099276456351 2.0397414838846947838 1.9036402653629518333 2.92709e-09 5.17204e-06
40706365.503080077469 6809 1.6615086571937307536 0.19949918071554526011 0.38821661659199274697 2.0188672825848148484 6.13119395257333899 3.6414628595571030267 3.74732777576033671 3.8609159384163205253 1.72631e-09 4.33733e-06
40706365.503080077469 5328 1.4260212240818086471 0.51061639724725216283 0.54428644342936782774 5.7524792356790932502 0.69676701775647864601 5.0264961606100442282 5.4989130101828269659 5.8595665928321425397 2.1043e-09 4.63325e-06
40706365.503080077469 6498 3.2280611220000388073 0.010221987625901259727 0.11785232746170476448 1.1684355565357735784 3.8603512009002707295 1.3637822007160909088 1.3537887832131529908 1.3438065408429102909 2.50157e-09 4.90818e-06
40706365.503080077469 6313 3.2492961623713965125 0.066971326923862026237 0.36245053945308430832 0.50073298452757797339 4.7756520893587923737 2.3856641523838924002 2.338531384849768191 2.2903464840197909069 2.33149e-09 4.79433e-06
40706365.503080077469 6300 3.2878626944540476629 0.024442423140224871225 0.28166786486499245656 6.2572452529140827338 4.136776541547213526 2.4809715386327604314 2.4658253500484041965 2.4505367079417030851 3.26125e-09 5.36181e-06
40706365.503080077469 5204 1.520735654702099815 0.35923106344365302034 0.35700623645112855575 3.2997167222777634699 1.0921509872132904029 2.5248043734502489954 2.2727818801049854969 1.9984868518116807312 5.21728e-09 6.27092e-06
40706365.503080077469 4755 1.7129891144515025925 0.074634760086152246439 0.10755149134986356774 0.51771880166364392384 5.1388016812027998981 4.5222283697428800053 4.5961085661649709877 4.6702393212052273341 2.39615e-07 2.24572e-05
40706365.503080077469 3800 1.0846274718416466509 0.2223728245612926202 0.22941973694443357212 5.5558316312146329707 1.9179775105807870261 1.7714392910692249306 1.546650587871717164 1.3243425836971305376 1.79108e-08 9.45995e-06
40706365.503080077469 5861 2.2922380622405382766 0.37585716962786186457 0.47484501051084831991 2.2109271169817765745 3.9995351631597464426 1.1907100430481352138 0.85600675193495756599 0.57214769712298574333 1.95257e-09 4.51911e-06
40706365.503080077469 6719 1.8541601381769514667 0.32346549471427366029 0.16491325155982752837 0.57298903573387816035 2.6883163965267771189 5.2056750245014349332 5.4754392296584359912 5.7092178541938816139 2.09817e-09 4.62875e-06
40706365.503080077469 6815 2.1617465459457845256 0.18275654037033559063 0.30562156862249706402 0.46428323365039930737 4.8980412664794075184 3.3161739763922941648 3.3513793110510605722 3.3894385871108916319 3.57143e-09 5.52668e-06
40706365.503080077469 5480 2.0716405472425432066 0.52844718708390703288 0.81349248658289641245 0.52440795711876497798 5.4503901705377382214 4.5074157157681318253 5.0850180230902202183 5.5771996881917598188 1.6026e-09 4.23115e-06
40706365.503080077469 5093 1.805730961321596828 0.42017325400316568595 0.3438341499543278168 4.278352127538419758 3.0040186626949876292 1.7353705949518891671 1.2919035355363610584 0.88796542625101948509 2.98948e-09 5.20853e-06
40706365.503080077469 1517 1.8776370066954435334 0.38088430444071857961 0.49621138468027620183 0.13538682868767196177 1.6419861396124331154 3.5384472965464048855 3.7250461441247910699 3.9348788797044580434 2.17631e-09 4.68551e-06
40706365.503080077469 6526 1.9234120511927412789 0.45518487944405694456 0.39616987252063284863 3.538876255502376722 0.7913125724644811676 2.6105874828670536658 2.3052093860439679673 1.9673601437023415794 1.74858e-09 4.35591e-06
40706365.503080077469 6951 2.9870206382630217767 0.062763420592437946244 0.077317140935046851924 4.3589278710922148008 2.7411171209757307921 3.1722735293542543289 3.1742632357615923056 3.1763133884951448849 2.54062e-09 4.9336e-06
40706365.503080077469 5559 2.2479815490334673633 0.20209800109653563993 0.29207487750113936276 4.321141328928281844 2.4789021882902551042 2.6173989143142621927 2.5053980734253413765 2.3853238068293638463 5.44342e-09 6.36025e-06
40706365.503080077469 5923 3.0366270598460727292 0.071786431177202417175 0.18134946514160002473 4.7124977165637922383 1.9426920656608153148 5.8883858119886749449 5.9151428842253759299 5.9409708982864675164 2.22479e-09 4.72005e-06
40706365.503080077469 5234 3.0883405181730494427 0.22285034484836754864 0.1197065851710367862 6.0377197181766693035 1.1808271322242778201 0.9862723837723619269 0.80954849258528160938 0.64821023881283823531 2.35138e-09 4.80793e-06
40706365.503080077469 6863 3.1291998556905618045 0.14804118459215098724 0.1057046337710266376 5.7802168517120335878 0.094499387296950648762 2.7849498871799860389 2.7290957504787578536 2.6697463290153264914 2.72515e-09 5.05026e-06
40706365.503080077469 5146 2.7619723718773752097 0.053748703774289384449 0.15652171170838882763 6.0747658755273228337 1.2975848445568320955 3.8811448521474640749 3.9181259982955305432 3.9557936653374223823 2.55901e-09 4.94547e-06
40706365.503080077469 5492 1.9298080243298634251 0.27077753089922818042 0.34762445609711734029 5.4492755919557573918 5.0472408494308123039 5.75787886141962435 5.8813399518625395501 5.9872457457336487607 4.51271e-09 5.97488e-06
40706365.503080077469 5047 1.5189018460747345518 0.14180958813829419585 0.20656044686980354341 2.9962727054162616724 3.7288868205668470601 0.17627216188824482157 0.15291773023459051539 0.13131694498084467426 1.0218e-08 7.84583e-06
40706365.503080077469 6657 2.3864249424239072361 0.17106751209186046858 0.25264524073160865569 3.9407397842993194814 5.4470376284232129294 1.8839864951564702089 1.7159571283086920701 1.5466887916647904522 9.52311e-09 7.66378e-06
40706365.503080077469 6413 2.7495655112812888987 0.21534292025140674975 0.17651124215551458607 0.17613877404870786902 1.3156499682315589972 3.9400480053581956597 4.1085668888701611934 4.2858310384992908126 2.71272e-09 5.04257e-06
40706365.503080077469 5577 2.1159751879476029757 0.37016280428333431241 0.55319453694980391667 1.9242686897362069054 4.4207581845602783588 3.048007519902996787 3.0036791460139267151 2.9527903725505755261 6.01747e-09 6.5764e-06
40706365.503080077469 519 1.8649727173976318184 0.10487410309868726299 0.12952722005487865564 4.5680319444679220453 5.8758418195462249756 1.0290445897045590318 0.94137406538041112913 0.85659722313915398484 3.92741e-08 1.229e-05
40706365.503080077469 2992 2.0667631849405903033 0.21012585438916364655 0.03607939131841481073 5.848657010071086404 5.8790260238409866034 3.5406095302170856876 3.6320636951936497994 3.7310416826279566571 2.26492e-08 1.02298e-05
40706365.503080077469 5788 1.7819651865484607001 0.33989045324709443729 0.25358929262323420817 1.5142698129552576436 0.41888166075147886813 0.82485497267106488994 0.59590487126845193 0.40513867172705936293 1.43499e-08 8.78617e-06
40706365.503080077469 5626 1.0295166583378629888 0.083091975917961330422 0.2284958314144119873 5.7342051682980663685 0.39822594424963370097 5.8608145702564655721 5.8936841423867534218 5.9252364083481978696 7.93289e-09 7.21097e-06
40706365.503080077469 753 1.5862022017499339821 0.15809955342016204782 0.23707914342615118986 6.2682913966454814059 3.6659228536306165402 3.9310579185143201819 4.0505763149417468583 4.1752978208453290776 1.27811e-08 8.45356e-06
40706365.503080077469 6244 3.2006791862991987863 0.15253165927633138832 0.35506374305700955096 0.064390951273424035239 0.58976650006604591781 3.5073660790114016272 3.5664609773472526477 3.6293346517686311259 3.08558e-09 5.26376e-06
40706365.503080077469 5020 1.7232403934855720085 0.52163661401023386777 0.49937152203791412841 3.3853686157910942711 2.8402536883925129096 3.1337260371862063479 3.1275625913305820092 3.1202442372588792274 4.40916e-09 5.92883e-06
40706365.503080077469 6161 1.8954907555457256585 0.2326376327425033752 0.20411705999086324215 2.6226938588603090352 1.482809629302276111 3.2231169846599954099 3.2448828196095726994 3.2688692947855098048 2.19638e-09 4.69987e-06
40706365.503080077469 61 1.620858895081661144 0.080382525952005901004 0.04811823500561766831 5.62345000624988689 2.6866395216399552304 2.5568644074724393711 2.5108880165185252231 2.4634853173959276873 2.97121e-07 2.41265e-05
40706365.503080077469 6451 1.6033823281420236384 0.30534600833425157296 0.042079217699720929124 4.7167285794307112212 2.5779287183534189687 4.1681982061394347028 4.4573756427537158942 4.7528467401847791507 2.57122e-09 4.95332e-06
40706365.503080077469 6702 1.9315918598925301275 0.14276652577933235388 0.19989988009591463936 5.8903697481278447512 6.0601634849677425976 1.427258644156067291 1.2869066194297744676 1.1498545768085675078 3.70623e-09 5.59535e-06
40706365.503080077469 5195 2.7690277368105600253 0.17928733520023248937 0.089472180985676053044 1.5068817020640759008 5.0021089772171460908 5.8781725338896180233 5.9439082862955423536 6.0035760819520493925 2.26107e-09 4.74557e-06
40706365.503080077469 5437 2.1268432701972339594 0.40143312790109103583 0.46064269701203530705 2.138244695367360837 4.7864991172241122541 2.2486170570564421034 1.8771497133400003587 1.4944074457962197577 4.54448e-09 5.98887e-06
40706365.503080077469 6270 1.9752978156924692055 0.38590174806886040626 0.1613524546654240277 6.0292854283183530129 1.0441887921427321917 5.5362514618348583895 5.7728689642437656104 5.9613639500412949346 2.07589e-09 4.61231e-06
40706365.503080077469 6816 3.0938272230889212189 0.14396798174864036679 0.18774589648101933093 4.758363214829697263 2.0907745012889065173 0.51061148051084437327 0.44410881107357852438 0.38225249077254597196 1.76213e-09 4.36713e-06
40706365.503080077469 6040 2.4140641765370292049 0.40473669117002025741 0.91145379356466493803 1.1747110744063711252 2.0368882323696961834 3.3907033582594277021 3.521622777512475988 3.6717592234395102224 4.48499e-09 5.96262e-06
40706365.503080077469 6230 1.5003854695363707528 0.24240071839432575374 0.080523201750925740838 1.0807545609696389555 3.2737138854387084486 0.052469494207656071361 0.040976483578536185282 0.031046533916690800814 6.03494e-09 6.58276e-06
40706365.503080077469 5950 1.8509833630626548739 0.41956344148237523228 0.29915431057761115996 0.07937711208341877156 0.38033321457814600608 3.1003290454127370168 3.0770750585886714745 3.0500246098505559011 6.81029e-09 6.85339e-06
40706365.503080077469 6726 2.2845191393696522297 0.66432283817631254674 0.38151238189707303849 4.4925596145378978719 2.6605662443580002652 2.7929335156503247717 2.3941388391200035812 1.9425497537865548114 2.92983e-09 5.17366e-06
40706365.503080077469 2768 1.6069987798012861369 0.027441646924004067798 0.02002509897416443474 0.76874263810316845191 4.8883601797855433801 5.3556324161129316153 5.3774139539974088464 5.3990078236855891802 7.47811e-07 3.28182e-05
40706365.503080077469 5194 1.7172177225497222697 0.2427400370168920074 0.227577319870975181 1.8322687637035450781 1.2463507501424282431 3.0431696098549814167 3.015572519837504295 2.9850632909961860584 4.75382e-09 6.07945e-06
40706365.503080077469 5310 3.4964939605616840446 0.043785319510219675165 0.37053132023158819042 5.3596161059622620115 6.2244990264623849541 3.9425460255343605098 3.9744840674199193309 4.0068799333680109598 2.51895e-09 4.91953e-06
40706365.503080077469 5888 1.426664694407369316 0.2015304309504448721 0.46290843632921169215 0.91827030271958132168 2.3171716184230799485 0.5054733416906973531 0.41500265130836250238 0.33374712191882566215 2.79797e-09 5.09485e-06
40706365.503080077469 5964 2.1526505474491575143 0.50350852761692588277 0.52139413085639596535 0.15441034857795804536 4.8252928796167902092 2.8310116064063501895 2.6096444602881727626 2.3542582405663510237 2.1711e-09 4.68177e-06
40706365.503080077469 6639 1.4178888066702362014 0.19119766665111351256 0.21243091024096233399 2.3299997737532143205 4.394212831661723051 1.5888850136047936168 1.3961998996115352334 1.2079090638527136825 2.07227e-09 4.60963e-06
40706365.503080077469 5312 3.004078194730334328 0.10766061700598560102 0.18766421708984498684 0.043477887215658227171 0.042983992021869400768 3.3575508264639890577 3.3819747548251455349 3.4076059225588126722 2.46345e-09 4.88312e-06
40706365.503080077469 5289 2.1553735119649295449 0.042033040924649003878 0.17264548765068574165 0.48577487226866750136 3.4945304734282318648 4.4010715849039812042 4.441355859037307674 4.4818544760747327516 2.13423e-09 4.65511e-06
40706365.503080077469 6734 2.0464374441554507023 0.075189898049060968632 0.05237159004498512932 4.7009381247733710296 5.6610273756130506939 5.6398393175754497619 5.68368004670312299 5.7261047495157670895 1.24231e-08 8.37387e-06
40706365.503080077469 6073 3.2550487061243371656 0.08012895851784668233 0.24531291521590783966 4.1402901207421667351 1.9268875439206063493 3.3350162698092122859 3.3510755372716491962 3.3677386840263356937 2.87152e-09 5.1391e-06
40706365.503080077469 6692 1.7946153132550115572 0.34048162092702960457 0.29601368924171123087 3.3196372249211196781 2.815894946625978168 3.9622161983541728247 4.2518243262618469203 4.5568283334679211549 1.32225e-08 8.54977e-06
40706365.503080077469 6028 1.7889226384896717015 0.30898310595522249233 0.25149890950142395063 2.2863790720384780109 0.38513688362968023782 2.8190686317413300443 2.7010696915824845554 2.5693154151337931346 2.1303e-09 4.65226e-06
40706365.503080077469 5030 1.0846563309205763392 0.39902396405740608865 0.34184862617771238913 5.6834417839737145783 0.27789115422886356832 0.51368636029322434222 0.340940105193994758 0.20751717220766927041 2.14686e-09 4.66428e-06
40706365.503080077469 6521 2.9617824230097156146 0.11814629036896653891 0.17546680584996648955 5.5328807974627656208 0.90046693912958852835 4.0987549870886850201 4.1990279294864691906 4.3019450203788345277 2.953e-09 5.18726e-06
40706365.503080077469 2010 1.4578981830959543142 0.13609938038555075002 0.22177060453761809899 0.85905092487496137466 0.59570653466155321087 6.2372827647455952871 6.2431559384354970987 6.2486024559086263963 1.54172e-08 8.99881e-06
40706365.503080077469 5717 3.1661127244570863581 0.076862580865097979155 0.21306852063451531265 1.5071293797375104884 1.4700782395208886744 5.9030375007087156902 5.9306128366091268589 5.9571544987436695351 2.31886e-09 4.78566e-06
40706365.503080077469 6164 2.0532795131971046665 0.62165007083119383502 0.41135166856509336464 1.5934135019485216045 5.2249187384639537157 2.8479333360075713699 2.5473519155617880827 2.1993025911877208678 5.09634e-09 6.22209e-06
40706365.503080077469 6005 3.03090927014042677 0.14878957340866486025 0.63509733563155801317 0.082634766031478068538 5.3853033252702298128 5.3855434789874871981 5.4971977341346374146 5.6024698440405522604 3.36675e-09 5.41902e-06
40706365.503080077469 5540 1.7562415318698536559 0.4697703775571855922 0.2569579849921458381 2.8844198383428842902 1.2905922218040735139 3.2329299533193909255 3.2934748958811477237 3.3645506717377315908 2.31531e-09 4.78321e-06
40706365.503080077469 733 2.0046220134321126594 0.31339731839276413483 0.063510426642474110404 4.794282466128379383 5.2805273330899371587 1.0456904065787417935 0.78966262937445053094 0.56711424965898693529 4.51209e-08 1.28719e-05
40706365.503080077469 4406 1.8531872876781572135 0.5078881237111988467 0.11832482143933464869 3.4099573300307297608 1.1774073624659151527 3.1866579579843263836 3.2204502104360410719 3.2604595304984789195 6.27014e-09 6.66718e-06
40706365.503080077469 6119 3.1062245235158316703 0.15541288376769293866 0.16937529097945699941 1.3709777694978733109 5.1126821211227007069 6.1029839179642566549 6.1290054291969982003 6.152872148062444424 2.96829e-09 5.19619e-06
40706365.503080077469 5525 1.6193524799396303848 0.31491490234735769471 0.19724326959544480342 5.6568042779262430741 1.4770340130302821446 4.0493484282553158238 4.3302801995607040908 4.6224835592335642431 2.22151e-09 4.71773e-06
40706365.503080077469 5178 1.7233397028805812479 0.19503939315567808688 0.024682086738692127215 1.4470103807460863443 2.7191828811414651135 1.5956026321059808559 1.398887666724947465 1.2067231424678859231 9.33283e-09 7.61239e-06
40706365.503080077469 6997 2.9147167659398114381 0.16273486963761590873 0.18351042150752036597 3.1635543137948687331 2.5626756822682459358 0.44503554033973485859 0.37938866125867293233 0.31911936754772224356 2.77488e-09 5.0808e-06
40706365.503080077469 5667 2.1083718247870022466 0.42806654450977149606 0.59373037319364563302 3.7643544803365172058 2.3474747638843385111 5.3252668241619200984 5.6481618238580324487 5.9020893655614994344 3.20823e-09 5.3326e-06
40706365.503080077469 6103 3.291316092774910107 0.061440891608549610958 0.10272006047294877928 3.156647013016670833 4.7128060139999714551 0.33179680769121999706 0.3123305458541681956 0.29345115684236672271 3.07621e-09 5.25842e-06
40706365.503080077469 6333 1.1341821742436035692 0.25785585242539310613 0.2754240393652634955 4.2647166198474604215 0.74054168128304176388 3.3528576827634153368 3.4159285745283360924 3.4857837235149919941 1.94245e-09 4.51128e-06
40706365.503080077469 5252 3.1599698940823106597 0.19760121477530129264 0.13891556195651305616 3.5193039579841203235 1.9353122725468165921 2.9531831292186603299 2.9117485381274823553 2.8667298949033450661 2.42859e-09 4.85999e-06
40706365.503080077469 5316 3.4913856798885332111 0.064462792113137615257 0.24196781152232330059 5.6598670069382190917 4.6489956294179872742 2.7554638594015319342 2.7304141215257660136 2.7046489941276496971 2.96988e-09 5.19713e-06
40706365.503080077469 6874 3.2705693166603881927 0.10807519609182109077 0.22014900406699111635 3.7302159520973665607 2.2814226453969692621 0.45993711860459968177 0.41405899589453232235 0.37057725098528182528 2.61974e-09 4.98428e-06
40706365.503080077469 6823 1.908718441022531076 0.17130558888491703717 0.19082797501918100092 6.0674475311561621993 5.987668145216736626 1.2948232641814314547 1.1329415690533120031 0.97779638000449831114 1.69817e-09 4.31364e-06
40706365.503080077469 3953 1.334817243043556978 0.24788189616179776009 0.29668926029195930028 3.5497432298187865385 4.105435633808598439 3.7346736017621355863 3.8915003729592827497 4.0604495434101703921 1.87457e-09 4.45811e-06
40706365.503080077469 6204 1.635359074776016719 0.17941706409101332298 0.32363014003730972146 1.3106273313251157742 2.213394865853917981 2.059372462242396562 1.8929551679457099489 1.7227683748691775545 2.26769e-09 4.75019e-06
40706365.503080077469 4189 1.113683600037266519 0.06457384410158931165 0.047126237752662669678 0.57355888840142865703 6.2527383714416533422 1.1580761297159183343 1.0996370089843927609 1.0420989598132033294 2.40401e-06 4.84353e-05
40706365.503080077469 5324 1.9415397784842447493 0.050996386283067733636 0.39272611683291902551 0.37896212528102329875 3.9793638563110569351 1.2811872918883884243 1.2326460992486132362 1.1845376420168898246 4.64884e-09 6.03437e-06
40706365.503080077469 5185 3.5265725982868119104 0.057522835916339117024 0.23659348704109547934 1.629735760490112817 4.8769967225657886445 0.9085217895164942048 0.86391896034018966777 0.82017896328749695378 2.64564e-09 5.00066e-06
40706365.503080077469 5451 3.2789088035549287525 0.062419929525736932152 0.029127251830013359962 2.8377707762897492749 2.5720793059583249018 1.4392870776686261802 1.3776180072262216303 1.3163591494209474497 2.58702e-09 4.96345e-06
40706365.503080077469 6192 3.2267840541471795035 0.20034341553016027371 0.33910882450119456122 1.194985049177494485 0.40501148866163716455 0.8254464882224803457 0.68649278484391318411 0.55950944891060783171 2.79503e-09 5.09306e-06
40706365.503080077469 6170 2.5386058293880617853 0.66831604976111846916 0.19119740749210292763 5.3283853626604820164 1.9746595404121407569 4.769467753323198167 5.4860017086189962754 5.9641090242707681668 6.44558e-10 3.12323e-06
40706365.503080077469 5853 3.1415758999317646705 0.1222630335123880696 0.13681448199889734152 2.3587633983883242728 1.0502547978029419529 1.9921107699647460088 1.8773626423421618803 1.7608000703367816531 2.34516e-09 4.80368e-06
40706365.503080077469 5360 1.8432292946952619772 0.36928363908830696971 0.13778886851451341289 1.359573850656807803 5.1006886604464298784 0.79038255301028026434 0.55177232121492392203 0.35819481453574675278 3.7029e-08 1.20512e-05
40706365.503080077469 6233 3.1284354652138008923 0.12634086425762647288 0.19988290451631052225 1.8120630757022855306 0.0014437948727400640083 5.1614910410859895507 5.2725847873179354508 5.3796145875323526653 2.38928e-09 4.83362e-06
40706365.503080077469 5650 2.0108620925042357541 0.20044693130837734629 0.37271928912571955506 2.5709319462296806869 3.5262038487001690079 1.5252487690394000985 1.3245615229133862467 1.1301606571693949554 1.14639e-08 8.15256e-06
40706365.503080077469 6255 3.2541443085838892557 0.14313305730780018221 0.18412683041688959751 3.7183392490377342732 2.7555567288436932927 2.688372312593148461 2.6210447533060179381 2.5498567340657771751 2.45838e-09 4.87977e-06
40706365.503080077469 5459 3.0306987935192388761 0.2389456221788876511 0.17843122795862140229 4.3276604958174820226 3.6567480459365806489 1.0566921273404887849 0.85810916958687044609 0.67732110534838452232 2.51526e-09 4.91712e-06
40706365.503080077469 5708 3.1454822060782512416 0.23622197783450810116 0.18171942054521222909 2.8340831025052097836 3.7922052948459428201 0.32296124841897982938 0.25469890838659037247 0.19518182628509095355 1.65544e-09 4.27716e-06
40706365.503080077469 6956 3.5162762808292318262 0.12157058383401744828 0.411120907878622599 0.94128386412779108117 1.6599640610998198653 1.5011783189813039385 1.3801133053116760863 1.2607461869257823306 2.20649e-09 4.70707e-06
40706365.503080077469 2850 1.652999665802620477 0.06864084447785265275 0.25073225176115893076 3.5222805755997335098 5.8548666042964656597 1.0176988919132767819 0.96027593113105835787 0.90403506968231261975 2.86233e-09 5.13362e-06
40706365.503080077469 1284 2.2501362801895705701 0.27108673947953682015 0.19826056543416212263 3.7991720749747135422 3.3001328146160853194 0.1323761134470125278 0.10030681734255654514 0.073160544618913997406 3.64405e-09 5.56389e-06
40706365.503080077469 6722 1.724274012796708222 0.15527020667608043558 0.42759914435631768415 6.0046844577738811566 4.4516010684376485784 5.6698911127536169019 5.7543557986293114581 5.8326932025948270422 1.78527e-09 4.38616e-06
40706365.503080077469 5002 1.2055227992620443089 0.22904726110841838738 0.60410090801275762029 4.4111639847674624093 1.547347989237497945 3.9123663923093414674 4.0883244195750112482 4.2741985824854893394 2.79003e-09 5.09002e-06
40706365.503080077469 6473 1.7092220007354914646 0.13234345141495301723 0.18338113121586099852 1.2012193231344705513 5.2827954746289114141 1.146638519792199773 1.0288517562463013189 0.91547215708045637239 5.43469e-09 6.35685e-06
40706365.503080077469 5815 1.1714646981935392667 0.45594524105732586738 0.51307257765800984295 0.30254859970091357857 0.41286890411938803602 2.4250410823355852408 2.0424269154466512255 1.6362578400768563736 2.67562e-09 5.01947e-06
40706365.503080077469 6211 1.8091984756137895474 0.15185321331545190149 0.48850937827484430809 5.924322061330187239 3.7770041036067127926 4.3457408404194319829 4.4920796421226141248 4.6402625474593701682 2.33777e-09 4.79863e-06
40706365.503080077469 2928 1.5869540529826631214 0.5736414907484952419 0.46704316051918559616 3.6250671923337862701 2.9309682314593121788 2.545182171340914401 2.0747662869522667251 1.5724442941141751895 9.69793e-09 7.71039e-06
40706365.503080077469 6225 1.9214673869308611653 0.14500649077787935992 0.24367161754782276639 0.32613584532131645322 2.1850559703614100826 4.0420279549226654225 4.1615339818015772977 4.2850907229277970245 2.38341e-09 4.82966e-06
40706365.503080077469 5873 2.3635114334333304775 0.69440892693105171762 0.6461315388097452761 1.674226628468773681 5.4018083712863829149 3.100759556442455267 3.0455028927762555213 2.9788799399378600441 6.23622e-09 6.65514e-06
40706365.503080077469 6886 2.8100407622162881793 0.46521947855545658923 0.5931048133653804566 1.3636464566083339456 4.5206865636668815966 2.9202939055968877291 2.7778499680658677029 2.6123367289135401847 2.88448e-09 5.14682e-06
40706365.503080077469 3400 1.1740207544644445381 0.40992426748529353642 0.12710183407886263551 4.8553004834599349238 0.51884438481829986411 2.6695211678468959704 2.4296919566765851073 2.1618990871489640604 2.20416e-09 4.70541e-06
40706365.503080077469 5080 3.212608141101211956 0.16167188376247523807 0.27956179019571836264 5.9895965880161146089 4.927165376383447537 3.4173898915270259913 3.4654622773796219803 3.5169123141282732092 2.57476e-09 4.95559e-06
40706365.503080077469 6155 2.3426518538406924108 0.43430893520309643563 0.25494915717429228463 3.979188306619944715 6.200810087116241931 1.998447290650472663 1.5469191700744793216 1.1127340327934771569 3.03729e-09 5.23615e-06
40706365.503080077469 6186 3.2405270897699662846 0.032203433451309215751 0.21396895002018950782 0.83565796125593871935 0.16745688047849766056 2.6999175732808047279 2.6859452862425681197 2.6717743673793274972 3.14704e-09 5.29848e-06
40706365.503080077469 6417 2.2168411085815504791 0.24807512434487152819 0.79955752666533197459 0.95879425845847654486 6.1114225065706042628 4.9776449518285774687 5.2119896281876894051 5.4297435103646574106 1.63097e-09 4.25597e-06
40706365.503080077469 6237 1.0544693157106586057 0.21635178736095064811 0.19592713594334884575 3.8370340222101817496 3.8671186190595490118 1.836584864566884745 1.6199253367374073509 1.4038345966497245421 1.89473e-09 4.47403e-06
40706365.503080077469 6029 2.0947823471649913429 0.080149703296474195113 0.1586148881741412664 4.910910241598250181 1.7122176910405497718 0.016349475510863204636 0.015087659066654319009 0.013878433547745545884 1.2969e-08 8.49478e-06
40706365.503080077469 6023 1.6715974331141809639 0.13585444697969484285 0.45312384197161120758 3.2945951816254552824 3.8522061755979688513 5.0458649681203144866 5.1718482178112594738 5.2936135311748193644 5.48103e-09 6.37486e-06
40706365.503080077469 5643 3.3012274536101284816 0.092246688522169315028 0.097003869593047797881 5.1973459100776961961 1.7580302548265387408 2.585206063367609719 2.5344009340956903387 2.4817683496106703878 2.47115e-09 4.88821e-06
40706365.503080077469 6335 3.1206785317753586995 0.12963082304675893619 0.25635409886401011592 6.2289737065591603837 1.174241740433487502 5.3237676217280061053 5.4264369789305728631 5.524401201811575568 2.80706e-09 5.10036e-06
40706365.503080077469 6290 1.9413090283417557824 0.33372957024594201991 0.34992926248352085317 3.7223629006625280624 0.12661576109913788568 1.3900545395872576648 1.0650875758384534819 0.77313048347751189837 4.66797e-09 6.04263e-06
40706365.503080077469 5215 3.1197756126913769315 0.4245577184280574512 0.31835737671350855527 6.2577318299630766418 0.39091065593023482938 2.4893628179010924839 2.1635873949534984995 1.8114657601861325897 2.09099e-09 4.62347e-06
40706365.503080077469 5257 3.2078014719843541691 0.17683325623782336633 0.21064343348777270215 6.2342032642591975744 0.67900341300936373212 1.6809229884411387435 1.5024876287018913423 1.3260667709737652409 2.20895e-09 4.70882e-06
40706365.503080077469 6327 3.0156791798746427347 0.13483622797561642392 0.17950107544343263388 0.85036966999341234708 3.9158282088656877207 5.8289923573023321168 5.8849973410694484954 5.9372799145505492646 2.25041e-09 4.7381e-06
40706365.503080077469 5048 1.7383934214780774052 0.12835572381032117617 0.46055264946901514067 1.2362651257827772522 3.4253091697168915886 3.6779430008158500165 3.7476396512457155197 3.82075401371468093 1.54672e-09 4.18139e-06
40706365.503080077469 5673 1.6126007469018290852 0.43570210330419534284 0.6100949842144751667 0.89187326928665844328 2.6934018708116114205 2.2824093917986862934 1.8794701889643201653 1.4643605512313644379 2.67237e-09 5.01744e-06
40706365.503080077469 6129 1.441927337391418984 0.078142052451287594139 0.73578672418453738846 0.88783465255424565132 3.1184611407793867421 5.2425690170238299359 5.3087523607827682426 5.3734058089771918887 7.14833e-09 6.96495e-06
40706365.503080077469 5034 2.8762911034823162026 0.14205354866409722336 0.15529069931088801404 4.3419620158063203519 5.0897376134488485633 4.6407308557891582268 4.7836299095820944416 4.9253231306250748744 2.20492e-09 4.70595e-06
40706365.503080077469 6957 1.7084488488627260772 0.58795338469877433951 0.26811860054595837433 1.1015968164542531138 5.1594588754543657672 3.0229343683385954122 2.9094275909959304016 2.7741483151598846923 6.68595e-09 6.81142e-06
40706365.503080077469 4112 1.9863880538101097439 0.061957964583576288775 0.79880681848643186882 3.0913712680533427246 4.5813348081295499625 0.63775281366121694404 0.60172955943068173745 0.56665707048146607416 1.99037e-08 9.79854e-06
40706365.503080077469 5288 3.120126688393647818 0.21767315300613776508 0.26696042119447588314 6.0053775039396439794 5.4004246360191840992 4.0489714305476516287 4.2346524443858086784 4.4279544475965844086 2.94866e-09 5.18471e-06
40706365.503080077469 5938 1.4468099185852849597 0.21534639610988273728 0.094524000633013069428 0.16831671555906024818 1.1259509445373947489 5.6839787482797357043 5.7966097266125178322 5.8973060582322522905 1.88863e-09 4.46923e-06
40706365.503080077469 5446 1.4045663600922166925 0.40012568705695333859 0.26047950101322853156 1.1866251822110545078 1.0955993305573450414 4.1837071978397544214 4.5813797741551898213 4.9780766086250958224 4.99881e-08 1.3319e-05
40706365.503080077469 5914 3.2025807337561906785 0.068646488932289653762 0.13195228549467505341 0.44586276570341554226 5.005681889726893985 4.2433815584152929645 4.305634875336307843 4.3686804857889773857 2.63408e-09 4.99337e-06
40706365.503080077469 6154 3.1419100690343535476 0.082531141887019696113 0.20840545963319423439 3.6548309359473667435 4.3578621127719916473 1.5409010443515751554 1.4584146016362706799 1.3764040812707760697 2.04677e-09 4.59064e-06
40706365.503080077469 5511 3.1711751244619095225 0.11842692730213053021 0.17281062655211154588 3.6242306385986391426 1.1211078989776293025 4.8066376239341286336 4.9241618388352854652 5.0399430858475744444 2.90982e-09 5.16185e-06
40706365.503080077469 5957 3.2116902008244720967 0.052933636522334424901 0.12224312122037080119 4.9750655861347539144 2.9905698700947360713 0.89826305910403614341 0.85750511180881472395 0.81747603698091575453 3.45473e-09 5.46581e-06
40706365.503080077469 5962 2.9126432892487006399 0.2406070907989171781 0.21393280061163599814 0.51862382942877338632 0.3964330715038405506 0.23107155663454620464 0.18109725011386898497 0.13776175047455507805 2.88829e-09 5.14909e-06
40706365.503080077469 5160 3.0386147294131000685 0.12785626771869479379 0.20980379069006604986 4.4661846498055526311 2.4621613751307731555 3.6253294661495725215 3.6886156217969374715 3.7551196661470491733 2.48083e-09 4.89458e-06
40706365.503080077469 6827 3.1013385731313700688 0.16612432891833570081 0.18025573468047520476 0.77670131249597740286 5.7578825260055044311 3.0990309934010729087 3.0912641266621991853 3.0829068630470550794 3.04652e-09 5.24145e-06
40706365.503080077469 1399 1.2844236845522378765 0.11029497540258804966 0.34392096652521586542 0.71314860808871283204 5.5129164856199546207 1.6208455660514604624 1.5101581553279601611 1.4000658944406709772 4.64728e-09 6.03369e-06
40706365.503080077469 6752 2.2427592568533398776 0.27512695273147141917 0.52296240341420741071 2.0531436182443800753 3.6668649815004701331 2.201770429517289962 1.9560552636571943985 1.7010947986518378805 4.12549e-09 5.79885e-06
40706365.503080077469 5597 1.6561952786641145341 0.061849274405807633248 0.41393843996134199736 1.9173863124485186482 2.7832620797993561368 2.3281148916885796574 2.2821578022213295789 2.2353086023971577845 2.41109e-09 4.84828e-06
40706365.503080077469 6928 3.209073496938416703 0.084654809175620904238 0.24039037965999526802 0.71950088605558260024 6.1544955673903185556 2.2702262286743861708 2.2035345692988919097 2.1352679779809959904 2.08658e-09 4.62021e-06
40706365.503080077469 6056 1.617556747045984622 0.58449876221279395416 0.30916257649395001428 0.79203135681051317629 5.9948287354186753362 3.2794409885410837902 3.4095954907426131442 3.564374327595292602 5.38932e-09 6.33911e-06
40706365.503080077469 5640 1.3712949582222337952 0.24232959784269789139 0.20156440749109755251 0.44663592720083900023 2.7744136773830079257 3.3257870529661905934 3.3770283993594212291 3.4335558328128867878 5.24602e-09 6.28242e-06
40706365.503080077469 5842 2.2197220094291840731 0.50423135943830532657 0.68423738473609141408 0.97409876568596343027 0.2621534270229410879 4.9862698888879544157 5.4625103328698694227 5.8314090939007963144 2.75394e-09 5.06798e-06
40706365.503080077469 1444 2.0432020891230076032 0.51594033893574253735 0.73874821467852946899 4.9243644999256019901 4.9262229855385388788 1.1128164443690062857 0.6759396593216469018 0.35315157523039342191 1.72307e-08 9.33865e-06
40706365.503080077469 5176 3.0708710067842823754 0.22359229463301463769 0.14524603441355968259 0.49427504976066349851 0.14726511592518051752 1.0871174332226185566 0.89723667789913696957 0.72247555134017404921 2.68297e-09 5.02406e-06
40706365.503080077469 6001 2.049244775766246196 0.36448988450712072051 0.17343691837813965395 3.4815269363521172963 0.6560518503183272454 2.6780201757154560305 2.4756464017526100818 2.2504632834755220472 1.89847e-09 4.47697e-06
40706365.503080077469 6140 1.8355258400769580707 0.2564604715957054526 0.16962288615183906959 4.9174319193510616088 0.16360961984858918283 4.3802815713344749327 4.6363919066366738875 4.892112133804666918 1.67728e-09 4.29587e-06
40706365.503080077469 5534 3.2520078901067237531 0.15917978637861676661 0.12475193606564968785 1.0853105820747128707 0.26782687378557945568 3.465983350463940571 3.5212256270382318313 3.5802144085800313711 2.18919e-09 4.69474e-06
40706365.503080077469 5929 3.2444321683559933511 0.13489264298262892972 0.18071013365981977716 4.2276927013838054847 0.96877676273425950004 5.3609862410613953188 5.4646407988157239544 5.5631329437947432126 3.18574e-09 5.32011e-06
40706365.503080077469 6935 3.4890654507695963993 0.038629210168762334598 0.38858857280424863312 3.5710723500526766472 1.1349405244643802071 2.211584746105473176 2.1802476139083468709 2.1485731204331743882 2.603e-09 4.97365e-06
40706365.503080077469 6775 1.6512974127962574133 0.075118424448619325329 0.35924798208233971186 2.5407605838125228992 5.0324311584051777402 2.0077728358710489331 1.9385418359585691039 1.8684458117750630812 6.39874e-09 6.71246e-06
40706365.503080077469 5211 3.2171235842153982354 0.0099607384873592972468 0.28797649250156370782 0.33889148705186800115 0.46853284639703424164 0.23897291961006023042 0.23662646141343141037 0.23429142093244001432 2.07199e-09 4.60942e-06
40706365.503080077469 6920 2.3379684563280198617 0.083480324710902900631 0.2043356905734041995 1.3098415054367900101 0.37869240173550644535 3.0113925902605473972 3.0000656920478445677 2.9882903770896187545 4.48089e-09 5.96081e-06
40706365.503080077469 1810 2.0174358629026487577 0.30392832003585057432 0.52437075462699067607 4.3956352324466410053 6.113484039351157584 3.2254111099582223332 3.2562541805958669094 3.2910267547934974885 7.36354e-09 7.03416e-06
40706365.503080077469 5072 3.0873719623708613113 0.11250759223488349114 0.22843763653098864141 4.5859839634685020116 1.3533589511174421993 1.5255548242106444778 1.413209764149622627 1.3020962633487744853 2.73643e-09 5.05722e-06
40706365.503080077469 5231 3.1686572778999924083 0.1233979386059972233 0.25915721443480721486 1.443374407413911209 5.6908730316773539215 0.75110375352637281932 0.67027358302354000941 0.5936187336969458439 1.89135e-09 4.47137e-06
40706365.503080077469 4786 1.959209043142643436 0.42505922855921446368 0.18888603783528101765 6.2435632508865737123 1.6314908885126491178 3.9711034205207447201 4.3538700529265899064 4.7519029703863377989 8.41208e-09 7.35334e-06
40706365.503080077469 6756 3.2178234242519025976 0.076060930585956462724 0.29425938025402598175 3.9454866783883657533 3.2527678856096580162 3.8938255346244661226 3.9473470787193578602 4.0022138849155286522 2.22448e-09 4.71983e-06
40706365.503080077469 5323 2.8165409345481688952 0.17465504709442214448 0.077623145943331348096 3.1740318390281321292 4.0285605986060888384 2.6436497269410357269 2.5526037088244626361 2.45557923021430069 2.25995e-09 4.74478e-06
40706365.503080077469 5372 1.653075845103738617 0.27574722971450554843 0.26834344747249544438 2.1772859010978296013 3.2209928993925451834 5.4671015146722741207 5.6534074443234558771 5.815812980542869326 1.39548e-08 8.70479e-06
40706365.503080077469 5855 2.1682574974744945884 0.12694274490958504242 0.40496210624401290934 4.2652029062645233637 5.6082792519764428363 4.9548427805189545481 5.0765580756120289863 5.1951759190606034977 1.88487e-08 9.62226e-06
40706365.503080077469 6156 1.9386284676331544397 0.46889093823798422278 0.34990177900623137264 4.0429265290519147413 0.8518842629679727052 2.9934049362697825458 2.8959412625227871629 2.7819125135961333406 2.69058e-09 5.02881e-06
40706365.503080077469 1410 1.9220660504100217647 0.069797064163053965102 0.3425522348755277724 1.5653219647230993683 2.2263150668886364514 2.5028602398260444417 2.4600020413387837515 2.416027863677672638 1.96181e-08 9.75145e-06
40706365.503080077469 5256 2.0347878561993093527 0.14313847406143020979 0.10512216973994953362 3.7051706731168310149 3.3614726933068515002 5.2508946982524227209 5.3698760794403153085 5.4831745384405241595 4.61883e-09 6.02135e-06
40706365.503080077469 5158 1.9975901854239328514 0.55473353013528092781 0.14715517972584307715 2.2406936843412674776 0.085646971468766236457 2.7279629712696604749 2.3943043607488498914 2.0172785352177888818 5.85576e-09 6.51695e-06
40706365.503080077469 6914 1.8291935317968148755 0.35929501699734472941 0.24513115765535803403 0.021872670068445752845 4.8252812085307024148 2.7988347047095740727 2.6476911779371308242 2.4773620942871317219 4.41745e-09 5.93254e-06
40706365.503080077469 5578 2.9007617894213022502 0.043595891127267173693 0.2543625227282930723 5.2748532141586377264 1.7646988890762100866 5.9482024155568709034 5.9622519116217693735 5.9760043416591708265 3.04211e-09 5.23892e-06
40706365.503080077469 5196 3.568374898687451946 0.10040300443164831834 0.16254093135428579475 4.0112730377060428211 5.1295017761653651789 5.4657194537138948931 5.5366669672941153379 5.6048493566042809633 3.02458e-09 5.22884e-06
40706365.503080077469 6832 1.66053099659364789 0.20856777706419549201 0.29326050949539556045 4.8344885713970473518 4.5004128668896337118 2.3458942626677234955 2.1836024710095940371 2.0129862614495079853 7.86044e-09 7.18895e-06
40706365.503080077469 4502 1.3041150950412545573 0.099518223386880960701 0.27521501269990072958 5.0358201115251359781 2.4826554232298558844 1.5539274776999556504 1.4543420628338790124 1.3554978901132404001 4.58456e-09 6.00643e-06
40706365.503080077469 6425 2.3639373687375164756 0.27404617756746268986 0.53833996183841692496 2.0063348018509499227 3.5816978333876843266 3.5271355392024026365 3.6476817132972603197 3.7805284124595646134 5.02719e-09 6.19382e-06
40706365.503080077469 6089 1.8566239172206435715 0.25639385051072038912 0.27194814583977056088 2.6065662661730142347 0.40156419131158826996 1.4671100395957294982 1.2125944027771036193 0.97247419653697297903 5.81535e-09 6.50193e-06
40706365.503080077469 6572 3.0088129698675762924 0.22646921149031704057 0.19118083728065232707 5.0306550747566838311 2.0135501790600134342 4.0735505131407485635 4.270635633825959232 4.4753645831026505064 1.66053e-09 4.28153e-06
40706365.503080077469 6842 3.1582000086089978552 0.030067328339155669631 0.098545554864798864947 2.3708510209486548526 6.0135396993416376787 3.7248537756298243373 3.7416272006463491273 3.7586053485852315426 3.94698e-09 5.71398e-06
40706365.503080077469 5291 1.9664824615412721531 0.32265296174176949506 0.70621257634072687193 3.2381976819550488678 3.3372688706158051275 4.1698527433298115952 4.477879033909403006 4.7917004452830145311 2.6037e-09 4.97409e-06
40706365.503080077469 5063 3.4534261814675901725 0.10626127830921804074 0.44319205637304448508 4.9535699726278625832 5.6055781000785041002 1.2679203159459497829 1.1678824848821556248 1.0701303566254252164 2.23728e-09 4.72886e-06
40706365.503080077469 6557 2.1247198841364265398 0.37258837765793778596 0.14162303440614013028 6.2658636914023393416 0.51670328523503750162 3.6831854349703165852 3.9208449220017635994 4.1826805288698230001 1.93092e-09 4.50234e-06
40706365.503080077469 6055 3.2197391893510323158 0.11057880238923917249 0.078725792237427857923 6.0690093669636038243 1.0884631467965761864 5.657162628870724852 5.7193377080344127705 5.7784356815998432211 3.0525e-09 5.24488e-06
40706365.503080077469 6197 1.9613967578316944262 0.10908458809421023306 0.34174808360659408857 1.2216658357762584242 1.698819572994888949 6.1917993293239081964 6.2012681438127748024 6.2101940532462958089 8.02678e-09 7.23931e-06
40706365.503080077469 5642 2.8883981986383968632 0.19675528904117448037 0.12494751491696548529 0.23754923002322952952 5.231706857041030112 1.5651492344325401707 1.3672152798337453561 1.1745232135774650306 2.80041e-09 5.09633e-06
40706365.503080077469 6291 1.3046339367504957707 0.23715707906368369007 0.36591003706187430478 6.1462062659211218474 1.3184393550285733454 3.5152526908381052095 3.6140691044357202699 3.721997588195066875 4.97801e-09 6.17355e-06
40706365.503080077469 6390 3.2224347695553308135 0.038936139475549254307 0.29921288790786565448 4.3269509212044869884 6.2635216032672316189 4.2564178661285403393 4.291688151425175235 4.3272291742351622901 2.74624e-09 5.06325e-06
40706365.503080077469 6126 3.0469241749147237819 0.22881695265833976172 0.19451708749017698752 6.233582496063906575 5.1461804885412449906 3.3295124962096309673 3.3783928880401914441 3.4320718260372489183 3.04059e-09 5.23805e-06
40706365.503080077469 6104 3.3460168003318155883 0.04999375994340782281 0.17207967981093283405 0.50894199195957856574 0.71533183968856817181 5.8837997932265109213 5.9028134070982964943 5.921374381088981842 1.75259e-09 4.35923e-06
40706365.503080077469 6732 1.7192740413304192781 0.32024926857706992323 0.13091027844498043242 3.3617166379898182349 5.8742790362510328706 2.8357403135702679009 2.7184181492060637275 2.5869055458202065978 3.70815e-09 5.59632e-06
40706365.503080077469 6286 1.9570876680537909742 0.61025600231820054109 0.64842231539259231887 4.3862284322743949616 1.2823645014634978967 2.4431990798372451579 1.8673004958562176014 1.283673784217448155 2.66284e-09 5.01147e-06
40706365.503080077469 5405 3.1828913673488301583 0.02699297427209067235 0.11666812321665152863 1.8844328231398579376 4.0280570237791666344 0.71265209276586516385 0.69517863497492071723 0.6778890240873425288 2.93677e-09 5.17774e-06
40706365.503080077469 5098 3.1714260375891005772 0.045161807993029261243 0.11674711743492986737 1.0165165794426382906 4.6005957741716780873 2.3982238349450759607 2.3671292815545084132 2.3355461571166404866 1.90652e-09 4.4833e-06
40706365.503080077469 6952 3.2231139114575628746 0.15457801321512792958 0.13740731467685474154 0.83667012356350867197 0.32287573746768555294 5.3796970537393553613 5.4961107510290672096 5.6055969937507068579 2.57429e-09 4.95529e-06
40706365.503080077469 6667 1.6150483378757669595 0.29046213244765228811 0.099339812916958938893 6.1633757951977310441 6.239469203416348364 1.6024003670035960045 1.3064676977874147834 1.0260938607889205088 1.85586e-09 4.44323e-06
40706365.503080077469 6282 2.7953613675502273495 0.12839213790908121648 0.0151374575169412693 6.1295866857309073694 0.12557414445954798166 1.3062406533077419724 1.1840156214868287066 1.0651080414640259342 2.68214e-09 5.02355e-06
40706365.503080077469 5240 1.8312220150475715386 0.2685363025419993388 0.36898581145068920506 0.30474682685454357323 0.31803787937553618104 2.9011723085228187102 2.8260909592810126156 2.7427659058379214585 1.54708e-09 4.18172e-06
40706365.503080077469 5138 1.7183997057315645307 0.37797942469410450439 0.23285190681326928264 3.9984329790611505828 1.9374666228606325369 3.2911751539641023179 3.3637289958761331654 3.4470031452051324017 2.37553e-09 4.82433e-06
40706365.503080077469 5548 3.1865890425817928744 0.096327184103852561692 0.29985010644219284304 4.2445928560264913898 2.5859452884599218869 2.0436010249520322191 1.9557658837453011369 1.8664888992107679933 2.11518e-09 4.64123e-06
40706365.503080077469 5131 3.5346416567122997954 0.13648200325041193182 0.28554161268195293877 6.2385375255043760134 1.0372937976340261823 2.1798071437740409451 2.0628785274470864408 1.9425899761604901173 2.25296e-09 4.73989e-06
40706365.503080077469 6295 3.2530993728741837145 0.083740903866817220647 0.23898700437135761421 4.6561832319886811149 1.9080297006863189413 6.0295231414341543541 6.0497528609642730046 6.0691236587531838254 2.30061e-09 4.77307e-06
40706365.503080077469 4963 2.1431947277002287855 0.55507500050743330267 0.57688858427077815971 5.8999412163483055949 3.6436156398551298174 3.847310080903663998 4.3475171596978716693 4.8660512992733435667 2.1769e-09 4.68593e-06
40706365.503080077469 5278 3.1468016589518970072 0.1321406621816917093 0.30032984286750374903 1.4555080571017640079 5.0147938211655160856 6.2193877840024267556 6.2273237964843985992 6.2347015350515899712 3.13887e-09 5.29389e-06
40706365.503080077469 5669 1.1071988758717026258 0.16790153390990875115 0.38468413406025792067 4.23618786815308912 3.9507739066463991584 5.5755967142365427947 5.6787857009321820456 5.7741987947636799205 5.45549e-09 6.36495e-06
40706365.503080077469 5118 1.3867547571756351221 0.21493222342800044622 0.36737072575808832342 5.6430786586063659271 4.0557327908709934761 4.8538039486586468385 5.065067380529552743 5.2667707248394561859 3.95744e-09 5.71902e-06
40706365.503080077469 5053 3.0149598163191395628 0.25997221797714015201 0.29284386267669182402 0.7746811202242654959 5.8306781097756186227 3.8585579374484564319 4.0510256939177278213 4.2561842369472380199 1.90259e-09 4.48021e-06
40706365.503080077469 5116 2.7019163554945095918 0.14828913523861336765 0.052042259275275379315 1.660708765814919774 3.5750859601499618279 3.3945030714785060511 3.4347121191187395262 3.4775587874430162749 2.56354e-09 4.94838e-06
40706365.503080077469 6595 3.0337581986357271546 0.051276860740823979046 0.25853324513411113372 4.82526317338533417 3.3360264106517116822 2.4988293706042958853 2.467431042480741521 2.4354218436041277229 2.5233e-09 4.92235e-06
40706365.503080077469 5290 3.1980447216430141211 0.065773491813162790476 0.11821307912923828543 4.6111474245404009409 2.146159710660929143 0.80129346961875247413 0.75506732556736666506 0.70999027207245868354 2.68653e-09 5.02629e-06
40706365.503080077469 5762 1.7332875334764359376 0.22840910194287147861 0.4222621496705880606 6.2047850427109239035 1.6558854296689700103 0.38085826957163282369 0.30320393611370266562 0.23500565569997133863 4.50081e-09 5.96963e-06
40706365.503080077469 6628 3.2816611209886556999 0.11222477874863336089 0.21508243579704391935 0.83043787612977570944 0.95084280844939450539 0.96676114623196918174 0.87703270594248716741 0.79074926009297330509 2.5094e-09 4.9133e-06
40706365.503080077469 5227 1.8872230979577520049 0.42099766008769545778 0.23785460021184884338 1.6402661299937353334 5.6737298068609254287 3.6013947506799053322 3.8444425068511494104 4.1165731867174386593 5.94474e-09 6.54979e-06
40706365.503080077469 5481 2.3520421865179765852 0.21415273806616264007 0.83214950688651467825 0.64947574093625004554 4.9379184073853794601 3.3383572551104117032 3.3857411684067555413 3.4375083481986457024 2.0621e-09 4.60207e-06
40706365.503080077469 5885 3.5052735117273883247 0.046705743857813758479 0.24806799771795520759 3.6194202566695015122 4.0708344026380540726 1.7350661261670565771 1.6887954017411386243 1.6424144410605123756 2.25928e-09 4.74432e-06
40706365.503080077469 3089 1.5938532972003207622 0.25046058595240289213 0.1264116511417787414 0.83718769421119199059 0.64819170813719706459 1.5260034774063888641 1.274516602819065314 1.0349687618747551721 1.46985e-09 4.11094e-06
40706365.503080077469 5878 3.194943629814023911 0.071785092697964764108 0.08913692567302300418 0.6675825312216644436 0.92104608436774437763 4.4638099449992738599 4.5340710283194169961 4.6047178561857249335 1.44428e-09 4.08696e-06
40706365.503080077469 5489 3.2192667025570709249 0.026936635257806734733 0.32938288167927437522 0.94348816679016034303 4.4265544597927659609 4.1661139784413805387 4.1892957827780552549 4.2126303995070788488 1.80848e-09 4.40509e-06
40706365.503080077469 6960 2.9858990350449046147 0.22863623551332340478 0.090667562749085411911 3.4894901702487195472 3.3671340055428178317 0.039815500290958844021 0.031549427785194435192 0.024337281977336075456 2.28045e-09 4.75909e-06
40706365.503080077469 6292 3.4068322797970425064 0.066888071547960503693 0.29009080381553581374 5.6175871824488190498 2.7178011991093726785 2.9987709489301201948 2.9889130316063328152 2.9787402170737391494 1.7586e-09 4.36421e-06
40706365.503080077469 6401 1.8214195751803905488 0.36995231449432408599 0.24885863975312039198 1.6547898017087938616 2.7411268718649117737 4.2098441225275742283 4.5760412983966674005 4.9425601026485344036 1.93159e-09 4.50286e-06
40706365.503080077469 5479 1.2286384615918337637 0.1867526571016339676 0.30180836169765457022 5.2309447280449248296 5.4005907083223929632 2.3964082839383098467 2.259357079896777698 2.1151538960629499009 2.12255e-09 4.64661e-06
40706365.503080077469 5417 1.4611878438396441737 0.13861228151562507427 0.036265700852779497732 3.702890959989841857 3.1600377411263242955 4.0174355883006942491 4.1292945893914554389 4.2450029722243689534 1.15634e-08 8.17607e-06
40706365.503080077469 5569 2.0664089555456741643 0.29358338743280165684 0.58369584789874229269 0.17413027394419991478 0.028726512199979379464 4.3304057997120590784 4.6233636027676441316 4.9157843581863351901 2.77052e-09 5.07813e-06
40706365.503080077469 6450 2.6710069353758849608 0.14548400046797643759 0.053981600263205316292 1.8008090823499927069 3.2622719707995826433 0.54801893401380841198 0.47632470267069848546 0.40961794703654313965 1.74846e-09 4.35581e-06
40706365.503080077469 6969 2.1173280472066511315 0.062605931384433488596 0.14862133230063773182 3.452147696676731492 0.69823516245090833099 1.7840134295015372956 1.7223758331824157164 1.6604877535442326142 2.41679e-08 1.04535e-05
40706365.503080077469 5351 2.9725965566869887446 0.12158801946946130867 0.10750120318597265745 1.1918962135310680051 1.0017335366884037029 1.097648189085886683 0.99205227062353962264 0.89026482640835558069 2.44807e-09 4.87295e-06
40706365.503080077469 5647 2.054044306178988144 0.30093853617254717747 0.55260667201979007945 2.4453431344348004473 0.13704142527860257994 4.4662804230854327159 4.7742694381556525229 5.0746319825866805786 2.57441e-09 4.95537e-06
40706365.503080077469 5992 1.7702293177270898017 0.16926569384308867705 0.31851372004644140645 1.5542740080365065047 1.6062698223947249332 0.19370981224165081946 0.16342518827153124095 0.13588587912263305757 8.41385e-09 7.35386e-06
40706365.503080077469 6761 2.1319066383808800147 0.35959752373796216585 0.23412200357020060415 1.706079439281403376 1.1942121931511773258 3.7748819715426682464 4.0324603466244486327 4.3120897068941861363 4.88068e-09 6.13306e-06
