87425051.334702253342 0 5.4014753846856260466 0.055463735460015241296 0.014548242717120086695 0.97869621852849320032 1.3128633565773164538 3.3668669881993849025 3.379610237087232516 3.3926872860703016777 0.000954966 0.000356051
87425051.334702253342 1 9.0335684846428883077 0.0058042650166717259241 0.058931194973001345405 0.358139888194233591 3.3054956282737077977 2.2355591963022090063 2.2309826498479847778 2.226397988721338983 0.000285285 0.000238018
87425051.334702253342 5775 3.0459246518019540417 0.094212254825773167344 0.090347310797858723652 3.6702537173667044712 2.1964362904450256408 1.4318588693058789119 1.3390206852616794997 1.2473276610499011152 3.02463e-09 5.22886e-06
87425051.334702253342 6920 2.4263438332960451937 0.12568008104995231911 0.45203999019337998133 5.7612081227879183842 0.41167743518444188666 4.4898654036381593357 4.6145107041845889739 4.7395892482484667241 4.48089e-09 5.96081e-06
87425051.334702253342 5134 3.5385549337788866353 0.012716481457541627814 0.33136013157258065176 4.3032228523641151696 2.2396905320512465742 2.8010597487023751739 2.7967868035338789845 2.7924884552647992741 2.31886e-09 4.78566e-06
87425051.334702253342 5278 3.2072744317332868569 0.12173564971613473618 0.29256550148892690455 0.73452767453355438665 1.4520927489361821205 5.1912159104491717443 5.296597231594845745 5.3981429054445611015 3.13887e-09 5.29389e-06
87425051.334702253342 5451 3.2941974019975326371 0.11939876411010062751 0.058220963570405688536 0.70482858763665234836 1.5547522736042205249 1.9261260745589401377 1.8115182227922936864 1.6955621876985567109 2.58702e-09 4.96345e-06
87425051.334702253342 5063 3.4634675327627331143 0.15409655123314458525 0.41235951730960196393 4.4010397679425929951 4.5064411804967239306 2.2705404818570809056 2.1458778995066527528 2.0165680963557850447 2.23728e-09 4.72886e-06
87425051.334702253342 5878 3.2308007839146708484 0.14362319209082705096 0.07549794809124030226 0.15137293669440121668 2.5194889652900105403 0.72754550446927523932 0.63650694879440528062 0.55113875358702080209 1.44428e-09 4.08696e-06
87425051.334702253342 6255 3.1950350839733721031 0.074585085007271470503 0.17949756139083056228 5.4850812869216962753 5.4404797750624540598 1.8782540933413105488 1.8062848044837582773 1.7337582315215527284 2.45838e-09 4.87977e-06
87425051.334702253342 5548 3.1805405545072416018 0.040821149617250133967 0.2977634241172934515 5.922236943406216092 1.6334482141640058739 0.9549854434683527904 0.92204061046292329351 0.88951284049162360201 2.11518e-09 4.64123e-06
87425051.334702253342 6443 3.2071241000006889266 0.17591007320130469527 0.26172037568546718811 5.2233216935705595318 5.3694942456736978187 6.2702446650872856182 6.2723520791054667711 6.2742577157745991201 1.88164e-09 4.46371e-06
87425051.334702253342 5990 3.0842893050333750615 0.030322205530092499054 0.15438646019314489211 4.5417069267229281948 2.6145754565482457465 0.85360034716198185389 0.8309692564330971587 0.80857372565110841034 2.30118e-09 4.77347e-06
87425051.334702253342 1284 2.6017348186360247375 0.26716774124979214555 0.70100498885618778289 0.8861734253193933597 0.74756353874620296018 2.150496218820677985 1.9057348460187857331 1.6534134770008761528 3.64405e-09 5.56389e-06
87425051.334702253342 5098 3.1242605505437071045 0.01781915681737190893 0.072731068734758375083 6.1625445802495537606 0.60126862494356114741 2.6459887413894915831 2.6374470369441023188 2.6288393234388593989 1.90652e-09 4.4833e-06
87425051.334702253342 5929 3.2518631170466862912 0.15786065719311898059 0.1749869754561138302 5.0894303345004239247 3.2412324512248478214 5.2079142396316786545 5.342374535859828022 5.4699316327197449183 3.18574e-09 5.32011e-06
87425051.334702253342 5467 2.9453400546291250706 0.13288176658893816051 0.15964709081969491455 4.4908925004720749996 3.138780852029912527 6.2187163135514138546 6.2267783022925726755 6.2342697906007105146 2.43648e-09 4.86524e-06
87425051.334702253342 6282 2.8401094082277724695 0.10477505075127595269 0.090252601585799327455 2.4118128967541219154 4.5953449152688623514 0.27485994832279775357 0.24771828962043990208 0.22202822883728448589 2.68214e-09 5.02355e-06
87425051.334702253342 5694 3.1131876104572282493 0.079902030222407091631 0.28926843102699195676 0.58646235938932700371 5.671732018644023654 4.3980460708661102132 4.4750698824320869207 4.5527323978512894698 1.21025e-09 3.85309e-06
87425051.334702253342 6392 2.9682267650663827219 0.17259456408744119904 0.18526860633267583367 3.8643098393952888259 6.0067299918843843898 5.2715791379868059963 5.4122587723815041016 5.5442808528012514913 2.75286e-09 5.06732e-06
87425051.334702253342 6484 3.11349319549500958 0.13430834710462447035 0.2422322952311203037 3.450854542597202812 4.0856393830446773308 4.1684218023939987319 4.2879013741926099712 4.4102898399072030244 1.88476e-09 4.46618e-06
87425051.334702253342 923 2.0178035258354842796 0.35989965286662478627 0.44795354126887021451 0.088219336988201571548 3.2596109321604180842 1.9176548368027124258 1.5480581123132950427 1.1882514942486601672 2.53731e-09 4.93145e-06
87425051.334702253342 6739 3.1943358874716731854 0.24743765575422560499 0.23143053537702806821 1.0975480541968947179 0.80469317165841969253 2.1268493923970717141 1.8991913986538668802 1.6649765166052410414 1.84353e-09 4.43337e-06
87425051.334702253342 5885 3.520886453406052663 0.048238477234502440127 0.26589908422506053354 4.165290986630683534 3.8390139242767178374 2.8217466871716032628 2.8062151836322550835 2.7903386642792873396 2.25928e-09 4.74432e-06
87425051.334702253342 5405 3.1661600285781528186 0.02038892815563720512 0.12159597871498645238 5.6933387541343396521 5.1533839401244874168 3.7553053525149766578 3.7671472566355523881 3.7790859312401252623 2.93677e-09 5.17774e-06
87425051.334702253342 6764 3.289421848857181363 0.022286580917303670801 0.27733396439546209589 1.7474534449788721169 1.4531736626422324665 3.8130070251930634484 3.8269949223037196262 3.8411019822452279193 2.4069e-09 4.84547e-06
87425051.334702253342 6362 3.009365963436962943 0.15165843908145076879 0.25552337092527632745 4.7193055622185831055 3.9037512668629590351 3.0491971830349395844 3.0339667590871695069 3.0176758769285263462 2.92709e-09 5.17204e-06
87425051.334702253342 6775 1.6122618855440840058 0.20443819420272979492 0.23553876585616267958 5.1782941060532774458 4.0435379306021719259 4.3609071478821768153 4.5613755646332680982 4.7634870737656171968 6.39874e-09 6.71246e-06
87425051.334702253342 6055 3.2421170802148169265 0.12429377977969842395 0.048980409513107343866 5.9612078952814933075 2.3033691669803153523 2.7673080376667344993 2.7188855527698847503 2.6678964185733353709 3.0525e-09 5.24488e-06
87425051.334702253342 6498 3.2391242053499702536 0.057050015119046032508 0.13691957879601146519 1.4659063323911563081 0.12430694748893457435 1.3287128005379660323 1.2736718707151488683 1.2191216549271075564 2.50157e-09 4.90818e-06
87425051.334702253342 6313 3.239562723820289758 0.10216127805897416703 0.35800486272823811573 2.287576235407019265 1.0897805572080225822 4.0251640605511234128 4.1069561351229779689 4.1909588420792438512 2.33149e-09 4.79433e-06
87425051.334702253342 6300 3.244041826817490648 0.050018377640875459622 0.20964531391634316781 2.0241901780975846137 4.4595255440240100242 6.2392650418376476296 6.2414089317226695286 6.2434979104858836507 3.26125e-09 5.36181e-06
87425051.334702253342 5323 2.8328517734916918158 0.20452351316826000716 0.16942773691455020879 2.3751485973945092312 6.0784999750908372818 6.0857454271844524385 6.1225578560079219059 6.1552688583280561474 2.25995e-09 4.74478e-06
87425051.334702253342 4755 1.8598050000050276864 0.062987966506085846241 0.045923422689754134218 0.97894730381278682874 1.5678191137687551571 3.7363340619658851338 3.7726041719151837128 3.8097646654489287776 2.45943e-07 2.26531e-05
87425051.334702253342 3800 1.8352897996573540595 0.17911196662403916502 0.45674436902948345463 0.81718532375747698904 4.4961707243845197013 1.3185600192158586363 1.1479700019079817075 0.98463191904615421368 2.3176e-08 1.03085e-05
87425051.334702253342 6956 3.5072374129933012732 0.27751166523105214035 0.38641473959625693979 3.4599690040118473711 5.0869745417430678458 2.5838461060192097207 2.4139862670706908609 2.2294176801643525998 2.20649e-09 4.70707e-06
87425051.334702253342 6197 2.0201903390132076588 0.26466487928512011374 0.32373071974539835427 3.9125121822433639451 1.6498032899013157504 3.032854770751443052 2.9990915021262809503 2.9615039664735931524 8.02678e-09 7.23931e-06
87425051.334702253342 5080 3.2119801854857210621 0.15564239655579290011 0.20454466065252840945 5.5044134989963531268 3.6509933263032459116 0.8297777131060954936 0.72015353038052631884 0.61750735596567085661 2.57476e-09 4.95559e-06
87425051.334702253342 6233 3.1619418275445601019 0.18968722343474436753 0.19538162180878099194 0.48739667783963280812 1.1114320962875920973 5.8929334267546602533 5.9598088600898133649 6.0200857320160565678 2.38928e-09 4.83362e-06
87425051.334702253342 5489 3.2150372175097770011 0.12044042989419542766 0.32207508549663960151 4.8777956432164319978 2.7439936731621452637 0.24338666060947267145 0.21587143983260351221 0.19007325351199266805 1.80848e-09 4.40509e-06
87425051.334702253342 6756 3.172386881546279902 0.060447136233859201371 0.29521702737474903033 0.76132992962445777962 2.8139182608049160272 4.8580242551414958285 4.9176069406211189161 4.9767856899158804396 2.22448e-09 4.71983e-06
87425051.334702253342 5116 2.7599953066002522739 0.14383911725739095822 0.067476661240520541263 0.58110975574953172007 4.2804276925552500188 1.6105475428265416671 1.4659072608025707218 1.3228586569666997974 2.56354e-09 4.94838e-06
87425051.334702253342 6951 2.9746400237939099043 0.061977918525072568656 0.0076839331584297879477 1.7909440808347827367 0.21158264062708748154 2.8606361100562689437 2.8429067293810321715 2.824668824002956935 2.54062e-09 4.9336e-06
87425051.334702253342 6295 3.2608995422691298138 0.029166273225440048078 0.25647421313676443955 1.4023928799662621625 5.9628790621202654165 3.0815141842543867234 3.0797367212751125543 3.0779337644984621214 2.30061e-09 4.77307e-06
87425051.334702253342 5923 3.0030725937188216257 0.11232333657314878816 0.18955449369461388476 0.51752015383845129115 2.0579917078449962986 2.027927437820775225 1.9243315767968718344 1.818954920132367592 2.22479e-09 4.72005e-06
87425051.334702253342 5234 3.0328573365846964727 0.1416155944638631814 0.076193707143435193685 3.542887145169499874 1.0555410663441939789 5.3000561127602150435 5.4138912253851909639 5.5220676325219368863 2.35138e-09 4.80793e-06
87425051.334702253342 6863 3.140227478645598147 0.18090140634217544147 0.02885732792899502186 4.533238551121620219 4.9079136212665535055 1.7572703563125893211 1.5754460918635035949 1.3945466410905167365 2.72515e-09 5.05026e-06
87425051.334702253342 5146 2.7766948970783795758 0.14994982583380736529 0.086804654220156513 0.79577824510270778191 1.7740584437164599318 0.10309681412055742011 0.088660132693780438484 0.07538297165415454304 2.55901e-09 4.94547e-06
87425051.334702253342 6969 1.8659207684157048668 0.33208518837269918045 0.1940737410921888062 3.6391435016997584206 2.5063666069744146014 5.7537554776548720525 5.9039001103601203013 6.0268568305893213122 2.41679e-08 1.04535e-05
87425051.334702253342 5853 3.1347167506712896312 0.19812327058088433085 0.16532579847429065834 1.8773030645714157139 5.1835653481214283289 1.1929141680011048354 1.0140253781831802815 0.84582547379863770587 2.34516e-09 4.80368e-06
87425051.334702253342 6657 2.2436891999643497897 0.21779891672731852004 0.16809998901020511974 1.9151960646184429393 0.86952983704174779955 2.484077103793542296 2.3367415477693476156 2.1797678932184778589 9.52311e-09 7.66378e-06
87425051.334702253342 5962 2.8337487193340438196 0.26270714633954356243 0.18089175767030182818 4.8059894312727227117 4.4943033093274280532 3.2756720760355011457 3.3168720407110323656 3.3626837668738747134 2.88829e-09 5.14909e-06
87425051.334702253342 6628 3.2317846754492527417 0.086764675815444905482 0.21090087442455660027 3.1326081338866260673 2.8234341718613369387 0.60655086077641107156 0.55871603472551600866 0.51272226104684592851 2.5094e-09 4.9133e-06
87425051.334702253342 5290 3.2178508645660159893 0.061495282014162190587 0.15160232523394662207 1.8022430733477992071 1.4606354727358772383 1.7791833298907004934 1.7185940978793154965 1.6577692511449393375 2.68653e-09 5.02629e-06
87425051.334702253342 2992 2.224308629560689532 0.42216640939309396652 0.36249741269398477739 2.0482965516515134752 0.56110278859402773488 3.8577708110983572887 4.2033368379598279319 4.5719754334268873919 2.26492e-08 1.02298e-05
87425051.334702253342 6827 3.0950090778810492864 0.18738197482230065094 0.15572459559160015119 1.7271428542250717442 0.89940355436757946084 1.9032213261038848362 1.7193467393012933364 1.5340284653802707115 3.04652e-09 5.24145e-06
87425051.334702253342 5324 2.0425423246641440933 0.20364387915046752719 0.19046757153010093755 1.9666446756593916056 2.1320016782842134972 6.2484101807754033331 6.2548982230544867278 6.2606579464079965547 4.64884e-09 6.03437e-06
87425051.334702253342 1410 0.97375473645354915231 0.21883033057258707843 0.15012481719982129214 2.7931523452034729971 4.7797436309029492918 2.105344376426869335 1.9040153247324331787 1.6972218987166651782 1.96181e-08 9.75145e-06
87425051.334702253342 6244 3.1764053199093069679 0.059286011290491005821 0.28998633238191617867 0.78349428747010896323 2.5302387475559235952 3.6735064766501190903 3.7043891178467824865 3.7360213729056730436 3.08558e-09 5.26376e-06
87425051.334702253342 6327 3.0079488027494760694 0.16516130863588582289 0.15729214240025510274 5.194147613391038476 4.8454563718158354391 2.4575885922017803864 2.3453801563548548614 2.2273373585102653749 2.25041e-09 4.7381e-06
87425051.334702253342 5650 1.7773514728298598353 0.55709479445836718181 0.18327629433627332101 1.7110570394384987392 0.40987021048879812568 2.9494309314115669807 2.784034636877507296 2.5890582883595660846 1.14639e-08 8.15256e-06
87425051.334702253342 4112 1.91461929399453612 0.33261659113356140116 0.83550390462066947972 3.4685239376784484655 4.2675523945901314704 2.9218825049014576223 2.8323589906763100288 2.7311342031239740358 1.99037e-08 9.79854e-06
87425051.334702253342 5511 3.2279125464573406035 0.12183884942682519925 0.15767840148779371789 4.6707696257856463617 4.8635628163486872566 2.9152200059971091761 2.8860346104832301783 2.8552355321962932244 2.90982e-09 5.16185e-06
87425051.334702253342 6186 3.2439630610533423116 0.018401092023201386094 0.21057911740381113352 0.33373742466616490576 1.4685326996226713003 2.8377575543795563462 2.8322030622527654131 2.826600348043979416 3.14704e-09 5.29848e-06
87425051.334702253342 5195 2.7452527736240592837 0.20483314732796970015 0.099101932645835444369 6.067700449098134996 2.7589213110691486186 2.6207730525158008383 2.5077162157268886311 2.3863991566193232252 2.26107e-09 4.74557e-06
87425051.334702253342 6935 3.4282467864875969532 0.12492803061067624115 0.35075664851591614735 4.1332719424952664156 2.6708938628315781472 1.4115053339622043449 1.2890467040603581506 1.1690445295476845633 2.603e-09 4.97365e-06
87425051.334702253342 6667 1.4203558600891705854 0.0080292551755996154766 0.44481523445474319134 1.7327452863714534192 1.9079442993326767297 5.3840822152833851533 5.390351684989385106 5.3966052875760395224 1.85586e-09 4.44323e-06
87425051.334702253342 6816 3.1483069343451988154 0.20846912151676166847 0.13152144703805954129 1.1497484341970480859 1.0128325212927136167 3.3446673578804055893 3.3920633697702839982 3.4437345292695233923 1.76213e-09 4.36713e-06
87425051.334702253342 5762 1.1499043983311150186 0.26612178920938478477 0.35467073966779605332 5.5803604061890101917 1.332565787441605254 3.9384238841445311508 4.1516989100389780631 4.3770743539247582987 4.50081e-09 5.96963e-06
87425051.334702253342 6595 3.0441183299210154978 0.12289651724609311489 0.24255950883413782138 3.1997002428433418686 5.0976173201931676005 5.9549647519874513435 5.9925339718411745338 6.0277532013441526004 2.5233e-09 4.92235e-06
87425051.334702253342 5950 1.8923986947269566539 0.41930430914938293663 0.28548958891945047656 0.72358049614655584048 1.7891937114553324584 3.0613883269031805234 3.016300032982118573 2.9639016425132389543 1.07677e-08 7.98408e-06
87425051.334702253342 5351 2.9802531691337623698 0.14813910909113808811 0.10093769443889970272 5.098718040976483401 4.9149848369208948284 4.1483650594438472581 4.2792864926230640421 4.4137476275076412691 2.44807e-09 4.87295e-06
87425051.334702253342 2768 1.5700549676443980029 0.08804748116831476179 0.032785640753866793218 6.0217897509334159523 2.8501024383997877187 0.67950849725970385862 0.6259227539723350997 0.5743405471514656524 1.06163e-06 3.68842e-05
87425051.334702253342 5194 2.1896644205147874906 0.61788549653895985525 0.48453024091210589175 5.8268693679747194381 4.3208024159961002653 3.1338292796088857983 3.1256183996676401016 3.1157485596226219826 4.75382e-09 6.07945e-06
87425051.334702253342 6928 3.2009520211927124933 0.32162053466775880617 0.25856487186567728154 3.0825107730041585441 5.6027024422257047931 5.4333519782997150571 5.6562068547657204931 5.8449018085835167113 2.08658e-09 4.62021e-06
87425051.334702253342 5914 3.1958477667912466025 0.11368151346943068669 0.071727290717950656362 2.2908945650560004204 5.8694183555595813573 1.6824308248407766619 1.5684883549133254999 1.4548071442193635239 2.63408e-09 4.99337e-06
87425051.334702253342 5072 3.1227306000873995551 0.14735721265525539292 0.23723325207676743132 1.716583613729701252 0.53368641666167315751 1.2901248941145464499 1.1508451155645293973 1.0162919430302415069 2.73643e-09 5.05722e-06
87425051.334702253342 6154 3.1701654220882575785 0.1485397150730605742 0.20919784240507408035 4.9816235494294547337 4.5042507451185933576 5.5064286797336166046 5.6057547224405501751 5.6988583825162466567 2.04677e-09 4.59064e-06
87425051.334702253342 5312 2.9836275979404640601 0.15216142506657018285 0.14768751081557102145 4.4671560722474872307 4.7556748595055768902 1.7173895876589184706 1.5645651547370544865 1.4124066836851887352 2.46345e-09 4.88312e-06
87425051.334702253342 6126 3.0205636005685012613 0.30089126266000781884 0.17795086235023821475 5.5196292463374332371 3.6169669501617387475 5.4908985366969798037 5.6881573534694105376 5.8568165058561403313 3.04059e-09 5.23805e-06
87425051.334702253342 6952 3.2901406826612102918 0.16239608123755761016 0.10783261881990151287 3.5621778009022531108 5.4813074296702053445 3.2813839831811639769 3.3061677833964449036 3.3327736557197198408 2.57429e-09 4.95529e-06
87425051.334702253342 6073 3.2007425971580745205 0.094647663004669493891 0.26390613021052455878 6.0443375858719203819 2.7099265120520081851 1.0711779480495753347 0.98980756299093786144 0.91068965305002469446 2.87152e-09 5.1391e-06
87425051.334702253342 5578 2.9091345456484996035 0.18420472983151067736 0.22062522861879524383 4.8178160387416006927 5.3019768959053772406 0.73896571571660618627 0.62200288408633674919 0.51467340128887340001 3.04211e-09 5.23892e-06
87425051.334702253342 5231 3.1626298423936316517 0.071603551873213461265 0.29246707618986728106 2.1842581619138190518 1.9940984930800280672 1.4053499186276450228 1.3350773429452515995 1.2654538670311676896 1.89135e-09 4.47137e-06
87425051.334702253342 6029 1.7461853460318632614 0.29272666322261930993 0.50410209249525628206 3.94121403032266171 5.603382077406318551 3.2052982724830947348 3.2276951885652231944 3.2528685649804254254 1.2969e-08 8.49478e-06
87425051.334702253342 6192 3.2177722903141612321 0.26051802690668723894 0.30825664094895316447 0.7230670257659097544 1.9558173265060476709 2.1210405785572552517 1.8794290083356792742 1.6312205124301899506 2.79503e-09 5.09306e-06
87425051.334702253342 5211 3.1218251936388443646 0.043569030811741724096 0.27044738028634107696 0.66235492182493105329 0.38591279672740785855 0.13678634087888205673 0.1309680782922464648 0.1252782246627967 2.07199e-09 4.60942e-06
87425051.334702253342 5717 3.133970359935997152 0.077972762287839184059 0.17773230785670376952 2.665519470074780628 5.0360898339454438499 0.3679845623556312062 0.3408813563425300841 0.31481366890193207553 2.31886e-09 4.78566e-06
87425051.334702253342 5643 3.3256959262900687158 0.10779418599124140909 0.048843466004350806486 3.8615980464080976731 4.9437808414081203523 5.0500199169796307075 5.1501473578028384992 5.2477770031537387396 2.47115e-09 4.88821e-06
87425051.334702253342 6842 3.1959948300976286362 0.088842530080211826182 0.15268624112788950486 0.9880955991613478151 1.8128132277762583069 3.4038775733804613743 3.4279946128675571337 3.4530928569272054673 3.94698e-09 5.71398e-06
87425051.334702253342 6572 2.9539569776915519661 0.066280476397306442582 0.19770011759576239241 2.4875841072884288252 1.871498029604393043 1.520613366860236404 1.4544776884833336972 1.3886450950270818883 1.66053e-09 4.28153e-06
87425051.334702253342 5131 3.520643042368118536 0.096436916572111092139 0.27649208402485164759 1.3246438577629857658 5.4502766397456330338 2.0926457989176991958 2.0068334877146307704 1.9194199338559481127 2.25296e-09 4.73989e-06
87425051.334702253342 5534 3.2408577383618295542 0.098679772264880574739 0.10182081949601583248 3.3719702452971813678 1.6620984462005496951 2.1672842524922919516 2.0831562796198404008 1.997147976603447006 2.18919e-09 4.69474e-06
87425051.334702253342 6119 3.1452618859342158508 0.12342483663030553998 0.1932000083505759358 0.029997880321101729612 1.1522109239878788323 0.012679843515414134653 0.011200508566913612921 0.0098181165311232374004 2.96829e-09 5.19619e-06
87425051.334702253342 5257 3.2217068445957059986 0.15732767451207690934 0.24652044052397298346 2.033552452518683662 0.16609248926458602957 5.0079035568939227474 5.1556723096319441169 5.2977939952948327473 2.20895e-09 4.70882e-06
87425051.334702253342 5240 1.6049530267529978911 0.30747641505861911249 0.37972795255423164029 5.6901127182197885901 2.3527904934481744803 3.6966368977127661566 3.8877821687933393768 4.0965112198744568772 1.54708e-09 4.18172e-06
87425051.334702253342 2850 1.7495374164935053596 0.24062550382972205942 0.57784193234582548193 1.454128946517910359 4.4171763200401938931 5.213515075016514011 5.4151462166808519427 5.5987586407666913857 2.86233e-09 5.13362e-06
87425051.334702253342 5957 3.2245096375313027082 0.043037156297934926752 0.116787224472070017 0.87994446823299565796 5.8042751522309030676 4.5707887351910851947 4.6135382909003297414 4.656365350461117103 3.45473e-09 5.46581e-06
87425051.334702253342 6103 3.2883826088489040984 0.094850340611689287762 0.18482376406017750337 1.4548604079223208529 1.0027051607551762391 1.7219341340797484907 1.6273463461570298882 1.532647626307688471 3.07621e-09 5.25842e-06
87425051.334702253342 6335 3.0939085951581692946 0.11067899154799504258 0.2411449764513059757 1.3970658249930105743 1.5669595150651896009 2.6206045601580596482 2.5625670113026637331 2.502002508321381935 2.80706e-09 5.10036e-06
87425051.334702253342 5252 3.125988670968008698 0.11225686279445099003 0.19037806270415624788 3.6254384164940245405 6.2407100362867682364 1.8113053528660214564 1.7005604318639333528 1.5892473746869775209 2.42859e-09 4.85999e-06
87425051.334702253342 5034 2.831593459919522715 0.1580597898058177242 0.14114725660831803355 3.1259984893989942734 1.7428781236365407104 3.0551301398571806267 3.0402129056650464278 3.0242162787409805347 2.20492e-09 4.70595e-06
87425051.334702253342 6874 3.2819783297992266569 0.064052595093194844567 0.26534899799018119015 5.5607248986457378237 1.4298935477703234032 1.2557563489077603336 1.195411521682391065 1.1358191259570387111 2.61974e-09 4.98428e-06
87425051.334702253342 5185 3.5321827244639516508 0.025264449989502960059 0.23458002792919127599 3.7255600574603504604 4.4500130624401768031 5.7868461764753602594 5.7987469154802022686 5.8105128589959376129 2.64564e-09 5.00066e-06
87425051.334702253342 3953 0.9661870120931865813 0.14448836300321257764 0.36477700297554649378 0.25991098076634838732 0.45570208685288304817 4.2982813002527207047 4.4350437759841083718 4.5740106200071899423 1.87457e-09 4.45811e-06
87425051.334702253342 4189 1.1093294688514538926 0.046017389069088761311 0.061206139594715144869 1.0576366426579246749 1.4366685521388264934 1.6863238239336710844 1.6404753031613308334 1.5945695797892518453 2.51666e-06 4.91804e-05
