60024640.657084189355 0 5.3985496771723049392 0.038922335755240004829 0.016262999446409694138 0.12210514648102413493 1.3748584408270883017 3.326402012100722505 3.3336966234186209412 3.3411278541313720325 0.000954966 0.000356051
60024640.657084189355 1 8.9952078647796547273 0.069110269552701081297 0.058254298819399939757 0.9361196910105628044 5.627096289407989893 0.76121146052080412847 0.71465691650436202753 0.66936492648767131897 0.000285285 0.000238018
60024640.657084189355 5775 3.0373840713556701232 0.12194447207742721562 0.10248380984637582569 2.1671631371790338605 2.3392051361738208648 0.55914745623392370089 0.49744005432995963556 0.43925090741137473582 3.02463e-09 5.22886e-06
60024640.657084189355 6920 2.3715958715432599035 0.17439219360878402409 0.28012582478912678718 1.168278651766617271 4.7882094288222418754 5.7401071372588434727 5.8245202044244512862 5.9017326225968638198 4.48089e-09 5.96081e-06
60024640.657084189355 5134 3.5502784220730920772 0.028553672185897195634 0.3401295567991555191 4.4661236834739881374 2.8096851581117734398 3.7538436287094993915 3.7704507774525652941 3.7872466672390339149 2.31886e-09 4.78566e-06
60024640.657084189355 5278 3.1990860438334203231 0.093177961838584580367 0.30943057797568290779 1.2435323795381967305 6.248259756866980652 2.5959173534024317931 2.5454490919245107428 2.4931338196041101796 3.13887e-09 5.29389e-06
60024640.657084189355 5196 3.5506505972137341054 0.12747654986685519329 0.1738416675219141283 3.4773913897883557134 2.7434404659544071592 4.367197767825592436 4.4901569028740597744 4.6144985383691139447 3.02458e-09 5.22884e-06
60024640.657084189355 5588 2.7859224658865007207 0.29363396317713919004 0.1731262671038172607 3.1757615128615381828 2.4076666822972789817 5.2378655001244336376 5.4782539177817426435 5.6899003120686346691 2.40685e-09 4.84544e-06
60024640.657084189355 5846 2.8072338277128583428 0.15037596075610701329 0.15060162601931434412 4.2197721558758258809 5.5076836456236950568 5.0149747540650695399 5.1559246443607182897 5.2917502320303011487 2.37403e-09 4.82332e-06
60024640.657084189355 6960 2.9591854878849903621 0.12509938328137851227 0.11394464650008284679 6.0662905857325082337 6.2239673732650668825 4.0966375856462970972 4.2029222392872576108 4.3121345899107534905 2.28045e-09 4.75909e-06
60024640.657084189355 5548 3.1665908835998921589 0.028302170923277737008 0.32548397507596704692 5.1300324814140676466 1.8436391826573050867 5.4032737577826379649 5.4248942673593276709 5.4463112691741750737 2.11518e-09 4.64123e-06
60024640.657084189355 6443 3.2079556010227459062 0.1779373829436678156 0.26531761400856823663 1.2331184902182292795 4.2774509581148718596 4.0341466770087128779 4.1818754432814291278 4.3353548608055332281 1.88164e-09 4.46371e-06
60024640.657084189355 5990 3.0828263375786368883 0.068323522668130909352 0.16753408573557393435 0.92109602336020390823 5.8518675944785032428 2.0638132185363828874 2.0025837006014031161 1.9405309659001954703 2.30118e-09 4.77347e-06
60024640.657084189355 6883 2.1643568989753658727 0.22971367864187819396 0.13829990299889585725 0.50965206019705389107 4.8596949118560379688 5.4300469695264306225 5.5926145553034007918 5.7389369468915818473 1.23696e-08 8.36184e-06
60024640.657084189355 5098 3.1557797615732634533 0.05443327997821548192 0.087879837694044032892 2.832998986100502492 4.3472243354152988459 4.9613502316668869341 5.013780451156320872 5.0657601160210399271 1.90652e-09 4.4833e-06
60024640.657084189355 5929 3.2701030274921514263 0.15057812050705537965 0.17920451350580415828 3.1498359677921454747 3.5949321734237775772 2.7746049079207879551 2.716150910781685468 2.6540038290975829227 3.18574e-09 5.32011e-06
60024640.657084189355 5467 2.9615314041143321333 0.088129699840411884759 0.17538836681108910254 5.3933039047853892356 5.5075974087093424458 4.4465823287694847821 4.5327291723591898176 4.6194403841657400989 2.43648e-09 4.86524e-06
60024640.657084189355 6282 2.8371627997824595546 0.042335474866071969025 0.0071949515343739224929 1.8849158550013034308 3.4752276745568662086 3.3370398411849171438 3.345439750643886434 3.3540100706209492465 2.68214e-09 5.02355e-06
60024640.657084189355 5694 3.1024816328796851472 0.16614261722627049478 0.33027206876871162411 5.3033784334903941726 3.3672777450114756981 4.7564768172690516934 4.9226222668411372396 5.0851067986598073034 1.21025e-09 3.85309e-06
60024640.657084189355 6392 2.9826876075338151217 0.16680416368800002336 0.17542002514220378373 0.7172789472808700495 5.0208784811452451535 1.8776553859612152841 1.7137210706477508104 1.5486177033107009215 2.75286e-09 5.06732e-06
60024640.657084189355 6484 3.1138898201545068822 0.16306925148693335315 0.23364845439140638494 0.6322285883393404804 1.8642440179569130798 2.0680793429673536288 1.9181962747715295414 1.7648686028225548661 1.88476e-09 4.46618e-06
60024640.657084189355 923 1.8838196958756960875 0.3399686090112294945 0.25024814967858771686 1.1874553025258258732 1.2731098451348266121 1.177144806198501259 0.87621037300187787356 0.61500610435036495716 2.53731e-09 4.93145e-06
60024640.657084189355 6739 3.1456276213039120471 0.080709438153010681916 0.20777612051768762358 2.1238979732594533978 5.6614737582080838507 1.0607653212713805679 0.99160563021016090435 0.92405942575232213887 1.84353e-09 4.43337e-06
60024640.657084189355 5885 3.5046066821097081601 0.044906085411250247497 0.2884572756431908469 5.4211133560264377351 2.5308061411828730591 6.2511822256593196911 6.2525882686505918073 6.2539620475022603685 2.25928e-09 4.74432e-06
60024640.657084189355 5642 2.9112930501758222945 0.24499089286927713816 0.12495684127754057291 1.6235022366998970167 0.16301706744368449353 2.4914187534316294403 2.3246633061263244358 2.1460533028193484739 2.80041e-09 5.09633e-06
60024640.657084189355 6764 3.2671853944813871173 0.038707729965919888959 0.26679574229821506615 0.58381083272268130546 1.1286934230894833942 4.3257974499655258427 4.3619217706089843389 4.398276550767012516 2.4069e-09 4.84547e-06
60024640.657084189355 6362 3.0029200066678805037 0.14518432045006607334 0.28674873415718360459 5.2117510939993536567 3.1630148973745151331 4.017854539908835676 4.1353607478450262747 4.2570379198000454224 2.92709e-09 5.17204e-06
60024640.657084189355 6775 1.8776764880378289391 0.28379713405541501237 0.20992914321350272799 4.5450755225381982427 3.4227610214876071915 3.7794417732935983167 3.9740915216976864244 4.183992278324290659 6.39874e-09 6.71246e-06
60024640.657084189355 6055 3.23874991887380137 0.060200872791413000129 0.031317773379778819642 2.8367504136122652092 2.4463874271408103667 1.1097089439518261766 1.0564723144063605798 1.004059901184665371 3.0525e-09 5.24488e-06
60024640.657084189355 6498 3.2033940890733019202 0.060953816733867370592 0.14895582190968467695 5.8215634950431747185 2.9847276429282927346 0.10968163789494020377 0.10319987420244924881 0.096920607769925823383 2.50157e-09 4.90818e-06
60024640.657084189355 6313 3.2590735305240929875 0.027272759681336727206 0.32412283451823276081 2.5646339883879054611 1.3348689464786338554 4.0844187181690152499 4.1066699173369478615 4.129090659686315945 2.33149e-09 4.79433e-06
60024640.657084189355 6300 3.2374548355983057135 0.061786117745913575472 0.21843462208493077958 0.19981647402957056214 2.5853354802098089671 5.0757988905729103379 5.132960930893002427 5.189362732760632646 3.26125e-09 5.36181e-06
60024640.657084189355 5323 2.8380310726324005088 0.11025289891133276121 0.11361272516765560936 0.82279661952763327726 0.24474639118662799842 4.1867116993417656801 4.2850210435671733933 4.3853577780244075157 2.25995e-09 4.74478e-06
60024640.657084189355 4755 1.877620551824284334 0.021425512425727898103 0.1213693817192333102 0.87721299045478418055 0.69306640785450646103 3.8162406165694640059 3.8297377336618882993 3.8433451941944896113 2.45943e-07 2.26531e-05
60024640.657084189355 3800 1.6427541935310878696 0.44232026668681589943 0.27777080709259360791 6.1191927601117477309 4.3095288270526364016 0.043625608870553313212 0.027129720980210481757 0.01513116755357200513 1.79108e-08 9.45995e-06
60024640.657084189355 6104 3.3470099891851416984 0.04141759299098960595 0.15103295136369210283 1.9208594470221687089 2.9414217261133175363 4.2136028209417695223 4.2503499539202671542 4.2874247223238484139 1.75259e-09 4.35923e-06
60024640.657084189355 6197 1.9167037756044504881 0.23451893118318697939 0.43858401017182646608 1.1100014055266791413 5.0521360934164940559 2.8449000451172019588 2.7664848554333052455 2.6805634899975201435 8.02678e-09 7.23931e-06
60024640.657084189355 6815 1.8799080593281476403 0.3354280032825175395 0.20995450525104891737 5.8952504542513706198 2.676252277862534168 4.5373626187149618261 4.8845374049600085442 5.2150074526544223374 3.57143e-09 5.52668e-06
60024640.657084189355 6425 2.3978072938823986604 0.22190872662567193152 0.54369977578944128638 0.57144995221369121463 1.2591694447818282399 1.5252256909848620481 1.3028134452726143344 1.0888253147637017015 5.02719e-09 6.19382e-06
60024640.657084189355 5489 3.2200440002199957057 0.041417695633160167556 0.29889377319700738411 1.5276110181219859641 3.2587179232623273428 0.040513548637763872884 0.038869346341753492624 0.037259872929359220961 1.80848e-09 4.40509e-06
60024640.657084189355 6756 3.2051742585959646092 0.06279102951573782565 0.3141455900781954802 6.1770425394320911394 4.0193394293976130172 5.620727200118603939 5.6584461653562598826 5.6951717410274298459 2.22448e-09 4.71983e-06
60024640.657084189355 5116 2.7256885406388269288 0.24557953791628076012 0.053403626493209691017 1.8024016310044406186 6.2622147417428353222 5.2903187702801774961 5.4852710337537331498 5.6610817667737238779 2.56354e-09 4.94838e-06
60024640.657084189355 6951 2.9953024958400766842 0.04025238456485689259 0.069203038164852168079 6.0030672388351504765 1.7809444483200704834 2.407612088064305933 2.3802312207032332303 2.3524607937910642086 2.54062e-09 4.9336e-06
60024640.657084189355 5559 2.2412198793147219966 0.37753818714615144936 0.24738067197191854207 2.4079299685165640454 2.0026933466960299413 3.0470549449170460932 3.0010821443722437429 2.9482084457264421395 5.44342e-09 6.36025e-06
60024640.657084189355 5923 3.0087266537580745762 0.070750104086629503342 0.16779460296398113206 3.1810245680125710521 4.1523029879182287161 0.89136171535147601386 0.83746698917410500318 0.78490319634684191374 2.22479e-09 4.72005e-06
60024640.657084189355 5234 3.0226488642546516239 0.20196796687449550256 0.074649111862737260736 3.4292349839091449404 6.0980324700143384575 0.21084432772572056503 0.17201487197000361884 0.13744445306200905876 2.35138e-09 4.80793e-06
60024640.657084189355 6863 3.1613858154256551103 0.12356109162028261483 0.074976572420071149749 0.31976095011708072224 2.8311150039959391833 5.6138461250157272175 5.6872042810238712107 5.7565617066466874263 2.72515e-09 5.05026e-06
60024640.657084189355 5146 2.7702069791040058178 0.07342493190313217899 0.13890643038682959354 5.2663043004531591151 5.1009393806260652227 2.9653622534230232866 2.9519881739355287031 2.9381497419549464922 2.55901e-09 4.94547e-06
60024640.657084189355 5492 1.7360603577105333528 0.17720993626916803354 0.45435677752020542375 2.58331391948503164 2.5203643956435173301 5.6331421500870169083 5.7339873279508006831 5.826491502758616825 4.51271e-09 5.97488e-06
60024640.657084189355 5047 1.4096061339927734579 0.055171678528554611576 0.21167485782140108008 5.3264935339672945247 0.98499928791751800716 1.7422716679653542649 1.6876238089302229017 1.6328282121156165729 1.0218e-08 7.84583e-06
60024640.657084189355 6657 2.3632463740445546208 0.20672425687959997131 0.28368066546584108645 3.1840144208330207753 2.7386503082118993646 2.9279508143665085029 2.8786134155311091654 2.8248736852086362425 9.52311e-09 7.66378e-06
60024640.657084189355 1444 1.8492102437745570054 0.47562236555876247213 0.73873047480837372714 5.8942748182054893746 4.6953474094347154022 2.5698595507936734528 2.2254502502407751408 1.8481586725884244782 1.72307e-08 9.33865e-06
60024640.657084189355 6628 3.2471669611281765988 0.13471396012887901228 0.18932790651126241155 3.0612873316960671488 5.3293365237001939505 2.8620492421626240187 2.8221170319970507734 2.7798075857418047541 2.5094e-09 4.9133e-06
60024640.657084189355 519 1.8510249843583064244 0.21960536565338334425 0.063591360232871638192 3.1163444400395765577 3.0099312367433732618 2.0695098868726002905 1.8640325153727264063 1.6538013420653092655 3.92741e-08 1.229e-05
60024640.657084189355 2992 1.9445841550757174687 0.22786827439690138242 0.082821850032721730517 2.4939206639790083564 1.6864624127061205172 5.0511647290906367402 5.2601351523578392388 5.4546663900156655558 2.26492e-08 1.02298e-05
60024640.657084189355 6827 3.1141804413190214973 0.091324354573529456514 0.15977926605422176909 4.4278461042614161158 3.0147481970797342932 4.8942635444963658031 4.9834716697540173413 5.0714609999268347451 3.04652e-09 5.24145e-06
60024640.657084189355 5626 1.4868286883253638564 0.208858804415967797 0.29965218982304808737 0.52819287178700291552 4.2073094863898923279 4.5910707274830890867 4.8026271159112896569 5.0106361368224012764 7.93289e-09 7.21097e-06
60024640.657084189355 5938 2.2490719876424667412 0.38348615142535968925 0.61526073096258171446 0.6468902338560169607 5.8329145332380401001 4.1760480948710769766 4.5531327187163190828 4.9317660451681151201 1.88863e-09 4.46923e-06
60024640.657084189355 6244 3.1543121411836652079 0.11680358269791432657 0.32040714917216528423 6.0736603207244730385 1.8696295616519142957 1.3597542463140734892 1.2466604479630403191 1.1359392606840257312 3.08558e-09 5.26376e-06
60024640.657084189355 5446 1.1297803256376390824 0.1112153762676704738 0.21858286171486387972 0.66028546532986720496 3.0223646329306257385 5.804104717013307102 5.8530951043089967101 5.8994666659630317085 5.46354e-08 1.37196e-05
60024640.657084189355 6390 3.058869737752630158 0.084497298443785881505 0.085036464778003889586 4.3732363322716416576 0.0849791520915205989 1.8097387614601720962 1.7267106166435384207 1.6432382729914880581 5.26519e-09 6.29006e-06
60024640.657084189355 6914 1.8422264544761106642 0.18051149533145255388 0.36345585917584027902 6.1202869582172230167 4.4104859732777610404 3.6246985895587031656 3.7165924558417673396 3.814760857165703456 4.41745e-09 5.93254e-06
60024640.657084189355 5511 3.2140413884153251622 0.13790091606633228527 0.18317824033898463809 4.0686444535903145692 3.8760445873688729179 2.3369181728244687868 2.2321267375598310423 2.1232986669293372195 2.90982e-09 5.16185e-06
60024640.657084189355 6702 2.0784223056110628924 0.23030613670484251232 0.15270633416685361339 3.773629024594324477 3.8034877865085809923 2.7403202260085759434 2.6382512539384173067 2.5271618888115638946 3.70623e-09 5.59535e-06
60024640.657084189355 5195 2.7490796048579850819 0.021417588040997304066 0.081796206781908978312 5.8594463730668522317 3.9291798608685457594 1.5418357913053142294 1.5204321837570740072 1.4990417533331186206 2.26107e-09 4.74557e-06
60024640.657084189355 6935 3.4764011517299717724 0.13522036514346846836 0.42087794637744474491 2.707809913002388047 5.1832185922111122522 1.5518580530160623887 1.4164201083056913166 1.2828078326942455867 2.603e-09 4.97365e-06
60024640.657084189355 6667 1.6061989610567724007 0.28861376744908406877 0.30069913316100277401 2.7726556356236540246 1.3925578663269222446 4.8805223624577465102 5.1623708813656410399 5.4222545840189981803 1.85586e-09 4.44323e-06
60024640.657084189355 6816 3.110709411841601213 0.081180861933100381678 0.14598352639322190183 0.5907813612076163734 2.3801578213014482621 3.7941504345692256273 3.845163830746389344 3.8976833802574737398 1.76213e-09 4.36713e-06
60024640.657084189355 5762 1.4208094345652080293 0.10233531527756857538 0.48812108260187958564 0.35839336966236606807 1.8687219268443939768 0.49359600016518151433 0.44709209845227598779 0.40284790717078539091 4.50081e-09 5.96963e-06
60024640.657084189355 6595 3.056358079660846272 0.11302367228451526415 0.22534668945124958217 0.86412451065620854429 1.527868648888071279 2.9485265602425880793 2.9254903535088838673 2.9012553407800636407 2.5233e-09 4.92235e-06
60024640.657084189355 5950 1.3180617652736912326 0.053311341395938412202 0.30712693369289417733 3.5844594038879589171 4.1257222792511081266 3.2361419959762183218 3.2413160100015727672 3.2466235885946783668 1.07677e-08 7.98408e-06
60024640.657084189355 5351 2.9671024921689013176 0.11485227728689259563 0.10803188866074101004 4.1973306267240069189 6.0855493149833623789 4.9331024496978326255 5.0440261282132645704 5.1526201703316774072 2.44807e-09 4.87295e-06
60024640.657084189355 2768 1.5909616977676641625 0.056084694084745451148 0.042281951602148953873 0.12428616599187519709 1.1153549911003894923 1.3806754751253589308 1.325862475392249884 1.2714517205545123879 1.06163e-06 3.68842e-05
60024640.657084189355 5194 2.3443403278241734533 0.26295957340909043021 0.041503034442005724836 1.7961858886546113734 5.1393981051684027861 4.8468978664854196481 5.1060134267644174955 5.3488631708126010977 4.75382e-09 6.07945e-06
60024640.657084189355 6928 3.2136401297007783917 0.22338062514950290938 0.25396643680680508481 5.675919174508438303 1.4273185919166178071 2.6343405180688783673 2.5125306353977920892 2.381096472482859383 2.08658e-09 4.62021e-06
60024640.657084189355 5914 3.1986313262426651072 0.075438589361149166468 0.074471623463353148198 1.2791269663662336864 5.2676212664928394602 2.2246185315758872925 2.1632617636324376065 2.1006804384381982942 2.63408e-09 4.99337e-06
60024640.657084189355 5072 3.1169429838621129925 0.049642584124484176455 0.22599704910146869996 3.2048996874057942286 1.098808665817296415 6.2552588986568888885 6.2566123113338925066 6.2579313082735570362 2.73643e-09 5.05722e-06
60024640.657084189355 6639 1.0548062190887983469 0.062272132172753000279 0.35807323316196287832 1.3888622515606492414 1.5738188562155621675 5.1161035288786145259 5.1727166713551122612 5.2285067087071004366 2.07227e-09 4.60963e-06
60024640.657084189355 5312 3.0200533560572746516 0.076459655018361397105 0.1421652579014762996 2.3038719401116551921 4.1557984759730803859 2.2310763394830934736 2.1691638964417396807 2.1059886282793849333 2.46345e-09 4.88312e-06
60024640.657084189355 6126 3.0331806303498640709 0.21178156909259795992 0.18218924366552155525 4.731187369499050277 5.8522545990168612917 4.6812481501330331923 4.8952512422718834628 5.1035018267933986991 3.04059e-09 5.23805e-06
60024640.657084189355 6734 2.1254501967571646226 0.14500859553632408638 0.26331469793775774679 3.8620140014444430676 3.9923316196444966764 1.6093284608071762865 1.4635064278159548579 1.3193316378303852066 1.24231e-08 8.37387e-06
60024640.657084189355 6073 3.2373866451050141713 0.049743083184118228046 0.26527667786125347371 3.9169450437372086427 5.1338153638764669751 3.0201051104610376896 3.0139202988769118186 3.0075867215552105627 2.87152e-09 5.1391e-06
60024640.657084189355 6692 1.9923213236455923347 0.1606122636711009577 0.25826169312562130553 2.0495898858051075919 5.5082947915352038493 1.1099729327756719943 0.97042573797653663981 0.83790033382552098207 1.32225e-08 8.54977e-06
60024640.657084189355 6028 1.0280346259774288953 0.25540714416425525091 0.21604282427374171816 5.8818639786009052628 6.1879404623848177636 3.641571034129085227 3.7818632975883446079 3.9344467185843829959 2.1303e-09 4.65226e-06
60024640.657084189355 5030 1.3947455716501346856 0.47008349590537551466 0.19892288364874682882 4.2656075178874761633 5.1814845375298332897 4.9130858064940294838 5.3710729537356760588 5.7428142420461725237 2.14686e-09 4.66428e-06
60024640.657084189355 6521 2.9402503690084476062 0.085354913907358470615 0.16479207798550846165 5.2151498381313219355 1.4317505118305686729 3.6207767462908138079 3.6617510713690837321 3.7041739666465516301 2.953e-09 5.18726e-06
60024640.657084189355 5160 3.0523030538241413545 0.067930879584089082224 0.17276572020221134252 2.9245038922724577723 2.5919464400866352172 4.1222112100763208531 4.1797902942251132785 4.2383120973065206982 2.48083e-09 4.89458e-06
60024640.657084189355 5717 3.1569559089150360798 0.13329867213142909677 0.22940214880855566704 0.084757005239237417915 0.69431081380948167503 2.391810681732838173 2.2959357622814633437 2.1961741096222531233 2.31886e-09 4.78566e-06
60024640.657084189355 6832 1.4580559891816606832 0.3041981519584546767 0.3017130657794368509 5.4954820675739677327 0.7860270789964581839 2.0742210702189014526 1.7812306675128364297 1.4837430416565011715 7.86044e-09 7.18895e-06
60024640.657084189355 6842 3.1919916464900448538 0.088601394460665450215 0.15149603516881543497 0.21414767751935123719 1.0805564351741752116 0.19508349676471911649 0.17859290316270504118 0.16285330549314458448 3.94698e-09 5.71398e-06
60024640.657084189355 5372 1.9687284978009855774 0.10756585465110757305 0.24316217922056335143 4.150742828454609068 6.2218356998152124504 3.2613845934313983044 3.2750059851481401196 3.2893141703620019101 1.39548e-08 8.70479e-06
60024640.657084189355 5131 3.5301416073994844602 0.069032977512650930962 0.24969585639137661937 3.7407993741465608295 1.2904136986302774392 3.616536139880242029 3.6491410451951917793 3.682693568098374115 2.25296e-09 4.73989e-06
60024640.657084189355 6291 1.6483836119609813764 0.4534987609409676379 0.29054355934039433063 0.1673389517583188657 0.27502073797444970271 1.8649837947794272175 1.3813684475590748413 0.93598181599738761172 4.97801e-09 6.17355e-06
60024640.657084189355 6119 3.1242804954923619754 0.10754634362181930696 0.19063753952684422965 6.177649771580015603 1.2530068451516187533 3.2631588870858321272 3.2769782050890374769 3.2914939872288200284 2.96829e-09 5.19619e-06
60024640.657084189355 5525 1.9278942438161377204 0.40012973784596195248 0.40905599372761591859 6.1854744742532465906 0.83512801422512572547 4.2774243958455864245 4.6868284645366209418 5.0868274991234097016 2.22151e-09 4.71773e-06
60024640.657084189355 5240 1.6821696492082529595 0.41547125617411395648 0.44413517875513358613 0.6725959294232340957 5.8190402375919800804 4.4404816732807459445 4.8785045013357350996 5.2882565940507362257 1.54708e-09 4.18172e-06
60024640.657084189355 6997 2.9078326079230989443 0.1057812159580345801 0.20683093173331257297 4.2466299221442138645 4.2597783555533466071 2.1807735560396976915 2.0911603224546881918 1.999380492302489376 2.77488e-09 5.0808e-06
60024640.657084189355 5667 1.6305928325595469008 0.23890640919442124313 0.67176749081743014624 3.2699220019294794604 6.2576974748643010571 3.9331697340419240483 4.1211424124992745988 4.3194936206214418206 3.20823e-09 5.3326e-06
60024640.657084189355 6103 3.3019152723271680827 0.058740329906653766801 0.13544535278220370955 4.6508712328764136856 2.6784675360478589212 4.6784848098774682867 4.7372837705975143763 4.7960058992674596823 3.07621e-09 5.25842e-06
60024640.657084189355 6333 2.0423266070931864746 0.46160799285904485778 0.19904611330098842537 3.5411393690162196179 1.6956475532504042825 2.3086335222967115932 1.8819371626242455964 1.442493310591312472 1.94245e-09 4.51128e-06
60024640.657084189355 5252 3.1242919002978366549 0.16690548609608474306 0.17001695865462324031 2.741965113110818919 3.1243779233552300134 4.2715773126920071334 4.4289221576298469785 4.5891667109535134728 2.42859e-09 4.85999e-06
60024640.657084189355 5316 3.4218004014751111086 0.2203975927167752813 0.2785257914501619303 5.3792639566857456401 3.1529895799623766095 1.6607606457056558469 1.4372074049169856202 1.2187734969911403482 2.96988e-09 5.19713e-06
60024640.657084189355 6874 3.284763312758173015 0.069337464867438747262 0.2578932926747464216 3.0122196047508942307 3.4803009357367624688 0.69148364966158171185 0.64837469513604450988 0.60650237365510761833 2.61974e-09 4.98428e-06
60024640.657084189355 5053 3.0408342489235073991 0.20469634219328036728 0.25009496705598416311 1.5636175126658680146 5.9092657907575434351 4.9609040645990161167 5.1558396950306981665 5.3407370872860155941 1.90259e-09 4.48021e-06
60024640.657084189355 3953 0.94791963658336642062 0.10514031339610452331 0.52097100119475203694 3.4151388905874289215 1.5400924736385210867 3.1194649580983364601 3.117002385628460992 3.114417217700667706 1.87457e-09 4.45811e-06
60024640.657084189355 6204 1.4793734404049583286 0.17778494947306702767 0.18665889548855976732 3.1872363820913425236 1.7977399048524209668 4.3675856725509074607 4.5410815548145322396 4.7162642182083454045 2.26769e-09 4.75019e-06
60024640.657084189355 4189 1.1101165016264600283 0.042220884771650042666 0.034784569620335784035 1.8220435680186648497 5.6300227463843821596 4.4128298948228579235 4.4534360681931088877 4.4942492510022642449 2.44477e-06 4.87075e-05
60024640.657084189355 5324 2.0351278267244929943 0.063614500729205977758 0.31321518566013079043 0.065628394694027439304 5.9372013166716106625 3.5484970207621637783 3.5744567933613882182 3.6011413266348100137 4.64884e-09 6.03437e-06
60024640.657084189355 5185 3.5453127927000367414 0.048992109362094728164 0.24812668002766924413 4.8839765441849571914 2.2685815311702071106 6.1093493086727397312 6.1176282494801101919 6.1257022371622324997 2.64564e-09 5.00066e-06
60024640.657084189355 5451 3.2721283133770975304 0.055750200113376946476 0.084672133886288164506 5.9256399409553006663 4.0069302803556841042 3.6125063016158014406 3.6384637800452370726 3.6650386377793888748 2.58702e-09 4.96345e-06
60024640.657084189355 6192 3.2178780725050177836 0.21383357727379848079 0.30914216154239199108 1.3010128713812212364 5.4396266503452803676 0.018806478561028829033 0.015135252310840691808 0.011898950729337068322 2.79503e-09 5.09306e-06
60024640.657084189355 5992 1.6316765090175469055 0.14033074583104093724 0.11648778945504294213 2.169771187138664903 0.3545240824336448604 2.1298836463431962684 2.0058421777418469212 1.8785831399478509773 8.41385e-09 7.35386e-06
60024640.657084189355 5853 3.1396646343821128511 0.15008811687610409957 0.18292428303009627966 5.6370952608016189345 1.2804924024946755523 0.21378205244750270175 0.18396021723579111806 0.15650543939405545113 2.34516e-09 4.80368e-06
60024640.657084189355 5962 2.8965081770826852647 0.15021003122898271553 0.22321454725498232619 5.7073045836053815094 0.35690539383930991457 4.0687548488437768057 4.1951654079847120471 4.3257272738829355418 2.88829e-09 5.14909e-06
60024640.657084189355 6233 3.1636023468781373502 0.097942753702198126486 0.19974119574782672748 3.2048973876498485502 2.7897906174685136449 1.2790883963792847311 1.1864326280370087741 1.0956360505348325951 2.38928e-09 4.83362e-06
60024640.657084189355 5650 1.5682605784973897567 0.062191780623117955129 0.32253666574280182022 5.4139737092261501772 2.4103584703873708328 4.339012072140499221 4.3976238553318225399 4.4567600990948310624 1.14639e-08 8.15256e-06
60024640.657084189355 6255 3.2368592599353265271 0.13365926709720180043 0.21355846579112147676 5.395568745640548336 1.6125229803974543419 6.1522581464118077932 6.1686922709217428817 6.1839619143961117587 2.45838e-09 4.87977e-06
60024640.657084189355 6952 3.2393856256273871885 0.1143978474797068684 0.11567838826907229921 3.5023155181035310335 0.62288629399319472846 2.7346440367407791605 2.6866970891482306882 2.636434278381459162 2.57429e-09 4.95529e-06
60024640.657084189355 6140 1.8966759276027183034 0.43804479812528862581 0.32138260584656064278 6.260738205143936419 1.8755894815844469381 4.1556819066078816149 4.5945577922877607335 5.0295651588508603069 1.67728e-09 4.29587e-06
60024640.657084189355 6956 3.495164708468074366 0.1882547897648278179 0.3771047977324423206 2.2706282468522669404 1.3856285358104916128 6.0569959715461845207 6.0959820375654620861 6.131018467605224842 2.20649e-09 4.70707e-06
60024640.657084189355 2850 1.478604652544823983 0.12988332851667902523 0.31472600228005809253 6.1180543193570668947 5.6866964589637429839 2.7696809064515677257 2.7192253348660471168 2.6659834464131701992 2.86233e-09 5.13362e-06
60024640.657084189355 1284 2.4472873268623591692 0.23189333852864812968 0.41510480859230125539 0.6877577668589364146 4.1083237740980820263 5.78911737218072453 5.8900617448720522518 5.9788944169714071109 3.64405e-09 5.56389e-06
60024640.657084189355 6722 1.3427993688791068916 0.10902750146475506665 0.47494637509465048586 6.0485530858841505264 3.0564677493544856191 2.5862505172147893795 2.5258049161491542556 2.4628304409156478449 1.78527e-09 4.38616e-06
60024640.657084189355 6089 1.7119725545948116796 0.23099814304172702761 0.35382916023661248328 0.2255768915981029854 3.5988620434331957121 3.4900596897087932113 3.5798435455083805756 3.6778690641528890559 5.81535e-09 6.50193e-06
60024640.657084189355 5211 3.168083002226575573 0.083641331504354307635 0.27262388288982658535 5.8302978628311805664 2.8962768701708134778 4.2917499357207695709 4.3695260747157371739 4.4482991512827450009 2.07199e-09 4.60942e-06
60024640.657084189355 6295 3.2610007207892652836 0.023594748202616231542 0.22736838402501258205 2.8137067229237553434 0.70754014586812929988 1.3474771550320800984 1.3245260982344140288 1.3016432403826037056 2.30061e-09 4.77307e-06
60024640.657084189355 6211 1.8100872645402195094 0.10256085145774380962 0.44087165847330667123 4.6729462808446555755 5.9230504576992579757 3.6959853421507546933 3.7525783904734089091 3.8114150011823428876 2.33777e-09 4.79863e-06
60024640.657084189355 6969 2.1709818197692443142 0.043801670141428314387 0.22936062877508450741 0.882233384245756036 5.5511401638141917303 0.44225346866488352005 0.42386307010475382517 0.4058481121010912851 2.41679e-08 1.04535e-05
60024640.657084189355 5578 2.8929816943203823243 0.085715277601072753511 0.22896877895961603722 3.6597636320845192692 3.7533427993409045342 3.3274444485094707424 3.3440111425851735127 3.3612432586531828527 3.04211e-09 5.23892e-06
60024640.657084189355 5640 1.8495879112640050135 0.47149150477941231818 0.24497612417628153447 5.5167803841817200095 1.1188044941716506209 4.5511716943442896977 5.0555168623717170462 5.4995236879568452082 5.24602e-09 6.28242e-06
60024640.657084189355 6886 2.6790203079346146531 0.44265864410442962162 0.63229140836959796257 2.7205850675756262369 1.578633174874132683 3.5400325896162416761 3.7697451445268050918 4.0298739018498448416 2.88448e-09 5.14682e-06
60024640.657084189355 5290 3.1821927493425294919 0.08305081210718319451 0.14137906482919412876 3.9190242859194110991 3.5579245633472944554 0.32164599152434714124 0.29634568220572232722 0.27209259122853834967 2.68653e-09 5.02629e-06
60024640.657084189355 5080 3.195026263816869605 0.16982059647328315299 0.25811952359349543684 5.7985278865468048437 0.58216414475945532647 2.1770515312554135079 2.0295401235320151834 1.8772773669310782729 2.57476e-09 4.95559e-06
60024640.657084189355 1410 1.7913445499267153238 0.20106081300497741227 0.32704143761028614534 1.824241279072408739 4.8825786796902521658 0.73991779960166925711 0.61268707430103219735 0.4970634659691434698 1.96181e-08 9.75145e-06
60024640.657084189355 6186 3.2480297501201449428 0.029927893925064487368 0.17023850885450408921 2.432611828992394809 5.8383141416787651679 3.4213206636122062143 3.4297060130852781157 3.4382098402538701087 3.14704e-09 5.29848e-06
60024640.657084189355 6154 3.1722681680869677656 0.13117680907387466172 0.22738194570906541947 2.8002204769842347076 4.2567584021108615389 4.836140622970972025 4.9656433496419349893 5.0926359003345647025 2.04677e-09 4.59064e-06
60024640.657084189355 6572 2.9883849762260075167 0.11306599611196441191 0.16020506414504945281 1.7386443758488212552 2.8026322333506668016 5.8307789156570741795 5.8779473399418087354 5.9225221916799526412 1.66053e-09 4.28153e-06
60024640.657084189355 6029 1.6075890070633072071 0.25612606620702565996 0.56129862150192166848 3.4195505272692723331 3.6239827287821300139 6.2510570282052162483 6.2584603383324610704 6.2647924021371652614 1.2969e-08 8.49478e-06
60024640.657084189355 5063 3.4684485902398280999 0.11881831655512624379 0.42280311937964243363 0.85584839100166432146 4.1506817063894185793 2.9968863842004549447 2.9786141353339394833 2.9593349164847300159 2.23728e-09 4.72886e-06
60024640.657084189355 5643 3.3127964673474386004 0.075289619115044226216 0.06770432884659026429 6.2797068137031590851 3.3848270722952014111 1.921733050505112228 1.8500328858321792858 1.7776595243254853518 2.47115e-09 4.88821e-06
60024640.657084189355 6335 3.099450151221245342 0.034302795012105348482 0.21911736810544532594 2.620739328535834467 2.3158254094751153929 5.0945489271675761245 5.1261814892842263447 5.1575892142055268508 2.80706e-09 5.10036e-06
60024640.657084189355 6290 1.9302564990289663438 0.38771587929079170953 0.22718629154521166602 5.0822005988355360984 2.1721264860210576231 3.7330355202447478291 4.0016403498356094559 4.2954800103981449766 4.66797e-09 6.04263e-06
60024640.657084189355 5878 3.2239670023654896092 0.052950070100986450228 0.049398474424292009022 2.6795606674454583995 0.44230287689310798793 4.7686536976089799467 4.821466104317932988 4.8741014914339100272 1.44428e-09 4.08696e-06
60024640.657084189355 5257 3.2239162454477616748 0.14799794735347732155 0.20800866955723645857 2.048709620588626823 1.5535111144619391244 0.93336187119113955823 0.81896480966914686483 0.71086130602611818929 2.20895e-09 4.70882e-06
60024640.657084189355 6327 2.994111098035534102 0.20314834532353373553 0.1841262786419559927 4.4889225663972389668 3.3210870025886047863 3.7166873314118116234 3.8387191440556023281 3.9691438859151162433 2.25041e-09 4.7381e-06
60024640.657084189355 5405 3.1822722815470383395 0.055655886824927683354 0.13131210049831570918 4.3298492189453430257 3.5810578663888974482 2.0959005476083212294 2.0470330828847136395 1.9975702255264256024 2.93677e-09 5.17774e-06
60024640.657084189355 5231 3.1461979484714088784 0.10457076976600478135 0.24960392862885505405 1.5169591054964226551 0.10435365761784190508 0.83120702622076636512 0.7564222318540337886 0.68465282940375737919 1.89135e-09 4.47137e-06
60024640.657084189355 5957 3.2304959286714227673 0.041758823865568006628 0.12579157712699179372 5.7199582595531630602 4.7953264302654883267 5.9815279179772335993 5.9936971380693568889 6.0056176841249842013 3.45473e-09 5.46581e-06
60024640.657084189355 5034 2.8746829500453334738 0.23558496621644575697 0.13914743654596167799 2.5306432629945860846 4.5906696151297383679 0.48065369943516161877 0.38083978671448154296 0.2932728032375718219 2.20492e-09 4.70595e-06
60024640.657084189355 5534 3.2337468464813814428 0.14607798783849115787 0.10935426062688141657 1.616043785920316056 5.903600449398945571 5.2242578105324044557 5.347697335027447707 5.4652738639388260822 2.18919e-09 4.69474e-06
60024640.657084189355 4112 2.0672685784424627009 0.44077359689819006761 0.70000338187644295385 0.28262854197385156585 4.5394215592313429397 3.0447757385043403566 2.9863819687470449793 2.9182435475889421106 1.99037e-08 9.79854e-06
60024640.657084189355 5288 3.0393307685408097463 0.33232940088979029403 0.30639617200454155599 2.5603472102906588148 0.26230438215391665979 4.1283272376917308222 4.4408195157777718975 4.7609694043697210475 2.94866e-09 5.18471e-06
