92845995.893223822117 0 5.3977172209518800017 0.040454344321642340954 0.03546624358635825508 0.29633832890495076517 3.6696625337953969748 6.090990746292900937 6.098570641133553849 6.1059967545502402686 0.000954966 0.000356051
92845995.893223822117 1 9.0322323191298021783 0.06519930451488413492 0.02787351821182687886 2.0003720675166083431 3.0911246176026847543 6.2721119988971540948 6.2728118860222332742 6.273488213737283381 0.000285285 0.000238018
92845995.893223822117 5775 3.0657540849479740785 0.10509032051903784144 0.063231003375254071774 4.2363444596984773938 4.9119705501577479723 2.6423765157237868451 2.5894914266663073832 2.5343739263653906058 3.02463e-09 5.22886e-06
92845995.893223822117 6920 2.4292671558067340243 0.19591660737963439987 0.42757024216691325025 2.947168726876096212 5.0724178025538906311 2.2694840490017393897 2.1080642685459234364 1.9397503268898133033 4.48089e-09 5.96081e-06
92845995.893223822117 5134 3.5322796027985976508 0.036217813099280959932 0.37659025026620135401 5.8156561412694705027 5.5705968474334923712 5.3211091236081902167 5.3505244240610254636 5.3796148564861940855 2.31886e-09 4.78566e-06
92845995.893223822117 5278 3.206008367047925578 0.081044377932134453735 0.24704811482092969843 2.7652397666685217814 0.15730501574031813261 0.77764397140020791177 0.72230444221226108859 0.66872475486642779519 3.13887e-09 5.29389e-06
92845995.893223822117 5451 3.3051921236231596168 0.099690153220088409403 0.046455673069467642855 5.2251618885545436655 5.9500591534895432844 3.3870625900655175755 3.4125847884171056634 3.439270595901242622 2.58702e-09 4.96345e-06
92845995.893223822117 5063 3.454359296310650862 0.11291925488237830599 0.47371109367585273464 0.11652889381926780088 5.1950625061660344883 0.026613909556166024523 0.023760940484430843889 0.021078125251249271027 2.23728e-09 4.72886e-06
92845995.893223822117 5878 3.2373108935958012644 0.11097003610985903266 0.11558898453734134382 6.1616501797130069917 3.5530160927592482345 3.0896400795745786461 3.0835194662891822759 3.0770787042620484364 1.44428e-09 4.08696e-06
92845995.893223822117 6255 3.212089261265787421 0.14177550909059627449 0.19664892211379308984 5.3504005930433482519 4.9500453353703974813 1.1149325154062301735 0.99103852514058443646 0.87242979265910058917 2.45838e-09 4.87977e-06
92845995.893223822117 5548 3.1816999054765409127 0.085948800463038932396 0.27551344440589470297 2.4081254502375322168 1.8319458306416904758 5.6950441783850767052 5.7411580366098942108 5.7854967658843321487 2.11518e-09 4.64123e-06
92845995.893223822117 6443 3.200276027082918695 0.18681288999236342341 0.28005376357568828594 4.8868945899472642225 3.4018652649374856445 6.2344775126534717202 6.2428644635258256912 6.2503948760149672381 1.88164e-09 4.46371e-06
92845995.893223822117 5990 3.0845106137431650417 0.11723124659816562543 0.16186948108032297999 4.9346487364127691322 4.9430782656177170153 2.4102380856654792574 2.3281202938124665458 2.2429310444332823948 2.30118e-09 4.77347e-06
92845995.893223822117 4189 1.1045084864093821508 0.056831391544334732002 0.031227034719002459001 5.4469106595034091356 5.7481842002014573723 6.2606240109409387884 6.2618716563997063318 6.2630828491257917179 2.51666e-06 4.91804e-05
92845995.893223822117 5098 3.1115285994676611381 0.023226456502586107639 0.11816157327398184307 0.57266152978489470726 5.3535707109389338854 5.9441275350752986739 5.9517699166093063212 5.959327381040130156 1.90652e-09 4.4833e-06
92845995.893223822117 5929 3.2476398264671182403 0.17753755008050317588 0.15054035066939566723 2.2839767076497374809 1.5623473690992746299 6.0549726998196504724 6.0922095941523428664 6.1259092320615238236 3.18574e-09 5.32011e-06
92845995.893223822117 5467 2.978546584869215863 0.16293396627717826597 0.21646956167659947567 0.077037226386046764315 3.5357328499796851773 3.6506686524260234528 3.7367256593912649976 3.8280695200278884727 2.43648e-09 4.86524e-06
92845995.893223822117 6282 2.826674752295181392 0.066867674563243537089 0.024265264436541301302 4.8349072603539990922 1.8292203748367172889 4.8465631509876887506 4.9125843584878809978 4.978116534703096896 2.68214e-09 5.02355e-06
92845995.893223822117 5694 3.1155135127467281642 0.25245780727075650685 0.27089041561896409771 4.8139001096325317874 4.635795514497877079 2.6737239074086387447 2.5432133497281563805 2.4010028282366686625 1.21025e-09 3.85309e-06
92845995.893223822117 6392 2.9694102478822519409 0.20444227438184342516 0.14590975516526977218 2.6487564451750196248 0.49272651550225765593 5.9639178462601778463 6.0229608220798267482 6.0755633052211335254 2.75286e-09 5.06732e-06
92845995.893223822117 6484 3.123489504608779388 0.13066172136733614217 0.24472450185706520753 4.9536000902678294366 3.938632583617027727 5.6261894440224820002 5.7023384778812484797 5.7740367561916512429 1.88476e-09 4.46618e-06
92845995.893223822117 923 2.0032554046632067291 0.34628762592784712027 0.38431022404914444435 1.729993304115664321 2.6104114249768235467 2.9667529016126947816 2.8913568058555760842 2.8056047463500211059 2.53731e-09 4.93145e-06
92845995.893223822117 6739 3.1838471811840167724 0.14221611691608870842 0.26556236203413957631 0.10366891407348885479 0.34401241227357010066 2.9910113445428794243 2.9679386952443840286 2.9433662394034567633 1.84353e-09 4.43337e-06
92845995.893223822117 5885 3.5083878819176219643 0.076174852495205974678 0.28044232921037964834 1.58110495288666697 1.6381032945110347576 5.4431492050158718499 5.4985321923857570781 5.5523558010796341122 2.25928e-09 4.74432e-06
92845995.893223822117 5405 3.1729886549345382996 0.084670260291579826917 0.1618162481829160948 5.5087175749781325251 4.7931008797139726951 1.5767236655453129579 1.4919321074888240997 1.4075250168521478145 2.93677e-09 5.17774e-06
92845995.893223822117 6764 3.2796175529823816674 0.018800818448592337279 0.25910089142436765197 1.6487257741702976421 2.3541351059193882378 1.7060734008971361053 1.6874195893252321721 1.668746480857953074 2.4069e-09 4.84547e-06
92845995.893223822117 6362 2.9958053930228492057 0.064479896708768205671 0.30553265724364514488 5.5488191237518647014 4.0948261202939368886 1.3999407808421613364 1.3367017623910333324 1.2739805698893926778 2.92709e-09 5.17204e-06
92845995.893223822117 6775 1.5291171069533116 0.13236544409770031883 0.26160209647952797907 0.66432968541900905279 1.2784574040883078805 1.5762789697753418761 1.443477656494991157 1.312183588792348754 6.39874e-09 6.71246e-06
92845995.893223822117 6055 3.2560436198179432132 0.096920157732067246936 0.069280721621377591712 0.99759972853438372287 2.3114573942963114739 3.7573033615496016502 3.8157107478977119186 3.8762091403689540314 3.0525e-09 5.24488e-06
92845995.893223822117 6498 3.2325670063794063047 0.056373032144113398301 0.12387409652494600631 1.7434072643297935379 1.3064344792038147247 3.8944866242592812711 3.9338682102722919431 3.9740031636732298104 2.50157e-09 4.90818e-06
92845995.893223822117 6313 3.2469071993150477873 0.071503227437817853951 0.29488908022187060309 2.7436036957898104482 1.9484412972172975298 4.2424551884850068006 4.3073180872102510008 4.3730348774714311588 2.33149e-09 4.79433e-06
92845995.893223822117 6300 3.2392627415079435771 0.065407969821978620417 0.18772652092035913007 4.831310046554365023 2.7169613770114686702 3.2853389429256485421 3.2950328141794620329 3.3050296880171856628 3.26125e-09 5.36181e-06
92845995.893223822117 5323 2.8369877573757600331 0.09761379558287384961 0.19692595626331410585 0.57034778608102476571 0.7093391721414114004 2.5209024039481389146 2.4616532799681309918 2.4002790080231770631 2.25995e-09 4.74478e-06
92845995.893223822117 4755 1.8631057430828876775 0.051957995217752073192 0.080636461951636956291 0.29212470369005671955 2.9997106667802153623 2.3756878744788214597 2.338962727744032577 2.3015952704524891281 2.45943e-07 2.26531e-05
92845995.893223822117 3800 2.1326860505645202082 0.40451790445596169654 0.5541835732993438679 1.2587091651961794803 3.2647130437044515894 4.7859210588899099292 5.1951075895591101172 5.5534037610701521004 2.3176e-08 1.03085e-05
92845995.893223822117 6956 3.509141586692464454 0.20330946196679383631 0.42600023344637566458 6.069732318115712566 1.4797628481189484262 3.5016771816589056243 3.5817272183682522524 3.668349493517960358 2.20649e-09 4.70707e-06
92845995.893223822117 6197 2.0532684430068437464 0.3703092954325559738 0.48687406042680586582 0.80459950040071726018 5.8815970595583886293 2.6142917907502121189 2.383681804314777164 2.12912910197254579 8.02678e-09 7.23931e-06
92845995.893223822117 5080 3.224921219804160355 0.15550581512547625995 0.23701993035102952856 0.89091638984929300005 2.2020101867210208901 3.7712349505037798814 3.8695050336674268188 3.9729650028313283627 2.57476e-09 4.95559e-06
92845995.893223822117 6233 3.156460780029240798 0.17081244245277130145 0.17928758641645592409 1.8538409405784199713 2.8635619720539811084 3.3238538632522742766 3.357923153410458994 3.3945875498513280455 2.38928e-09 4.83362e-06
92845995.893223822117 5489 3.2225894818048472779 0.077497737591649878963 0.36555905195782606443 5.837478412546239781 5.4198227342957894237 5.8559399529749587288 5.8870010620853294725 5.9169075144172982306 1.80848e-09 4.40509e-06
92845995.893223822117 6756 3.1770376708391854237 0.13344257413758614517 0.24659420934976508666 3.7550671217039823802 4.9678328453345397264 3.5253892305308345279 3.5788934356907025069 3.635405804645060357 2.22448e-09 4.71983e-06
92845995.893223822117 5116 2.7434009966762240573 0.17319335862630469425 0.060873217108311818146 4.6140272854592900842 3.1205707266105093822 2.3291295993809035814 2.1945525200716731185 2.0539731612527694082 2.56354e-09 4.94838e-06
92845995.893223822117 6951 2.9757816173638333979 0.02316782394529318459 0.044023349226597847939 6.0866579020994651117 3.7365471679489172807 0.2455051463155835112 0.23993613487016346442 0.23443051948828666498 2.54062e-09 4.9336e-06
92845995.893223822117 6295 3.2748358774237154023 0.027617874838313554581 0.28409518435882535892 0.15317312408766953213 1.9094660464415194046 5.1864897193957855137 5.2109109204459667097 5.2351674298883335013 2.30061e-09 4.77307e-06
92845995.893223822117 5923 2.9929234302981568838 0.039043522655792535503 0.21954430410267120055 0.97987644739183787923 3.7501079386045996777 0.36398187997118203185 0.35032658285625351002 0.33692666736647808312 2.22479e-09 4.72005e-06
92845995.893223822117 5234 3.0148859938601080266 0.18214469749552686384 0.04423911561710512641 3.3313630648230714293 4.7936708565597374587 2.7618377440596226791 2.6874334198644906913 2.6075252786299132346 2.35138e-09 4.80793e-06
92845995.893223822117 6863 3.1521503921706686135 0.17459046566649660814 0.09220390163663923222 0.14294061475672567574 2.7587699587715932559 3.1597476411323315304 3.1632497088237605531 3.1670305286141005041 2.72515e-09 5.05026e-06
92845995.893223822117 5146 2.7891853848586256603 0.053895997228918433863 0.13728946586627305271 6.0924799408988432603 2.0430727220305837655 1.9473370986441156383 1.8966889762506882189 1.8456297776924703857 2.55901e-09 4.94547e-06
92845995.893223822117 6969 2.2103534322713294102 0.27712659738071387938 0.23971377154604006643 5.6778873986735609591 5.3635062458379199057 5.1262143980714540703 5.3698866996839420551 5.5892390378978475951 2.41679e-08 1.04535e-05
92845995.893223822117 5853 3.1355827433495453427 0.17260756225130902131 0.19556300244930108212 0.8184917206654819255 0.99217161490284699887 0.034444937247073426079 0.028934598948202557012 0.023940965214627334817 2.34516e-09 4.80368e-06
92845995.893223822117 6657 2.2326861913693334394 0.18851463285572728212 0.22048013089409856935 4.4144573382679785922 3.5664625367915836485 2.9443874621716465967 2.9032900046334635391 2.8587904500466283508 9.52311e-09 7.66378e-06
92845995.893223822117 5962 2.8394422949813979962 0.28753284527067074494 0.2018111399652798843 1.9282840684800952591 0.94801387851486662584 1.6332669680013214286 1.3395226877228871842 1.059645334218207946 2.88829e-09 5.14909e-06
92845995.893223822117 6628 3.2552929797089849018 0.11393221734755726304 0.22167366355775855458 4.7965017342019518054 0.12828561875313221341 1.691578036205362956 1.5774436675501295468 1.4635139673626722523 2.5094e-09 4.9133e-06
92845995.893223822117 5290 3.212064777706782337 0.079414444700062897242 0.15958129110530736017 4.9207195898927391653 5.6335101808077938657 3.9667799074783807178 4.0268183082121558058 4.0882896842929365988 2.68653e-09 5.02629e-06
92845995.893223822117 5185 3.5321142585862785879 0.019629362352342912684 0.28141597706697690784 6.2682873938883538756 3.3064528508613908464 2.2822481342294174134 2.2672835032098359598 2.2522258097963048229 2.64564e-09 5.00066e-06
92845995.893223822117 6827 3.0909540432744981864 0.12060993633092267907 0.19401064848322263634 6.0091156698841858841 2.595932763154804146 3.9349705359068685162 4.02501181112333839 4.1182327855247669035 3.04652e-09 5.24145e-06
92845995.893223822117 5324 1.9797876722262555127 0.046016212699873874914 0.069560700423535085091 3.360503072025134319 3.7716700817434332116 0.035894901810071107306 0.034279790669505171008 0.0327026734525723492 4.64884e-09 6.03437e-06
92845995.893223822117 1410 1.7280073579468808731 0.4208283581269229856 0.2928086006216519821 4.7595617134567236306 3.9371095083281191229 4.6906355952291463041 5.1269230131257206295 5.512108932378702697 1.96181e-08 9.75145e-06
92845995.893223822117 6244 3.180963742512109782 0.10856139800787723004 0.26085498781849325578 4.0842226591052934737 4.5855076965525993771 5.0744514377383742598 5.1742661946731764999 5.2714522616279531064 3.08558e-09 5.26376e-06
92845995.893223822117 6327 3.0190941976936769287 0.20129848190110302686 0.19550931039811469958 5.8728814610851598488 4.5239211377787027502 2.6366661372448065848 2.528775600619210806 2.4129939121910126687 2.25041e-09 4.7381e-06
92845995.893223822117 6874 3.2777890212751579213 0.067232569871954278584 0.27246442836160034151 1.9085552395255196423 0.53632292990665197951 0.054931413619026286943 0.051356058450493589917 0.047904776223674241931 2.61974e-09 4.98428e-06
92845995.893223822117 4112 1.8196935970023557783 0.49751646266632182369 0.76035845117244826863 2.2572602816867766151 5.0277741455659024084 3.0813171734701421123 3.0375993351732497594 2.9859541519244352514 1.99037e-08 9.79854e-06
92845995.893223822117 5511 3.2299290400883373664 0.093082865666270539484 0.18726435513484379625 1.2827942574817861043 4.0156842464285498195 2.3110043351477873586 2.2399220192667086415 2.1669111425938414328 2.90982e-09 5.16185e-06
92845995.893223822117 6186 3.2399236393714638815 0.067393610187778701937 0.23372860581460139229 5.605772897370169261 3.9005792821199420928 1.3338733307228414215 1.268825996050350513 1.2044817875028672738 3.14704e-09 5.29848e-06
92845995.893223822117 5195 2.7446369001757418005 0.058278903897111863919 0.093398778640732205147 0.053711650458542703479 4.2576039268620853306 2.6072878300235702298 2.5768220960797667551 2.5456299435636147166 2.26107e-09 4.74557e-06
92845995.893223822117 3953 1.2276837273329592737 0.079807876562383792129 0.35040697586865660051 1.0076026550607442012 2.9066921892669652649 2.5533577821154631593 2.5074846726284780729 2.4602017667809246149 1.87457e-09 4.45811e-06
92845995.893223822117 6667 1.4921327568853608447 0.094996770707479152862 0.39574513324519727808 0.70655949919543292737 1.1387676493551583956 6.2102553289796000868 6.2168784989495646798 6.2231728169815383467 1.85586e-09 4.44323e-06
92845995.893223822117 6816 3.1289417785430537755 0.15052826310365513551 0.15745057816299826148 5.8927880534993200001 2.5383475499984364809 2.8599926223766041211 2.814630981091913231 2.7662862477375589343 1.76213e-09 4.36713e-06
92845995.893223822117 5762 1.1686479371813802697 0.32469724586555948065 0.35150628530945215999 6.0721118278141696933 0.63052937984652346337 1.9051431319844620571 1.5746633356703458873 1.2499685175237220669 4.50081e-09 5.96963e-06
92845995.893223822117 6595 3.034024228421961844 0.07321661271312088215 0.18040858956985403316 3.0535090919386851382 1.1669450808530437147 0.039047687037339580407 0.036286766445989687702 0.033630555328615259481 2.5233e-09 4.92235e-06
92845995.893223822117 5950 1.7990205806611987427 0.27553932038411310668 0.23248985367951707781 2.6151161492009231679 2.5317764557719479868 6.0170084905874361425 6.0820731818501378996 6.1371146862981227343 1.07677e-08 7.98408e-06
92845995.893223822117 5351 2.9699589453808217243 0.10375449427197480645 0.1121151854588850888 1.4179117423180007673 4.7777480698806495951 5.5532961284099666699 5.6200518585002114946 5.6839220085780821634 2.44807e-09 4.87295e-06
92845995.893223822117 2768 1.5682667006916175545 0.079509742638392694181 0.032092974712186500552 0.18552898081443597311 3.784830259546796416 4.2437414655030085697 4.3160606231427767199 4.3894071352780370532 1.06163e-06 3.68842e-05
92845995.893223822117 5194 1.7732874671002021305 0.55749639064265166244 0.46664456110177726655 3.3532078032419105895 5.9521241058696343629 4.8725309958338058891 5.4311101173231772776 5.8507088708266010713 4.75382e-09 6.07945e-06
92845995.893223822117 6928 3.1880158320263873861 0.22185865407021015949 0.33682986961862981801 0.37397178958081667144 5.9128119725539152185 5.0835829259536851055 5.2840700369758923927 5.4706515308362959615 2.08658e-09 4.62021e-06
92845995.893223822117 5914 3.21263969740490829 0.074332287794062118502 0.10231795334899530803 6.0131807151199216932 3.1679585399996956774 2.4113904422879839373 2.3603357290326392182 2.3079929814498822971 2.63408e-09 4.99337e-06
92845995.893223822117 5072 3.112433791201746569 0.056700371310061843666 0.18185559384734534261 4.1041530916303168297 3.5428595920067649239 2.4593609168118719666 2.4227794176617303279 2.3854426772213499497 2.73643e-09 5.05722e-06
92845995.893223822117 6154 3.1492335382015155254 0.15969817086405480033 0.21201704083152086988 1.9094112818400792442 1.412073166428484905 6.0391658308031574975 6.0751857233085546639 6.1081638771205089 2.04677e-09 4.59064e-06
92845995.893223822117 5312 3.0002145247925993132 0.11427804252737391866 0.19752386018127199296 5.9541872911549900138 3.3482401631329894443 3.4797829576313152877 3.5199921535187970179 3.5622103098452595482 2.46345e-09 4.88312e-06
92845995.893223822117 6126 3.0336280021545567465 0.28240253925566422 0.22594836873810059119 6.1850086681886793372 3.3192061329037656492 2.7884282218994802527 2.6732598232866551236 2.545783525748983589 3.04059e-09 5.23805e-06
92845995.893223822117 6952 3.2831648507590567299 0.15253108881217089521 0.083176450247385694259 4.3582756654316590073 4.2464320119789116248 3.472901031184768339 3.5266990168107250625 3.5839984966259028631 2.57429e-09 4.95529e-06
92845995.893223822117 6073 3.2230461311138149938 0.085339456783450368116 0.23760347019800362456 4.1600892244247695828 5.1289928403485767205 3.0092262374889484633 2.997443381538447138 2.9851843193139750987 2.87152e-09 5.1391e-06
92845995.893223822117 5578 2.8985968124453926897 0.20238257360533370988 0.27603526206357664741 0.85919121337863901822 4.2643454685331949605 3.3005709081549405859 3.3365765709856596288 3.3757883478528372123 3.04211e-09 5.23892e-06
92845995.893223822117 5231 3.1622069455754209244 0.10297722175858499416 0.31069245748686913355 5.2828626931470097361 1.7960185926317098204 2.8145865053704754999 2.7797198338531758921 2.7432631807599685558 1.89135e-09 4.47137e-06
92845995.893223822117 6029 1.8015122689882188123 0.32022355855448264572 0.51112792244991089863 1.4320105448969697726 5.11171412443335349 3.0671260182856601162 3.0378604758241318784 3.0047025287267277172 1.2969e-08 8.49478e-06
92845995.893223822117 6192 3.221587400608882934 0.15265907287117633229 0.28391415902847960684 3.5508025990058111887 2.7497925598160946059 0.27627761662637445594 0.23727658488507846757 0.20139309406237174138 2.79503e-09 5.09306e-06
92845995.893223822117 5211 3.1191765235114750077 0.1063944758833355736 0.24052934577543055861 4.0693278832630594977 5.3860324730642155089 5.7282755122788824309 5.782039363720542724 5.833154555778603978 2.07199e-09 4.60942e-06
92845995.893223822117 5717 3.1365001874103146662 0.14952637254092979169 0.21384678857640598837 0.41212132704218062962 3.2552810244270693474 4.0883267646852274879 4.2157897424870203196 4.3472545099231876264 2.31886e-09 4.78566e-06
92845995.893223822117 5643 3.3111826345078747558 0.085544985242546792148 0.013801489014315064877 3.117233813301524048 1.5705986889372762771 0.26050411056717315272 0.23930846561187846255 0.21903166453063352415 2.47115e-09 4.88821e-06
92845995.893223822117 6842 3.1876847908205787618 0.036387988584168771966 0.14302321802321632527 1.388611495367637394 6.0656769406112589493 4.838917888575318571 4.8749403074389743296 4.9108486149261336706 3.94698e-09 5.71398e-06
92845995.893223822117 6572 2.9575295588193255547 0.15803478668403689311 0.21030322551028809985 5.8601633072308443317 4.0799714596130529642 2.5149992849118429916 2.4154056823761189676 2.3104668824360969914 1.66053e-09 4.28153e-06
92845995.893223822117 5131 3.5248369797395757708 0.084785169597020246246 0.28924320037849249321 5.6677684086346129533 1.1483201742186273098 2.2684185567515418036 2.201523647194641331 2.1330512461714148387 2.25296e-09 4.73989e-06
92845995.893223822117 5534 3.2260817765237721488 0.1384090037338678858 0.10968310278674935077 5.0942368574085223898 3.7950994282448813344 1.5766872175946722301 1.4377781229629498227 1.3005918083537637564 2.18919e-09 4.69474e-06
92845995.893223822117 6119 3.1385898012699722237 0.12551565402728889764 0.2348885999611176334 0.80022761219176863356 1.7527360003393717136 3.1946480290022116755 3.2017792666482045583 3.2093290687199562683 2.96829e-09 5.19619e-06
92845995.893223822117 5257 3.2224804945308185289 0.14905671715719770454 0.26211887335279554501 5.4607441746981555397 5.5766527631778703977 4.3214738339552951629 4.4638927074069112422 4.608370902170083383 2.20895e-09 4.70882e-06
92845995.893223822117 5240 1.6968870123852082266 0.27361315014669906898 0.38378842629555331989 0.09204870896735767305 3.2364846398212723244 3.0048866663541375921 2.9607861586870076742 2.9115842266495732815 1.54708e-09 4.18172e-06
92845995.893223822117 2850 1.6696371252535922025 0.27352316269579229902 0.56938142104217204231 1.8578308374111329737 1.0787092440784944447 3.0965192468409861171 3.0819224429667948506 3.065610941869984174 2.86233e-09 5.13362e-06
92845995.893223822117 5957 3.2263069559532482344 0.060258327670532838005 0.061338121125179875803 2.8630934471740223657 2.2626146660383339437 4.9201212312454529751 4.9787561041535228767 5.0368893337236517738 3.45473e-09 5.46581e-06
92845995.893223822117 6103 3.2978729137837849983 0.07623756693983127497 0.15864077802088746849 4.8798149066871827628 5.809082912077966121 3.1490069748871571953 3.1495955095277081703 3.1502056212804299129 3.07621e-09 5.25842e-06
92845995.893223822117 6335 3.0984650475442556683 0.1026410583741894228 0.27649753617323791222 0.71523484675484194639 2.7123223161525680247 3.2430017212451498487 3.2539821425419215295 3.2654936484764451876 2.80706e-09 5.10036e-06
92845995.893223822117 5252 3.1239891098196901353 0.1447513945987431716 0.16670896926042966246 2.0561538340880121112 2.053323332219816777 3.3872734290991002304 3.4253486058743756182 3.4658736939953112 2.42859e-09 4.85999e-06
92845995.893223822117 5034 2.8296401082411208883 0.21833211733616189609 0.11975179905270479097 1.9422173648634393217 2.8923875757859431879 4.0905400158787337261 4.2819394332864142427 4.4803549138402809504 2.20492e-09 4.70595e-06
