52139630.390143737197 0 5.4011849580917514757 0.055661003110342256728 0.031548959594529871198 1.036738114126985133 4.6793693083971978908 2.5646739026493818869 2.5335666697231400413 2.5017704137272009923 0.000954966 0.000356051
52139630.390143737197 1 9.0327320653090161784 0.0040148539767893244232 0.039209402825706549112 5.7959925406063321773 5.1991743211307390737 3.9400098967285899221 3.9428895895073350353 3.9457732947960679759 0.000285285 0.000238018
52139630.390143737197 5775 3.0312070392150456399 0.12839022113883874487 0.1025634553834197521 5.3590168883097097918 5.1079882645549847808 1.2589304945077002262 1.1387504812799018605 1.0221579098417103992 3.02463e-09 5.22886e-06
52139630.390143737197 6920 2.3591748315014884341 0.14158322659881983352 0.15780041239097791772 2.7376328759249064504 3.0614361563016996293 0.34699734878999644039 0.30164723320032343912 0.25958378154057409892 4.48089e-09 5.96081e-06
52139630.390143737197 5134 3.5507639180161048031 0.088374667553252822527 0.35292471294173399787 0.098066581120817619688 5.5762822210159574965 4.9935087872962968802 5.0774991010986152418 5.1600485036563732422 2.31886e-09 4.78566e-06
52139630.390143737197 5278 3.1868586774124598726 0.1174517757917754035 0.33490874350569460605 0.29978319622971272285 4.8209654576379552537 2.5741792809858505819 2.5075474670362338792 2.4379680307504476566 3.13887e-09 5.29389e-06
52139630.390143737197 5740 0.92491882887513088285 0.28880808619384157332 0.2664285753507991128 3.599534624088673862 3.0977312905748690675 2.6722184060703062514 2.5188135624695888737 2.3503533202298707572 3.09097e-09 5.26682e-06
52139630.390143737197 5588 2.8106766063721773108 0.29308282875624042108 0.22410366425937958135 1.9617608602184271049 3.9184216821295785316 5.177819164970257404 5.4274290911971654339 5.6487262468272181337 2.40685e-09 4.84544e-06
52139630.390143737197 5846 2.8140913898452524222 0.15981819484974962853 0.15680474396602681053 2.226552495567958978 4.6248416464404966675 1.9408917646486818498 1.7867434638461177077 1.6306372244852740394 2.37403e-09 4.82332e-06
52139630.390143737197 6171 1.9501224318411993774 0.57860143027228727597 0.26032463441343034471 0.54869957911489641855 0.72232466680910478729 4.6147330427135999642 5.2474158618825281764 5.7451605911185819053 2.39216e-09 4.83556e-06
52139630.390143737197 5548 3.1713133321886699534 0.1133198078588891905 0.27819394588065365914 3.5565952926611967833 2.3275217472325584467 1.1337758251775891249 1.0332789362995773441 0.93593921172348104598 2.11518e-09 4.64123e-06
52139630.390143737197 6443 3.2092475339726744821 0.246038334307187051 0.28795678057327378507 6.1133946422075640115 5.6905841314347247462 4.3455860594350887993 4.588581867701591932 4.8327369468901153482 1.88164e-09 4.46371e-06
52139630.390143737197 5990 3.0941739084193531362 0.048049127008302119912 0.1720621526289964065 2.5339403923410706021 4.3031900499283146644 3.9638073825046356014 3.9996131967153334408 4.0359647448797435487 2.30118e-09 4.77347e-06
52139630.390143737197 6883 2.3261629275885407075 0.29826009902578387578 0.33258952300957567161 5.5777584163097895242 4.6433120842266415451 2.2976108719085051035 2.0451437863353572055 1.7798142972880512946 1.23696e-08 8.36184e-06
52139630.390143737197 5098 3.197887757410045495 0.084003798677473220935 0.059913428757365792821 4.2884751361166424388 1.741205855320487883 2.3623633364836207349 2.3014206875298359734 2.2388581956821913543 1.90652e-09 4.4833e-06
52139630.390143737197 6793 1.315494115527126251 0.44656125935943979943 0.44884204953958212192 5.8325903202739883824 2.4097238869621362412 2.9562706381720165183 2.8433497400495499896 2.7121316693905970219 2.0508e-09 4.59365e-06
52139630.390143737197 5467 2.9579359451840456785 0.20658856450935036975 0.19502776860886641974 1.0002254059168220746 4.2422452165257915624 5.3598657040037727128 5.5162498246339710661 5.6596082245769903096 2.43648e-09 4.86524e-06
52139630.390143737197 6282 2.8256050946804966983 0.14371697125937682449 0.066155403176006308263 2.0036685593869805189 3.524866988576750515 4.7008020585403622604 4.8451291487519956291 4.9875818349458533874 2.68214e-09 5.02355e-06
52139630.390143737197 5694 3.0997242475825501629 0.15150705461925423334 0.34414334352580272514 0.78092752049633307188 5.3440032662728551571 5.3737462223658267746 5.4885013462967435771 5.5966231819353122745 1.21025e-09 3.85309e-06
52139630.390143737197 6392 2.9604421792811281833 0.2563926411497763902 0.18188161569593253031 5.6374457592566908914 6.138180802917271528 2.1233883662552686111 1.8862594082793424644 1.6425190243527554301 2.75286e-09 5.06732e-06
52139630.390143737197 6484 3.1141830639149636895 0.066300942121131828388 0.20702402943819439574 5.6134342375158858829 2.5660870346023858524 1.4362829374514147762 1.3708233740955493296 1.3058436804009443399 1.88476e-09 4.46618e-06
52139630.390143737197 923 1.6052183276259677225 0.09041233305130519371 0.17684901626440480138 0.23923420710483833673 2.6186337922473681417 3.4730127922462328272 3.5038088699380645075 3.5358462555977538955 2.53731e-09 4.93145e-06
52139630.390143737197 6739 3.1583143394458237374 0.032215302850357119269 0.26105191251234344252 1.9019390252294203769 3.5817681659073623557 4.559723350834413047 4.5916477455966067112 4.6236285090668340914 1.84353e-09 4.43337e-06
52139630.390143737197 5885 3.5003843480775027608 0.07038452715959414574 0.30882828612427487558 0.82591122057653298949 5.1656701859357463391 2.4898868525740009972 2.4459176905979620464 2.400807986616962264 2.25928e-09 4.74432e-06
52139630.390143737197 6655 1.5322908116662248279 0.3158868386316425747 0.083762159811314754188 1.5800231730220126725 2.2417139575739537527 4.1200135884068922465 4.4135997278302676605 4.7154907544090463034 6.32791e-09 6.6876e-06
52139630.390143737197 6764 3.2638007263120094592 0.056956410286486465477 0.27779973728382978404 2.793113236653959941 2.2878276256851863835 0.52764314644430709844 0.49963399100659172669 0.47234592973276234851 2.4069e-09 4.84547e-06
52139630.390143737197 6362 3.0152406115988967805 0.090127619116266266541 0.21681409108431631827 4.1133370614542901222 3.200855936055996942 3.3625259512318610433 3.3832282155355857256 3.4047949428495249968 2.92709e-09 5.17204e-06
52139630.390143737197 6809 1.6555511618006135688 0.46769473400716438105 0.42022001061266622823 2.7981407267385622895 0.59975567054920619903 4.2337047842003903142 4.7214170162880089165 5.1890926905938963287 1.72631e-09 4.33733e-06
52139630.390143737197 6055 3.2240344059556056422 0.11807632328156462964 0.056219631567541360206 2.255357786764276451 3.2575566362643098017 5.4012662021062496365 5.4893595579541916152 5.5735527943262246353 3.0525e-09 5.24488e-06
52139630.390143737197 6498 3.1922979314451183086 0.061016131244307124371 0.13752797086852833197 0.21376572308803210021 0.31725056861912598327 1.2895696393784139566 1.2314053034837511014 1.1738696802339767533 2.50157e-09 4.90818e-06
52139630.390143737197 6313 3.2591353406730014797 0.097082192278311718603 0.36405200602960241518 2.3493482867956134719 4.2596177180388528072 1.3739055772984574144 1.2794437375436056303 1.1864529555106215764 2.33149e-09 4.79433e-06
52139630.390143737197 6300 3.2495985766666239947 0.043037378626887203004 0.19278620818691669103 4.7978484673881824918 5.5532582109689521133 0.36938398655912291213 0.3541447766709797107 0.33921991553309222001 3.26125e-09 5.36181e-06
52139630.390143737197 5323 2.8333983820704240486 0.19901993040717808059 0.12522616213011439346 6.1609461909787848199 5.6454947508410890933 1.7907422800182393186 1.5908241968971410518 1.391844180153261501 2.25995e-09 4.74478e-06
52139630.390143737197 4755 1.9036041247651089847 0.041010631567480734794 0.067993723035744135785 5.9513121809193725298 5.5446485811826002887 2.1915293394869093113 2.1577553025316218438 2.1236086719746327667 2.39615e-07 2.24572e-05
52139630.390143737197 3800 1.5852697915233657788 0.35252436240703310943 0.22424144966120113098 1.4361447800269744324 1.731840948301025751 2.8185442180414561619 2.6790133073285242737 2.521696540727561775 1.79108e-08 9.45995e-06
52139630.390143737197 6104 3.3234415976115672109 0.070523624665568468428 0.17777168770059725844 2.2691942884571565386 4.3377713721530479773 5.0909398318703278363 5.1556844350685517853 5.2193914640036904729 1.75259e-09 4.35923e-06
52139630.390143737197 6197 1.8018566997539744445 0.0086739158283714624942 0.36854741622383824229 1.8284873395148593112 0.9645234986802817545 4.1875714691949781354 4.1950944634502969066 4.2026334867579446808 8.02678e-09 7.23931e-06
52139630.390143737197 6815 2.1738384192597686173 0.15054761770589997205 0.27530997813395913232 6.1831498863199563232 6.2685805063067023823 4.2633533175305888818 4.4041556862802533345 4.5476081501682275032 3.57143e-09 5.52668e-06
52139630.390143737197 6425 2.3902480480145222863 0.1763671519306831692 0.54316393012123731499 4.4355695960679417666 0.37561059386254241899 3.5722551078228810262 3.6529415866465431151 3.7392475713681450067 5.02719e-09 6.19382e-06
52139630.390143737197 5489 3.2124513040389239826 0.096335073635417600713 0.29469873697789494837 5.8507824437566604558 0.74767203192166287185 6.0874542810522225267 6.1053839351192547014 6.1224223377427069437 1.80848e-09 4.40509e-06
52139630.390143737197 6756 3.2140703304395450424 0.10260021005419413254 0.30087492627539619283 2.9638486907492525013 2.378045584604859819 3.8754030970122421706 3.94700216315853325 4.0209886539423624896 2.22448e-09 4.71983e-06
52139630.390143737197 5116 2.7171780037493582505 0.14795047983189596463 0.102464324994474415 1.9342500017529500322 2.067150289506443972 3.3744100707881834467 3.4114079589491508315 3.4508446666440684147 2.56354e-09 4.94838e-06
52139630.390143737197 6951 2.9842183709974698935 0.020491256625286807802 0.068237606188233990157 0.094320780302960136043 5.3697183415774549786 2.3641713712987457718 2.3496908955944388886 2.3351074622960497074 2.54062e-09 4.9336e-06
52139630.390143737197 5559 1.8902458616940764902 0.28378314340389643178 0.10427733328237261123 6.1772508167824558001 1.9832694705348286046 3.3375979003825744229 3.4033477564370246959 3.4767840994552763334 5.44342e-09 6.36025e-06
52139630.390143737197 5923 3.0177689145410866445 0.075489839965732913329 0.14341517413636423184 3.3226573590122434609 2.5583697087044945384 4.8245685497173713685 4.8993396874955070786 4.9735141588879638874 2.22479e-09 4.72005e-06
52139630.390143737197 5234 3.0204703907412153718 0.24264953307632960988 0.1341221187725157582 1.3303474058112267908 5.7468003341431836972 0.97083970854231393943 0.78131672039972377419 0.61043930770109300354 2.35138e-09 4.80793e-06
52139630.390143737197 6863 3.1597419316207315809 0.15284443822864846041 0.047454743083780032142 5.5705467789582101545 5.5779731085668382562 5.5222062334794808081 5.622559784974568764 5.7163467966978078749 2.72515e-09 5.05026e-06
52139630.390143737197 5146 2.7662992990778700886 0.10982674733142872014 0.018241259074530970924 3.949116700386377854 1.8633346376730235416 1.7084097007069909413 1.5985709930608440477 1.4887866049446119021 2.55901e-09 4.94547e-06
52139630.390143737197 5492 1.8985235609520254574 0.18811242712832440538 0.40592440726429507292 0.51757466407491670157 3.6862157380679185792 4.7386264018877479742 4.9273345260652678945 5.1111181119857942434 4.51271e-09 5.97488e-06
52139630.390143737197 5047 1.4022671094130554348 0.2749973979041968053 0.20835471257883131369 1.7132271015588791396 2.7384342055541437411 4.3481648538028618844 4.622218616347717024 4.8960988116069232845 1.0218e-08 7.84583e-06
52139630.390143737197 6657 2.3574570525278208954 0.17366223613727568842 0.12812432122650005417 2.0245288981968596609 1.8700773317983725441 4.8511372961399477077 5.0219585748416317728 5.1873657384826890038 9.52311e-09 7.66378e-06
52139630.390143737197 6413 2.9686136969193586133 0.37869796294460383868 0.18422151021843671814 4.4815465848560478435 6.0870252903247008547 3.8083037354622186754 4.0940589440864538773 4.4026400812898556225 2.71272e-09 5.04257e-06
52139630.390143737197 6628 3.2552305956818474719 0.092042252904053628582 0.23140693245731536187 0.88873459646171837356 0.12915749365961395889 6.2373662498454702785 6.2414049589906728244 6.2452493976635210515 2.5094e-09 4.9133e-06
52139630.390143737197 519 1.5478497994432063312 0.13902721274027751708 0.18247720673562559113 1.5634607731266216835 3.277596086600130576 4.7044952183435508886 4.8440466053199440211 4.9818706274510287102 3.92741e-08 1.229e-05
52139630.390143737197 2992 1.7870342100508118666 0.18020217383175055059 0.032376282288821549293 4.6107504123742337754 5.7110613204517903796 1.8595487160314820851 1.6812302379610670755 1.502125789033131209 2.26492e-08 1.02298e-05
52139630.390143737197 4502 1.541951982840787938 0.35611986717403826264 0.031839703129065977105 4.5846385411844945423 1.3634391707126327642 2.36478089278705772 2.0698271605305298415 1.7571372533321221177 4.58456e-09 6.00643e-06
52139630.390143737197 5626 1.4442139456103226802 0.086976489265592413225 0.23459652328389618559 2.8813337954245770156 5.5463235359623350718 5.4156423177042603001 5.4802648810190444095 5.5428346984021175103 7.93289e-09 7.21097e-06
52139630.390143737197 753 1.6573048610440104245 0.39388221942400403197 0.073355165503471098098 5.3552477578869472907 1.518543676262912312 2.655362737055711797 2.4220941385452263717 2.1625227743307262607 1.27811e-08 8.45356e-06
52139630.390143737197 6244 3.1699370651761409334 0.16333940305765773382 0.32104467745738496376 0.027349658337598163615 5.3263530440978339442 1.492135952141853128 1.329611852145254014 1.1710001871074635638 3.08558e-09 5.26376e-06
52139630.390143737197 5020 1.5670154603846728758 0.38622231637574183649 0.45068610540428521993 2.8958875423148615624 0.083011835138333198159 1.3981224202314428418 1.0200626046612426556 0.69094681663516122061 4.40916e-09 5.92883e-06
52139630.390143737197 6390 3.2287805872527806095 0.062505237689182840954 0.33154234606860633061 2.2303923392564040107 5.465195645617439979 0.39432869215201382662 0.37096722620003630411 0.34830801281663587021 2.74624e-09 5.06325e-06
52139630.390143737197 6914 1.8394927780097709569 0.27460093560019199765 0.31711870367135791549 1.5525212224204290035 4.6480184114691649455 3.0823264740634916947 3.0630493156267082355 3.0415034104736315967 4.41745e-09 5.93254e-06
52139630.390143737197 6451 1.2048458931501933034 0.47918656910588064424 0.11905342053577921968 2.6516402766127460389 1.1421639635683160652 4.2355044215336752345 4.7382531441057844646 5.2172794450290336243 2.57122e-09 4.95332e-06
52139630.390143737197 6702 2.0877783544185515296 0.19609998827533547949 0.25561191884564982146 0.19889869842239030207 3.4299949727019685142 4.8182120317210532789 5.0124753985766217212 5.1998118641289838848 3.70623e-09 5.59535e-06
52139630.390143737197 5195 2.7463501625766784109 0.012081169017453572551 0.16823055824018121052 2.2130464406150833767 6.1861007467077637756 2.8192236095842284627 2.815373928406261772 2.8115023550100075589 2.26107e-09 4.74557e-06
52139630.390143737197 5437 2.1447497600533749207 0.3599676985118299144 0.5658038805623182288 1.3983284709947636504 1.1079346196158750271 3.197497425543275984 3.2230602808964863293 3.2523535669624128452 4.54448e-09 5.98887e-06
52139630.390143737197 6667 1.9062393898731686548 0.34395814082349962515 0.21282893908280114958 1.5230450282259464512 5.7148762772782131236 3.9191398703783795199 4.2021436960925901971 4.5022900790183815189 1.85586e-09 4.44323e-06
52139630.390143737197 6816 3.1238573658343860018 0.12401597078862973411 0.11301998782177469227 5.3425210660430328957 0.91815403714748922148 2.6424801089042824209 2.5794660024142195276 2.513367125573761296 1.76213e-09 4.36713e-06
52139630.390143737197 5291 1.832564514675908196 0.44014724109419856024 0.63975848933103696137 0.16673781559625561188 2.3927307385911569249 5.1225864484425827072 5.5071121442553145897 5.815427523519091757 2.6037e-09 4.97409e-06
52139630.390143737197 6595 3.0449842620483247302 0.012289243641926086981 0.26659712620186148957 1.0093759872778982345 2.1717857879215816119 0.05833119906847982622 0.057619100474737325324 0.056911397053564578841 2.5233e-09 4.92235e-06
52139630.390143737197 5950 1.3281402930158194842 0.17825294314861644951 0.27604616682347526968 1.5142456937433552699 5.1018408524632352652 2.983575544042169625 2.9525485221775218392 2.919051203817754736 1.07677e-08 7.98408e-06
52139630.390143737197 5351 2.964595695653693852 0.14262490448775599905 0.076335324185734923508 4.3531364941690249282 2.8146622698724970135 3.5003675305035444332 3.5543126543264835782 3.6115198486240971398 2.44807e-09 4.87295e-06
52139630.390143737197 2768 1.5972904326696293342 0.015592534153741472586 0.046387435723330462667 1.0171988631000947745 3.8925493901123862095 4.4599364803663812395 4.4750648659188199119 4.4902203500961892502 1.05906e-06 3.68544e-05
52139630.390143737197 5194 1.9222932677243682598 0.33794116338917634668 0.10328917464474132726 1.499428878128171494 5.6037813176205597543 0.35420284239086480271 0.25048219346164279919 0.16671633416540948547 4.75382e-09 6.07945e-06
52139630.390143737197 5310 3.4855377118836115002 0.066894594485917974191 0.32998334951827940076 5.0414634979220647182 0.27514167215088519702 5.993086657858929911 6.0116470227348104416 6.0295890677124575063 2.51895e-09 4.91953e-06
52139630.390143737197 5888 1.2276606280376427538 0.24030837184211500945 0.40137486391051074852 5.0184669149426861523 4.318374502787792224 0.88666615902448953079 0.71163705361237195035 0.55469781360559500261 2.79797e-09 5.09485e-06
52139630.390143737197 5072 3.1116512295193565762 0.13856457563273225086 0.24875504917039822916 1.5206198612523560421 4.4777268129828442511 1.4219424438391075061 1.285863526669679624 1.1528857993146179872 2.73643e-09 5.05722e-06
52139630.390143737197 6639 1.2646503976624945409 0.098382431515124532662 0.2808849297297411618 0.35566271428368334551 3.2544349603481972366 2.4264067713181547425 2.3592593762254048251 2.2899060327291480554 2.07227e-09 4.60963e-06
52139630.390143737197 5312 3.0131238773859498892 0.12872661216972233755 0.1987793532593507273 1.3522604467185443955 4.2641645672455847915 3.0375516414956518219 3.0232050936957990395 3.0080010380439521356 2.46345e-09 4.88312e-06
52139630.390143737197 6126 3.0292144879420161985 0.3050518767105942497 0.20995467952511639997 1.7445922404489209168 3.7703189280849103149 3.3975186239057109105 3.490644990613624099 3.5949750035219327771 3.04059e-09 5.23805e-06
52139630.390143737197 6734 2.1155144967452610416 0.089643788554517989109 0.32885150094448528657 0.61229424726728864936 1.4613845381486234576 1.546045966982694031 1.4564086314644155706 1.3673506777954891334 1.24231e-08 8.37387e-06
52139630.390143737197 6073 3.2565594040012828536 0.084634535960068577043 0.28193125964818238627 1.9794034398919111428 3.9616920290173509578 5.3838760770123856858 5.448527018188024762 5.5112468899748598972 2.87152e-09 5.1391e-06
52139630.390143737197 6692 1.8300337878879384679 0.10083422322057745968 0.24953069951051098929 5.4410825839211618415 4.5197422139074037162 2.2805774046134166255 2.2013285251105316753 2.1198833262547451817 1.32225e-08 8.54977e-06
52139630.390143737197 6028 1.3413686417490708891 0.44013632354008447312 0.27172340959437685237 5.5016926673556119098 4.0937579255024454383 2.3992838135262264387 2.0255437068171802117 1.6301375503144912571 2.1303e-09 4.65226e-06
52139630.390143737197 5030 1.2686171556014127493 0.46870553314631457908 0.37997343402504862864 1.756870763203039143 3.5852643662324190643 2.5185786996654750958 2.1585324767789009215 1.7684766382695009668 2.14686e-09 4.66428e-06
52139630.390143737197 6521 2.9613259390383364078 0.11368530682024852174 0.14902936014766113293 2.9189508836305848583 1.9917802806825226636 1.5101933516626813159 1.3968610285587690356 1.2848910790915837321 2.953e-09 5.18726e-06
52139630.390143737197 2010 1.984855762685751035 0.61070314609791465088 0.1739198656266837395 1.7188160641519425464 5.1505670408203272359 3.9122242579561143927 4.5211934372246904701 5.1207681945049188244 1.54172e-08 8.99881e-06
52139630.390143737197 5717 3.1632889959420422699 0.19353532975658935267 0.19040644594256178612 4.7728283420292854089 1.4383885792977699758 4.5768758664467776853 4.7724305670122957324 4.9656171548855994047 2.31886e-09 4.78566e-06
52139630.390143737197 6832 1.5032154214377362322 0.1790404687654679472 0.19076243288286323652 3.1807906388985713875 2.8625647684049955188 2.2510950326441925284 2.1026063836114530226 1.948293084139641751 7.86044e-09 7.18895e-06
52139630.390143737197 6842 3.1863302376821494022 0.067545128390727016132 0.11865825691469920888 3.418676177265248306 3.4920806116100835403 1.7679204565041140018 1.7011904219364830659 1.6342187024771344106 3.94698e-09 5.71398e-06
52139630.390143737197 5372 1.7123712480703774386 0.31837749939258130905 0.16731380424709182964 3.9869857145152343136 0.43720715771115759019 3.0480477815946409592 3.0115839409196527576 2.97030859624654342 1.39548e-08 8.70479e-06
52139630.390143737197 5131 3.5515540644746059762 0.047067199650268655431 0.29149332786757492508 0.82195755760118172084 0.5751942524748294705 0.44260120565161836792 0.42285241350517588366 0.40353776223233644993 2.25296e-09 4.73989e-06
52139630.390143737197 6291 1.325567734607712822 0.18650463688487972647 0.26311052140837759561 3.8958788585689574369 4.8186840379760980113 1.9522320558503929444 1.7717530204600371313 1.5890015910129264842 4.97801e-09 6.17355e-06
52139630.390143737197 6119 3.1163790311899011165 0.0213662299620886037 0.11672244982586139905 4.6551610999808312741 2.5706522034579308844 0.92496447814408289112 0.90800891389820603816 0.89116633883401208394 2.96829e-09 5.19619e-06
52139630.390143737197 5525 1.9230765046617683822 0.42883118344316156767 0.15915885514423541713 0.89603899075759319004 6.0141202253019994117 2.6682841483598358501 2.4127655542538768429 2.1271660612171938709 2.22151e-09 4.71773e-06
52139630.390143737197 5240 1.6510333314465066579 0.19207644904243451056 0.46319286479306043258 5.859851054066854914 5.8286964729463850432 2.3963338945617800313 2.255000785465383295 2.1061564964658301413 1.54708e-09 4.18172e-06
52139630.390143737197 6997 2.894261472533170565 0.10274760755178176386 0.23589358559342868404 0.8332534225550016771 4.3601289786457542164 3.7290888527246015549 3.7887309116769767314 3.8506780344899764756 2.77488e-09 5.0808e-06
52139630.390143737197 5667 1.9905931672065244609 0.40894077982809778904 0.70207448334970856685 2.1695799915868789753 2.4179911599552288415 3.0246189183479339491 2.9612759900732568141 2.8879360959389250851 3.20823e-09 5.3326e-06
52139630.390143737197 6103 3.3056060162357305821 0.098826179857394128025 0.10161137802942130093 5.2967792931305792692 0.86960640386070942043 4.6306616404584675095 4.7297194504556916428 4.8285307897005083078 3.07621e-09 5.25842e-06
52139630.390143737197 6333 1.2506324970183106959 0.26525813115583007917 0.29494618811464440311 5.5088472518740845274 4.5578210420212261766 1.8254300774770346738 1.5564716014370345576 1.2912406850025468508 1.94245e-09 4.51128e-06
52139630.390143737197 5252 3.1605493217098978853 0.13192279172949694654 0.1624654221909563323 3.131446572777126125 0.11068307015923627146 5.5843313025662899562 5.6654157828932039109 5.7418278886804055006 2.42859e-09 4.85999e-06
52139630.390143737197 5316 3.4711972263917041381 0.14368204648305804572 0.21588179947668917347 2.8726572708840918402 2.5025992055292514138 3.842782520951030012 3.9413208999964979284 4.0443648836999583907 2.96988e-09 5.19713e-06
52139630.390143737197 6874 3.2921596691264656265 0.11645317987613938715 0.24298298306157373183 5.6732690266835419379 0.032699896806667877458 4.0149358143515403441 4.1079244080566716946 4.203742842647407052 2.61974e-09 4.98428e-06
52139630.390143737197 5053 3.0356293260624078734 0.25634690660062270373 0.21966408961804739786 5.0633749814884927432 0.5624236930006186741 4.863572548422202324 5.1150061129448758379 5.3508551828734640665 1.90259e-09 4.48021e-06
52139630.390143737197 3953 0.92345628869368556746 0.055284641363399118774 0.48170330932192478857 1.5808553949360826252 4.0072229922354720699 6.1061011710197501401 6.1155891313443477841 6.1248113110897657307 1.87457e-09 4.45811e-06
52139630.390143737197 6204 1.5739944426862950699 0.13357683770499098608 0.32874920556704284591 4.0232121547524757332 5.7349571370710350493 3.1478420389791543776 3.1487408639841736324 3.14969569119240278 2.26769e-09 4.75019e-06
52139630.390143737197 4189 1.1109232041931698109 0.06099446314797188351 0.019237155372762090866 1.7999985616740012961 4.1941784393570085143 3.174321191418704835 3.1763818221592821089 3.1785033408182989945 2.43052e-06 4.86127e-05
52139630.390143737197 5324 1.8965769243154777524 0.15735740866785141723 0.31414747125244785186 1.3811673132479660442 5.7807597578188092413 4.4720861947402497094 4.6285138697984002931 4.7853180955115393047 4.64884e-09 6.03437e-06
52139630.390143737197 5185 3.5385348765266657622 0.055459613475728863907 0.20916474595895381827 4.4936921817386483724 0.57177775637242078677 4.07197096090633881 4.1172179812063482984 4.1631414605691619002 2.64564e-09 5.00066e-06
52139630.390143737197 5451 3.2699834083167229615 0.095538436142921942529 0.016028288021079615394 3.6115326361016548695 2.6618476207030683511 4.9745709349879412287 5.0658589513708704999 5.1554909352639493036 2.58702e-09 4.96345e-06
52139630.390143737197 6192 3.2065127935297419448 0.19485661039731119737 0.27064620913008718972 4.6965245444199252844 5.163193632497256047 3.1219279297136695028 3.117637312538531269 3.1129699024156498588 2.79503e-09 5.09306e-06
52139630.390143737197 5992 1.7328058586321086754 0.17018572343157170601 0.20670252310102008031 3.20602964394974288 0.75544294976042092316 5.0021424191867849274 5.1621623940492167293 5.3154224046772506895 8.41385e-09 7.35386e-06
52139630.390143737197 5853 3.1597954288284446633 0.1863021829797280593 0.18681057873912043643 1.3504759498068679147 4.6823852770666860579 0.5963730037478093271 0.49850676047785108524 0.40943297356049235258 2.34516e-09 4.80368e-06
52139630.390143737197 5360 1.6357516740430686486 0.43991600543414982605 0.26063511480410628263 1.6812955928889463664 2.8376724783732414359 5.1920256997917650921 5.5593473412742815398 5.8506884084416546088 3.7029e-08 1.20512e-05
52139630.390143737197 6233 3.1480498019783671459 0.18200039468155507216 0.22342330449302469364 0.28325563292850358676 4.8785234169322464481 4.2608617383767377618 4.4324672888853440256 4.6073836961023557635 2.38928e-09 4.83362e-06
52139630.390143737197 5650 1.8497715200382884859 0.13847379002092116695 0.31671069098151716226 3.9618405456841179202 4.4682448761325606057 5.8411718146173816635 5.8971559683531262763 5.9492931403785966893 1.14639e-08 8.15256e-06
52139630.390143737197 6255 3.2467777944848954519 0.14805386505811182762 0.18160921616323114081 5.3109999993485681458 0.45435196914221376296 2.7115352878968685957 2.6449864963388494132 2.5744470605366518434 2.45838e-09 4.87977e-06
52139630.390143737197 6952 3.2256987850888183544 0.17862994514649344069 0.11365941965552006643 3.0234624484161929381 2.978475857197852239 4.4859903995057104353 4.664616480621198491 4.8430426288526930989 2.57429e-09 4.95529e-06
52139630.390143737197 5708 3.1204356795159293725 0.31049390641817981029 0.3149232614378859596 1.36200127309275687 0.26613916310716140279 4.1381250809188196982 4.4286583244129111847 4.7267379904904114341 1.65544e-09 4.27716e-06
52139630.390143737197 6956 3.5025434058459845588 0.11920566117768231773 0.40480459186598960475 2.9299138848514929556 1.1109468316066144489 3.888691097072037639 3.973662751759049705 4.0617946975081080652 2.20649e-09 4.70707e-06
52139630.390143737197 2850 1.6271279945307040027 0.29289717893836469953 0.34532113152472160289 3.2030060867656868773 2.4891981149324098332 3.0716850197124885291 3.0470954654223074698 3.0194586799343667849 2.86233e-09 5.13362e-06
52139630.390143737197 1284 2.3455033202990271946 0.20208415848776536961 0.29497885068266199715 4.4473914366856082125 6.0652320702680837528 3.6002043107536745303 3.699627499897782279 3.8066351412512093866 3.64405e-09 5.56389e-06
52139630.390143737197 6722 1.4799739062126684441 0.14152050121530321269 0.47161018316424918595 4.4388551229515265106 0.086418571862119514249 2.8285258354356304089 2.7815498088038905777 2.7316901080599453877 1.78527e-09 4.38616e-06
52139630.390143737197 6089 1.7871757602712847746 0.27682338036278703042 0.31724781608549501577 6.2307300511601786397 4.0904944157008671368 1.2028877433950342368 0.95347223323998420152 0.72774205099501809713 5.81535e-09 6.50193e-06
52139630.390143737197 6473 2.3677926396372530604 0.6165708980445395726 0.37502982162340275929 2.1104286326074714886 1.8034938783524492312 2.3399976047557986547 1.7095454004718180219 1.098899884668654181 5.43469e-09 6.35685e-06
52139630.390143737197 6295 3.2720486737866427696 0.02212384738189852873 0.28711110753398016993 1.7984521929193517664 4.8320025038369323056 1.1647934735786362737 1.1445547804604643272 1.1244104396422298642 2.30061e-09 4.77307e-06
52139630.390143737197 6211 1.8742678511257855334 0.23105596519643822884 0.43996599366358507543 3.0219643352030995942 5.1187080103087243543 2.7494159861230293984 2.6491154436473922651 2.5398698344679497829 2.33777e-09 4.79863e-06
52139630.390143737197 6969 2.1795059707726824882 0.021039144849909860446 0.15827015649411668718 0.17291666805840857912 4.9337037355518518211 2.2408438126731620166 2.2242435894324996681 2.2075386591456438445 2.41679e-08 1.04535e-05
52139630.390143737197 5578 2.8819695147405348656 0.090040661035973995618 0.2564486732256054391 0.63857394426787283948 4.1803714158928126921 0.81659219085646772562 0.75282738794039405494 0.69126615570480420825 3.04211e-09 5.23892e-06
52139630.390143737197 6286 1.8350443637043372114 0.25314214730499456918 0.81617803505845265555 4.0086067972043455399 4.3395429097182045552 4.4715324236160283178 4.7279359456131349049 4.9810475002770964181 2.66284e-09 5.01147e-06
52139630.390143737197 6886 2.7166374738708514158 0.40217511361134022918 0.8010508401373904741 2.9888263113288275896 4.7163226996565432714 2.4720447560228189232 2.1625774179696657384 1.8287928130683182015 2.88448e-09 5.14682e-06
52139630.390143737197 5290 3.1887649136694191654 0.09419064196408960532 0.16980511730578773388 1.1034015430806760616 4.5512260471901493375 0.097076463424790260248 0.088337387446643281241 0.080027649559264696366 2.68653e-09 5.02629e-06
52139630.390143737197 5080 3.1994080814596168594 0.18658861548513480666 0.27117093307226375343 0.34463671961868502791 0.46455337421404618858 3.3068239669378769463 3.3409513766422520575 3.3779035345559544901 2.57476e-09 4.95559e-06
52139630.390143737197 1410 1.8816606903021380059 0.040005068092215649578 0.3532454366807880608 5.8677459735254959838 3.6537387795257414425 4.4814996250472871608 4.5206329130324238719 4.559904731120327348 1.96181e-08 9.75145e-06
52139630.390143737197 6186 3.2261418870261722169 0.05613876545623889408 0.19458179407882558731 2.7402227856625787084 3.0751752037587039013 0.90249948743437402587 0.8591638662306136931 0.8166501603077062077 3.14704e-09 5.29848e-06
52139630.390143737197 6417 2.026240739257772816 0.52621408630462529477 0.70958603881426218773 0.56782493119334243037 1.1708154688013774347 2.5990488894404570885 2.2156023779426541331 1.7950434746418435505 1.63097e-09 4.25597e-06
52139630.390143737197 6572 3.0069238823957289419 0.097486410256674427277 0.16182237252166098429 2.9171151412565978767 5.2920586132374154431 1.4027854748986026134 1.3072956942047602169 1.2131741137572205069 1.66053e-09 4.28153e-06
52139630.390143737197 6029 1.8308755292213634291 0.57013905627301897372 0.57079722999921189697 0.10206510555590860012 5.6954028622694030659 3.4786433639879490443 3.7703622566957730733 4.105689609754078262 1.2969e-08 8.49478e-06
52139630.390143737197 5063 3.4732580064446088031 0.12243230379381878081 0.45823192363093967483 1.305244716073555189 1.167524413229511282 2.6419652993441302691 2.579750041438971575 2.51452466526600249 2.23728e-09 4.72886e-06
52139630.390143737197 5643 3.30603063523384888 0.089025422920391311665 0.084338171126587091475 2.3579505551863575441 3.209172120615765067 2.9677107180042545664 2.9515693185681626254 2.9347540355495951303 2.47115e-09 4.88821e-06
52139630.390143737197 6335 3.1167040632570226499 0.12345479723283787898 0.23274337104386794151 6.2325228099965732653 5.5611467615094536399 2.7890459300880747762 2.7436203820316649171 2.695775490001837138 2.80706e-09 5.10036e-06
52139630.390143737197 6290 2.0718235785176828401 0.40726126900969117361 0.38129620427272564731 5.8142053273807023928 0.98372775139708201753 2.8570206420325856556 2.7070984260299741919 2.5356611116137983686 4.66797e-09 6.04263e-06
52139630.390143737197 5878 3.2338930772059550911 0.051895534976932986004 0.11415567980170257534 1.3102250345691621725 5.6947913908590477305 4.611770859221006269 4.6635622621104060315 4.7153959486422607483 1.44428e-09 4.08696e-06
52139630.390143737197 5257 3.1992249762435607252 0.1510238526022619765 0.20343626966511627052 2.9447595656732969971 4.4380757903651328888 0.098544187945243541527 0.084650359109283021541 0.071881398232399112969 2.20895e-09 4.70882e-06
52139630.390143737197 6327 3.0041419396402102571 0.21806965311968454224 0.14561125457681098339 2.9318838517587142434 1.7694455901039745083 3.7909356914951386486 3.9370026255472021504 4.0927372083345172626 2.25041e-09 4.7381e-06
52139630.390143737197 5405 3.1740669397029903642 0.096507632880570709544 0.14528114548015994001 2.0191436349406028938 3.4449843458978701705 5.962355603585869801 5.9915200949326896662 6.0192706242069240474 2.93677e-09 5.17774e-06
52139630.390143737197 5231 3.1567894594940142383 0.043422141575640275935 0.30308906013991615547 2.0920402512351978785 5.2770152112521966359 0.61380042653156086097 0.58921620175324340707 0.56508610246695067936 1.89135e-09 4.47137e-06
52139630.390143737197 6129 1.4056978022045103494 0.2760178398649849596 0.72850941110503175668 1.1363907011237306399 3.6824837341587963735 1.0237094049399302342 0.80063841762484944109 0.6025126094283206335 7.14833e-09 6.96495e-06
52139630.390143737197 5034 2.8760491242751400343 0.26755816020134259858 0.13469528048384304952 5.6640150644744728936 0.72223664503094398004 4.6617813779631793736 4.9341512746224314157 5.1951572964992722703 2.20492e-09 4.70595e-06
52139630.390143737197 5227 1.8796004479459322845 0.58408808303943027251 0.39412679165697506178 5.3799446542829283402 0.62263036626517054284 2.2297194168678231563 1.6146746866610530713 1.0311487888637573818 5.94474e-09 6.54979e-06
52139630.390143737197 4112 2.0517535034912208758 0.42606611209925482342 0.77505694812289360751 0.60843213328949641294 1.2692153616931640681 0.99525552771638681193 0.66374980774857705867 0.40126119015937983248 1.99037e-08 9.79854e-06
52139630.390143737197 5288 3.0889889163898405222 0.26401262999019309285 0.24103268734312921495 2.9770878636212980695 3.943889716304823434 1.9663924949033859679 1.7063003267817580255 1.4447078024002146801 2.94866e-09 5.18471e-06
52139630.390143737197 5938 1.9069155127085870571 0.26742461590895677537 0.031474032571871118913 1.6543773983781429049 6.1674849113835739089 0.50204188497266510893 0.38507903759383826925 0.28462569064570042432 1.88863e-09 4.46923e-06
52139630.390143737197 5446 1.2360007166939968037 0.19401440435553643504 0.17060120991875279972 1.6095749724908219314 1.923914100278862005 1.0835775762785504472 0.9184589613384543938 0.76428210048674116717 5.46354e-08 1.37196e-05
52139630.390143737197 5914 3.1925738568930781547 0.034942594494179121667 0.122319346961392586 2.2573256016451286321 5.5971252701726958989 4.3609294605265702671 4.3939417209505098327 4.4271274966221625391 2.63408e-09 4.99337e-06
52139630.390143737197 6154 3.1354899102835611657 0.17581307049062408487 0.22901755230624051829 3.3065941582497431206 2.6418399147948465888 5.8783064324277889412 5.9428258489851506496 6.0015168145240256337 2.04677e-09 4.59064e-06
52139630.390143737197 5511 3.2211296170756886781 0.11022703448022036499 0.1515944340394855816 4.631472575894908239 6.0519476837134531522 4.9366371239239486002 5.0430231599816321975 5.1472799292148474493 2.90982e-09 5.16185e-06
52139630.390143737197 5957 3.219365787161144965 0.072711236499804446365 0.08217705897129784498 3.3132968274561354072 3.0386096532516946311 5.4777082288220437789 5.528911459569714637 5.5787011805650310592 3.45473e-09 5.46581e-06
52139630.390143737197 5962 2.8934431012209924639 0.11729965165525488291 0.24795597284537873595 1.6926652109026565363 0.31180419677475701423 3.7868429003897756679 3.8610896639428138322 3.9383908895678665374 2.88829e-09 5.14909e-06
52139630.390143737197 5160 3.0549861417503829664 0.086922747339710948467 0.16153388470037718938 4.522784438994174927 2.4365801724201769929 5.2735510818292059554 5.3455816273824918738 5.4156537449404815732 2.48083e-09 4.89458e-06
52139630.390143737197 6827 3.0881946396315735903 0.17373577372535534136 0.21539708713736646639 1.425596399857295582 4.1414078891527577042 2.1725328406588646502 2.0209826541599924532 1.8645568634359142024 3.04652e-09 5.24145e-06
52139630.390143737197 5481 2.1447699998524685228 0.35708563576043239607 0.54288122881737443937 0.52172882108676033042 2.9928040597556697655 2.9688993606011231385 2.8913797925086575091 2.8029617477515764712 2.0621e-09 4.60207e-06
52139630.390143737197 5196 3.5656696074399119034 0.13402469793654508967 0.18473428450428205916 6.049778726489507541 4.3451278656071306017 1.4575998391577749125 1.325033399520721078 1.1950358770725753033 3.02458e-09 5.22884e-06
52139630.390143737197 6960 2.9601898401176631737 0.2064558135075536538 0.11659042697711309577 2.7050337569833167173 2.3799573392180914944 2.5528815334863881326 2.4261468700687034428 2.2907213617022144092 2.28045e-09 4.75909e-06
52139630.390143737197 6928 3.2169256126718792643 0.15200282484467803057 0.25064097931254275542 2.5731859395963785353 1.4319331514476998368 2.7302435402581086699 2.664528001453750683 2.5947323245738047603 2.08658e-09 4.62021e-06
52139630.390143737197 3089 1.9606578695748655417 0.27051717204602204747 0.53851478784174722225 3.5743310201676266047 2.6919443559427831403 5.5536154340776775484 5.7198505134932595695 5.8643090260610364339 1.46985e-09 4.11094e-06
52139630.390143737197 5640 1.3909866856202566243 0.20674936310080971325 0.28329001907641293556 0.83783766672033477274 4.026416329822264828 3.5653144778686405303 3.6602259967760946147 3.7627103459345385694 5.24602e-09 6.28242e-06
52139630.390143737197 5762 1.4736216637702614918 0.074110789483072328498 0.45948879696088573699 2.3033220942714622836 4.6153830692676658387 3.6839767932573090903 3.7235361675493301448 3.7642710575731253009 4.50081e-09 5.96963e-06
52139630.390143737197 1444 1.9241123025528887869 0.40498048910517697729 0.83175608775209253221 1.0720663561804955055 4.8336893046679261232 3.8144991616143051338 4.1278887683862386382 4.4656376221069180588 1.72307e-08 9.33865e-06
52139630.390143737197 5176 3.0911060414065563151 0.26388293235465948294 0.12706393841168245329 0.25684924480230381105 5.6086114775467237337 2.4305925300529280797 2.2360289005872195922 2.0284128677341621838 2.68297e-09 5.02406e-06
52139630.390143737197 5642 2.905585398893549165 0.16926600215561835028 0.16973167835685865068 0.6609564945809229819 3.1060326348137978769 3.1682905688168570002 3.1732658947210223843 3.1786262012796320242 2.80041e-09 5.09633e-06
52139630.390143737197 6140 1.7385429464833905833 0.31392226527258004776 0.25894043707309116753 3.0302863521919176648 5.3768894068401511532 0.32323980329935442235 0.23454915210522533919 0.16159220317879297024 1.67728e-09 4.29587e-06
52139630.390143737197 5534 3.2418598138244170137 0.1321661920443910343 0.082217662731780480345 4.6700447005492655705 5.8511365709727343187 1.7283199466591969706 1.5960288814494862919 1.4639047610783113562 2.18919e-09 4.69474e-06
52139630.390143737197 5929 3.2597289091964323227 0.17105257054488540169 0.17672268285039136049 5.3533736877185047476 6.0328257961406279719 0.41114855439921899061 0.34734071551110945464 0.28911467046281241755 3.18574e-09 5.32011e-06
52139630.390143737197 6935 3.4885473582221950828 0.079849954988609486706 0.42579908838172586538 5.9926657543143573292 5.849721618275614432 0.32058196470245103882 0.29630218692014498316 0.27298715481327456844 2.603e-09 4.97365e-06
52139630.390143737197 6775 1.8200146983507601295 0.29408256800723769908 0.27783781784186328823 4.1741245856347308774 1.4467015871088944046 0.75658717869683889123 0.57103349638388545273 0.41208132079480891408 6.39874e-09 6.71246e-06
52139630.390143737197 5211 3.1889743817777462809 0.10767743115604903881 0.23388412042973830141 4.4018578469948206333 1.9882212245500359149 3.9566629107196695792 4.0382332601861516963 4.1223545585422707305 2.07199e-09 4.60942e-06
