29568788.501026690006 0 5.399729869343588895 0.059045540625756239017 0.013683770986297106101 0.19603628644424936356 4.643858738707629108 1.2339947025882260778 1.1787713193749074225 1.1242051340852026176 0.000954961 0.000356051
29568788.501026690006 1 8.9864420671297473575 0.016064736804675926185 0.0613359438303044055 0.83041335636249669072 2.8638441086210106867 6.1666653593943445699 6.1685183251261417325 6.1703563858634984385 0.000285285 0.000238018
29568788.501026690006 6992 2.2976159907572646368 0.27851318798618651673 0.21776732287438810287 4.7077101828421401564 3.9727120263148374413 1.2845197679500126586 1.0239465318002616279 0.78604979623573378866 1.98059e-09 4.54062e-06
29568788.501026690006 6819 2.0815726809621311055 0.19683157382734101093 0.17098186698086459412 4.3392420107828542086 0.23244583534307744488 2.638578356577114814 2.5337110316254309872 2.4212946440628329015 2.46721e-09 4.88561e-06
29568788.501026690006 6751 1.1891051854840239965 0.2352372987491874734 0.17417104700818930585 2.6717011548683462507 4.5080150465037744922 1.7954461696733357012 1.5576339415175950442 1.322417019715405484 2.66624e-09 5.0136e-06
29568788.501026690006 4781 1.7511636897310320915 0.36778093645075166096 0.20735262797366615928 1.0090766602708292066 5.7211336858003978278 3.1125919498254486228 3.0989398475029554803 3.0832577145319297607 2.90062e-09 5.1564e-06
29568788.501026690006 5740 1.3433936220732134448 0.4330810474316495462 0.12352506052139450299 4.3544216471971672888 6.192505115374713931 2.0547013382575096685 1.6110799502516157666 1.178350250837720381 3.09097e-09 5.26682e-06
29568788.501026690006 5588 2.7488516411158001596 0.16391320912754533956 0.16213670553279760367 4.8131291126803574798 1.9172140875905325785 0.12124807444544941082 0.1027992737650761379 0.085978777106681558706 2.40685e-09 4.84544e-06
29568788.501026690006 6582 1.6416399936690697636 0.26433997433213346495 0.27990667333775631764 1.6744894939186101279 1.6468527593688249144 1.1618011847274776205 0.92847929307256182874 0.7168196628718326302 1.86721e-09 4.45227e-06
29568788.501026690006 6171 1.4970159548339985189 0.051327683577100047252 0.25172613096697971091 2.7321917274197908831 5.3281124833422488507 1.881928336270787927 1.8326553081917176247 1.783077364785077723 2.39216e-09 4.83556e-06
29568788.501026690006 5921 1.5702246171386577966 0.15394156267736150423 0.17715533169947866865 4.4819141704502731827 5.8044079345561749861 3.7793269119262564715 3.8775672741310613922 3.9809097600219347513 2.32801e-09 4.79194e-06
29568788.501026690006 6443 3.2082709725435498704 0.1290838711885374801 0.25956509749970346768 2.3505860530698150512 5.9373452841183951278 1.936392250024880024 1.8126196551678541713 1.6872917437650449823 1.88164e-09 4.46371e-06
29568788.501026690006 5990 3.1344459616066755459 0.12889751787316161558 0.19517862199335361817 5.8485819095264091061 4.6976390826869591777 3.8592282263313522073 3.9486501292037572419 4.0417470286283396774 2.30118e-09 4.77347e-06
29568788.501026690006 6883 2.1925603369289539124 0.12746690843195146448 0.18510449854995925101 0.24344276924778357474 2.3164712770251241203 3.8936405763228676413 3.9852966811074970188 4.0805285221745561941 1.23696e-08 8.36184e-06
29568788.501026690006 6035 1.7646048790684225605 0.2203276307531272793 0.16571548128968055513 0.88477357340039464173 3.6431936586092295016 4.5528544837459357097 4.7761306423438218971 4.996010829101377837 1.65258e-08 9.20954e-06
29568788.501026690006 6793 1.2119424510359488867 0.057074099451718339482 0.22494180610842412493 0.70290579655939222636 1.3838980467577883804 0.30248109775208625871 0.28591742610853115858 0.26982037542992082235 2.0508e-09 4.59365e-06
29568788.501026690006 5467 2.9580676602190068003 0.082907265228516172084 0.12700913148210060677 2.0385638689768694753 0.29772030188550674401 5.0821443557865544349 5.1583998289906478618 5.2331966973465204873 2.43648e-09 4.86524e-06
29568788.501026690006 2413 2.0964601738649610851 0.25173439708945594129 0.66293179089366072176 5.9606352957132040515 6.1349054239282008183 2.3601899088376545599 2.1626434533910972036 1.9537261589126304617 5.65036e-08 1.38742e-05
29568788.501026690006 5694 3.1216837945641859875 0.064901315926085112462 0.29451378539518113797 2.3425177483421948388 2.8642191904373084377 3.9233250492867361992 3.9701684974855853127 4.0179987874862641561 1.21025e-09 3.85309e-06
29568788.501026690006 6253 2.2001149994227167106 0.30703585006401468149 0.021953778988140226075 2.2232791893258547766 0.92232221410715753418 3.0781402890393998462 3.0544748076044818674 3.0277603273275683904 1.17298e-08 8.21512e-06
29568788.501026690006 6484 3.1511989749879831813 0.046883421474273594132 0.24457317846111625848 5.8608784789797541137 2.9636173609061553513 5.1233029026298702036 5.1659016061924800667 5.2080457550852035098 1.88476e-09 4.46618e-06
29568788.501026690006 923 1.7550750502524419261 0.2797589646795006213 0.10859155675620892068 3.6442658654263038187 2.1424618361317375737 4.1807315428881253183 4.4444412687635024284 4.7142173918063914329 2.53731e-09 4.93145e-06
29568788.501026690006 6411 1.1776214656891246246 0.19319948993876553955 0.13116928961587179248 1.9225105596480220882 1.145964715663869038 2.5106870921076676062 2.3859675990270758916 2.2534822574170108034 5.10394e-08 1.34117e-05
29568788.501026690006 5448 1.7368422836170485102 0.070890166128689466318 0.2270126415046496704 2.504734311812617964 3.4877923379755548794 4.6066732287497176301 4.6774921280929877554 4.7483391339236264983 2.56033e-09 4.94632e-06
29568788.501026690006 6528 1.7083432339991679871 0.12021138661046722185 0.18361634301300655547 4.5693231248715413528 2.5098960244057844093 1.9938458003143222363 1.881158873239479723 1.7666908369410438961 2.31313e-09 4.78172e-06
29568788.501026690006 6764 3.2646586048742318731 0.02653427792997368681 0.2770300496160194581 3.8340650115767895834 1.2773543051904041601 6.1078432158716076117 6.1124130848251052583 6.1169224099448165077 2.4069e-09 4.84547e-06
29568788.501026690006 5259 1.5567000395091139531 0.12906633298389771913 0.032051544326451686384 3.0258904563429092072 0.74965382170675776141 0.63591264828798765851 0.5627837116843843468 0.49392131826364427116 2.21606e-09 4.71387e-06
29568788.501026690006 6618 2.4155161918336931492 0.51738114801173651358 0.79610508102300725497 5.7176048846929807823 6.2409747754906694794 1.7123292073048235196 1.1527812446416958458 0.67994841807702588454 1.98254e-09 4.54211e-06
29568788.501026690006 5328 1.7025436029832983209 0.47651350114831042548 0.6700082581400365056 0.51790702537225441482 5.8261568695065228951 3.9807085375089950041 4.4274475642302899558 4.8847471462606577575 2.1043e-09 4.63325e-06
29568788.501026690006 6498 3.2324811708040788183 0.057334921210779092593 0.14748180410534805773 5.1367492836235113529 0.94425534087516160842 2.8654430886210455753 2.8493538854406019745 2.8328358785373728423 2.50157e-09 4.90818e-06
29568788.501026690006 5668 1.2689726737191944217 0.15490259743236084455 0.19020600938368176225 0.03813184490340937316 2.7875434403283203544 4.0418818379515748518 4.1700233426427608663 4.3026958718835199846 5.17696e-09 6.25473e-06
29568788.501026690006 6300 3.2580493499638207844 0.032821789920177972533 0.24469467261063326813 2.3225619199088272104 0.36445622107883568486 4.9956571102609306223 5.0270328120974099306 5.0582432709030822338 3.26125e-09 5.36181e-06
29568788.501026690006 5204 1.0868375503334966048 0.45139696961181152712 0.31583478195962794155 2.1723566044730522329 0.8092803818251241843 1.4531916846451977676 1.0002124177035556229 0.62032316698611489336 5.21728e-09 6.27092e-06
29568788.501026690006 4755 1.7545479046623460029 0.13648278780798317467 0.049437779410036380989 6.232185337574013495 0.20227079498617034359 0.90504370554976332208 0.80167538841815177975 0.70360945663617602275 2.39615e-07 2.24572e-05
29568788.501026690006 3800 1.5585057710391347907 0.088636419391958168323 0.11030439680709673567 5.779563346316486161 1.353978200171435553 6.1674553873630806322 6.1772772611994462011 6.1866470322031696938 1.79108e-08 9.45995e-06
29568788.501026690006 5861 1.4839322188673809144 0.045125223068230649326 0.21196469559807765148 0.13679195285482337319 2.4062670951284190757 5.1032719727519868513 5.1446529282422579499 5.1856275173764787567 1.95257e-09 4.51911e-06
29568788.501026690006 6719 1.5840550282599084042 0.0312917372559757892 0.30573092538015567143 1.8638680535939067262 2.3646546086480504378 1.2552670146195867851 1.2256587579612794325 1.196212328297081573 2.09817e-09 4.62875e-06
29568788.501026690006 6923 2.0445655153670663218 0.56828979840727733563 0.32082828256304785075 2.7177534415791253508 4.0202046693581010572 3.4142795261156440034 3.6531179345148321325 3.9313002570525870105 1.67707e-09 4.2957e-06
29568788.501026690006 5480 1.4735652231861751105 0.40355554585199088224 0.23565129138367613137 2.3232616932710179469 4.982433924948466597 4.5383766826198268518 4.9627243276855921295 5.3537008054360768483 1.6026e-09 4.23115e-06
29568788.501026690006 5093 2.0766932945707434754 0.143011881305783628 0.29152101916657391367 5.6225838229468543261 4.7659584727601131959 1.3338060313467290374 1.1966077614833314779 1.0634916556956557354 2.98948e-09 5.20853e-06
29568788.501026690006 6676 1.8125335502308366209 0.081247119157388442146 0.14663872379422343561 4.4892638605650354577 3.1820957084518952662 0.86444137352446770439 0.80414298784128313002 0.74562585737376529949 2.23147e-09 4.72477e-06
29568788.501026690006 6526 1.1058941070940371265 0.079046204876333583944 0.28849478397776201488 0.16304389356465279204 3.1547614157090952958 2.4092410474967946854 2.3547144375534454497 2.2987376650868043271 1.74858e-09 4.35591e-06
29568788.501026690006 6951 3.01519698638336342 0.071782859036419788268 0.081946138383590882981 4.1802241249686691305 1.0700160660139179658 0.27146567200346394255 0.25283816299353506496 0.23488147331706019094 2.54062e-09 4.9336e-06
29568788.501026690006 6202 2.2170951964046907712 0.33299268575130180903 0.57508273909773499621 3.0007311773062950166 0.29189216206600893111 0.65097033015286154267 0.46869059214332547958 0.31827164530036089474 4.75227e-09 6.07879e-06
29568788.501026690006 6083 2.0760373370493545586 0.064183303044037937068 0.099714333212798947348 1.8859338232817259851 4.86386960468567775 2.5589840245344990244 2.5226632403171036501 2.4854264305653406275 4.91269e-09 6.14644e-06
29568788.501026690006 6402 2.9833065593823504535 0.19866090112918896593 0.20197208184473106063 2.156061668183800073 4.0552344853917805523 1.9126078501942440635 1.7175968696906747102 1.5210727379520099234 2.16272e-09 4.67574e-06
29568788.501026690006 6242 1.9718352026844851999 0.28667348739374987066 0.33948570752742168732 5.6686041501992070479 0.74315902356426688513 3.7714035015587397126 3.9663957234053155432 4.1769327860116645112 2.33848e-09 4.79912e-06
29568788.501026690006 5146 2.7712866710886019384 0.047050659624215833421 0.14162836651498195151 3.798670464596920926 0.19335801572516589375 3.5993293455021611038 3.6205814013635242432 3.6422662017781184396 2.55901e-09 4.94547e-06
29568788.501026690006 5492 1.7828625245588627379 0.25206747819088370921 0.17023490132582044798 4.2321660546873047792 0.76932028160443277631 4.4980873966340153558 4.7540353009611768798 5.0058842158089404961 4.51271e-09 5.97488e-06
29568788.501026690006 5047 1.778249765990790765 0.056000187843474560911 0.20911160167364367668 4.9886745254876343481 2.1992174435017464162 5.8331079794346472056 5.8568880065045956229 5.8800442144124405175 8.23744e-09 7.3021e-06
29568788.501026690006 6657 2.4106564496323090729 0.22355426182244711453 0.27291927979313346242 1.7604173772921247743 5.3818109557135205279 5.450587446725614349 5.6058967943192996586 5.7459943014934271588 9.52311e-09 7.66378e-06
29568788.501026690006 6413 2.7483160871620917476 0.30901601865125638557 0.16491301678675734932 4.3956508375039620162 0.41078981933965302842 5.2946139999274270949 5.5368040325870371277 5.7466217442152895956 2.71272e-09 5.04257e-06
29568788.501026690006 5928 1.5016128478158956572 0.067609243750921851901 0.21163578936172200429 5.8556240834818655827 0.72028031238517820078 3.7733471250643013661 3.8144368650247808539 3.8565718129428017136 1.85148e-09 4.43973e-06
29568788.501026690006 5018 1.3926968871807730022 0.13543245263772166198 0.26954319610286159303 4.1260201166655487981 0.38685447285887675228 4.6659025558743767448 4.8020352075175223305 4.9369238267101955842 1.65949e-09 4.28064e-06
29568788.501026690006 6615 1.7777767763060585704 0.35176910825697960128 0.15542317013118861491 2.6147662542016978371 1.4909218737824161405 3.9764583479025779056 4.2808402491209340823 4.6003588274758389076 4.67657e-09 6.04634e-06
29568788.501026690006 5423 2.135471160507132371 0.33362465416959269371 0.73633526540258420479 2.5978713108779101226 4.5723972943138031511 2.255663380703252674 1.9594157828165061908 1.6506685031795593765 2.52578e-09 4.92397e-06
29568788.501026690006 5626 1.0879873551753125316 0.38505086892664003306 0.21421844019581484653 0.42744654619422867148 4.9273872768347395379 5.1676337595591448348 5.4952662902398508038 5.7682238629677726749 7.93289e-09 7.21097e-06
29568788.501026690006 753 1.4301555902578344526 0.3189100052472507163 0.094925272589748643792 2.1230784988177573425 3.7493021453352839423 1.2469549659806269393 0.95400339458045846364 0.69385648449680681349 1.27811e-08 8.45356e-06
29568788.501026690006 1124 1.9072106400964021766 0.11209238594699259817 0.079555189358363073704 4.4505587448715200338 4.5460238643704933281 3.7510752716052837563 3.8185298932925029192 3.8887455233264636156 1.32419e-08 8.55396e-06
29568788.501026690006 5020 1.6285471386441199293 0.24923239631236601688 0.27941135781483456002 0.62760479366817167879 3.8930020841916910257 2.643392308182913375 2.507455604676152916 2.3597897574505823926 4.40916e-09 5.92883e-06
29568788.501026690006 6161 1.9205234443784613418 0.12977774576206882462 0.14333092023158150452 1.4251311491704636847 1.8236508287653203642 0.31188896238080771051 0.27423659301099639896 0.23909120450474635744 2.19638e-09 4.69987e-06
29568788.501026690006 61 1.7479473802372997859 0.15097785262753038449 0.086013745678535799555 0.37292722702396213785 5.2081983779359344311 4.8564894281317219082 5.0048701639059176571 5.1494362025307367503 2.97121e-07 2.41265e-05
29568788.501026690006 6451 1.8015461760480835363 0.40990202434499733997 0.11239460126910179316 2.4223278653948754346 1.0291844755961974123 2.3445012473040218737 1.9876136523702920833 1.6128065857855171661 2.57122e-09 4.95332e-06
29568788.501026690006 6876 3.0527833158268569136 0.14237690160298177577 0.14831611154686041854 0.88335648146224343691 2.372044851831210277 2.014294850039604956 1.8811362568016549712 1.7455607259455692137 5.7202e-09 6.46627e-06
29568788.501026690006 5132 1.2979191439968018607 0.22747915006983868147 0.2960265137520859402 0.45138580233395514396 4.5157252614602736429 3.8815746284466583482 4.0510470369668665214 4.2305664740032815629 4.5221e-09 5.97902e-06
29568788.501026690006 5470 1.6738978664194787971 0.12296783532211238987 0.28287493915894923457 5.1080273725656937245 5.8928318755010078434 3.6941763759399166567 3.762532284982263775 3.8340749284936270769 2.3944e-09 4.83707e-06
29568788.501026690006 6270 1.9592432740250413925 0.23064113503749292255 0.25655899712188984241 0.24646563765159762438 4.0626409832489045471 2.9457530732246968164 2.8943786170126513113 2.8379398898772310034 2.07589e-09 4.61231e-06
29568788.501026690006 2778 2.0475387003158589394 0.32655226763631606257 0.32665443524949622223 0.093177602174286375258 5.2138676868173456924 2.3458075407863363537 2.0756670060404776024 1.7898563680477528326 1.15158e-08 8.16485e-06
29568788.501026690006 5605 1.4728223769379396035 0.35551903655101552149 0.27489062731286079133 2.3085744551141491598 4.7633790718996902314 3.8277388409686721182 4.0975315133842276083 4.3879392556886642751 2.44051e-09 4.86793e-06
29568788.501026690006 5518 2.0932928057954494072 0.56605352591401913998 0.46422873513087031805 1.9999630487230899423 2.3129748494406530135 1.888780241548320582 1.2578204727505097882 0.71926495287949587798 1.73658e-09 4.34592e-06
29568788.501026690006 5490 1.5136865042010818616 0.065686108837767501201 0.25199292938190387403 2.6990764593592664333 1.3642314708696705594 2.681980522770502251 2.6519272608980184458 2.6210330721557877354 5.31486e-09 6.30978e-06
29568788.501026690006 5374 2.0300290793935444889 0.45622649740895332426 0.48980421179528288445 0.57074080834118612326 0.82549764500455091731 3.1139973895776384971 3.0964389101892635381 3.0758455754805780202 1.21754e-09 3.8608e-06
29568788.501026690006 2768 1.40444974992697591 0.014870993152793969203 0.042479252041983765753 1.1557293147142753131 3.4770452597227352598 5.7249484657363449713 5.7327765280381033364 5.740554588046504314 6.30548e-07 3.10044e-05
29568788.501026690006 5194 1.9697840213938391241 0.15706459209206091732 0.12030683204321487856 0.58834760286749077096 0.20510952940260590571 1.8536450243708575414 1.698767396062491164 1.542987141351197522 4.75382e-09 6.07945e-06
29568788.501026690006 6395 1.5610188818181640613 0.30273444247115766093 0.089748816291022145974 5.4641345015751445757 4.8917422572220434773 1.8204848808643607772 1.5106296386609039395 1.2084429848454025791 2.27089e-09 4.75243e-06
29568788.501026690006 5888 1.6148404079174856207 0.29259215695212426045 0.36572383966872457073 4.7622649583237057769 0.023257229731475058399 0.26392070993729699335 0.19575768206984892061 0.13884563970027258284 2.79797e-09 5.09485e-06
29568788.501026690006 5952 1.9167612469944574904 0.49928349674957217541 0.33714801866668997476 0.56667711916216789714 1.3561229778046262062 3.1866432799970785261 3.2195218784665340372 3.2583912843853686248 3.30338e-09 5.3848e-06
29568788.501026690006 6639 1.4788878241898542054 0.34517638986474485918 0.30580264095921011469 1.4924432932228550719 4.8777351087881761771 1.8563097744058105754 1.5003708513379236944 1.1560501016233186711 2.07227e-09 4.60963e-06
29568788.501026690006 5312 3.003096161677155429 0.13234493469264949073 0.18396079580689550514 5.7876168733036452707 5.7362653591148937693 6.0078907681086048953 6.0418495231353377406 6.0734799508462531392 2.46345e-09 4.88312e-06
29568788.501026690006 5514 2.0804985669042799223 0.36549180000543968205 0.13860496222371559982 0.3196837709061783328 1.1585325659928857878 4.5257030312337080957 4.9065867058158607605 5.2652082861992965945 2.23079e-09 4.72428e-06
29568788.501026690006 6734 2.0193342398710556473 0.10863481400713390079 0.018506033233923243481 0.50270709657899015355 0.27661051452401758111 2.530035392877304723 2.4645811129611843171 2.3965250439504037772 1.24231e-08 8.37387e-06
29568788.501026690006 6073 3.2448321346002058085 0.099027214139513944358 0.23259581207584106854 3.9983607591674714676 1.6678453158139652235 5.7264610581026884617 5.7767850130673217279 5.8248164270669740006 2.87152e-09 5.1391e-06
29568788.501026690006 5364 2.6226900106282027281 0.13513178001987069532 0.083716322610313961827 4.1301392164016235142 1.419796625805742174 2.5464091190713351587 2.4658079602689690901 2.3812817157091301645 2.91675e-09 5.16594e-06
29568788.501026690006 6028 1.6089987411129107464 0.12402361207080310479 0.20372425415009845495 6.1602897535868050838 5.4271649214832891062 0.21568620302032096014 0.19056886043572962564 0.16707661941610932321 2.1303e-09 4.65226e-06
29568788.501026690006 6691 1.5928695720918444323 0.32644114938325391462 0.26696213184037115296 2.8033609344930248142 6.0972064914388637291 3.0794376960489024952 3.054396655848052422 3.0259683501780507697 1.99622e-09 4.55253e-06
29568788.501026690006 6521 2.9829741165712042594 0.13818432410730127624 0.15786451685679708801 1.2544429512923276349 3.3861741776768377044 0.10056169211401032315 0.087523023829846599564 0.075444148991156811945 2.953e-09 5.18726e-06
29568788.501026690006 2010 1.8155390758494027725 0.20431380858631825737 0.20442789358681701106 0.39237214532951780743 3.910536929179660337 5.8987344824375140817 5.9693850865827364771 6.0324517541369422347 1.54172e-08 8.99881e-06
29568788.501026690006 5455 1.7960743928431315286 0.19696372889402477546 0.1129486729732451511 6.0821909372100080304 1.1765296207496798164 0.79460081787751291049 0.66210021685087161458 0.54101190865833415078 1.18753e-08 8.24895e-06
29568788.501026690006 6780 2.0448514014482794821 0.4341004471237707163 0.082534352861048501659 1.1192720681905703461 3.0387109170397357261 3.0779451099218446686 3.0403235362324143587 2.9964376683914486499 3.2776e-09 5.37076e-06
29568788.501026690006 5170 1.0262014643777925826 0.2678332973071538281 0.19355758096922789924 2.3764224363705572785 6.1086395706828024998 2.1518767949788273341 1.906616869411571269 1.6537446804677751189 2.19546e-09 4.69921e-06
29568788.501026690006 5540 1.8774178159313841263 0.21141661642457032499 0.18050411634916813108 0.90358621688249807224 3.1969770236330470325 2.6705017618441853067 2.5633346733388098215 2.4477815449813475901 2.31531e-09 4.78321e-06
29568788.501026690006 733 2.0291094539351930415 0.071171918250464552558 0.1887547151349686092 0.42891861718472390486 0.45965236200092601804 0.53941201644864089637 0.50389900763009465301 0.46953410333775630336 4.51209e-08 1.28719e-05
29568788.501026690006 5469 1.3913311587822052573 0.31147971419957826145 0.16748615797562943497 3.6316318001563190343 3.4996781445387705745 4.2560444748975374551 4.5620799507451721411 4.870047684417498246 2.51139e-09 4.9146e-06
29568788.501026690006 93 0.9679917294617552681 0.079455106705517974941 0.021032600755384812247 5.9225356670275566273 5.1980530934261324205 1.3301030765586596694 1.2535798009739980152 1.1780889218743406666 9.74894e-07 3.58511e-05
29568788.501026690006 5525 1.6178515009564715665 0.36771667083493303485 0.13097208486227421287 2.2304860755699986719 6.2033825097135837368 5.3274160047402823182 5.6060117272418690249 5.8364203339374194357 2.22151e-09 4.71773e-06
29568788.501026690006 5178 1.789000662063759961 0.2866269461742162461 0.14830066012609632864 5.0959271878053336025 5.4601426916732096473 3.9202364721270988035 4.1487714313947723355 4.3910652086019146267 9.33283e-09 7.61239e-06
29568788.501026690006 3770 1.5425774875594115976 0.19772824807929259561 0.18488398747600331973 1.1710145609355944174 1.060149068363828162 0.96977937462638119648 0.81419227843812491674 0.67040995727981078645 1.55823e-09 4.19174e-06
29568788.501026690006 5688 1.29103935575266493 0.096805398346809123922 0.20313893945510336225 2.7183988496598274764 4.7772301023784455865 3.0746399411137570468 3.0678179396404581247 3.0606826257531620783 3.26046e-09 5.36138e-06
29568788.501026690006 6053 1.0021160695569490962 0.19692861631300007108 0.19418943060762139385 3.558589103230673345 1.9360199861102163066 4.4385452980129702638 4.6346706821455478931 4.8310048601523947198 5.31336e-09 6.30918e-06
29568788.501026690006 5181 1.2445783084159833809 0.19020007267348773561 0.27182034633326196404 0.24780117975729495927 4.4335324682235235372 6.1342695520701280287 6.1602784959177379065 6.1835965692586754017 5.47157e-09 6.37119e-06
29568788.501026690006 5623 1.4216297266715198777 0.41984695971038332729 0.17315656798404929773 2.3142442428254388354 4.8138607361304188714 1.8999419467297784525 1.458780030269628547 1.0415643639492975225 2.3084e-09 4.77845e-06
29568788.501026690006 5316 3.4857898070817809888 0.046835520010613453101 0.19806780275040453132 3.5878816956609287381 4.9018926743271311608 3.2478438655920953693 3.2529321027300293068 3.2581359765447963639 2.96988e-09 5.19713e-06
29568788.501026690006 6874 3.2656135146347646803 0.10318030247217599427 0.26876447397031377751 1.0196595066048774747 2.8337423758200550594 4.0983704419422970489 4.1854718841628475445 4.2746569629608135443 2.61974e-09 4.98428e-06
29568788.501026690006 1959 1.0647683536724401598 0.40582290858660163835 0.12094539792593568539 5.1873801603605578237 0.27855221923697531805 5.2414595621889077393 5.5691910803063517932 5.834947309531139048 2.04943e-08 9.89451e-06
29568788.501026690006 3953 1.5488163181246332734 0.14807997683542062362 0.39557662750476091373 1.3544984560504920168 0.38610386424251014192 0.85016687244916344657 0.74362419058989936982 0.64337999490094066601 1.87457e-09 4.45811e-06
29568788.501026690006 6642 1.6535377710953071961 0.41352374389651108677 0.2016460008763540368 0.95577407345339771005 4.3126226437261649949 4.4409640073121074977 4.8766788727428140859 5.2846344133464500104 1.26355e-09 3.90884e-06
29568788.501026690006 4189 1.1507170069138430435 0.086936283229710850651 0.030695758455347842836 6.1321118493555930584 5.0679675280877614085 4.2977103245093282169 4.3788085903744589089 4.4609526050424896937 1.29416e-06 3.94015e-05
29568788.501026690006 5324 1.8520102658305623855 0.17036549582993373853 0.26953417225937331692 5.8531921495326413307 5.3259788494748141474 4.2447900916711418517 4.4038150234611777023 4.5661337528438137312 4.64884e-09 6.03437e-06
29568788.501026690006 5380 3.3718714465753980569 0.033719790200367687205 0.20781778414221013795 5.9008099037343928472 2.8122544209332147602 0.92780838868857584689 0.9010863192366701524 0.87464994591836409121 2.14422e-09 4.66237e-06
29568788.501026690006 5451 3.2603837119936085465 0.10880741477688102292 0.069139488147172578625 5.8902599181698631625 5.4433215245328536724 1.8673105284902042911 1.7613498446807136499 1.6545118933018085894 2.58702e-09 4.96345e-06
29568788.501026690006 5538 1.6473951489195883813 0.17616392400743041691 0.20257330833235187573 2.1227218763704369664 5.8099193438689766822 2.3605059468464424377 2.2272861546321531812 2.0877397509079633764 2.97954e-09 5.20275e-06
29568788.501026690006 6532 1.8931225374217985902 0.045311935533725006264 0.13342509385836978653 5.7262067823219693352 4.3486467931505687901 2.7925578467515195236 2.7767165020976785073 2.7605476809318614251 5.62757e-09 6.43118e-06
29568788.501026690006 5853 3.1158802229619344537 0.18493226092162431962 0.20403656363680242047 5.6114101355652383774 6.1557218435367033749 1.0155209236799984662 0.86472197616009227605 0.72400426392542072129 2.34516e-09 4.80368e-06
29568788.501026690006 3751 1.305090702547829995 0.14161514855721071826 0.099563976180960453433 0.38609253923424191601 5.6441090450076369933 6.1072678433451343949 6.130545507807739547 6.1520777747818682357 2.30157e-08 1.02847e-05
29568788.501026690006 6233 3.1123201612983217856 0.071789676888204353999 0.21353204406529549542 2.102883539080401043 5.7335914937941971914 3.0180777076445091112 3.0088942245388849983 2.9993957807167612728 2.38928e-09 4.83362e-06
29568788.501026690006 5382 1.9910778326299465313 0.33772405579505632156 0.28922545327890814004 4.0822848059452017111 5.3605665623665590402 2.5505097065915847132 2.3248369958612076225 2.0786602637073867683 2.55203e-09 4.94097e-06
29568788.501026690006 6255 3.2548126460900270729 0.1478619911733311254 0.17529190216163501037 3.1312544799091543979 1.3584007905870967292 4.9499846821608723957 5.0917640626586120334 5.2291125116300287701 2.45838e-09 4.87977e-06
29568788.501026690006 117 1.4196596737223334816 0.045537725997208851336 0.071558789907464115387 3.371304190058078909 4.1494922547382815381 3.4295603041209146156 3.4427886727160781355 3.456298012714361878 1.39228e-08 8.69812e-06
29568788.501026690006 5708 3.1479450478000035041 0.20907590214650015326 0.19707414720332594449 1.6325787152258819379 2.5215469295583212705 1.1903440694618006024 1.0020213466022351856 0.82586206110682036652 1.65544e-09 4.27716e-06
29568788.501026690006 6956 3.4921740845057138714 0.16472190246886073139 0.4026684299317357385 0.62540573927319353942 4.7147819309355574191 2.2006556608896672422 2.0599761440823236569 1.9145730633678663679 2.20649e-09 4.70707e-06
29568788.501026690006 2850 1.6759681121384792934 0.31777613315354424905 0.36159328844847071771 5.4222520611413109748 1.3353254845588515831 1.0423588235753047382 0.78349137918217803822 0.55921858633424526008 2.86233e-09 5.13362e-06
29568788.501026690006 5235 1.6946657656725430119 0.25535746005101528366 0.23634089613304604116 1.3568975188223002526 0.211399140632715421 1.1847489372053605639 0.9564057922649623622 0.74774684521747258881 1.69779e-09 4.31332e-06
29568788.501026690006 6722 1.8212224263872469621 0.25403607750846440849 0.28873927850116443139 0.69895648677869448573 3.1313926683005157692 1.7708610385063112691 1.5125195666257909011 1.2589147432665752646 1.78527e-09 4.38616e-06
29568788.501026690006 5002 1.1751529894139911558 0.21985601460345458036 0.38545470107340534804 5.4704751425122299935 4.0900500971835409558 0.36158391677811579923 0.29029885856365983399 0.22736758256267519673 2.79003e-09 5.09002e-06
29568788.501026690006 6473 2.0140193763089433432 0.070686588614122400354 0.27746150512737133287 3.1520754570567621755 4.3509080280045377975 1.6355339842757381508 1.5647746134182749511 1.4940893063846054645 5.43469e-09 6.35685e-06
29568788.501026690006 5815 1.5390823278938072782 0.34496008005304928945 0.23897490916095978641 3.742322495394575288 2.7945583554138346827 4.7156424578380047308 5.0676372926004447095 5.3910581166468993786 2.67562e-09 5.01947e-06
29568788.501026690006 6211 1.88856747506757916 0.32586392000406422254 0.068455120666581589783 4.2369344322820117199 2.6132551560197683216 3.2360360318572922722 3.2739461915335277276 3.3169496253539487718 2.33777e-09 4.79863e-06
29568788.501026690006 2174 1.1746683339038015426 0.25784752468508964629 0.40743865566171860726 4.2131886682175441194 0.6090844405920841087 3.3561783863780529913 3.4202156241470333953 3.4911319407745109444 2.03153e-09 4.57921e-06
29568788.501026690006 6225 1.8823511998084399011 0.30622087703770972666 0.21560595598413162532 0.27124185976380271734 1.8739991646032758688 4.2993769346532131337 4.6036926824900366029 4.9081063576525707504 2.38341e-09 4.82966e-06
29568788.501026690006 5873 1.6939612206927074922 0.38290558869282315113 0.20314346297775473515 2.3601840843115202695 3.1170961035820661245 2.7266928090689122044 2.5311172035980606942 2.3116138574065980826 6.23622e-09 6.65514e-06
29568788.501026690006 5741 1.7974088315379295189 0.36080393329918825085 0.26545711499749807816 0.71476124324763845586 3.5127179799376087033 1.9985421583266054224 1.6343636242782788592 1.2742884140471231191 4.83963e-09 6.11581e-06
29568788.501026690006 5780 1.5907221658743415649 0.2603207635058789049 0.098350654884146904156 4.9779625346791611662 1.4861265043303291122 2.600890700172310499 2.4473799378072937927 2.2808317727608304892 1.95079e-09 4.51773e-06
29568788.501026690006 5080 3.2274207901435474355 0.12579618435427977752 0.23703202124176589449 2.7607208975409847085 3.3403576031959829606 1.4716736834512644805 1.3469382949019257367 1.2242809452700269546 2.57476e-09 4.95559e-06
29568788.501026690006 6155 2.2366677263677567922 0.2464179227268992467 0.19517849388521010812 0.59613492817370328236 5.6893690210903864468 3.0053944136976729062 2.9666079907119922154 2.9237083467395379444 3.03729e-09 5.23615e-06
29568788.501026690006 5782 2.0334721084961548954 0.28914258178359053542 0.071518117521295360151 4.420915780695302999 5.1918434813155540652 2.7520029589993204588 2.6222076797901983092 2.47869282557265036 5.0598e-09 6.20718e-06
29568788.501026690006 6417 2.0756715612958811512 0.36789402409923188664 0.31500224278567584557 1.1095065547063640565 3.0184435975107959393 0.19943374495601581819 0.13581317561979541764 0.086001780431197730192 1.63097e-09 4.25597e-06
29568788.501026690006 6237 1.1555493384700414872 0.17101155489616179373 0.29894849061501882481 1.9903471603377893562 5.3747916342080168661 4.5136438421361013695 4.6850342978544770034 4.8559818745919880456 1.89473e-09 4.47403e-06
29568788.501026690006 5750 1.5758486506920637016 0.36570868814031337601 0.16997853169229057424 0.26878614468436079488 4.0930253494972070882 1.291394540881003028 0.94872586782312451348 0.65152403379549039819 1.52873e-08 8.97346e-06
29568788.501026690006 5661 2.7460966187772171132 0.14925609756313651388 0.087800605693749131375 5.9738743203141400073 2.5164128468738278244 5.1365850786849343024 5.2690857271214213142 5.3958049193323969206 3.01386e-09 5.22265e-06
29568788.501026690006 6303 2.0672055907657842511 0.58889140348581459072 0.12567617995591248703 5.1365580795975898099 2.172525352015545419 3.8796546649238070614 4.4417422816249763073 5.009196977992792732 1.48051e-09 4.12085e-06
29568788.501026690006 6335 3.0875551837932091459 0.15159346493053443838 0.22721666206001903121 2.6358487866194852955 2.0971006243584260353 2.8224922661744100694 2.7709377280978459979 2.7160266398377399533 2.80706e-09 5.10036e-06
29568788.501026690006 6290 1.6035795970044710579 0.22196893057413194517 0.10533319655433119599 4.6486085638545437959 4.6717651085670395261 2.6894718683790701519 2.5803393793674924694 2.462196943585850395 4.66797e-09 6.04263e-06
29568788.501026690006 5215 3.0735449776971401903 0.17394860435991157943 0.29031222115740573653 4.9772190418331989648 0.3896851827276930913 4.5726260662902191712 4.7478969675373337012 4.9217359247264509392 2.09099e-09 4.62347e-06
29568788.501026690006 6358 1.8238311160731619509 0.18848807493285824055 0.086742127336004101745 1.2022092166073232722 2.3534304689881819783 2.8278700384521107125 2.7633615226272567611 2.6937571733544158903 2.40091e-09 4.84145e-06
29568788.501026690006 3761 0.96781591711738768069 0.13581665767481873597 0.22142317629559235548 5.5184284722827090519 1.000057595787397835 3.9840374362636188366 4.0906087920000562264 4.2010063864225255514 4.38307e-09 5.91711e-06
29568788.501026690006 5048 1.7683457746159392254 0.099878763614298093909 0.011100366491538076266 4.241491668803271331 1.2539171086427269852 0.99053999760104183281 0.90908192301290646764 0.8302835771201210191 1.54672e-09 4.18139e-06
29568788.501026690006 5673 1.7828224953979074918 0.17034550093940903359 0.20279236104799377993 2.6456322846960258488 1.3240596578486798496 3.7155207819148259318 3.8158381266893468542 3.9221861983817931652 2.67237e-09 5.01744e-06
29568788.501026690006 3324 1.5488436052298901746 0.030223589127946020455 0.07903726937236474348 5.5798291339367889208 0.8675337834545170379 5.8350819081059217552 5.8480032713006737666 5.8607447953120637152 1.99813e-08 9.81126e-06
29568788.501026690006 5034 2.8372575085816871265 0.18146339396532804034 0.14011422294497311025 2.9486349161742158032 0.60978460567236891787 5.4741501184282590486 5.5985348328223558667 5.7132926993632908719 2.20492e-09 4.70595e-06
29568788.501026690006 6957 1.4436735751112741433 0.023154057106775031982 0.3625331977964595942 3.0751422454941268469 1.7374540514947613978 3.0459601114830583413 3.0437231254954197901 3.0414606647023343378 6.68595e-09 6.81142e-06
29568788.501026690006 4112 2.1070539089268653932 0.29041256417445804328 0.12328679083038288078 0.76042759131037684917 2.7179500874841933111 2.8798185198535879437 2.7902125766355618808 2.6902543473001792051 1.99037e-08 9.79854e-06
29568788.501026690006 5344 2.0055677021478870437 0.16167736955626627049 0.19515817835623519572 2.1101744258795576137 3.7608794252372872435 5.9600037001728658481 6.0079783234882784271 6.051913524179541426 5.14004e-09 6.23982e-06
29568788.501026690006 6577 1.8134626634563937309 0.27843631032621402044 0.26330660324197774358 4.8339597153506543847 4.8507017659259599185 1.0042327430822459711 0.78245270457909288364 0.58614926894897401155 1.63583e-09 4.2602e-06
29568788.501026690006 5446 1.4408999449861745745 0.1320713253819627564 0.093422701115560932705 4.1138276571182519348 3.5120765873331531992 3.9692340464899333874 4.0714113781723177965 4.1772680715644847638 2.99275e-08 1.12255e-05
29568788.501026690006 5123 1.3924208660302608287 0.37137116233072936522 0.17367251500218741644 5.7598551504138688628 4.4811535918710134752 2.1195136147538318205 1.7582029001586654271 1.3933341780646488761 2.85229e-09 5.12761e-06
29568788.501026690006 5200 2.2731506651157404875 0.36267091670587947583 0.27400544554499922656 3.2096081689594186948 5.1721168550297367261 3.8432128471093078836 4.1242497049340354209 4.425982650326020007 2.18438e-09 4.6913e-06
29568788.501026690006 5511 3.1563900319048237009 0.09630849119287410165 0.15279780321562713707 2.7447241048667065932 0.88424372620714175586 3.9435174834430393176 4.0152736684375200937 4.0891131352943208555 2.90982e-09 5.16185e-06
29568788.501026690006 5957 3.1910737490176073194 0.07565354968321641449 0.10601796317014612614 6.1199679622200555684 4.7631962852089593241 4.4729287938351811604 4.5471622732720087257 4.6217855042847002522 3.45473e-09 5.46581e-06
29568788.501026690006 5962 2.9024351839692772437 0.24662485876162762444 0.17265028331802442785 0.67241221855281441133 4.3480992965917470983 1.7798047152551839112 1.5295391125207249416 1.2831241211924417911 2.88829e-09 5.14909e-06
29568788.501026690006 5160 2.9967327096236222594 0.12131237713467553363 0.18121245145812539534 1.3362696396749920158 2.7161502497669482992 5.9491532988010931149 5.986897907617516168 6.0223176516617575871 2.48083e-09 4.89458e-06
29568788.501026690006 6891 1.9415423604053052564 0.23781149527128978005 0.083425359890288555698 0.46849720091889324181 3.0805730728873967905 2.295559242099449726 2.0998541027471264719 1.8945554785544560517 4.39964e-09 5.92455e-06
29568788.501026690006 1399 1.6588945901507974323 0.21146291880673287467 0.14533041589397630022 2.9392721587158781027 3.987523127611194429 0.47475434270154182048 0.38553570421530658496 0.30601389518664484646 4.64728e-09 6.03369e-06
29568788.501026690006 6752 2.1311593531867827345 0.37074605180191999576 0.47025356330815337724 0.80482678241444249867 5.6477227941102299269 5.9740628714080576955 6.0728378555732476229 6.1502495220673285559 4.12549e-09 5.79885e-06
29568788.501026690006 5597 1.6620263442335003745 0.21447652021573682113 0.40016597303772821759 1.3475733030630425713 4.1658068616047252419 2.6731780450906792446 2.5648125696562176223 2.4478525690987522623 2.41109e-09 4.84828e-06
29568788.501026690006 6928 3.1781758780792794816 0.15821287788507795713 0.20496003911394686248 3.6868608623100760369 1.1535387513113390945 2.3272116808388458864 2.2048744870614185309 2.0774153180789003414 2.08658e-09 4.62021e-06
29568788.501026690006 1123 0.7453359030972427357 0.060754132947780155327 0.02301102722912483009 5.7745870028616810288 5.1063098347814150912 0.95209963179215217899 0.90342947059680001054 0.85570988826079552592 2.24683e-06 4.73559e-05
29568788.501026690006 5640 1.4410245235350722659 0.21044756638320902264 0.23837680567474528459 0.31448271471306993297 4.6439628794305694015 3.5276442867265829229 3.6164880074336962501 3.7127141856543874887 5.24602e-09 6.28242e-06
29568788.501026690006 5842 1.9286602789883489084 0.67410721843316190327 0.51208640600237254059 2.2084323779728354253 1.6080848161124057238 3.5788125573798348356 4.0745193788085520836 4.6160743339173659905 2.75394e-09 5.06798e-06
29568788.501026690006 1444 1.9314075069744873758 0.1278303956602316882 0.20454196076041028518 0.75670960468125536558 3.0068811006512596862 0.69895649360264688887 0.62027726906742586266 0.54597447082725891754 1.72307e-08 9.33865e-06
29568788.501026690006 5176 3.0844532150518686464 0.17386621756802084215 0.11439059732693888927 0.69763259882416628344 3.3489005406251890484 3.9501626552519706337 4.0848403809571198764 4.2255797479151810947 2.68297e-09 5.02406e-06
29568788.501026690006 6404 3.1042915474389483066 0.23289782828821617433 0.28263868695860011604 5.3149485255193695821 5.7412195828160914601 3.7581469971086618465 3.908961740492095327 4.0706496769306772521 2.07676e-09 4.61295e-06
29568788.501026690006 6140 1.992830847166189745 0.078998967277643036833 0.14275444880901658196 3.8961314310703216712 5.5549589471548967978 0.064601916395921568648 0.059688004431555696794 0.054975513051828239774 1.67728e-09 4.29587e-06
29568788.501026690006 172 2.0937200117637773111 0.22898623382353808231 0.056136465095069851272 0.55496386703452660338 5.2349309912689268032 1.3452104020250434946 1.1256296076623286684 0.91896062698298552895 2.7327e-09 5.05492e-06
29568788.501026690006 5929 3.2631109026396116768 0.095449435641704313826 0.22123373513996377748 5.3950435735868387255 3.6384547034888421457 3.6006619248815949774 3.6449456984645220992 3.6909872047877163581 3.18574e-09 5.32011e-06
29568788.501026690006 6162 2.1039473812805695729 0.036070529965384338922 0.29068365548370689311 1.0676819211775305796 3.1062147353970641639 4.3974037459421690954 4.4319002079341096589 4.4665611105516562773 1.62993e-09 4.25507e-06
29568788.501026690006 6775 1.7386232256814087016 0.20659335452384183784 0.20503489309275629848 1.5297098971430262981 0.54731628664160336672 6.0543093117631991973 6.097312236977262323 6.1354916465905340317 6.39874e-09 6.71246e-06
29568788.501026690006 6061 1.7021916594560708713 0.25554197932529276738 0.24956161500293794209 6.0803291627208340131 1.2454820482427308992 1.2191100112829569291 0.98666237184803284865 0.77349180742100631658 4.03777e-09 5.75746e-06
29568788.501026690006 6895 1.9004537617555485873 0.48247507733946931596 0.21434681316208939461 0.91312596097766252079 2.1113919903260671695 2.3875558194859896055 1.960757411299539843 1.5145047031256526626 2.5437e-09 4.93558e-06
29568788.501026690006 1810 2.1094147285509436962 0.35452849452233026195 0.2892452595694979256 2.9047838713817277778 5.4843065931448204964 0.50367731458715758741 0.35156916373638030793 0.22947968467082258126 7.36354e-09 7.03416e-06
29568788.501026690006 5072 3.1060229035516795371 0.082354100326671883514 0.21957204418285364289 2.3501501242049229745 3.6015565492896608468 3.7710466614211703984 3.8212758245092879328 3.873039217132731693 2.73643e-09 5.05722e-06
29568788.501026690006 5231 3.1530489142792514912 0.12361053137513321187 0.2540238610610089931 3.8204673486674600724 0.67174004306537637987 2.3233778276823056075 2.2288631234894369371 2.1310654335061198772 1.89135e-09 4.47137e-06
29568788.501026690006 4786 1.6820817909450926919 0.26836919577600948372 0.22546578213349680042 6.1674740194438326668 5.6324878932064494919 2.3776351483825517441 2.1685656368068513267 1.946733510587213889 8.41208e-09 7.35334e-06
29568788.501026690006 6756 3.2071128594973661308 0.072212265477089448984 0.29370369947917274178 3.2096309033609657924 0.91170929317396576241 5.7427209182214609129 5.7788025846682122832 5.8137003984277928481 2.22448e-09 4.71983e-06
29568788.501026690006 5182 2.0709331459373121476 0.15047516884860526187 0.19709069622392222376 1.1021963134982419863 1.2068558437084468959 5.8679155878625497422 5.9250013548943938346 5.9777540397502635372 9.37786e-09 7.62462e-06
29568788.501026690006 5372 1.9568096869344779876 0.20173256732916336476 0.20694872401295683062 2.7730216181616906823 3.4082076252894801804 4.7638326166480560175 4.9656419059195417987 5.160939710738524866 1.39548e-08 8.70479e-06
29568788.501026690006 5855 1.9302970242348242991 0.077179786616800152843 0.32834617666394538826 1.5413920576573771903 5.8680221371369700734 2.8025076701230688947 2.7758265319719379605 2.7482220357814339806 1.88487e-08 9.62226e-06
29568788.501026690006 6156 2.0337281998568097485 0.21330449759152592115 0.226163777031158586 5.5401758433586483221 5.8390220663903882325 5.1938288270424202153 5.3754856807549726838 5.5435887812041997336 2.69058e-09 5.02881e-06
29568788.501026690006 1410 2.0056495986978086776 0.16853825171101541325 0.075962373665617533014 0.32420180289413391694 0.61709082587183183843 4.2969245794566841568 4.4573999730707818401 4.6204887204932658662 1.96181e-08 9.75145e-06
29568788.501026690006 6507 2.0297374209442327064 0.53721050697658534467 0.36815569912537149388 1.3857356709713717358 0.91288411796847312996 2.8232994828496202899 2.5724256507172458264 2.282906491085815226 1.72019e-09 4.33221e-06
29568788.501026690006 6653 1.7084935630888851144 0.13043776355753639029 0.19183776714228470417 5.0484144059479945099 1.7569534012578507109 2.4410541524323199347 2.3522165417388962716 2.2596169455066914544 2.19009e-09 4.69538e-06
29568788.501026690006 6914 1.9986689748481398787 0.11762625740267072805 0.12727353920038081414 5.0165949149462116807 1.4242985447203100335 2.9495931050308552557 2.9256852433474720421 2.9004857163359751837 4.41745e-09 5.93254e-06
29568788.501026690006 6633 1.0703008268842184592 0.13862652003432024417 0.2380791860946487315 1.7088970632934259442 2.1909635597770704685 6.2111428301774020966 6.2205182256561251108 6.2291998601181060025 3.02269e-09 5.22775e-06
29568788.501026690006 6942 2.7989278489695270657 0.099125945457960606966 0.20466686037572498491 4.6528928839210710322 2.0643414932761516845 3.5118141491625300965 3.5495104261772780774 3.5888335708923269074 1.34834e-09 3.99439e-06
29568788.501026690006 6832 1.7894366324913353328 0.16743047350055195732 0.2659715741634496311 0.95206080397768344525 6.1739668082237963986 3.1506393099324960794 3.152305186250149216 3.1540987563608773314 7.86044e-09 7.18895e-06
29568788.501026690006 4502 1.3275268836538016703 0.16330324244540653233 0.23214402256321819973 2.8925648473677250117 4.173643490071636819 0.59969564334280589524 0.51285705414881288533 0.43272925967580633255 4.58456e-09 6.00643e-06
29568788.501026690006 5426 1.4743594781589315357 0.20409383066294453646 0.077145257701787706139 0.23804398200229828775 5.8246885217751271924 2.8549429391015515023 2.7902436521067977004 2.7200017580128124095 2.09851e-09 4.629e-06
29568788.501026690006 6089 1.9430937862533681493 0.35340362894081156497 0.25213805726413218711 5.0260165046328131311 3.6066148797687263006 2.9815732628602256149 2.9106197791989698587 2.8297169698555317829 2.91473e-09 5.16475e-06
29568788.501026690006 6690 2.9067728787874624885 0.1518299720681117182 0.084302695776114960902 1.0575151433429474945 4.4672750901006423874 2.8781643018861693406 2.8352400365236980484 2.7894506844264528311 2.63564e-09 4.99435e-06
29568788.501026690006 5386 1.7660973392109495794 0.40914301179862427871 0.33346863588238884191 3.3151303302944836737 2.7888268480569418095 4.1964768218268773126 4.606717739474183837 5.0135785465830959851 2.3788e-09 4.82654e-06
29568788.501026690006 5291 2.1769031942286041215 0.17770616093471364172 0.41421297235437559703 4.1717203213553357699 5.038576559924214493 3.8612123185318032448 3.9876362465487389386 4.1206783398709587729 2.6037e-09 4.97409e-06
29568788.501026690006 6457 1.9407869770254579933 0.28415045800934368714 0.34404216337022491823 2.240979764648098449 6.2809036633096964053 0.62458146323840757486 0.47307878648859652548 0.34361157387013596676 1.33039e-08 8.56728e-06
29568788.501026690006 5818 2.0458926596374955587 0.49535830855610890611 0.44847190797352970426 0.89023882040021895534 5.0527470475307811881 2.1515213352716506812 1.6440141935817396135 1.1499830642497312905 4.47796e-09 5.95951e-06
29568788.501026690006 6055 3.2262039373101196738 0.053901636412226061612 0.071536849175179523241 4.1800341677064665191 2.5879992027886347117 4.8347702550874371852 4.8881193157731317456 4.9411908194951337236 3.0525e-09 5.24488e-06
29568788.501026690006 5142 1.3442902104538527741 0.20439287286961546619 0.21947139506508347995 0.24274688683495818098 5.1955525572119301003 3.1452857585164335497 3.1461365262201570481 3.1470652582051359403 1.02472e-08 7.8533e-06
29568788.501026690006 5984 1.8084916650227884638 0.42157803426134271563 0.4606253898623489107 4.8379475427542057986 3.6024277562175504031 3.0720526488344268579 3.0326387434066264248 2.9867969914539846954 1.83318e-09 4.42505e-06
29568788.501026690006 6291 1.5869302092535488846 0.23323351886862817017 0.15683739786650949255 2.7732572670564659134 1.8428777566899978702 1.9875662769574724553 1.7614122632242776856 1.5324031342741037953 4.97801e-09 6.17355e-06
29568788.501026690006 6390 3.2356465722777714156 0.11613421328064785221 0.31017187986352312556 5.4849069318871812584 6.1029055108501397697 0.25158701658970827886 0.22412951687182797178 0.19831778956906911948 2.74624e-09 5.06325e-06
29568788.501026690006 5954 2.1960087680578936897 0.50727752698435268908 0.19444693907938062627 3.9393902932356885671 6.0771561632810495723 3.5976964302842904253 3.9128078753058574968 4.2663839361296016506 1.68237e-09 4.30022e-06
29568788.501026690006 6332 2.0814324646732753621 0.20455072317427169803 0.09346901674616739375 4.2229247117527037858 5.2515607034785416474 4.6335072001770303274 4.8405503956730298043 5.0434235085685559241 2.19525e-09 4.69907e-06
29568788.501026690006 6732 1.4581519542708798465 0.14208253594428035815 0.22872925907049779237 1.6061510110838177479 1.8042183626019472342 3.2175822257494290923 3.2292545383552737626 3.2416938151297767234 3.70815e-09 5.59632e-06
29568788.501026690006 6286 1.8512087352918991101 0.44854130096225830471 0.23432130437181597493 5.6945908263573929986 6.1025769059442431796 4.2428788526438427908 4.7074857079258611847 5.156021616965821508 2.66284e-09 5.01147e-06
29568788.501026690006 5405 3.1835059136352907849 0.046052353341598795122 0.15925289322043692519 1.3169258881823990848 2.8403878385945509066 5.6787707743848585551 5.7044667616639808116 5.729655169930080838 2.93677e-09 5.17774e-06
29568788.501026690006 5098 3.2047231852666340224 0.089472975547657929152 0.11014747660151520681 0.72453226796004288612 3.1557143847077107068 5.2118628144207823638 5.2888708453987494096 5.3638836899850383944 1.90652e-09 4.4833e-06
29568788.501026690006 6153 2.7759198741670116917 0.57734437454076681373 0.58384398439818907534 3.1511222418234079434 1.9787228575004118802 4.2040539708697544086 4.8387637616958301123 5.4115040048834064379 2.21408e-09 4.71246e-06
29568788.501026690006 5368 1.8236882649116898936 0.53545359736109243709 0.22028990748491389384 5.1311345388437397119 1.130805959923234072 2.7911767692558671072 2.5188589192132830874 2.2065513708888113698 2.65835e-09 5.00865e-06
29568788.501026690006 5796 1.6816385600018466384 0.30223943707974781914 0.24201467618634042722 0.9541750233015608984 5.0546945630074189282 4.3501658818457258349 4.6539903542496139366 4.9557145591655382688 7.64873e-09 7.12382e-06
29568788.501026690006 5895 2.1654792868313701426 0.37921314188891575014 0.11412878346915199257 2.033963526814882794 0.78730950551375400437 3.1864363499609207331 3.2084204216666103449 3.2337435311132507465 5.57854e-09 6.41245e-06
29568788.501026690006 6730 1.9672278490045844723 0.30599319464025481752 0.21855064010218699933 1.9478558912791068547 0.404713200833687059 3.9435317749575720114 4.1950831585904335697 4.4610385855898275764 2.57888e-09 4.95824e-06
29568788.501026690006 5548 3.2020746026538939866 0.15692688266732082725 0.33344222259931027841 4.4676710292492920473 0.54047112057858326395 0.39225119025903609771 0.3360080713939305741 0.28426597711466650154 2.11518e-09 4.64123e-06
29568788.501026690006 5131 3.5337080816139421202 0.097597161839538093542 0.26105142137663028823 5.0223595459116658901 5.0453430187131740325 3.3152522538247404249 3.3330114123108693924 3.3515794608604467797 2.25296e-09 4.73989e-06
29568788.501026690006 6295 3.256436900314782612 0.053697142320080736011 0.25442168353767774525 3.9844939929163256664 1.1207598422813158656 5.7302203919089897965 5.7578105583418306423 5.7847416753594389505 2.30061e-09 4.77307e-06
29568788.501026690006 6725 1.5644015703758680225 0.090412120911663451661 0.13132210763233895245 3.1184864155896132587 4.8312314404487342046 2.3252310916697003229 2.2571290322594301792 2.1871884583903340449 6.2698e-09 6.66707e-06
29568788.501026690006 5278 3.1432143952580675617 0.09600728036357214501 0.31811292734522583769 4.9283381886924031434 0.031289079942932680745 2.3843530015844494052 2.3158828485740503567 2.2453146902248839467 3.13887e-09 5.29389e-06
29568788.501026690006 5669 1.5364367308121194 0.31507107408001511217 0.20678780203967936369 2.0307887748770823144 2.0777035175605580442 5.1172769845478471851 5.3948551095908117148 5.6393564608288331286 5.45549e-09 6.36495e-06
29568788.501026690006 5118 1.3333949953412258527 0.31122132718642891991 0.2438503274106462726 4.6994152973989775646 3.5263854611323255384 6.1956568733992964937 6.219727856190552906 6.239463916395731502 3.95744e-09 5.71902e-06
29568788.501026690006 5053 3.0057456926866721325 0.24874768305425459802 0.27938839900355416646 5.9913673699922345151 5.597475785698414974 4.9805160322743686763 5.2152284547409077931 5.4331855798038874994 1.90259e-09 4.48021e-06
29568788.501026690006 5116 2.6963534604906587155 0.2197293962610154805 0.086400987827173050815 5.9787900919697447577 4.9180649293355056528 4.9909198732225057427 5.1977081281900900933 5.3920645173462347088 2.56354e-09 4.94838e-06
29568788.501026690006 6595 3.058224057926223427 0.066401224698617630771 0.23933894664473595593 4.3876628283223393368 1.6212945436873869021 0.10557070942698541793 0.098790110235717182308 0.092240990742856493467 2.5233e-09 4.92235e-06
29568788.501026690006 5290 3.2205259522493467905 0.04539167677485855118 0.097381487193363203136 2.7004764550927573552 1.7240495886241100632 1.6742795513200614543 1.6290089478781275556 1.5836941589845900946 2.68653e-09 5.02629e-06
29568788.501026690006 5762 1.9752409306515108511 0.26076518629605327515 0.021609378343404983536 3.8724464881782414416 1.4943342321884007795 2.9403548344795935598 2.8794083035633364354 2.8118203478339345303 4.50081e-09 5.96963e-06
29568788.501026690006 6628 3.3164460834121380906 0.085651479458159179847 0.20379998847243285809 6.0216988116818548349 1.9212906595259515719 3.6061537388537354687 3.6461270034302719623 3.6875309168449428299 2.5094e-09 4.9133e-06
29568788.501026690006 6808 2.2216566770569263767 0.42952090231029221856 0.21004235027256717983 0.82733142431851891541 6.1417891143177625324 2.7040225587655482009 2.4647419714097726917 2.195715382910626623 2.07842e-09 4.61418e-06
29568788.501026690006 5481 2.3608686525740374407 0.11993912637524625775 0.82060098797190561548 1.8884780327401347044 5.8424062150747122502 4.2739925556707687448 4.3857240197411204718 4.4993204984422767723 2.0621e-09 4.60207e-06
29568788.501026690006 4662 1.5631919866988259749 0.32249668064253111943 0.11134674896388094267 1.338502928420756577 2.4004961387599261791 5.5288904219164862752 5.7306586706664388586 5.8999176923883993595 5.28399e-09 6.29754e-06
29568788.501026690006 3089 1.2394709005151700598 0.13614857857183179646 0.20759962022137190552 2.6008559455843411889 1.2146199054477784252 0.32064803580892259349 0.2801690336804694148 0.24252148804874876231 1.46985e-09 4.11094e-06
29568788.501026690006 5878 3.248373035303200318 0.083647348221049452888 0.065287263752873803124 2.187565393519939061 3.2465749646339676637 5.7228560209922161306 5.7658567418796087267 5.8072253782070468731 1.44428e-09 4.08696e-06
29568788.501026690006 5489 3.224978833328967287 0.072786191639552078048 0.3056476542712520672 3.68164157069671516 0.41528191035307993051 5.8008498573572113699 5.8335963201375458098 5.865228864349903759 1.80848e-09 4.40509e-06
29568788.501026690006 1298 1.85704614040758198 0.56345701930505254218 0.26106318979519416157 4.1044352709027682735 0.8279724654177357257 2.5524241670166718521 2.0991284989326683963 1.6124994005096509042 2.27299e-09 4.75389e-06
29568788.501026690006 2498 2.1467057789897556752 0.39888537662784473437 0.4329110470362162455 4.6612449370164750206 3.8639428700096489777 3.2642453142286442791 3.328389235051258499 3.4024671002408832798 5.39185e-09 6.3401e-06
29568788.501026690006 5358 2.0203385565371747568 0.46139695446713824278 0.38527955575279410061 4.9877048184318493185 0.12724767616348089949 1.0615286159428951596 0.68459799191172265864 0.39282825816393862617 6.59336e-09 6.77983e-06
29568788.501026690006 5535 2.3276336507053652092 0.35018997412637875577 0.18456476328157989109 4.8683362383946997554 4.3818065297806345626 1.2689275492784160004 0.94414094513097446271 0.66048936000307656435 2.07392e-09 4.61085e-06
29568788.501026690006 5713 3.0560070580089466752 0.12762861497934216426 0.20284873667541836184 4.0766759179189051565 5.0731645139744809825 5.6425479078209512807 5.7153707455774309665 5.7840082454822354663 1.49134e-09 4.13088e-06
29568788.501026690006 5569 1.940922711229144948 0.17730149623631707989 0.29978537489023637796 2.117096221006482093 3.2693151187098954402 2.4477963476757960137 2.32523685701853422 2.1960452658657967362 2.77052e-09 5.07813e-06
29568788.501026690006 6450 2.6855498021732047143 0.20377807900242361772 0.12298429807214894538 3.7764249949283805741 1.2892243684500015455 4.8572166970601067248 5.0573447052074467223 5.2491183042634288469 1.74846e-09 4.35581e-06
29568788.501026690006 6407 1.7605465328686378257 0.40563342369613925031 0.28820937236721483332 1.1885102729272820632 4.1745258361162083105 2.8984107776157097547 2.7700981142289449188 2.622849762951268815 5.15346e-09 6.24525e-06
29568788.501026690006 5576 1.9763918800291147004 0.52707530960930226716 0.48658868232604240989 2.5272170034187317889 2.654681961614283825 2.933594683600558195 2.7707868216126714245 2.5797923265248789981 5.46785e-09 6.36975e-06
29568788.501026690006 5647 2.0150605886083488016 0.51557264436244698569 0.51633308754436235688 1.0612587990215098799 3.9442899023377422374 2.4014244137776601384 1.9387625969128770009 1.4577019496381984354 2.57441e-09 4.95537e-06
29568788.501026690006 5992 2.035769141779077529 0.11287707645368103004 0.092801331634136952076 0.90145301824785695199 6.020339513400232434 1.2078094746741510068 1.1041283664982524115 1.0033209681781021239 8.41385e-09 7.35386e-06
29568788.501026690006 6761 1.3192427840872078537 0.10729037797532123277 0.16359255373965980729 4.9577432449341074516 5.9513270964526396867 4.2118086734989805819 4.3086337514330210752 4.4072971405891046004 4.88068e-09 6.13306e-06
29568788.501026690006 6421 1.7608317531013812918 0.11008484643090160615 0.0089581977439753650294 1.1075776219722497373 1.2746946731065862402 4.7552510588777394673 4.865198789601556939 4.9740008484337527861 7.66894e-08 1.53613e-05
29568788.501026690006 5394 1.6524949822322234638 0.29780456696081347712 0.15432203886472972698 3.7913546004063305439 5.2622815052189713114 2.3370307379145791593 2.0927591168945713918 1.8346095398120834119 4.23442e-09 5.84945e-06
29568788.501026690006 2895 1.8191427398450714659 0.13595886191169787027 0.052192679482971703064 6.1619540612207934771 5.2358196529312834855 2.9641965907721750106 2.9383566749914984406 2.9109147709954927841 1.06911e-07 1.71603e-05
29568788.501026690006 6189 1.7201245253233778953 0.20062283122238194766 0.11780485966312292945 1.1089573785849786702 4.462021389797711457 4.1732226726485448509 4.356186994441635818 4.5442163318795714133 2.99935e-09 5.21426e-06
29568788.501026690006 6576 0.96533503645154994377 0.33523137054957152792 0.15316514286403620781 1.7338274748789286317 4.0734541145533640361 3.6487422272274527835 3.8455669435058781325 4.0625462178295155269 9.90665e-09 7.76531e-06
29568788.501026690006 6129 1.4834748372062400712 0.36509399859523561371 0.52657366432575947179 5.065137681483419918 5.8299711662934372569 3.3591802801645402887 3.459211514985730318 3.5732323458639427827 7.14833e-09 6.96495e-06
29568788.501026690006 5351 2.9729070525545115977 0.1729631918364518961 0.11986040625405897098 3.7986634005431967331 0.19271465852589186873 5.0212123617894945937 5.182609077331845171 5.3368003296845056838 2.44807e-09 4.87295e-06
29568788.501026690006 5321 2.1173797940842176146 0.48961196155566272248 0.41329329798129227358 0.37551497401341782378 1.4425119319433401532 2.7744089004251915043 2.5272377996430317459 2.2450100598088202908 3.33881e-09 5.40398e-06
29568788.501026690006 6337 2.1832450688755056234 0.36252651246930178708 0.48420920403068384852 6.10823643451886511 0.18804593982149570008 5.5794879486352844111 5.7911299347549443084 5.9624013858569062663 2.57504e-09 4.95577e-06
29568788.501026690006 6131 2.1338254315339750811 0.66623141964153076433 0.58929836938741275709 6.0208078215038636216 2.1953956957996747512 1.0235124364195380409 0.49255741131547187139 0.17750934147917324379 1.45631e-08 8.82947e-06
29568788.501026690006 1239 1.8511171375838249009 0.26144979612815316683 0.27028014404614164601 1.7128655858595194239 0.40974043082115135794 3.1003736457296824369 3.0877286062718996007 3.0736526708886877657 1.31823e-08 8.5411e-06
29568788.501026690006 5775 3.029905927769954932 0.16125006740674996397 0.095687647336475570303 2.131685513009889732 1.7477830993267013948 0.24490466402584837313 0.20842631254733448576 0.17506036355980103547 3.02463e-09 5.22886e-06
29568788.501026690006 6935 3.5034845901080409192 0.072441373488120949786 0.42317894832602781507 3.6767568223617446144 1.5212006125167643056 1.8165720614278926259 1.7456186049974293795 1.6742814215957821933 2.603e-09 4.97365e-06
29568788.501026690006 5807 1.6735072890629700826 0.1806138736352056462 0.1730086263621832543 4.7543457617262889769 1.7184411135251651537 0.20366049081024986678 0.16984631109762104995 0.13931699024763519179 4.88354e-09 6.13426e-06
29568788.501026690006 5927 3.4732098138959037747 0.16941730161819204548 0.1535887557014349869 2.7867126546390759145 1.4476432016530280666 6.1176347289203514279 6.1435727007215792383 6.1671487278587342473 2.21586e-09 4.71373e-06
29568788.501026690006 6445 1.3318658875059059543 0.059766612875476209099 0.2142472999341024642 6.0241424379398011979 5.1143045209985693589 1.0229437412387198947 0.9726725492699749287 0.92328180549526206455 2.3322e-09 4.79482e-06
29568788.501026690006 6807 1.7405664653261068153 0.14875913553272085421 0.020810000531977686233 3.230429373895886247 4.725076194498563531 5.8869799444853798676 5.9409708353108445777 5.9908905299517734022 2.57067e-09 4.95297e-06
29568788.501026690006 5494 1.2093989790067256607 0.36168808559879672693 0.35948663694348792497 1.6251459406527442031 3.0199094148816238992 4.524250862637577697 4.900832441141777629 5.2561175667832769065 2.97785e-09 5.20177e-06
29568788.501026690006 6123 1.8595603466247241364 0.39140797700984669705 0.26959967147679020361 5.3442514247573233988 0.034474340092939412261 2.5070638263079580987 2.2199236000709832162 1.9081234426830857576 1.87233e-08 9.60087e-06
29568788.501026690006 5407 1.9059062140142615238 0.52041042448575924873 0.30411073755130435536 0.69833251937618823213 3.0314155145631929145 3.6578644017079664508 4.0204831859788274784 4.421215608950275211 5.11323e-09 6.22896e-06
29568788.501026690006 4750 2.0249185188090681464 0.21438710337633817837 0.28289193723656930191 2.8284553487666324045 5.54881816258518068 3.1856813156973671219 3.1964030324724745924 3.2081477882189584072 3.28876e-09 5.37685e-06
29568788.501026690006 1127 1.4314761710849206455 0.30973705506816634481 0.21392492272661942088 2.1506745965864570991 5.2533590638933080896 0.28197559773947078465 0.20534677715555538224 0.14218932765049999145 1.29908e-08 8.49954e-06
29568788.501026690006 6005 3.0432055622291906971 0.094593784461878882563 0.43068214857007675045 5.1922230146033010456 2.6821118423118512908 3.5334781988945489495 3.5713422263756093855 3.6107540796122652438 3.36675e-09 5.41902e-06
29568788.501026690006 5209 1.7401383914772581285 0.36678499853393109476 0.20704733755967619224 0.68853257550107527241 4.561295892636057836 2.9704507349045958797 2.890861008641096852 2.7998569582785721721 4.75685e-09 6.08074e-06
29568788.501026690006 6996 1.1943319966069232407 0.074669179799040932832 0.11189241994088199028 3.661774542712989966 1.0166194651323343656 2.7253281995867126852 2.6940258709778328594 2.6617110462330813014 9.30536e-09 7.60492e-06
29568788.501026690006 5406 2.0559252944628321202 0.2547674913123838536 0.32079983863617345108 0.042465355659253488374 2.0573102540855674469 2.0891819505700888193 1.849891687373022231 1.6049824121017077783 4.61584e-09 6.02005e-06
29568788.501026690006 5938 1.7431495501810294613 0.18907367801296515175 0.3155317805527397268 0.83699502865595110102 4.0471365411828887915 4.8220590506860290247 5.0091993907202905234 5.1900056739621973634 1.88863e-09 4.46923e-06
29568788.501026690006 6827 3.1245814409894192565 0.14805275147949562009 0.17270087324487806701 5.5202818293397344362 0.69010243223448020089 4.1443134271779520361 4.2748537721468995443 4.4089597717355042406 3.04652e-09 5.24145e-06
29568788.501026690006 5420 3.3293350335025899689 0.17727590478055582635 0.30611125024789481719 2.6143370296370065375 4.6124539393396029041 4.5425956293512790296 4.7209425400898421543 4.89821195985742186 2.55489e-09 4.94281e-06
29568788.501026690006 6167 2.0298426703991268027 0.15142013829688361071 0.088614237382627691897 1.1964086957022275204 5.2237401532773599655 3.3928159659229493172 3.4336847868590303356 3.4772871804891050118 5.7681e-09 6.48427e-06
29568788.501026690006 6036 2.1575005207873059199 0.63188069092552412442 0.42931928496414700769 3.9077079633401221592 2.6895783283333534186 3.276893823096686198 3.4249890700110325881 3.601674406867864775 2.34807e-09 4.80567e-06
29568788.501026690006 6586 2.0228333504605267024 0.16303819505224781405 0.2350603669265524942 4.4154786717993941281 1.3228970978138037129 4.4226006547264811175 4.5833235350415026943 4.745005677983677117 2.89513e-09 5.15315e-06
29568788.501026690006 5195 2.7550735320069246193 0.17224956034257532522 0.12322993322462259813 3.8305664456597225964 0.92742632218800202804 0.31900141740623144671 0.26872779523373863109 0.22299465724318368043 2.26107e-09 4.74557e-06
29568788.501026690006 4963 1.9865426678678448358 0.2008181887177910574 0.2625825173717125649 2.4793705790317415172 5.8997256465133220971 2.6414514778121835903 2.5347525076352037665 2.4202309880898096317 2.1769e-09 4.68593e-06
29568788.501026690006 6056 1.4327502763621802195 0.19291190260479867957 0.21821035859539014701 3.4752064783978751095 1.6488537202128699111 4.0670426947239306514 4.2319233203335802074 4.4029936976830130746 5.38932e-09 6.33911e-06
29568788.501026690006 6170 2.3032980642514888636 0.24313948652779843185 0.25652702170870511633 1.7371021098705381469 0.0001181279843393691993 2.4887857151172969594 2.3229314265936795714 2.1453832330776503312 6.44558e-10 3.12323e-06
29568788.501026690006 6886 2.7785668111440968708 0.081790084261423284806 0.45596629630502399921 0.54117807461548272929 2.4611447481767245726 2.8204096454235081382 2.7935017448519303684 2.7656028334094568955 2.88448e-09 5.14682e-06
29568788.501026690006 6185 2.1843895410428411097 0.48038350740128754612 0.34401101377092113687 0.67507170868255639284 5.8680199837142241748 2.3295558741268029834 1.8861428932243600176 1.4294476010579941772 4.56223e-09 5.99666e-06
29568788.501026690006 6037 3.0444126774456350404 0.35180890415979404473 0.26956294753440290801 4.0089846483652937792 4.0828959865752665337 3.0193130548455493489 2.9652431755731618601 2.9035229312178572059 1.83549e-09 4.42691e-06
29568788.501026690006 5776 2.4133978403717595285 0.51122387056668117111 0.098307302401986360052 5.8073601896809696754 1.5056761667828861828 3.9176299719872713645 4.3879463769860214128 4.8724989624842942604 1.75506e-09 4.36128e-06
29568788.501026690006 5846 2.7733724647914650419 0.17776521162827249589 0.11609472378652216373 6.1589132790421112773 4.3756903955899879577 1.7553969601239289844 1.5767803731034570891 1.3990183442460506491 2.37403e-09 4.82332e-06
29568788.501026690006 6333 1.7562368351935022659 0.22260143646066016254 0.046490980949278282175 5.8940052606873756247 6.2692995117164072028 3.2091442155984406526 3.226288370890467494 3.2451192269356106124 1.94245e-09 4.51128e-06
29568788.501026690006 1147 1.1075694642749915886 0.1118303766770080282 0.26057358041324518716 5.7975681179591136427 0.69142935722073539662 4.165081143895991822 4.2636770742359608732 4.3644369852388811282 7.2768e-09 7.00643e-06
29568788.501026690006 6244 3.2158377050650859275 0.074540523578738013266 0.3225871781803741345 6.2160112887514351598 4.3521427863902815147 2.5501732607836720135 2.5072320010724054029 2.4630546151517296316 3.08558e-09 5.26376e-06
29568788.501026690006 6192 3.1837361619621709075 0.1442896900869025667 0.33523422873332214822 4.4867962689378391161 4.2417087528728387724 5.4638453750025464117 5.5647459434822152957 5.6597189432368795181 2.79503e-09 5.09306e-06
29568788.501026690006 5914 3.189311938416357517 0.1196332993465452077 0.12444775983494607563 0.63315719775702583583 4.2403295972244565704 2.7713495773252661003 2.7253378603867197683 2.6769655840275161651 2.63408e-09 4.99337e-06
29568788.501026690006 6739 3.1829956351844019835 0.069734573885454384512 0.2187855481244118383 5.6654354530897785835 2.6260600918980210317 5.9133191778032889729 5.9377614639630191817 5.9613732779423651564 1.84353e-09 4.43337e-06
29568788.501026690006 6164 1.8545786214199837527 0.27048151243195917015 0.11293052390948411789 3.139008105922237224 3.9025688086481231664 3.0336724050436276734 2.9992756244610467853 2.9609113118586498636 5.09634e-09 6.22209e-06
29568788.501026690006 5361 1.6463745095193114132 0.43191226317296210757 0.27975861750778330261 5.7508152116455235614 6.2519408084263039527 0.0082225638285279272627 0.0051791469368974553736 0.0029422198625004385153 3.09083e-09 5.26674e-06
29568788.501026690006 5650 2.0477469654301732049 0.18998311368446071934 0.18100817253925491346 2.3648762725096692527 2.1926010678257208397 3.1478565755657537117 3.1491848779983802054 3.1506272585743020365 1.14639e-08 8.15256e-06
29568788.501026690006 5401 2.0955992495008297638 0.18885671231023185013 0.1307265404277297427 2.4072869632927309524 5.5644429130821402296 1.3269867628721945252 1.1466996004594705028 0.97457355325518313371 1.17442e-08 8.21848e-06
29568788.501026690006 6655 1.4979164959107771349 0.1542483386240372234 0.14955971487234734352 1.6990420504288521464 0.24772110773397393313 2.7882808481773917464 2.7303892846835551289 2.6687342688249224842 4.63012e-09 6.02626e-06
29568788.501026690006 3400 1.2364512422420208537 0.27746877108257878009 0.26006325577181627073 4.5819293053754446277 3.8849446501346558414 3.9120504387633516785 4.1305729017702912387 4.3623886306566737048 2.20416e-09 4.70541e-06
29568788.501026690006 5798 1.5516275732610622651 0.2736796646168809799 0.1723751630972218396 1.6951948952587188035 3.6688039287997735727 4.2217393535698661822 4.4836372090167273541 4.7501875743327444113 2.01067e-09 4.56349e-06
29568788.501026690006 5551 2.0382767145156730493 0.37200799496084768769 0.1813573137304432259 1.9441855956086127044 5.2771281341724396441 2.8714506228124681009 2.7451280566900284619 2.6014736005710852318 2.00606e-08 9.82423e-06
29568788.501026690006 2928 1.7744628506009594293 0.31029715270813645889 0.054522361828445026211 2.6391043068170660923 0.425696769322093993 2.6912748896495091167 2.5300035364673316707 2.351840452112823332 9.69793e-09 7.71039e-06
29568788.501026690006 5185 3.5353376570266847878 0.039771847325763366732 0.24204342669213238515 1.745806679422134966 2.6893488445430984157 6.1433185878244511713 6.1487582482437268538 6.1540885730734471437 2.64564e-09 5.00066e-06
29568788.501026690006 5885 3.4752758221181081488 0.056164142373928929719 0.27835565355685243372 4.9685065444366420806 1.7125362498231058161 0.96110536967856252666 0.91576183636800190246 0.87122215966899285711 2.25928e-09 4.74432e-06
29568788.501026690006 519 1.9651252500839706538 0.11460441961154620161 0.064225420389830825685 1.8463946797702939229 1.3222601574634644805 1.7239479499133945062 1.6094304204008178516 1.4949115190395376729 3.92741e-08 1.229e-05
29568788.501026690006 4406 1.7775498736699828495 0.28523606232202025623 0.10362833063129311961 1.6052179339757266519 5.5688748239590992739 2.7188751280402994048 2.5812919840977608388 2.4297058693845663413 4.822e-09 6.10838e-06
29568788.501026690006 5453 0.9525287984564226873 0.26268305959943755168 0.094938431496756667261 2.0148973561109055908 2.5509068305062343462 2.0733989284438392176 1.8242558446646619519 1.5699653178735792913 3.03837e-09 5.23677e-06
29568788.501026690006 5134 3.521372927950059406 0.042689869459463500312 0.342989329516908803 0.51069587394932713931 3.9507662733336732508 3.4015023428713528908 3.4127095279241657089 3.424142202869794982 2.31886e-09 4.78566e-06
29568788.501026690006 6863 3.1006504281219884334 0.16346373314754891748 0.086584449913815100808 5.3458049412416679402 6.2099569957796498798 1.5109157018348715606 1.3478077033457227518 1.1883911874279855514 2.72515e-09 5.05026e-06
29568788.501026690006 4313 1.965665857451159404 0.37823314079060232906 0.25631378191440862269 6.1667912606195711689 0.58431100117128831339 2.6430917882102051841 2.4170917350910694488 2.1664132586844133677 1.98502e-09 4.544e-06
29568788.501026690006 5577 2.0996695698412497499 0.59729995224517318242 0.52845694556833078259 3.6337793465560492834 0.36870785256987043121 1.4889827901454661951 0.86660211721498914272 0.41137982367659553518 6.01747e-09 6.5764e-06
29568788.501026690006 5417 1.8982344480780517504 0.20318345558758973968 0.13410988060673992295 2.0118091326264377905 4.3875604578001743405 0.10507687896566417218 0.085537263060107088242 0.068178692140481805817 6.2485e-09 6.65951e-06
29568788.501026690006 5880 1.6676275325345943923 0.25748872203911399303 0.069475430267266588547 3.7536411933778817129 4.8106615830181223004 4.0463266263710497839 4.269450647655514075 4.5020907314740457039 2.24295e-09 4.73286e-06
29568788.501026690006 5030 1.5683814282171779642 0.28119350629934447561 0.31431529216537862359 0.31238683391977223325 0.43126397365458252198 6.0784745438309313315 6.1296158038722161621 6.1726290169518005513 2.14686e-09 4.66428e-06
29568788.501026690006 5240 2.0533287163425080202 0.16805212701559962829 0.19492967499608362947 3.9853700651718577674 1.6714962968703341861 3.8647725316971546228 3.9842268790700616776 4.1096607819750810009 1.54708e-09 4.18172e-06
29568788.501026690006 3887 1.3651493111538186565 0.50801365976600820762 0.17028349293200462089 2.4596573128530541119 2.4094198709775804801 3.2230737566617024825 3.2840837408640992656 3.3562264526237868267 4.23017e-08 1.2598e-05
29568788.501026690006 5625 3.033441122952056368 0.28624239573291199168 0.075823376254109897676 3.9861469363176134095 6.2334004466288668311 2.448400767536258904 2.2386892956884603123 2.0139522724532197273 2.295e-09 4.76918e-06
29568788.501026690006 6997 2.899236331821838597 0.19599198256003400043 0.17886616587607626072 1.1701201651377277635 5.1849688763111920764 3.3665769202995377007 3.4154330931163068286 3.4684353547821697994 2.77488e-09 5.0808e-06
29568788.501026690006 6029 2.1102181402149318146 0.19439524160724219737 0.11695751765236407638 1.4519454082812470741 0.89604238843438432927 5.8619020898514122564 5.9355319712526295461 6.0017609668828946212 1.2969e-08 8.49478e-06
29568788.501026690006 6282 2.8032015514737786965 0.12702639095497653132 0.061522120375485205013 1.3342915996098139164 4.5062376381192592589 1.6192442771531869727 1.4916297622002663292 1.3650012224958232299 2.68214e-09 5.02355e-06
29568788.501026690006 6604 1.1930926738267719767 0.21839973282721056314 0.15733862153225552927 4.1388221446538251413 6.2274595638171215128 3.1056546451679238885 3.0967253019227269917 3.0869295716749030056 1.33847e-08 8.58458e-06
29568788.501026690006 5362 1.417366657201688529 0.2537115094462911169 0.23077603685334110994 2.1023104675673311981 5.6425207283295844007 3.8014777307637332981 3.9770823039629603635 4.1652411187111111346 1.49782e-09 4.13686e-06
29568788.501026690006 6068 1.558567057101985398 0.48278213745316139738 0.052823278774760999699 2.8524899806721832896 5.5475060662974762238 1.9717766225800665847 1.4566183521344324703 0.9769797185969733011 2.08722e-09 4.62068e-06
29568788.501026690006 5877 1.1948965596601646144 0.33940907796189134782 0.17181752793740487362 2.3887521717133557431 3.1192264001043614741 3.1973115691378253267 3.2209117160069142827 3.2478051051130423232 2.13222e-09 4.65366e-06
29568788.501026690006 5479 1.3086881533501335539 0.2293953167745847177 0.23745905364061933862 1.8539835047370443188 4.2412477360418350258 3.4437571458875497754 3.5215426053779048665 3.6066193620139586073 2.12255e-09 4.64661e-06
29568788.501026690006 5257 3.1938156518120202065 0.15806181903609139994 0.20401116084981316123 3.7269900657076893147 6.2410345859008460323 5.3098854491631239938 5.4355915223680248971 5.5540889143984131238 2.20895e-09 4.70882e-06
29568788.501026690006 6565 1.4293265211337238263 0.24316895891752460246 0.036223970738514722767 3.6554090386468605089 4.7345871159449055554 3.4225765843442692571 3.5002073691142241429 3.5855541810764597344 1.41094e-08 8.73682e-06
29568788.501026690006 6327 3.0268384427180450302 0.21999334077855398073 0.16504691163921825225 0.63969402820257947884 3.7388727196225475247 3.602192052071538253 3.7120475616670605135 3.8308472612841972804 2.25041e-09 4.7381e-06
29568788.501026690006 6313 3.2293537259706113218 0.024268306760377760661 0.33625747758785179409 2.4076394103821634474 5.3892097590313516875 2.9083404040565823401 2.9026631122420427644 2.8969197089170140025 2.33149e-09 4.79433e-06
29568788.501026690006 5890 1.888231281815345719 0.40899781407809426836 0.44897730717740352846 4.0047335971785473774 1.7498051560452791975 2.5122616232905521372 2.2102124376517773285 1.8820144660502866607 4.73576e-09 6.07174e-06
29568788.501026690006 6709 1.3157538180761676472 0.51467676391135908087 0.026538974638446830023 2.7021575146011991286 1.4614137226838899153 3.3679551919852306341 3.5379355897441957524 3.7366251992546972716 7.37402e-09 7.0375e-06
29568788.501026690006 4581 1.6793298272053382991 0.35629521660553675755 0.24511888698441491874 1.2117525441616994186 2.9096042412115505904 1.5423748702796373777 1.180073734146026343 0.85063102825273917418 2.62777e-09 4.98937e-06
29568788.501026690006 5923 3.0464853816761534588 0.064068728661171039929 0.17441882176098508217 2.0238708532172662302 2.4958379070236094144 4.0119545296955596569 4.0620138665051257476 4.1130033953109892408 2.22479e-09 4.72005e-06
29568788.501026690006 5691 2.1513246892711790359 0.69841054838576033248 0.19667179008649715577 3.8589419856672333431 6.2652983738549314907 1.8052038689481948452 0.98074707815992812066 0.40042847996096497809 4.69105e-09 6.05257e-06
29568788.501026690006 2182 1.5533624179096099382 0.22663062541019096674 0.16762642097878013847 0.23517646322815427551 3.1752010544364446254 2.8001029199997837793 2.7139315356817674818 2.619937911467189906 1.98345e-09 4.5428e-06
29568788.501026690006 6842 3.1490006902304057412 0.10994781194231156851 0.12905948925811316919 5.3529908226735072319 5.8901257639104542818 1.5250002513992844122 1.4152215466069304473 1.3066016147456984697 3.94698e-09 5.71398e-06
29568788.501026690006 5437 2.0954216140296182402 0.1348336665818894442 0.20356593599554970164 1.9729138672790871301 5.9089833607624804301 4.6635734720296833089 4.7991049832290020305 4.9334320153952821997 4.54448e-09 5.98887e-06
29568788.501026690006 6001 1.8257833225354012097 0.095760591152189183939 0.36823943120629132331 2.249652081975053175 5.8598271771746066605 3.430658927420473514 3.4593363270674277743 3.489254231761867775 1.89847e-09 4.47697e-06
29568788.501026690006 1517 2.135838054803964603 0.26994901550019179126 0.20581643949687783435 4.7394888996600981201 0.29670606374479407963 2.3170805486803822681 2.0952471427326759823 1.8615795261543308659 2.17631e-09 4.68551e-06
29568788.501026690006 5753 2.0078386807542352166 0.27803152796276742187 0.31526034882364251111 0.1802616140498527475 0.21241382093957447696 3.743412446970777907 3.9247399708094619086 4.1208949401672905211 1.44813e-09 4.09059e-06
29568788.501026690006 6121 1.9512638562328157299 0.44141234500934112273 0.14845597057206413871 0.66262447083818676319 0.36638168303312879104 2.7583242913769425719 2.5373503035418671914 2.2865668480858443168 1.90564e-09 4.4826e-06
29568788.501026690006 5717 3.158276754618236204 0.076091799933798234812 0.22479287547994183938 3.821657638208218799 2.516320240333105307 1.0410060510386864863 0.97651466426205746352 0.91346873345455781301 2.31886e-09 4.78566e-06
29568788.501026690006 6197 1.97804741361402181 0.19694236960129235525 0.21262800205746634763 4.9017895587915054634 3.5707460075326502569 1.0872335690789443063 0.91932475305394256715 0.76271768529291650296 8.02678e-09 7.23931e-06
29568788.501026690006 5211 3.2028896679652598678 0.09660966239127335986 0.25833265637631497302 1.3120366942559213985 3.00168307729866779 3.2220810445264245203 3.2302615770544660379 3.2388166312973019068 2.07199e-09 4.60942e-06
29568788.501026690006 6154 3.1388533144568380173 0.13713681918391348868 0.24488063692472039623 5.3122594452730496073 5.6004845882799489942 1.5799260171140545594 1.4422750845367722228 1.3062693003090095623 2.04677e-09 4.59064e-06
29568788.501026690006 6204 1.7465090150808353364 0.1830652509378475068 0.17975515256374199891 4.6464685794629918547 4.2578088174005817024 2.0498410930231738547 1.8791325163022478684 1.7047006571510943118 2.26769e-09 4.75019e-06
29568788.501026690006 6392 2.995049419575995131 0.25654562123706009524 0.18694857660075570038 1.1351191451156334988 2.9471845328246266682 1.4763224071941416504 1.2211259498030599957 0.9801050101213871768 2.75286e-09 5.06732e-06
29568788.501026690006 5076 1.5189212100643836312 0.28445426727157197 0.18868388983030615069 1.3273008938696400083 0.13291121498586619398 5.2280253155021938483 5.4627445685282767229 5.6708076296552745177 1.5547e-08 9.02399e-06
29568788.501026690006 5288 3.1361957911075206695 0.26860585494543715024 0.23419693256423121386 4.5016279492238240323 0.53057259679839130495 3.5222016990932942804 3.638512763948550166 3.7665626576733890474 2.94866e-09 5.18471e-06
29568788.501026690006 5459 2.9532014983619623294 0.21132575506692535816 0.18805091928170333815 1.2998757068328916642 2.2799850257389420172 2.8518600584366851081 2.7838542911610941744 2.7098571674844853518 2.51526e-09 4.91712e-06
29568788.501026690006 6816 3.0986780445276775886 0.13378590088218733634 0.1609760925115994723 3.4151603420954517176 1.0342200064392317316 4.7501637952749895533 4.8839181924720289629 5.0157407717367075151 1.76213e-09 4.36713e-06
29568788.501026690006 6572 3.0073568416349258925 0.20518441163661430005 0.16713726726904509778 0.96050243064370333101 4.075529170290172587 0.30812715811565277724 0.25090246925700787628 0.19995963808222338987 1.66053e-09 4.28153e-06
29568788.501026690006 6740 1.9218458991719160611 0.32958768050422532214 0.3249930958793821878 0.5265074353506005167 3.70547017784645627 4.5063779526668810149 4.8468635762804632705 5.1734757091250118677 1.33102e-08 8.56864e-06
29568788.501026690006 6480 1.6140878561006233305 0.069965717813846042827 0.063713230014657687428 0.86506392436926482503 0.34490704396171562029 5.8169797586029456937 5.8475102536723664315 5.8770373601961169996 9.59462e-09 7.68292e-06
29568788.501026690006 5642 2.8589697547152383983 0.24833594722961779833 0.089013023737032126448 2.6740315571672019779 1.7485409223137653445 5.5902814795336421838 5.7369158521337784151 5.8659271759012838743 2.80041e-09 5.09633e-06
29568788.501026690006 5478 2.2103363094563390767 0.28869641865626000099 0.52261727547286906947 2.2829003810210446446 5.6416732085263667784 5.3388881264295857676 5.5579450074220568823 5.7494417554340397913 2.28234e-09 4.7604e-06
29568788.501026690006 4732 1.5084588517334416302 0.20802395672089435408 0.20085689522871963408 3.7475443920721938085 6.0290545735603666699 2.9592143319386923217 2.9166743383255036015 2.8702794343338391414 1.92787e-09 4.49996e-06
29568788.501026690006 6815 1.729123486662265119 0.29185612390700604868 0.24091243197957956657 1.282793752175399149 1.1739770806942184667 2.8718959839688364966 2.7791212388908057562 2.6756331012354879206 3.57143e-09 5.52668e-06
29568788.501026690006 6617 2.7829003197784007995 0.26575713926694932709 0.02630191406514820196 1.0625770374698950693 3.4343417756568643817 2.6575044995506651446 2.5146631341519607439 2.3587537978552624018 3.93262e-09 5.70704e-06
29568788.501026690006 6667 1.8085146362164141731 0.26056034902434960232 0.34056846033379323258 2.1831127509541810028 5.8376238603468735278 1.9943182094329117149 1.7400550955068554426 1.4832181800832875407 1.85586e-09 4.44323e-06
29568788.501026690006 6040 2.2719034240544111469 0.41386187570209570508 0.49238424857111645627 2.1170579212236493305 1.6433656900741004936 3.2738557155929433051 3.3465913889477763021 3.4308395631493424638 4.48499e-09 5.96262e-06
29568788.501026690006 5950 1.6404189570952067978 0.11594295544410718191 0.19380167632278141876 0.99696472438469396771 0.40831341216059885424 2.1848588947368967617 2.0865584396978178461 1.9856976798506140724 6.81029e-09 6.85339e-06
29568788.501026690006 5158 2.0746142082154284125 0.18170902313321646293 0.1701521890102423995 6.030901981029886727 1.7787753771331362707 5.7332412422240386363 5.822010193302643799 5.9028708474090256786 5.85576e-09 6.51695e-06
29568788.501026690006 5252 3.1441732476462282975 0.087091623742894613835 0.16439616381413318935 1.7198978866443916935 0.58390275685040327058 4.4298006317515730146 4.514578303591409103 4.5999715692627036745 2.42859e-09 4.85999e-06
29568788.501026690006 6104 3.3425439453084706543 0.033067479753032945344 0.14916454578659688046 1.0084977102091572387 6.0541075428300112904 1.4628630592742071226 1.430040440020553083 1.3972999898866111934 1.75259e-09 4.35923e-06
29568788.501026690006 5196 3.5661463356728937413 0.12538873838961733798 0.20843177886193400838 5.9306538555557244408 4.2463414389701590324 4.7594651504484035698 4.8846759836615758488 5.0082083755299553474 3.02458e-09 5.22884e-06
29568788.501026690006 1284 2.327796369125578746 0.18044509691632498738 0.29554864087165894082 1.1019174857784481691 5.2635236257306203811 1.9057839418127702213 1.7291224795029338512 1.5509342861731330032 3.64405e-09 5.56389e-06
29568788.501026690006 6952 3.2100300040716267524 0.12946164991690822799 0.12095073815382324789 4.1082338529715345388 5.7868793675606644555 5.3785261105587487407 5.4767145177749716467 5.5701663170255972801 2.57429e-09 4.95529e-06
29568788.501026690006 6978 1.3033188021178356841 0.18233899127416175467 0.29662575619331149612 2.635417963069465408 1.8038144473078836505 5.2923601512845239725 5.4385334177682551626 5.5748755778336249733 2.46129e-09 4.8817e-06
29568788.501026690006 6692 1.7844682539219998141 0.37205633605362326 0.19421511831165239048 2.190848479926952308 2.4805566613441709656 3.6064134946309596153 3.8147020586818682908 4.046649494197667174 1.32225e-08 8.54977e-06
29568788.501026690006 6425 2.06984326485134007 0.22358512849610878703 0.20124769893965774314 0.80273930096976853221 5.1819641852217257494 2.8935297019999421941 2.8310950615104859551 2.7627825444317384296 5.02719e-09 6.19382e-06
29568788.501026690006 6573 1.761777993590418756 0.077717894268400589119 0.18236579123263174651 5.7674792802441015027 1.5015577719434995974 4.2151261785387470482 4.2848010462034951118 4.3555218915348099529 2.46875e-09 4.88663e-06
29568788.501026690006 6836 1.6394243656447007318 0.26989213337005435456 0.11708606825980072408 2.2175813802530059959 1.8055271974808040358 2.7215051820222453394 2.5934252033566989049 2.452777919447707955 4.61039e-09 6.01768e-06
29568788.501026690006 6180 3.0609516033566701587 0.14268350327830353619 0.17179939176305750181 4.908345572348078889 1.2053221358779473427 2.7159996336601537337 2.6526720205138794029 2.5856573953361818852 1.88472e-09 4.46614e-06
29568788.501026690006 6809 1.8197338210221409849 0.093896377189054358592 0.29940266943403409661 5.3498010500727781746 4.4439787344374446221 0.33988964559646167585 0.3098517329665090303 0.2812210906268125532 1.72631e-09 4.33733e-06
29568788.501026690006 5678 1.7206455801642732695 0.26650972766691632954 0.23101052489689727354 2.5742035734207768805 0.93884918663593197596 4.3970772261951065474 4.6648395305035936786 4.9310480323227441346 1.85255e-09 4.44058e-06
29568788.501026690006 6119 3.1015174680472625823 0.17074016746493131391 0.18901687689076446253 0.74771523800874217791 4.0866550166634922903 2.7107455429787470358 2.6328603032761188629 2.549697801014272347 2.96829e-09 5.19619e-06
29568788.501026690006 5063 3.504178384823654735 0.17579519690906844631 0.40429858395227796786 1.684441827759415311 1.9321739714803762844 4.4681068729426325348 4.64333585040491581 4.8187120886575787182 2.23728e-09 4.72886e-06
29568788.501026690006 5289 1.8776677266106092112 0.080780024724462287655 0.062685587501136119659 3.3555232218777182318 1.1855880577272333021 0.27730199476353178945 0.25598174477327317877 0.2355286233662442219 2.13423e-09 4.65511e-06
29568788.501026690006 5310 3.483643333315252999 0.063192044606080383096 0.33603447124021174064 4.0403491343970969751 4.7664493863071797364 3.6525670248822277308 3.6843754946947204765 3.7170155042206727281 2.51895e-09 4.91953e-06
29568788.501026690006 6054 1.8582786191085300942 0.24518561636507124613 0.093579437181201971518 0.3516710789217845079 2.1378325131286954885 3.2852131110261346691 3.3258519862896958053 3.3707745159612771957 1.3494e-08 8.60789e-06
29568788.501026690006 6960 2.9990596906809452449 0.21083582086805149891 0.1153312448917623162 4.145695444797757645 0.81756184403774534442 4.2156899841512265326 4.4125512508252562327 4.613980511525241468 2.28045e-09 4.75909e-06
29568788.501026690006 5360 1.6518174403934995365 0.24586062307054454279 0.067192842948138181702 3.3469576508532092873 2.4562739356813003688 6.0668038101162338194 6.1145766903147471538 6.1558347728441269453 3.45603e-08 1.17772e-05
29568788.501026690006 6823 1.822759307539103979 0.13690509515197957224 0.26750924410864418412 1.4175025030964114592 6.1082475352793794698 6.1995553791594142368 6.2103084150317728884 6.2202768036610667224 1.69817e-09 4.31364e-06
29568788.501026690006 6677 2.2908367727217129328 0.11233719885760362622 0.21984395259617858787 1.5464072018330381475 6.2665442053613649165 3.4295948960730791022 3.4634290355162526964 3.4989623236686537844 2.33048e-09 4.79364e-06
29568788.501026690006 6017 1.8934946866923136888 0.31204881382528087963 0.1039396561701076277 2.8663101789202514169 0.21417471079477984341 3.8819824471664166055 4.1255800469047745338 4.3854267858483400033 1.07446e-08 7.97837e-06
29568788.501026690006 6791 3.2002583751357396302 0.26519277880059183294 0.1020188844393761507 5.9765576744014961008 1.4246848775658154107 3.5565341624976327672 3.6805786755958651568 3.8166931202943197299 2.20531e-09 4.70623e-06
29568788.501026690006 6266 2.9225195774015992889 0.15530557897773769604 0.12784780069073800601 5.4508265315907227233 4.4821802794966210115 6.0705373929609107719 6.1011724441363250904 6.1292842374130671601 2.89198e-09 5.15128e-06
29568788.501026690006 6897 2.2865193062257791468 0.39722620951308929005 0.56874227457816040054 0.83167452578958112053 2.7351485957924026593 2.0260477838734090028 1.6222666245689389974 1.2255664630663956061 2.6229e-09 4.98629e-06
29568788.501026690006 6969 2.08805834253619782 0.42043774858633414793 0.38521774466393848835 5.7093586818903698799 5.4371255013447248317 3.1235463153636722211 3.1133417039859421216 3.1014655182487960161 2.41679e-08 1.04535e-05
29568788.501026690006 6230 1.8439794434327239081 0.17105828565340241987 0.22516147588831073034 4.9326581196928120931 4.1593350090133860419 2.6980943343611523133 2.6179500286797017239 2.5324143900621836067 6.03494e-09 6.58276e-06
29568788.501026690006 6186 3.2206796556195578241 0.047792008360874875528 0.19283259513526046502 2.6850241620804675691 2.5496014157952329171 0.94621106257214748769 0.90795929398069408212 0.87028726145667223424 3.14704e-09 5.29848e-06
29568788.501026690006 1465 1.5041857652639547549 0.40271664750798341625 0.20021292691676706443 0.97106950714344286713 5.6203941359932869659 1.5535138855871002406 1.1405492001775194844 0.77453505976343350881 7.44584e-09 7.06027e-06
29568788.501026690006 5931 2.6978456346156090007 0.46504971343103246317 0.73558468912342700463 1.3948129615011135574 2.1634413774406775488 2.4306269719428943432 2.039732389596591311 1.6248849666314930662 2.66585e-09 5.01336e-06
29568788.501026690006 5323 2.8124863604679060103 0.080280823171081885925 0.10002386406816483888 6.1972232531313782289 1.8965819239661032558 2.4124325773473422885 2.3572176729149076913 2.3005086712868170196 2.25995e-09 4.74478e-06
29568788.501026690006 5788 1.6473983650701533588 0.22892885064122245331 0.11028365420216626469 3.186631317924799589 4.1177657865595218567 4.3027138890823257711 4.5249154617527507227 4.7498330780697006759 1.43499e-08 8.78617e-06
29568788.501026690006 6138 1.9207789164776907231 0.24728996445314832542 0.057910561302746958734 1.5697803230190843227 1.3082527070819849335 2.1105416183377507799 1.881202686014972425 1.6457308257157634568 1.45536e-08 8.82754e-06
29568788.501026690006 6726 2.053159800818754821 0.21125909692916081117 0.061954819598617830168 5.7759251706364000967 5.1011528925187068495 1.8805323333096852778 1.6709502652875256601 1.4607498330539800957 2.92983e-09 5.17366e-06
29568788.501026690006 5559 2.3670774197852089138 0.39941416111683236689 0.37685882747434995554 0.30401243979811465312 2.9318759424525500101 2.4065147512232858418 2.0788804833740286426 1.7299210473989934389 5.44342e-09 6.36025e-06
29568788.501026690006 6737 1.6441812929341446115 0.25993271692036684639 0.16246307157747921779 5.4352433621879532311 1.9345748922345202825 4.0808500674822880683 4.3113665540522330133 4.5506768229358032229 2.16814e-09 4.67964e-06
29568788.501026690006 5663 3.1514308565636492965 0.15647780144251688395 0.35221762935967088071 5.3218994223159121759 5.7980731130352509695 0.92588234707814853763 0.80588745037441777974 0.69299725079338914124 2.69499e-09 5.03156e-06
29568788.501026690006 5227 1.6485902879449276792 0.16360062652265408567 0.087244711776274810888 5.2899661175145791248 4.4040875679540079091 0.88489547256028500133 0.76390140640030534946 0.65073164237495007001 5.94474e-09 6.54979e-06
29568788.501026690006 6118 1.6272037265681100759 0.29425300488893979534 0.15471068701595661055 0.99632341560428927529 4.2097935203184526642 0.25811096805362859774 0.19108107320307993193 0.13519642396824538277 5.68798e-09 6.45411e-06
29568788.501026690006 6356 2.2271940863508179476 0.37208982794400957683 0.5930611385581480155 2.1307039527994073858 2.5862875285805757564 2.941788590329911468 2.8473900132106764183 2.739492579819004181 5.8318e-09 6.50805e-06
29568788.501026690006 6272 1.4127628428093075286 0.25651826372029440382 0.17186056572115210317 5.1387836868792753364 5.868635126411294145 1.0314146729343187658 0.82238957010973612327 0.63441966718030040617 2.92426e-09 5.17038e-06
29568788.501026690006 5138 1.7358088002252696214 0.30716475427255923725 0.24057565731118640828 2.5256638508370090612 4.6762464918325754581 0.93586308607047230534 0.70510251094777065539 0.50602537854987517107 2.37553e-09 4.82433e-06
29568788.501026690006 6501 3.0479227554437913206 0.29336888983226572236 0.45906913941478438845 0.49781591842473726928 2.6407107800183609037 2.4823077681177569964 2.2745983808805436688 2.0509376607828584405 2.93548e-09 5.17698e-06
29568788.501026690006 6132 2.2682390650209258709 0.50762722899243151176 0.52784030224032385537 0.59563387547895807472 1.578667787031296843 1.8774797760923005452 1.3253767845385202584 0.83296036334084222474 6.69157e-09 6.81333e-06
29568788.501026690006 6702 1.8135972340259975955 0.44355618068804320009 0.34554155465153013616 1.4580376351470865082 3.5845684265979156358 2.6202052241239948138 2.3299550087274734089 2.0081925439162588987 3.70623e-09 5.59535e-06
29568788.501026690006 5256 1.914669316507171537 0.41445664646576851897 0.24969315242390990872 4.0129861913837494569 1.3548485438678004034 5.0586695828860985813 5.4343960950454830439 5.7454378320245869105 4.61883e-09 6.02135e-06
29568788.501026690006 6023 1.9363563284714770951 0.12084230657231755102 0.19047797588693965443 4.9865235389284290335 2.6323196229306411453 4.9279986152969579294 5.0448265398664471348 5.1590526890201156007 3.26695e-09 5.36493e-06
29568788.501026690006 6504 1.8847736593673363181 0.33786441236324166182 0.30074823655978888404 1.080643535254096621 0.62294484996513466157 3.7356674792821213948 3.9623762440996279643 4.2095849406090684042 2.41361e-09 4.84997e-06
29568788.501026690006 5667 1.9396817116647548929 0.091571478719058865825 0.21631880669127825922 0.21855384641057939987 0.83587811869315886693 3.8455413656809525058 3.907067371264925093 3.970515360067705668 3.20823e-09 5.3326e-06
29568788.501026690006 6362 3.0301296530972203769 0.077470152754416057861 0.2214326781901489738 0.84191388364261299238 5.3232840422669900349 3.6277027883462924507 3.6652335808880338597 3.7039714852356020458 2.92709e-09 5.17204e-06
29568788.501026690006 5964 2.167832576360503527 0.34890180127495790119 0.52615215017706451484 5.8933064230062601752 5.3738275230875096611 2.4960411177586956377 2.2442391992549342028 1.9715099710078787254 2.1711e-09 4.68177e-06
29568788.501026690006 5767 1.6710800678320383295 0.5525819717156039701 0.12116908604820912643 2.6799974510472028832 1.410465689492897301 3.2075461307392520993 3.2643422023567181256 3.3320011828198135007 4.97944e-09 6.17415e-06
29568788.501026690006 6126 3.0083338833397923473 0.28717021530234909665 0.22233067075313653338 1.2749379383672978516 3.1184174713802064183 5.5239975411538200234 5.7059968318006637489 5.8626970142644001527 3.04059e-09 5.23805e-06
29568788.501026690006 6243 1.6652800079439513681 0.23775708580272042481 0.12720946520415996051 0.78721988530695663489 2.5469432816254991003 0.32309095695046124996 0.25439224800833504236 0.19455895058620678584 6.87089e-08 1.48088e-05
29568788.501026690006 5367 1.0152908268751090759 0.30337527598276486929 0.3508393836071067029 0.39429796626473850862 4.5289088840121500823 3.8782672289257003051 4.1130592373773016135 4.3635604151398013073 2.85701e-09 5.13044e-06
29568788.501026690006 6415 1.8549668895537514413 0.47491135773529585817 0.22928132326324238144 3.9249701273030308535 0.43644895331601685218 2.787295180709481901 2.5586030414446727654 2.2971538040970029826 4.5356e-09 5.98497e-06
29568788.501026690006 6920 2.2760274670591851276 0.029405128512268393498 0.079978198225572033619 4.4484969000618992396 0.58708607937922108189 3.2190209416788344576 3.2213297987853755089 3.2236719959916673162 4.48089e-09 5.96081e-06
29568788.501026690006 6103 3.3164347605010364717 0.077763605263889590269 0.12752095057990497917 4.4187284211042054949 0.68902272089616489747 5.0551751726801956721 5.1275464466104194727 5.1987042529279490211 3.07621e-09 5.25842e-06
29568788.501026690006 5534 3.2710060197807537818 0.15371545220438040391 0.12470281677807795728 4.9608815045037442104 0.32159742525841539251 4.6228211451050222891 4.7775984789575591805 4.9309872264845511225 2.18919e-09 4.69474e-06
29568788.501026690006 5578 2.8814537216304496603 0.12391350816212234887 0.21337045936128343215 4.0612717931918123071 1.4086770752301387422 0.54006354944466661294 0.47935977360702047845 0.42220947539240871738 3.04211e-09 5.23892e-06
29568788.501026690006 2992 1.7690609805774499819 0.35632246847050480509 0.11418368582967827751 5.4382242243162099982 5.9985790302853168043 4.1765384673842032015 4.5227002060176610954 4.8726313060019403878 2.26492e-08 1.02298e-05
29568788.501026690006 5643 3.3048094351269248214 0.038711498091644348796 0.083060929325200760776 5.8123860961621280907 4.1269777215218415023 5.1708283236243754999 5.2052571982692752428 5.239361229606912751 2.47115e-09 4.88821e-06
29568788.501026690006 6683 1.6286096287221063506 0.15607570511226864785 0.11001897957656713023 0.98496798999998447233 1.9664524936570531022 5.1962770488538678748 5.3301865513711064182 5.4574126254408357184 2.07491e-09 4.61158e-06
29568788.501026690006 5234 3.1192185752875003502 0.11614288584452918396 0.10121974622856701187 5.7523930484758061255 2.1790904898249530142 5.7643106915558801617 5.8193046554734175757 5.8712695404250894171 2.35138e-09 4.80793e-06
29568788.501026690006 6292 3.3642431893764381812 0.049005366386619508834 0.30611217198120577176 5.1869012286392326416 0.36526287499638698808 2.0435367981989993602 1.9993942320810991209 1.9548214330171298503 1.7586e-09 4.36421e-06
29568788.501026690006 6557 2.0472089722574828841 0.12904325360986040883 0.16735657680043208861 5.4300090887679255403 0.00022687818699946887997 1.6781308125474931892 1.5485725528446949717 1.419561164904963757 1.93092e-09 4.50234e-06
29568788.501026690006 6401 1.2773053737269552954 0.073807945994806820056 0.083594002657093199882 0.09860017736248866127 4.6109638451221162114 3.2491297976855948448 3.2573649446198449375 3.2658907841779178938 1.93159e-09 4.50286e-06
29568788.501026690006 5864 2.0830258447013085821 0.38977040528482498338 0.47856473552631900725 5.3703870009425944687 4.8558977403050622712 2.8236741636882483064 2.666853881883302968 2.4886874430022007942 2.76427e-09 5.07431e-06
