83383983.572895273566 0 5.3986347232518712147 0.054475547165045448694 0.037042905240502202457 0.83496905741679383617 0.89234210780022604759 0.78464767111052247106 0.74686139786616856373 0.70985403815091996371 0.000954966 0.000356051
83383983.572895273566 1 9.0205301643092781205 0.011224033924561937006 0.022527697334522235606 5.264261990834792293 1.6992055356061124272 3.1497029651323580346 3.1497945111705698551 3.1498865680661745081 0.000285285 0.000238018
83383983.572895273566 5775 3.0465775650815394293 0.20488832137560289426 0.076921979541846902118 2.8098086552349497147 4.5275807678823216662 2.9254978173067129887 2.8761094708126098141 2.8223517840587923899 3.02463e-09 5.22886e-06
83383983.572895273566 6920 2.4278010308594049071 0.21029095093993271925 0.33390680427574326306 2.4532414069938086598 4.4441670032805564716 2.9432819610291702794 2.8965156028219225526 2.8454924835651089765 4.48089e-09 5.96081e-06
83383983.572895273566 5134 3.5472220292605256553 0.075481969499660558909 0.37587240575108121776 1.6770959618477074837 0.16004936328370594767 0.82163739451095352262 0.76768791104393652169 0.71526768303877164001 2.31886e-09 4.78566e-06
83383983.572895273566 5278 3.2053345093196181637 0.08702720548680788204 0.34029430206027122541 0.24344991549243227835 2.0786892815320658912 5.5103418579600953464 5.5693577877647415519 5.6263372522236307915 3.13887e-09 5.29389e-06
83383983.572895273566 5451 3.3000142226488109465 0.062454243026095035418 0.084703810525829772993 1.5416457174089774895 2.37583635105001445 2.2933125917638652602 2.2454364970551545788 2.1966639953026620979 2.58702e-09 4.96345e-06
83383983.572895273566 5063 3.4635673937688120638 0.12491867216878108082 0.46958577678104179709 0.69607127648323163793 1.7507387769029467695 3.8154766554660950462 3.8977213085295878692 3.9834292835846194514 2.23728e-09 4.72886e-06
83383983.572895273566 5878 3.2492756237841127209 0.069371684823812507226 0.048397953508759965213 2.5170331359456747933 3.4634754632783062434 2.5342439841348154417 2.4934484798852412091 2.4515682407829841871 1.44428e-09 4.08696e-06
83383983.572895273566 6255 3.2036801136150065972 0.15184528406674127621 0.14428832568129915104 3.2969364767418487538 5.0095125487105196527 2.8374450068882759446 2.7881206612063724748 2.7355583184312566303 2.45838e-09 4.87977e-06
83383983.572895273566 5548 3.1820941698903371098 0.093468584419239816863 0.25499180675292676401 3.7821526012983226472 3.7581572214346579131 0.3988679325974773815 0.3639961606376738712 0.3307202786139210593 2.11518e-09 4.64123e-06
83383983.572895273566 6443 3.2068177445686272264 0.27963021933998838398 0.30254998368042357315 0.60395964539641133761 1.0542880318848344423 3.444705201891955948 3.543215372195478885 3.6525263068220477081 1.88164e-09 4.46371e-06
83383983.572895273566 5990 3.0807358687243073803 0.079924405284962168894 0.20486583585751094727 1.2641166432768984329 1.6416348532871098964 5.1966577335234793722 5.2661813166729691815 5.3341599158838208794 2.30118e-09 4.77347e-06
83383983.572895273566 1284 2.4149076040897012874 0.47459789663127271986 0.54917885468984417585 2.2606457400783281919 2.1935420893761166106 1.525918529103983845 1.0372023443804383458 0.62858085271288210993 3.64405e-09 5.56389e-06
83383983.572895273566 5098 3.1509451928612692839 0.078213272663703301002 0.11880519208616528715 1.5986391087903413233 1.1000387960561039957 2.5327563732973819022 2.4864776590921127131 2.438826188663808292 1.90652e-09 4.4833e-06
83383983.572895273566 5929 3.2359053637903292255 0.16609486454577482295 0.20514388324654764251 0.076400186053065602398 1.0666666687949208914 1.9675397169174213552 1.8084597392018997297 1.6470336790897290857 3.18574e-09 5.32011e-06
83383983.572895273566 5467 2.9621882806076440531 0.17851677972595322852 0.20627907172400603009 0.4979260084580527379 0.89410223416069878333 4.2493518941118022525 4.4167146172982345576 4.5874848149911056083 2.43648e-09 4.86524e-06
83383983.572895273566 6282 2.8499581761769947619 0.15892070875998409729 0.098097779813440200147 0.86800037080415226587 1.5039768445214198866 3.2080860508399555719 3.2196343082980032335 3.2320241577054251714 2.68214e-09 5.02355e-06
83383983.572895273566 5694 3.1147585077271906506 0.082132551453498514604 0.30405789740446520497 5.9851940312595699467 3.5868849667885993604 5.0709675499513116037 5.146873536610698352 5.2213749174143124776 1.21025e-09 3.85309e-06
83383983.572895273566 6392 2.9787504394344335168 0.11656891524279508476 0.20011852671054408681 6.2350160195487065451 5.3422464934698208339 3.056339862510458083 3.0457639400319358458 3.0346103799385089062 2.75286e-09 5.06732e-06
83383983.572895273566 6484 3.109250353587184712 0.17319342612011640048 0.25181292200770249989 2.3140187722768565948 6.0393217078183543123 5.9184644272926245634 5.976003327506805185 6.0283724703572429959 1.88476e-09 4.46618e-06
83383983.572895273566 923 1.9153096963131588382 0.3753291892863098167 0.34399973910263909049 2.0281410883986357163 5.9227802065437771262 2.0759075535429047932 1.7038605999951066394 1.3318493189998688031 2.53731e-09 4.93145e-06
83383983.572895273566 6739 3.2236959404027820675 0.18960916982156694743 0.18055424997881378002 3.9585167263928644488 2.7958684628302821196 2.0974584674089649106 1.9241215992851656846 1.7462251011972074188 1.84353e-09 4.43337e-06
83383983.572895273566 5885 3.5190467809383974007 0.065861436060972236572 0.24986131729082533548 4.9794297254071757663 2.7141168093164105279 1.7147678860702146864 1.6492303901694782553 1.5835714368319824263 2.25928e-09 4.74432e-06
83383983.572895273566 5405 3.1813206425728446369 0.012520077877346623418 0.10702078849453748599 5.7602720207940940611 0.77513286009808068933 1.8895938559990050898 1.8776809273837626879 1.8657457959794963021 2.93677e-09 5.17774e-06
83383983.572895273566 6764 3.2962307126945620261 0.0439504351265713189 0.32057553091788876243 0.88568909190683664523 1.6743428839818830234 4.7218490472305436612 4.7658025387714761933 4.8096902933261880264 2.4069e-09 4.84547e-06
83383983.572895273566 6362 3.0039972437022020024 0.048343051795216564204 0.31442023601013258105 0.44920291804943979219 1.5591379965161389354 1.7988971515544533997 1.751528503718101426 1.7039728467384243071 2.92709e-09 5.17204e-06
83383983.572895273566 6775 1.6580818170124946853 0.18322696943824121063 0.25142623351735293724 1.2770928758670079262 2.6685425725455553803 3.2174577522892819914 3.2328844935135161442 3.2495883958200204589 6.39874e-09 6.71246e-06
83383983.572895273566 6055 3.2389100062668854108 0.11174897791001131564 0.083042618400658047007 0.26603599088799034789 1.2453809270013804777 4.77779317664502301 4.8891301107772573431 4.9991382520989846583 3.0525e-09 5.24488e-06
83383983.572895273566 6498 3.2305608378890506849 0.039414821437715762131 0.13456373400416360431 2.2617342120230370384 0.47109978679321751205 0.71966909019025071537 0.69406037069456605337 0.66884814919809909561 2.50157e-09 4.90818e-06
83383983.572895273566 6313 3.2486903268554283564 0.095118482286406472181 0.40255245307569248459 0.66100152895770558636 0.46057397635937652458 3.3618989294754060282 3.3837477318633841783 3.4065567046760483194 2.33149e-09 4.79433e-06
83383983.572895273566 6300 3.22996983956080852 0.066154674126424103942 0.22901595890084391893 1.8831521449910062493 1.2559300910411765884 5.02911869209495066 5.091389133391249544 5.1528491433863958804 3.26125e-09 5.36181e-06
83383983.572895273566 5323 2.8185948955995550058 0.15677145391656505113 0.12151465736675265417 2.7632569948785374869 4.3414712766773995156 4.6484001191273316422 4.8062931650381210957 4.9623739217070879093 2.25995e-09 4.74478e-06
83383983.572895273566 4755 1.8556698884780562508 0.010141586325800491797 0.063860239852094380364 1.2397052268743469217 1.0416103407431234196 1.9010959412019603487 1.8914865794100850227 1.8818620308138520603 2.45943e-07 2.26531e-05
83383983.572895273566 3800 1.820821431821087133 0.24889927907051231926 0.44285579440963968034 0.30320698114067412554 1.031559522631803727 1.7680438662584607723 1.5151252130268826335 1.2666115377462303648 2.3176e-08 1.03085e-05
83383983.572895273566 6956 3.5031045518921986037 0.2639699616897671075 0.37703227808491812656 2.7299107226224421652 4.5885428292294809793 4.7719493820987057831 5.0365258844683005179 5.2867498657995204425 2.20649e-09 4.70707e-06
83383983.572895273566 6197 1.9503324846293126349 0.23080207272341038416 0.39657933101307546453 5.7329727524796147975 5.4292518079972476031 3.2916605840566637298 3.331208705148334559 3.3747107049687561364 8.02678e-09 7.23931e-06
83383983.572895273566 5080 3.2102908708533597348 0.14533207466196479407 0.24937905190136502864 6.118879004842228575 0.49379387004449382115 4.6165621183239693437 4.7627622508829707826 4.9079099769046763413 2.57476e-09 4.95559e-06
83383983.572895273566 6233 3.1604655265206531567 0.14079266150211633413 0.19531245380846526394 2.5411273810612748925 0.27086988879484380499 2.8208978199505398976 2.7730929554980754403 2.7223771505200704546 2.38928e-09 4.83362e-06
83383983.572895273566 5489 3.2176655665356652669 0.058770203132164251791 0.38088290498495880332 1.2979013902752674081 2.6580276756197975807 4.5659062835686112791 4.6243316334189383809 4.6828741288381943164 1.80848e-09 4.40509e-06
83383983.572895273566 6756 3.178519138789036802 0.024174009122587634263 0.26787915785259341916 5.3362043195781945215 4.7185674203981724517 0.62564168443955403554 0.61162051743861656217 0.59773992320772817433 2.22448e-09 4.71983e-06
83383983.572895273566 5116 2.7684218234730035846 0.1915694828405006267 0.13094780117802085062 0.83675322903917537243 5.7377936435227097078 0.59538528099726895082 0.49506465427621326736 0.40405218759522359973 2.56354e-09 4.94838e-06
83383983.572895273566 6951 2.9716416414287505354 0.070803193363820779438 0.069801401601189333457 1.2925085644837865928 0.35731005582733837977 2.1422618591932525156 2.0814870226866659664 2.0197178128559265531 2.54062e-09 4.9336e-06
83383983.572895273566 6295 3.2618562803739767908 0.055343190245800540084 0.26332001874702537503 6.0955352495884058683 1.9360692634721681227 4.4973540154959685822 4.5517722688816455445 4.6064031281967103837 2.30061e-09 4.77307e-06
83383983.572895273566 5923 3.0076686808628645409 0.056180892766502260605 0.16397123120486536973 5.465816682791454717 3.2276847492000984019 5.7186160646250279171 5.747999493896860379 5.7766517986449548161 2.22479e-09 4.72005e-06
83383983.572895273566 5234 3.0348243227272257982 0.13269996987056806304 0.069727901959425825362 5.6467899098245224465 5.8456880231778161061 1.1630003751487882901 1.0439327236662896414 0.92922841202907657809 2.35138e-09 4.80793e-06
83383983.572895273566 6863 3.1374890809799924618 0.19842280490787891911 0.048076646462105653013 1.7302831426908427126 5.7980507884689789222 1.7188884491256228859 1.5183666005920810615 1.3202164530791176134 2.72515e-09 5.05026e-06
83383983.572895273566 5146 2.7806012031543847485 0.17098916655519921792 0.06803125945264003327 2.8863532339698974027 5.2867722034634319073 1.8270712658024106378 1.6571305493157997279 1.48677822929970338 2.55901e-09 4.94547e-06
83383983.572895273566 6969 2.1620801026236451392 0.16741686646367939795 0.24560778948176087422 0.388380028947593825 2.4069727134289027326 0.098812052173437942004 0.083466475165288642191 0.069508998767918606099 2.41679e-08 1.04535e-05
83383983.572895273566 5853 3.139030954108553928 0.19682283199171710097 0.11757133219983811889 5.1116890176143288116 1.4176121489285964383 1.4246246774034643234 1.2313869579573153423 1.0457925794082052473 2.34516e-09 4.80368e-06
83383983.572895273566 6657 2.2065218489120543843 0.16212763118909578886 0.14782599683307992566 3.2969460776177905714 0.18293196908373543508 6.1564542884868025396 6.1755370317233273525 6.1929561036128646379 9.52311e-09 7.66378e-06
83383983.572895273566 5962 2.8363380583784891797 0.17941453604451343407 0.25235729241169130299 0.36262928712858394364 0.23807631291054090483 4.4385046037220750037 4.6165396122877808693 4.7951306293369277967 2.88829e-09 5.14909e-06
83383983.572895273566 6628 3.2322972013860917784 0.17442364460926851333 0.18721218204783951489 5.1955968170135857775 3.2882776010856575866 0.49548707234618533102 0.41795162950305209115 0.34715494642955607718 2.5094e-09 4.9133e-06
83383983.572895273566 5290 3.20942066954148153 0.046081758344637867297 0.11853244980074813253 3.4607317966789237218 3.3089542644709291075 0.052456978982686315593 0.050093896182896766045 0.04778644669874879819 2.68653e-09 5.02629e-06
83383983.572895273566 2992 1.3852668951299580424 0.18068544384502707723 0.062093118099108328412 4.523673376875355423 2.8371226744241235806 1.2133731937828584613 1.0483490307044895928 0.89176692220823361446 2.26492e-08 1.02298e-05
83383983.572895273566 6827 3.0980773074563674463 0.059656574995402347761 0.076022737352217165108 4.3300315128192536918 0.20151610621826029912 3.1119444666276478983 3.1101199952708191709 3.1082427542153667765 3.04652e-09 5.24145e-06
83383983.572895273566 5324 2.0439292474050119175 0.19131893355653667443 0.18595144546125971785 1.1842285350575370018 5.9463339547071516478 1.0971595985451008115 0.93293359997570135533 0.77923365193265647921 4.64884e-09 6.03437e-06
83383983.572895273566 1410 1.4829171085615058256 0.20927863244418307143 0.07904076205312893233 5.0814380638719454097 2.691837009452737739 0.84219597583299810051 0.69496175390377890047 0.56094891255105294725 1.96181e-08 9.75145e-06
83383983.572895273566 6244 3.1778244033902054433 0.13698055677444848088 0.24766479258608620206 3.5858880290793093693 4.9588676183756499327 6.0645909518904383972 6.0925563242013582865 6.1185109236156858259 3.08558e-09 5.26376e-06
83383983.572895273566 6327 3.0173517310587971707 0.21290016281095303086 0.22503411437684459062 0.62466293301641673263 0.79740041374883630088 5.6195882048754128846 5.7417200773848149353 5.8514471563373708918 2.25041e-09 4.7381e-06
83383983.572895273566 5650 1.4506228543994674762 0.5010812678409271026 0.050224467522500218508 5.1634078021126681435 4.7704909782767916937 1.6899013065579679971 1.1522219371669435439 0.69439935602333102693 1.14639e-08 8.15256e-06
83383983.572895273566 4112 2.0639131479522494494 0.57163962783744004525 0.68853406333728561783 5.5894041104079636995 5.1586294277355895233 2.0226646990612402455 1.389916426980678299 0.82760265158451984391 1.99037e-08 9.79854e-06
83383983.572895273566 5511 3.2204514035169067299 0.072371880191723053644 0.12702143464392642858 3.7782591262246216779 6.1567907365554743748 5.8786747660063936038 5.9062743470669563095 5.9329108191769259761 2.90982e-09 5.16185e-06
83383983.572895273566 6186 3.241256827516273642 0.047142751474750069218 0.23100681610636486507 1.9831754803115377861 0.016599607178675489932 2.5491597354333128678 2.5222974926885872726 2.4949329469167786932 3.14704e-09 5.29848e-06
83383983.572895273566 5195 2.7482753964403494606 0.15234567708095092531 0.13829257773377373608 0.91133619716388136744 1.0823038421144557386 5.0832088401317978565 5.2219517861717239526 5.3549431412737460434 2.26107e-09 4.74557e-06
83383983.572895273566 6935 3.4706694278582177482 0.057972728311045960969 0.49462660891801679686 1.0624595199811759372 3.3030961901268387493 3.8839567892655613157 3.9240326461845191908 3.9649041122868347031 2.603e-09 4.97365e-06
83383983.572895273566 6667 1.379700722999199769 0.059945886736934898831 0.40208736881367407312 2.970417768024178784 0.61053414051581833544 4.0065440489609702723 4.0531055994052991309 4.1004887105716463225 1.85586e-09 4.44323e-06
83383983.572895273566 6816 3.1487627207422383968 0.12135650555220026114 0.093027973451281359418 5.159046919194437919 0.63383340144357336321 2.190029516590210612 2.0872951777201809165 1.9817692025160471569 1.76213e-09 4.36713e-06
83383983.572895273566 5762 1.2526680740828655125 0.14510443416002877237 0.4157448436519826096 4.3758479604276159236 3.8448597920323654975 4.6050359873855182258 4.7509555282289541722 4.8959520631479129804 4.50081e-09 5.96963e-06
83383983.572895273566 6595 3.0493331116579178719 0.061538211650295680799 0.27668441957604461567 1.69220574040700944 1.4271968137634112317 1.0240434007550596185 0.97226735901501470938 0.92142662214734738502 2.5233e-09 4.92235e-06
83383983.572895273566 5950 1.988044409769417431 0.36965102115816150796 0.24624472496518576281 0.68236189496042143343 3.8623288470367436176 3.4791163195229404259 3.6337207256076107242 3.8083817531520547384 1.07677e-08 7.98408e-06
83383983.572895273566 5351 2.9793264439655939846 0.19652491941876168435 0.13781525671421365753 1.691075226540895704 0.52417266965514475174 1.1120425245307730133 0.94200310795191877222 0.78306595957202429492 2.44807e-09 4.87295e-06
83383983.572895273566 2768 1.5735666274669404263 0.031102721670498909706 0.047844181327972024054 1.1233724319215097065 3.0355396984366125324 2.9783795266443697791 2.9732456535504110384 2.9680343008719862752 1.06163e-06 3.68842e-05
83383983.572895273566 5194 2.2905835896482185099 0.2894182535093186015 0.30786013895709701815 2.8139541385608395352 3.2493938924404566215 2.4158808865577978686 2.1960812452989979526 1.9614219725987436238 4.75382e-09 6.07945e-06
83383983.572895273566 6928 3.2192290406066947916 0.18826778946215855237 0.29889436802022451012 0.3988529411979365169 3.7021126277907070445 4.8638443736459473499 5.0484567484660978209 5.2261925971981506578 2.08658e-09 4.62021e-06
83383983.572895273566 5914 3.1836426327462028496 0.11375690962362956793 0.10458416616827956314 0.9570579169127250152 1.2786939666449079755 0.82137150957639737392 0.74099069581208631963 0.66420260015000032183 2.63408e-09 4.99337e-06
83383983.572895273566 5072 3.1301121366000885793 0.043295883987599648179 0.19140483566819602168 2.991019283871508172 1.2298335665898822988 6.1686170358094924993 6.1734645386161641767 6.1782054705047331211 2.73643e-09 5.05722e-06
83383983.572895273566 6154 3.1791812433508228608 0.13357635057709227322 0.25171439034139181379 1.5040142510232110684 1.7233101626929414607 2.3627873971205715087 2.2638915992641051034 2.1611350438748688774 2.04677e-09 4.59064e-06
83383983.572895273566 5312 2.9739180010015413558 0.10050802635696438891 0.17055540312337666431 2.0923016920102766036 4.8184997741725403841 5.7882337184760368487 5.8340552219515551258 5.8776940036198190853 2.46345e-09 4.88312e-06
83383983.572895273566 6126 3.013680503262613275 0.3111178207216246383 0.13564385736066666976 4.5350872877701293717 3.797822763065459295 2.7057697125531530169 2.5486429650625348486 2.3747873353852275713 3.04059e-09 5.23805e-06
83383983.572895273566 6952 3.2782985259544981105 0.15084871765185292602 0.11492970527900565891 2.3540813478821185356 0.4189130231664917603 3.5397147400708903753 3.6029346033107283453 3.6700849347528188282 2.57429e-09 4.95529e-06
83383983.572895273566 6073 3.2111084503864821826 0.03285970137229041188 0.21617026174937825633 4.6608881848926486668 2.6232081339327004699 5.545652137758641409 5.5674885920518883964 5.5890492663411039942 2.87152e-09 5.1391e-06
83383983.572895273566 5578 2.8857955430000665764 0.14977760374041826363 0.28706181848490758268 1.2324511556441626325 6.1889895979472377974 5.6533566162378834363 5.7369382782392346343 5.8147453552708086022 3.04211e-09 5.23892e-06
83383983.572895273566 5231 3.1560048811685490477 0.19582213951562360554 0.23821500717163152094 3.7930726797177403142 4.8449662218473141806 5.8769734748740862784 5.9485695372298392769 6.0128787565902692691 1.89135e-09 4.47137e-06
83383983.572895273566 6029 1.7163123171523195776 0.34973700733674817354 0.48375872095892191727 3.395402769165515533 4.5284189879683616198 4.138683065373980341 4.4718435102795393021 4.8115109493931207396 1.2969e-08 8.49478e-06
83383983.572895273566 6192 3.2111767641230346548 0.25062817641904017174 0.35783463970968842904 0.56393183163038862471 0.85310126014278109263 2.683456974660149541 2.5564587733239156897 2.418034075836687613 2.79503e-09 5.09306e-06
83383983.572895273566 5211 3.1293004890918014738 0.065120746795631456738 0.27861561389978289904 5.9521176417640591083 0.89371907321554955317 4.7198028363018140752 4.7849521755160999703 4.8499015535725433779 2.07199e-09 4.60942e-06
83383983.572895273566 5717 3.1392614500237723263 0.15667178619364732772 0.24788614260890529106 0.97534704413945649826 0.93415276398089197585 5.6286542436662401201 5.718917090132642933 5.802704788066295194 2.31886e-09 4.78566e-06
83383983.572895273566 5643 3.3168369795915984 0.10304165903596054776 0.034772422779277251115 5.6263373245718772964 1.6312286432255482804 0.64635251427786244438 0.58660931376868807874 0.52957159559518718339 2.47115e-09 4.88821e-06
83383983.572895273566 6842 3.1902425299761723032 0.041348451513102194022 0.10024213603833523334 4.7239053750841613066 5.0224739433711942382 3.7994336051253423392 3.8251446831019779715 3.8512583395305552969 3.94698e-09 5.71398e-06
83383983.572895273566 6572 2.9579982322977294018 0.14835358703235321243 0.13461560228245858517 4.7449724299453741594 2.5592482300427796815 5.0660003067050425329 5.2022145205768177689 5.3331239437321391605 1.66053e-09 4.28153e-06
83383983.572895273566 5131 3.5168217354508555239 0.14925527243972544489 0.23722218139609532739 4.4091966796646291371 3.3821819792686937944 5.1479081742909169606 5.2796256420139764387 5.405505888745519627 2.25296e-09 4.73989e-06
83383983.572895273566 5534 3.2536153259601601206 0.14949032815393836771 0.1255246997438920209 1.9312625994317895728 0.91362856261600500218 0.48004158598029167404 0.41497694844150401217 0.35470710693296059191 2.18919e-09 4.69474e-06
83383983.572895273566 6119 3.1371105775820136152 0.11243674358465630125 0.1483912898861168006 4.3764688512060327952 2.2546867771202911968 3.6715840044099583572 3.7315030841038052678 3.7940501372050370321 2.96829e-09 5.19619e-06
83383983.572895273566 5257 3.2323165823461503798 0.11169431606306927385 0.19104034300423292092 3.4334888855956982034 2.8499710595137859315 1.4833496491110635951 1.3723903416159455304 1.2628872430316648856 2.20895e-09 4.70882e-06
83383983.572895273566 5240 1.6547567295468563753 0.30421309280593494817 0.34416599827860189231 5.233982603325912919 5.2989090755855752235 5.4807296860533689653 5.6822148026390300046 5.8542300271098266506 1.54708e-09 4.18172e-06
83383983.572895273566 2850 1.770094724164776645 0.11495053771912594476 0.60177975009461581735 4.4126543841268048851 3.1657706783386467819 2.0510296131905136896 1.9460393592097233739 1.8390872433261515884 2.86233e-09 5.13362e-06
83383983.572895273566 5957 3.2231946992285762654 0.10293504790246800484 0.063747822353524760675 4.2763930814345876286 4.367977961546562149 4.991885824923503634 5.0896195540840718508 5.1853170647948330085 3.45473e-09 5.46581e-06
83383983.572895273566 6103 3.2878652763346543075 0.089243861870188248564 0.21607901302549961664 1.2571270384048771618 6.2549073848932117414 1.6176786715534396954 1.5282267910638511754 1.4390637793011644696 3.07621e-09 5.25842e-06
83383983.572895273566 6335 3.1020975632112732789 0.048912569691939300487 0.21709683823711636852 5.4929295015293533311 3.9359987173354995527 6.0063566136594044309 6.0194249314981016497 6.032177060344436903 2.80706e-09 5.10036e-06
83383983.572895273566 5252 3.119670784228907312 0.062926034812333275781 0.23127951563417487035 1.6023807988371916444 3.7825181560678253767 3.4357120204904547656 3.4545391361109598627 3.4739117555109642055 2.42859e-09 4.85999e-06
83383983.572895273566 5034 2.8495957644771525707 0.15342470305406757936 0.19634716841126828579 1.0784674044142148475 3.9728765948564679356 5.5451480892718958415 5.6433055664341695845 5.7349152997672989684 2.20492e-09 4.70595e-06
83383983.572895273566 6874 3.2873262707477888256 0.075834258769637244435 0.31320075177345574335 0.25727362430977951391 2.386210703297138469 1.7411783228339041685 1.6658849686685217595 1.590393292639587397 2.61974e-09 4.98428e-06
83383983.572895273566 5185 3.5466445798021926095 0.058113678100132980242 0.27602538077923777227 1.5361663582541218442 0.15682056180982331672 0.91350621393672004622 0.86827311729433565013 0.82391992957739734749 2.64564e-09 5.00066e-06
83383983.572895273566 3953 1.0990579296886717753 0.19898022342667257001 0.17970887692233744604 4.1696298962913207475 1.7475022921598346581 2.8766969612011350499 2.8184407468206011949 2.7552532049684708149 1.87457e-09 4.45811e-06
83383983.572895273566 6204 2.0083631151915226631 0.35927418893549101231 0.24563668941435656823 6.2208353030263809913 4.7888811854939898893 3.0945162493608884269 3.0730389701901681399 3.0484286882068305502 2.26769e-09 4.75019e-06
83383983.572895273566 4189 1.1079590967212991082 0.054500170187706982461 0.052237610526104087671 0.92081798694639227509 1.3098496901027834038 5.2579908454488446523 5.3039544002971865666 5.3491932869521452432 2.51666e-06 4.91804e-05
