47112936.344969198108 0 5.3978543912612924061 0.059774902319464695566 0.039529268705626861846 0.57406228548454896199 3.1596565764161645973 4.8550914071368156399 4.9140437044448104231 4.9726073576308724711 0.000954966 0.000356051
47112936.344969198108 1 8.9972034819724857613 0.0051956171638257095391 0.010136811496740692762 3.4822307520597668429 1.3375207180263668505 0.99803742322706567869 0.99367709625491196235 0.98932297211865061204 0.000285285 0.000238018
47112936.344969198108 5775 3.0494152733564874325 0.086168663814251311717 0.1311045730439317214 5.7071877452775767736 1.8041221689791651084 3.5833216078123486525 3.6217214960648012045 3.6615222378489216126 3.02463e-09 5.22886e-06
47112936.344969198108 5394 1.969715325736076883 0.21946466406192927101 0.34583406444690223402 0.32405598842439592433 5.3372840986529688223 3.5986266686276642268 3.7074170804365405019 3.8250747062591794467 4.23442e-09 5.84945e-06
47112936.344969198108 5134 3.5427722644681431952 0.068454012729307928131 0.30376699828979819573 4.4864847747965477254 6.1323387912183893178 6.261739133518714695 6.2631601384657047404 6.2645308500045580047 2.31886e-09 4.78566e-06
47112936.344969198108 5278 3.153755333144352857 0.070829533762744825709 0.27902395761615000902 2.7152452830263476002 1.3074596384362409118 3.5237326637722450329 3.5510767155657414484 3.5792765097220282655 3.13887e-09 5.29389e-06
47112936.344969198108 5740 0.93554643761983835581 0.13947376130884095446 0.24387766322128237584 1.4049102135955413573 0.72646904198990169821 3.4492705180498868245 3.4947470719380748783 3.5429853653600522634 3.09097e-09 5.26682e-06
47112936.344969198108 5588 2.7515198036328363251 0.29694799888665929233 0.21888671356526329115 5.9115612374717052546 5.6609130223675423466 4.6374141685258871703 4.9414822961515936228 5.2306718451085991717 2.40685e-09 4.84544e-06
47112936.344969198108 5846 2.8270468380478441794 0.17427078003253324012 0.17094067016347402888 0.6413131652870797117 2.3129013735395012041 3.413405368500711301 3.4648990821724900968 3.5202655040402848208 2.37403e-09 4.82332e-06
47112936.344969198108 6171 2.0881656236768915136 0.1871534782500573757 0.18915323275313047913 0.33153713562385661584 2.1210472599535101779 2.8343714050541817251 2.7716434475348554756 2.7039747246904255462 2.39216e-09 4.83556e-06
47112936.344969198108 5548 3.1790348994517749759 0.10770664566967286246 0.35063080561261661394 1.225595632790001499 2.7836362185076928277 4.0295169112505764275 4.1162179771318641031 4.2053443188459800339 2.11518e-09 4.64123e-06
47112936.344969198108 6443 3.2222949156548179594 0.15099683283062101391 0.22516325311277229915 3.1114306863036036432 4.3558810010324506834 1.0070661432275813674 0.88385897643786259792 0.76710945059467527951 1.88164e-09 4.46371e-06
47112936.344969198108 5990 3.1023836175074177568 0.016122017507163188821 0.21855178505011382817 6.2483419282911691894 6.2566189424829552479 3.9394553564351446617 3.9510625063021564962 3.9627335819935569639 2.30118e-09 4.77347e-06
47112936.344969198108 6883 2.3505507295512995114 0.31814457362544062979 0.27666220815565334412 3.3778185371563895778 4.1897150002216498876 3.5321679898148805599 3.6783817058700600811 3.8410742514863320807 1.23696e-08 8.36184e-06
47112936.344969198108 5098 3.1764894517502888505 0.043123144047102442145 0.091601130978024095097 5.4818008195699032825 3.6095171403011918621 1.8469052854770129368 1.805156707161489793 1.7632124173408421086 1.90652e-09 4.4833e-06
47112936.344969198108 6793 1.3670573103020533523 0.38434071247480494637 0.45177391672071293138 0.043172334671127798877 3.3441993724999745652 2.8772700563905058146 2.7480709008018679995 2.6006980097915715078 2.0508e-09 4.59365e-06
47112936.344969198108 5467 2.9687256745116177292 0.21112069656706072829 0.19875784501003149196 0.9745811855319228556 2.4019175056313253336 2.1296161936957052063 1.9382933492099605477 1.7412692787704355801 2.43648e-09 4.86524e-06
47112936.344969198108 6282 2.8337306296623241408 0.13184186079635851208 0.039810942579418640008 0.53770762765140489581 3.398242631905371347 0.48173294783397091479 0.42379730185535541276 0.36958066175922177354 2.68214e-09 5.02355e-06
47112936.344969198108 5694 3.1179863218423320426 0.14244745238545797328 0.32658019956822198493 1.8411623854796850264 2.5515496325543516321 0.47351091431953962196 0.41214993684173795163 0.35508831398960905013 1.21025e-09 3.85309e-06
47112936.344969198108 6392 2.9858682293418863374 0.18508064153962869303 0.20718397835493343462 1.4989322574388861398 0.76556904657564861516 3.7558784208063804577 3.872238494323814173 3.9957522010932802203 2.75286e-09 5.06732e-06
47112936.344969198108 6484 3.1224229739767506153 0.064264849092200745928 0.28982869723126869488 0.89447084059803749767 0.62987827676785379527 5.4367158472796797142 5.4838822856326983057 5.5299518490247727698 1.88476e-09 4.46618e-06
47112936.344969198108 923 1.8523035619500123339 0.083094467059567869716 0.14788553099969622973 3.0763848781343789973 1.2197060530106762499 1.3673217732390710033 1.2865244207088848416 1.2067648580742318387 2.53731e-09 4.93145e-06
47112936.344969198108 6739 3.1772249888924983807 0.070573361463101877411 0.17963502494201522008 3.4693322399211847795 0.96664094479148321426 2.8990009611779465892 2.8814243464146667151 2.8632698291747109565 1.84353e-09 4.43337e-06
47112936.344969198108 5885 3.5073938424041206652 0.05970222327820125241 0.26157603491927833295 5.0577997404848522578 4.531985402064195867 5.4614973918503206818 5.5043769900972101539 5.5463137264683473049 2.25928e-09 4.74432e-06
47112936.344969198108 6655 1.5723799507422029365 0.17567148339233351617 0.15962413576202005849 1.0557781325110215942 4.8494107140967717129 3.7714891267263279673 3.883698794628251072 4.0024249145613843837 6.32791e-09 6.6876e-06
47112936.344969198108 6764 3.2650757727040464751 0.047523916520367671945 0.33221840781993827729 0.64937027406449709943 2.4424187861151542833 5.110827899102798888 5.1542465265286914189 5.1972061938563580696 2.4069e-09 4.84547e-06
47112936.344969198108 6362 3.0194234543269304893 0.21208001858299907472 0.22499286361966028269 2.3350316390657677168 1.2991776193694770658 1.6916847949266777817 1.4767708459337598459 1.2656276144492020208 2.92709e-09 5.17204e-06
47112936.344969198108 6809 1.6601357095757320881 0.071334431548979435056 0.46205143687001148933 5.0675033867080738759 3.2681025866971795679 1.850245817687451666 1.780935930001444456 1.7111707272932303869 1.72631e-09 4.33733e-06
47112936.344969198108 6055 3.2191756368271597921 0.022645908009467911881 0.094892774603102747477 0.98490555611988539475 0.057842741184030252444 1.7642710931779572725 1.7419972822001215107 1.7196824375335875157 3.0525e-09 5.24488e-06
47112936.344969198108 6498 3.1899155620402401823 0.018052327091907391377 0.18351740236438313092 0.52597443100718044295 4.54458403639124775 2.4010814986978159524 2.3888196801760583909 2.3764779343407624879 2.50157e-09 4.90818e-06
47112936.344969198108 6313 3.2558053891829326076 0.12623871600548955407 0.36352861591881863168 1.6056102687598474699 1.8610126098052917065 6.1462448834925993424 6.1625248653082422834 6.1777199511105216345 2.33149e-09 4.79433e-06
47112936.344969198108 6300 3.2601927092179470158 0.098633102572386222029 0.2241721370663053714 2.0795002288052666373 2.2407880466893241866 5.0797352160126862941 5.1703410337368413963 5.2588109616805036595 3.26125e-09 5.36181e-06
47112936.344969198108 5204 1.6604102156259774592 0.24171019423796735737 0.44586470343789952331 1.9336269413251427896 2.9041630234719271186 3.1061371344226706981 3.0962248907754172933 3.0852628013406087071 5.21728e-09 6.27092e-06
47112936.344969198108 4755 1.899521171312342771 0.030478316610541948684 0.083575194038030500843 6.1529797539609081269 3.7753322887968110422 1.2263078665475097839 1.1977624282197312233 1.1693802288209727003 2.39615e-07 2.24572e-05
47112936.344969198108 3800 1.5496288268847606684 0.29165530132591049872 0.17691121514900470801 3.4213450386515074086 3.1623135268970239409 1.9344519909855115714 1.6423073766165277032 1.3513974953974692284 1.79108e-08 9.45995e-06
47112936.344969198108 6104 3.3380230155459913455 0.057227132642984269995 0.10059869535894053194 3.3463676178021808383 5.8768710938371260255 1.4236824602855369104 1.3672788443010215342 1.31123278236855767 1.75259e-09 4.35923e-06
47112936.344969198108 6197 1.8554890285631369107 0.053144593075706181295 0.34167473178974572257 3.0987382357581387815 1.9694026954625551973 3.4533668959923695674 3.4701036228245034643 3.4872498745913107498 8.02678e-09 7.23931e-06
47112936.344969198108 6815 2.2013384964753881512 0.12320403656210456023 0.28790737998113752338 1.4057978666769703757 3.4607107484077013204 2.8153797015594559383 2.7732872333953997313 2.7289294668077812567 3.57143e-09 5.52668e-06
47112936.344969198108 6425 2.3876526201807348748 0.23411615159842727452 0.52101890497194935925 3.4143277676549907973 5.3933021872051973844 2.7305996138814054852 2.6242653959372281847 2.5084811674724991626 5.02719e-09 6.19382e-06
47112936.344969198108 5093 1.7344161305844152388 0.4868111067913390988 0.39906183675001438704 4.5053784872595983302 2.5214770946677762531 2.8434319310164042349 2.6410163580981298459 2.4073805166006132517 2.98948e-09 5.20853e-06
47112936.344969198108 6557 2.1340657929780730839 0.22422930746204086661 0.27637731579141727734 4.1411735275638603682 0.10646239547580611806 5.0320340451524527836 5.2394745829732567444 5.4332707554341901357 1.93092e-09 4.50234e-06
47112936.344969198108 5116 2.7219288494381452814 0.1082623144410282956 0.052700720089189141693 5.4636484512431202631 1.774353652778230872 4.9207090572358840319 5.02566688206429113 5.1286599076170187317 2.56354e-09 4.94838e-06
47112936.344969198108 6951 2.9705445590075054696 0.077412838862447846955 0.13062905439253985618 0.15351876340024769863 3.4537587757495145091 1.0651268720437234716 0.99857514829974258763 0.93349415297459215068 2.54062e-09 4.9336e-06
47112936.344969198108 5559 2.23920772012362157 0.26475452538439947503 0.38862257542685568756 4.9320715203877334432 5.898802948240897237 4.3103226671411922766 4.5707210930466954935 4.8328232749810986491 5.44342e-09 6.36025e-06
47112936.344969198108 5923 3.0247988880407969958 0.095744811876808180728 0.12280673597150223997 4.4275269306579252415 5.4778619840552620346 5.4043701027670696391 5.4760360050623138051 5.5451942714199091711 2.22479e-09 4.72005e-06
47112936.344969198108 5234 3.0253561416218914815 0.25156030358925152157 0.103880381207628672 1.679857952323787762 2.8228923836022294935 1.6048958207638703843 1.349649522257128087 1.1042155822243333585 2.35138e-09 4.80793e-06
47112936.344969198108 6863 3.1279545581346228644 0.12597751589535630123 0.11323300064823871303 0.2169085850616850053 4.9128476694350666776 1.1632093004655086332 1.0500499548761972335 0.94077100051253037538 2.72515e-09 5.05026e-06
47112936.344969198108 5146 2.7713140413655912297 0.13463739413411085488 0.12659286166923436334 6.0147309168121907419 3.5450000495258175981 0.76470206442644650391 0.67547940063134781497 0.59129447304906723737 2.55901e-09 4.94547e-06
47112936.344969198108 5492 1.8456173265079047763 0.21892823550492826468 0.40623827941202500513 2.2162792721311110888 3.8663837432640058012 3.3944372668160700535 3.4565192785161271694 3.5243315782352060417 4.51271e-09 5.97488e-06
47112936.344969198108 5047 1.5569028399600315371 0.15974404085805024578 0.24491301635875969978 1.8312242703166277114 5.3731880711562531872 4.5614936614393553072 4.7220416209407174435 4.8817782199032748736 1.0218e-08 7.84583e-06
47112936.344969198108 6657 2.3731544245854734321 0.18961707373990280279 0.31983819723319706352 3.8459734054866481223 1.7167223627182968126 2.3200951211400364649 2.1705059408749587391 2.013977132904788192 9.52311e-09 7.66378e-06
47112936.344969198108 6413 2.7477037811128326439 0.17023291567066833885 0.18065144662459839409 5.9598868961292241764 5.2200818563942243955 4.0793837172031395255 4.2247745615432350519 4.3751673523364944529 2.71272e-09 5.04257e-06
47112936.344969198108 6628 3.2645790078772045639 0.1051660861035579736 0.19668745123853692558 1.9771575075716738557 3.1628492602544810985 5.6218477801991522114 5.6840099531253738263 5.7433195948624122806 2.5094e-09 4.9133e-06
47112936.344969198108 519 1.3604200633605005866 0.19134350291900503738 0.16526065492344654828 1.5517046666274798561 1.2882277548123348687 1.3539885326873815075 1.1697431432167466614 0.99358267946955536321 3.92741e-08 1.229e-05
47112936.344969198108 2992 1.9517771662844554115 0.18758078418748083682 0.078820576978320108785 0.1333908319796078823 2.5875559085795427627 4.8138995801246116102 4.9998596865097635344 5.1797429181779852669 2.26492e-08 1.02298e-05
47112936.344969198108 5788 1.7325684652822648246 0.38063933517152676034 0.16035489781561007572 4.7082667662447166279 0.042619940514725493386 4.8274356823981205977 5.2070018016004828709 5.5420224891919884769 1.43499e-08 8.78617e-06
47112936.344969198108 5626 1.5485567354630678238 0.39031367831792190826 0.096052564871439399807 6.0008120507117563847 3.3840632981716569638 4.0852529910360919629 4.454646625363944068 4.8320674276910757783 7.93289e-09 7.21097e-06
47112936.344969198108 753 1.4233502443640180246 0.24676451348287270493 0.099551126267662937153 2.4489266713824848765 0.76645100297887280849 5.2727079128265303964 5.4711105003328706076 5.6501915029958071912 1.27811e-08 8.45356e-06
47112936.344969198108 6244 3.1759325389769639258 0.13776954831599561024 0.25899142816809517242 3.8022435603740851739 0.48245265615464877351 5.7406162965706108992 5.8080674682412123389 5.8710892164261174742 3.08558e-09 5.26376e-06
47112936.344969198108 5020 1.4885533833058719466 0.2268130560515112526 0.482032665614862188 4.4817257909189525122 2.0742339168392982529 4.4741572773716926648 4.7026985782818009341 4.9295009851021829306 4.40916e-09 5.92883e-06
47112936.344969198108 6161 1.9903270001081891927 0.44046897650227573306 0.20862154890659179163 5.25269235555126901 5.7738753351358829136 2.1633747055885628185 1.7279854017260742882 1.292946872913066203 2.19638e-09 4.69987e-06
47112936.344969198108 5647 1.9869341467100598564 0.46431825697563905431 0.51154778098144904064 3.4789281616842937517 0.64298627117705520195 3.4598663550373163211 3.6603425830355669213 3.890549213642737314 2.57441e-09 4.95537e-06
47112936.344969198108 6451 1.6498887262219432692 0.41920913836183082424 0.13577468630455813425 2.1746040440102767377 2.2735689892409731705 4.3867455118890914534 4.8273110214829459963 5.2437549418491302688 2.57122e-09 4.95332e-06
47112936.344969198108 6702 2.2634458873504961218 0.36668934109067713445 0.063412057283712755518 5.1926665947313042082 3.9549680263962074811 4.4535082639619103517 4.8348526693856648251 5.19879576012501321 3.70623e-09 5.59535e-06
47112936.344969198108 5195 2.7670184804269513101 0.052663922283516503842 0.14066463372113122143 0.083057345353694619905 4.1210308593556526091 1.0118276350317345624 0.96777089970970253674 0.924395652784001709 2.26107e-09 4.74557e-06
47112936.344969198108 5437 2.1036385783252145032 0.38949027107295508543 0.41728288329566282089 5.6903678032383808727 5.0194057532241238562 1.301091370265327507 0.93444442438512087534 0.62118945684414539343 4.54448e-09 5.98887e-06
47112936.344969198108 6667 1.9896176135480385661 0.26329359703729743325 0.11045098044221901556 5.000900125035117938 0.92159263518209610933 4.5571270095918148257 4.8258989392907434279 5.0874981521830999753 1.85586e-09 4.44323e-06
47112936.344969198108 6816 3.1146820206640049022 0.13865845641001101063 0.16338072492568017635 5.4138202922418852125 5.1593341797581206976 0.43732012187263513692 0.38182859795834550587 0.33016196088906102357 1.76213e-09 4.36713e-06
47112936.344969198108 5291 1.8247240787835059539 0.29765177770181688865 0.69209143338107381727 0.049204090471722278233 6.0300532272864035832 1.4607109477369444317 1.1651521018345609715 0.89165525114378829663 2.6037e-09 4.97409e-06
47112936.344969198108 6595 3.0356076806101026655 0.1573106714462996214 0.22431365362352004289 5.2619491342581579119 4.6958075797435352428 2.1253503208496984378 1.9851548059464956264 1.8411565835918046741 2.5233e-09 4.92235e-06
47112936.344969198108 5950 1.3094291106483324505 0.31021125306894742346 0.33687296620688467197 5.5710737832578427486 3.2849246214971885571 3.2010119218860331181 3.2234627007283762623 3.2488313487041975414 1.07677e-08 7.98408e-06
47112936.344969198108 5351 2.9650521407619176983 0.13721911407342790579 0.064335048185281157318 4.2891238781192200236 4.0976630855965652245 2.1841889114838997088 2.0669276611393723186 1.9462529558660304208 2.44807e-09 4.87295e-06
47112936.344969198108 2768 1.6018187183693155529 0.078130111041789435111 0.0092052528751220864811 0.88606345897236915565 2.7481713208274665128 4.4528943647845693476 4.5292540892610935188 4.6060776789831656686 1.05906e-06 3.68544e-05
47112936.344969198108 5194 1.7223082227768979902 0.33119188336362265224 0.07784814354605473774 4.4742180648445843971 1.7148126403083308045 1.6808008968521612747 1.3389621275168728243 1.0166307526932896188 4.75382e-09 6.07945e-06
47112936.344969198108 5310 3.4924961672188947759 0.099952170830955339165 0.37690641984119344077 5.9082602810746118749 4.3853270082072404179 3.5076576893264030943 3.545280616051638134 3.584543080627990097 2.51895e-09 4.91953e-06
47112936.344969198108 5888 1.1173772861021677993 0.31163734678471188833 0.3949639886977405201 4.0100662868277225925 4.9591230241584538518 4.9516346305060299215 5.248596457041472263 5.5164962442555030009 2.79797e-09 5.09485e-06
47112936.344969198108 5964 2.1857537049327455669 0.26633402735906286374 0.72455066514193566807 5.8164984192667432694 0.074626210078874294362 4.4262799124255707284 4.6952093039349218628 4.9615040291773793157 2.1711e-09 4.68177e-06
47112936.344969198108 6639 1.3473182185142800193 0.081967867899500695961 0.30286477246807508301 3.86854795392240014 6.2635938847838934507 2.8828481357805779695 2.8609725867094821794 2.838271461591563849 2.07227e-09 4.60963e-06
47112936.344969198108 5312 3.0087619113022290307 0.072638031674061326326 0.13896463391439037305 5.3964102886833940076 5.2010686114199593533 3.0826022970691600023 3.078152642336112077 3.0735475751926908394 2.46345e-09 4.88312e-06
47112936.344969198108 6126 3.0345097904923132859 0.30294547767604851352 0.19805925221466164077 0.13127188274606407803 4.2422293955209973149 2.3385472011189234465 2.0896838195527989157 1.8266146233218525374 3.04059e-09 5.23805e-06
47112936.344969198108 6734 2.0914656432022415977 0.15102139268482756007 0.27889335470407217166 4.6858054784456513175 4.8128255094828329419 2.7126133565299554995 2.6447736801875794121 2.5727921266248707788 1.24231e-08 8.37387e-06
47112936.344969198108 6073 3.252580117602180465 0.065807793599840305743 0.21510668940040916786 2.9790666492678559152 6.160835741237255192 1.5632680352544265912 1.4974308293702973671 1.4318000614456449782 2.87152e-09 5.1391e-06
47112936.344969198108 6692 1.9291196754675814518 0.14247146825123194191 0.15346012322304380948 2.6376739989956869969 3.2451851430044729163 2.6290691136493542501 2.554207410193172656 2.4752516578414049953 1.32225e-08 8.54977e-06
47112936.344969198108 6028 1.4331926185605468049 0.4989909769621425073 0.36527030072703420283 2.1892162312135101665 4.0403726590090673909 5.3552422503425116673 5.7199664743581539739 5.9863830532454347377 2.1303e-09 4.65226e-06
47112936.344969198108 5030 1.2819488935753200476 0.35837578149394977434 0.30790992597683203291 0.83200994598387045809 0.17716579699792886493 2.8218139636524548486 2.6806407055808758599 2.5212348350494084848 2.14686e-09 4.66428e-06
47112936.344969198108 6521 2.9542470375645222269 0.097933702486025245304 0.19599254188056525194 6.1906875401921706015 4.4630393716863761 3.2093517183426762962 3.2163407548422964233 3.2236542982422684567 2.953e-09 5.18726e-06
47112936.344969198108 2010 1.6160417830119431226 0.42493594704110598803 0.10571338579811428993 0.6053275706196327155 3.2819871567870455564 3.0033284544484417644 2.9244571216082335674 2.8329117663086766932 1.54172e-08 8.99881e-06
47112936.344969198108 5717 3.165328820219904582 0.086332992106685421674 0.2525023239699819011 5.6903520445196065225 6.2521058477753470584 2.4937794839465659003 2.4397338240371801987 2.3839939390991595758 2.31886e-09 4.78566e-06
47112936.344969198108 5479 1.1098693234567349464 0.49637678326011563934 0.20089140110174019682 1.0949034361943372762 1.9626050601008815377 3.4179628434547999483 3.6121543608910489098 3.8372051486328824232 2.12255e-09 4.64661e-06
47112936.344969198108 6842 3.1681609128304426548 0.0146676994564227791 0.11176912976776429143 2.4045650753588256876 4.453643003362312669 4.3746773004008581154 4.3885507351133945519 4.4024560228844169529 3.94698e-09 5.71398e-06
47112936.344969198108 5540 1.5754981773555880586 0.43460955322481092944 0.1550994389494597947 5.9403109583013167239 2.6195844815596256439 1.5104787484923694052 1.0675680901164141812 0.68683695603568351018 2.31531e-09 4.78321e-06
47112936.344969198108 5131 3.5312420686954530957 0.079151352772095701082 0.26668559135592406761 1.9964214828074182684 3.2455395432876974482 2.4555555968258255817 2.4037589632154348074 2.350514910483999298 2.25296e-09 4.73989e-06
47112936.344969198108 4406 1.8078801851085755104 0.45851636314563226637 0.51632515692987202005 2.2406748634400255327 6.1632961982753871055 2.2968789117810026745 1.8706066574419308868 1.4325435523883549571 6.27014e-09 6.66718e-06
47112936.344969198108 6119 3.1264035318351948156 0.091890331230835120557 0.13600385642652293439 4.532071331360791433 0.49496888597463944981 2.788482799358619868 2.7552033601559622333 2.7205748224973418381 2.96829e-09 5.19619e-06
47112936.344969198108 5525 1.5965336393267290926 0.25637712468160506196 0.25374581961200121105 5.7432613497750795162 2.1484303260871664421 5.8586178011204790295 5.9545436056032601257 6.0372913023487946305 2.22151e-09 4.71773e-06
47112936.344969198108 5240 1.7509720813736353584 0.29677585322075900054 0.42002089432428746374 4.9766664711198069782 2.6697019969794535399 6.1137203676614415571 6.1582543665082214446 6.19523448156421086 1.54708e-09 4.18172e-06
47112936.344969198108 6997 2.8899447364161039431 0.14917973397604195052 0.18120810969114639621 5.0485989497609509158 4.7585979221110283888 1.6631311528802419364 1.5129934573139933729 1.3640628715099878399 2.77488e-09 5.0808e-06
47112936.344969198108 5667 2.04067297642523382 0.46605280233564116976 0.68352602981230980994 5.5876282910635897139 5.440960197079498073 5.5550165209769764019 5.8310939651884021728 6.0346880713240587113 3.20823e-09 5.3326e-06
47112936.344969198108 6103 3.2999371555312908555 0.067959289700211658602 0.08441689571426669314 3.3883979672722923659 5.5120101295048025136 2.1161064923329364618 2.0569087780430805878 1.9968221800837762103 3.07621e-09 5.25842e-06
47112936.344969198108 6333 1.434317303859618864 0.37723225495153650533 0.34631942008658556098 1.378789838381925037 2.5477410702261931164 4.3893661722528012348 4.7803737930645473497 5.1567346123019595083 1.94245e-09 4.51128e-06
47112936.344969198108 5252 3.1736120633033193528 0.19819845558353912929 0.20983226207265459617 0.81704608182364202307 1.6841383616353371444 2.7284186027209815784 2.6399869358416108156 2.544686365808284112 2.42859e-09 4.85999e-06
47112936.344969198108 5316 3.4829450730049162921 0.096431914164878604345 0.21366442112523162389 2.3303074535529315625 0.39156247726214749028 1.5255419174699338392 1.4292688061646050546 1.3338010485509688152 2.96988e-09 5.19713e-06
47112936.344969198108 6874 3.2805304218260196158 0.11373579234463959686 0.20257324591021502735 3.731723176676017939 5.7736997334575583807 3.6724384207201885566 3.7331767016382526592 3.7966044886895313759 2.61974e-09 4.98428e-06
47112936.344969198108 6823 2.1313720899962165234 0.58114805432240579375 0.49594085480909905206 2.8688480129681779296 4.4736586526457342572 2.2505524377415397907 1.6456356322441245688 1.0661143008035454116 1.69817e-09 4.31364e-06
47112936.344969198108 3953 1.0607639011875491519 0.16249647963753613422 0.31775236868550110758 2.3762949873953185254 6.1606236249404453531 3.879353716951493336 3.996340374455255251 4.1189285867315463818 1.87457e-09 4.45811e-06
47112936.344969198108 6204 1.6845951352910377707 0.16997903569128522405 0.33103746169811099076 2.9646109743180040219 2.8272003561374279279 0.57775741354532761385 0.4905565187126244564 0.41047653084951635227 2.26769e-09 4.75019e-06
47112936.344969198108 4189 1.1028481390265094664 0.030783238601132259515 0.014949782113210210305 4.9667422080400900342 5.7682180345173978964 5.7355800110695280836 5.7514026160386411135 5.7670118930182843187 2.41617e-06 4.85168e-05
47112936.344969198108 5324 1.8633547325381478732 0.10522948609807061815 0.34703514433002596862 5.8171458911136921799 2.4032092676900282946 3.9653340270832666548 4.0455907644170174819 4.1282807162741477214 4.64884e-09 6.03437e-06
47112936.344969198108 5185 3.5329499247993343403 0.01208051012704086831 0.20591934616312304596 4.3458450393465399841 0.26588371580855185705 3.2125986425205881325 3.213460937227574199 3.2143283955613424219 2.64564e-09 5.00066e-06
47112936.344969198108 5451 3.2586050298587498908 0.095322553211850860611 0.059061300543744352232 1.5406983435924039849 1.4127981244483045487 5.8372268566242730969 5.8767277027099300568 5.9144142394756320513 2.58702e-09 4.96345e-06
47112936.344969198108 6192 3.204258568270258678 0.23809350397142214906 0.28339373275211210412 4.665617018722047149 4.1529485981484519641 1.6246581179239305559 1.3830449885727922332 1.1491356370321785807 2.79503e-09 5.09306e-06
47112936.344969198108 5992 1.6571307464865641101 0.07955460571849409801 0.24072820747586029522 3.1768219724228803358 4.1161218848076632781 2.9404577175844206494 2.9238926600026258207 2.9067101000579511627 8.41385e-09 7.35386e-06
47112936.344969198108 5853 3.1405248504091587414 0.1853849093800654102 0.15388142745057670213 2.11409302201456617 1.0256770680489291081 3.6446125679926311136 3.7427284600510883905 3.8475783700614183402 2.34516e-09 4.80368e-06
47112936.344969198108 5360 1.9047927918242590906 0.47514362682185484754 0.21273559608982506308 3.3602665713065889008 0.55903538885355819055 3.2738728524545326337 3.3627748050663424095 3.4670133006129351116 3.7029e-08 1.20512e-05
47112936.344969198108 6233 3.1484056401569833206 0.096517815784652016831 0.25593830994797023282 1.4178885117792401349 4.3594694831462348361 0.88526339667980025183 0.81263302025547434759 0.74255142215467762057 2.38928e-09 4.83362e-06
47112936.344969198108 5650 1.8947646073326240845 0.10532094049817852799 0.34889130350406394321 2.1499919010021586452 2.8799340324070525909 6.2759934305266718013 6.2767148938491716947 6.2773963591114538829 1.14639e-08 8.15256e-06
47112936.344969198108 6255 3.237683304589370259 0.15628046132347139796 0.17337421913361761305 2.8469872881265794184 0.84422948640720862912 2.8769493032683386424 2.8324489373989711893 2.7849016921139844172 2.45838e-09 4.87977e-06
47112936.344969198108 6952 3.2247432610468602654 0.13243810863003988021 0.092080776540122658003 4.7591760515744017113 4.0120784296940499303 2.4009133288104913539 2.3065865351692687035 2.2084100833605111447 2.57429e-09 4.95529e-06
47112936.344969198108 5708 3.1363094532286095451 0.20571972577121980241 0.20935057219576605481 5.3101891839703938558 0.9152096820464173943 4.9282910117738518707 5.1263314975993221623 5.3146765828036475199 1.65544e-09 4.27716e-06
47112936.344969198108 6956 3.5068973416261233211 0.088757607080387213028 0.40793881044965651927 5.1268466319882737281 3.0348456217023929149 5.8257662420422464677 5.863530829992087412 5.8996946674988839376 2.20649e-09 4.70707e-06
47112936.344969198108 2850 1.6686337969935114423 0.15124015092707368546 0.39825999237869086356 1.5113691787919991683 4.7552056687970187809 0.026116370115002920244 0.022424808856839600207 0.019033561624739001039 2.86233e-09 5.13362e-06
47112936.344969198108 1284 2.3713937414038719353 0.2560479636000921877 0.075658908705683453055 4.9767531107162579218 3.6453163393771319534 1.6036779556320872597 1.3437847141973313647 1.0943060883168893582 3.64405e-09 5.56389e-06
47112936.344969198108 6722 1.5268932311860896611 0.1888469387354165252 0.47974370495964185901 5.6429403131311737241 4.5968573276514010928 4.6668429465711307458 4.8574568743564263684 5.0443201824907415443 1.78527e-09 4.38616e-06
47112936.344969198108 6089 1.8473647691374659452 0.29545255507675838302 0.29397136652920863309 2.3828324594134948633 3.7185580308657200099 4.7198075773558176849 5.0193978224888189388 5.3010355440050895837 5.81535e-09 6.50193e-06
47112936.344969198108 6473 1.9326268926406864335 0.40796072662518473306 0.21809189389106498069 6.1221295163263294015 5.6439625806452706769 2.7309918324768927 2.5201490776815078654 2.2826304873915668203 5.43469e-09 6.35685e-06
47112936.344969198108 6295 3.2653320285875260254 0.013827502402892934488 0.28880215670823461416 0.47629120655918977256 2.238656482805215564 1.4808889360199095631 1.4671253855158870039 1.4533721232602467843 2.30061e-09 4.77307e-06
47112936.344969198108 6211 1.8591631550920202365 0.2220918197578032327 0.4874454174966143527 5.4082683943807143834 4.8797008469996958624 3.155818337945029306 3.1594228749784565302 3.1633826114744447722 2.33777e-09 4.79863e-06
47112936.344969198108 6969 2.1581027006138420177 0.030489292545068814172 0.0042519416493238702467 2.8144204337119576032 6.0452731851104326566 2.5772222915552829292 2.5606977430501323134 2.5439660645717010468 2.41679e-08 1.04535e-05
47112936.344969198108 6225 2.0624694782920629521 0.59137903423007354142 0.46126326055110861146 5.6439361410215571624 0.99139278228388838521 2.4735819216114047769 1.9406891351169623938 1.3893073699221389905 2.38341e-09 4.82966e-06
47112936.344969198108 6450 2.6492996401243109617 0.38223397872078923587 0.19651582290829203159 1.1598854560553828463 1.4334405317675260605 2.581536183579550503 2.3291017087835172994 2.0515989121280044927 1.74846e-09 4.35581e-06
47112936.344969198108 6886 2.6812295722365693251 0.21256938903270883312 0.63344192805698262827 3.6612741666071730862 2.5692977778478387485 2.5142169350197560718 2.3761771721512863209 2.2289013066866782964 2.88448e-09 5.14682e-06
47112936.344969198108 5290 3.195396761805007646 0.032272529710538844228 0.16013821852336551643 1.5982648035769886352 1.4530433365308479399 5.3005288806935642043 5.3271458456554210414 5.3535097173551857708 2.68653e-09 5.02629e-06
47112936.344969198108 5080 3.2053277177777577123 0.19462154398472020222 0.23725583095289345947 4.7922020063965913295 5.9989924999580548359 1.335581328540561552 1.1493098378120840675 0.97172122097753022008 2.57476e-09 4.95559e-06
47112936.344969198108 6155 1.757563869791355593 0.54642897750976004989 0.33271028296161148097 5.19189402729004712 4.5757279129482562041 3.8015514154246163869 4.2694264243408044379 4.7631172599709126203 3.03729e-09 5.23615e-06
47112936.344969198108 6186 3.2349951310014475325 0.028065646557927724503 0.19851009036016414866 1.7935425734700261025 2.1762853592432196415 4.0280700034803267329 4.0500147791009055709 4.0721455052849888645 3.14704e-09 5.29848e-06
47112936.344969198108 6417 2.0471901404659198498 0.37009334107948133052 0.7710492101395213238 4.7531480759779372036 4.6274518234726880195 6.0714575815728588637 6.1393327513970135101 6.1923881973309349291 1.63097e-09 4.25597e-06
47112936.344969198108 6572 3.0043173778942144914 0.13802742939025247626 0.19036213436341048455 1.6514992095327691857 0.59630256561468020227 0.39307851220809958415 0.34316351258219585096 0.29672172228937454541 1.66053e-09 4.28153e-06
47112936.344969198108 6029 1.9594723951391077588 0.28740547155996870599 0.29475226321414782493 4.4307765953373401402 0.37553848282032881167 3.6314734775351564799 3.7898434205178714862 3.9633768164445073445 1.2969e-08 8.49478e-06
47112936.344969198108 5063 3.4818529386870347153 0.12877767256721073252 0.3904965579837217371 4.317162014373197465 6.0712811431328495004 0.75902746242304908186 0.67406898452815944278 0.59368979943301880553 2.23728e-09 4.72886e-06
47112936.344969198108 5643 3.2852560617364501283 0.091904505496203228732 0.044358776369580549259 2.7295955891534879889 0.09832244686959906721 0.19575371171017680316 0.17861445743821535714 0.16228612907501072105 2.47115e-09 4.88821e-06
47112936.344969198108 6335 3.111841847146338047 0.063750556293393628726 0.19156624177765504968 2.5850789454310616478 0.0570537716121915367 6.1088635071168546631 6.119594362785855779 6.1299769218276702887 2.80706e-09 5.10036e-06
47112936.344969198108 6290 1.8091746959996621857 0.42682934229021340933 0.36905051094371027487 6.1655116050933544969 5.2293073092934552193 2.8319402075416602038 2.6586981703958629808 2.4605022576098503073 4.66797e-09 6.04263e-06
47112936.344969198108 5878 3.22616533004530881 0.016833240567871995269 0.05936805543383928685 2.0085451446488051808 5.2827410696016254832 3.633436225801303987 3.6414456995902666492 3.6495138140423022399 1.44428e-09 4.08696e-06
47112936.344969198108 5257 3.1969007784038909747 0.08690896036858340723 0.15988493879136392306 4.856277137164932256 1.6103077059924917336 0.73796643037623943506 0.68122785329728674508 0.62649717059272824748 2.20895e-09 4.70882e-06
47112936.344969198108 6327 3.002416672008019205 0.20513514760439055529 0.20374202970571431148 5.9866329624809964116 2.863280201457352625 5.3501194003587038139 5.5067012928241725334 5.6504549816412081853 2.25041e-09 4.7381e-06
47112936.344969198108 5405 3.1919559561359194255 0.076746705707434262345 0.15527603834442185726 1.1548549311045908095 1.9480245048267443853 2.7844804141371022332 2.7566107140223135019 2.727789072098881995 2.93677e-09 5.17774e-06
47112936.344969198108 5673 1.8528226016547808541 0.42874822623515779219 0.41482463015725207223 3.724753279569867459 1.4578855189969257555 1.1004959517288688264 0.74005287746143477712 0.45093638987554668374 2.67237e-09 5.01744e-06
47112936.344969198108 6129 1.4231174491386542336 0.38692393919202500152 0.62511786278535097505 1.9139198048518868411 1.3843290731770212521 2.4174215708716970674 2.105875738623161908 1.7730328784181792479 7.14833e-09 6.96495e-06
47112936.344969198108 5034 2.8821297510638874684 0.15313944468242535191 0.15718454526425246209 2.0370634539688308173 4.2287516798814310803 2.0182305771154527285 1.8748056255437530737 1.7286885454957432451 2.20492e-09 4.70595e-06
47112936.344969198108 5227 1.9562988068350350979 0.40499298986603232686 0.49835423557704094932 5.7210259391794755501 0.66701798599490513819 2.9258514208823642733 2.8118030864884904219 2.6806485598483442701 5.94474e-09 6.54979e-06
47112936.344969198108 4112 2.0375307698511821997 0.31658809878881333244 0.81235678836365088351 2.6375016945633329435 1.2711293604311684202 2.7153963060511383532 2.5580620008403438526 2.383630261210493817 1.99037e-08 9.79854e-06
47112936.344969198108 5288 3.0995344454958280167 0.16990092892936323188 0.23108204097451481851 5.4325577332460381896 1.22726491322785769 2.4400304124857306043 2.3219837643877236921 2.1978067518933190883 2.94866e-09 5.18471e-06
47112936.344969198108 5938 1.828266495538677594 0.25369714381068836362 0.24105751578617107267 5.8826803555248563526 4.5459697830710545929 3.3957569777414091661 3.4698212583709500123 3.5516047709401474819 1.88863e-09 4.46923e-06
47112936.344969198108 5446 1.8730177280887931879 0.36621530174690958281 0.26523116261829154938 5.9632167440079824061 5.5847536382865854421 3.6245623498068000323 3.8355483360499262879 4.0697734168461217052 5.46354e-08 1.37196e-05
47112936.344969198108 5914 3.1926605578093081306 0.1208937768073833352 0.10327768244066885817 2.0600588458699022887 2.0205937712170225495 3.0732119790789393932 3.0643871241238538339 3.0550627258360076866 2.63408e-09 4.99337e-06
47112936.344969198108 6154 3.1428133643455646862 0.068174578226171941853 0.19824268600285771535 4.3681742748429224221 2.0385315692190930648 5.9170702590854373781 5.9407488797115286516 5.9636407477533888155 2.04677e-09 4.59064e-06
47112936.344969198108 5511 3.1913577718135961447 0.15668480002274573493 0.18153863215025597966 4.902179777301182817 4.245783443815772884 3.028201247602344548 3.0088471018595206452 2.9881089229715027678 2.90982e-09 5.16185e-06
47112936.344969198108 5957 3.2287638124769557635 0.075588003148115062713 0.14218568189864233542 0.97876431007472608492 3.6767507466722713083 1.5922974583038407292 1.5165932187146502486 1.4411162262881798135 3.45473e-09 5.46581e-06
47112936.344969198108 5962 2.895581306444827252 0.26382858911053902462 0.15308984537346922994 2.7365983703581164832 1.1046678558052804853 2.5504976165606487726 2.3824342415576791332 2.2008380719729019326 2.88829e-09 5.14909e-06
47112936.344969198108 5160 3.0493802241970859868 0.15067429139703142349 0.21091017659008540197 5.6383911500889150048 4.0464864019832882391 3.8456719733955186946 3.9496869132580552098 4.058620185201703201 2.48083e-09 4.89458e-06
47112936.344969198108 6827 3.0943541759409320946 0.079877194176600122 0.15775316092958141523 5.1578134596818969726 2.9153022241485007093 1.7640685212522524417 1.6849864312335303129 1.6056294459635764849 3.04652e-09 5.24145e-06
47112936.344969198108 5481 2.2749919424497822007 0.26848392894247791185 0.8300595633173719623 3.4436088604716363903 2.2183162525506454621 5.1141494815375043714 5.3519710673854330452 5.5673878761175101815 2.0621e-09 4.60207e-06
47112936.344969198108 5138 1.6596536085235535918 0.48353236518589515214 0.49972060977498994339 0.54913261239122768131 2.8601447683136114186 2.5519164138271266395 2.1909114471685429137 1.7974072176413184998 2.37553e-09 4.82433e-06
47112936.344969198108 5597 1.5215414593641827246 0.47395263365368572872 0.31961874173042592595 4.9803841460959237253 5.7595558536305837549 3.1859884446618869092 3.2158847584104486295 3.2510633160327331304 4.51539e-09 5.97606e-06
47112936.344969198108 6928 3.2068886596262555777 0.053094445945908473605 0.27605010075378955126 0.10245727448907046564 2.1443316172862276758 2.4845447805116283035 2.4513985031802367764 2.4175939645614175078 2.08658e-09 4.62021e-06
47112936.344969198108 3089 2.0760603130700445718 0.46648202151925849401 0.34209501641649259218 1.0877638755521137348 5.9362117838364332201 5.6524149907393299586 5.8945556466222841507 6.0713153030571858082 1.46985e-09 4.11094e-06
47112936.344969198108 5640 0.93030400071421825992 0.28276148382373961221 0.31297196471441918186 5.2370754657421896283 3.447416399472281956 3.3347479709525797986 3.3992772910251685126 3.471336884027926839 5.24602e-09 6.28242e-06
47112936.344969198108 5762 1.5575387139432441685 0.023355943437735855045 0.46655018208172122085 1.7373472846749913323 4.930660109572106542 3.0340124639939083373 3.0314748635591080017 3.0289081533219257558 4.50081e-09 5.96963e-06
47112936.344969198108 1444 1.8807702355926005922 0.43899352912864286758 0.82706633962455911036 5.2169814516857977438 4.4917985841716383533 3.5020747517929735615 3.7094920532425641468 3.9456101497158897473 1.72307e-08 9.33865e-06
47112936.344969198108 5176 3.0970376390830249846 0.20088691537707087376 0.15799798576275722595 0.92233703321532067854 3.6478410940083314529 2.3131894703345348141 2.1529693203548103675 1.9851745420001460918 2.68297e-09 5.02406e-06
47112936.344969198108 5642 2.8981935902100528502 0.25105309082050708547 0.11598811034066369707 5.8022458118234983004 4.831398305656068537 3.5279572218131316497 3.6368747128381166966 3.7561951845913377213 2.80041e-09 5.09633e-06
47112936.344969198108 6140 1.7254809829847528313 0.26799552839366880264 0.22349095771254767762 0.93090818598846702958 4.5986932476956718929 0.57039107507281283649 0.43836945376281333253 0.32461509089544593465 1.67728e-09 4.29587e-06
47112936.344969198108 5534 3.2488461746333987534 0.16717795188626213831 0.071308891610346133993 3.9645920807765344662 0.46369614116550600391 1.4260345995022729593 1.26180199596961784 1.1025416125612312879 2.18919e-09 4.69474e-06
47112936.344969198108 5929 3.2407257009921432989 0.14567354324149073275 0.20453270295394537781 5.5218455064815001876 3.3815520321482219757 4.2881838909660379144 4.4255890777709261386 4.5653124456440545842 3.18574e-09 5.32011e-06
47112936.344969198108 6935 3.4889435504146506517 0.14476326871607858582 0.47875253971578735079 0.26860551033322083159 4.6303624391850206621 2.8889687757370743348 2.8498422511703602744 2.8082041226819467461 2.603e-09 4.97365e-06
47112936.344969198108 6775 1.7212345968736157964 0.21238241711251584776 0.37014782810735613605 1.4831877092609559998 3.0647570189844040023 4.2853165354003879273 4.4892490515612903934 4.6963659593784763402 6.39874e-09 6.71246e-06
47112936.344969198108 5211 3.1930894158149589757 0.053633367752575232534 0.22612510084720910397 2.8429734403873596627 5.6643306171343201783 3.054647868961250623 3.0498592326878588565 3.0449461577646732557 2.07199e-09 4.60942e-06
47112936.344969198108 6920 2.3379997961565925912 0.046588450330796553345 0.17143606244555270601 4.0710185033652006581 3.8114762744445953579 0.6318041981181165001 0.60478390354357736136 0.57829444104369354118 4.48089e-09 5.96081e-06
47112936.344969198108 6390 3.2281728302208905212 0.042248083036342275187 0.36220862826711502924 0.13066220773984316139 0.96074800806988913671 5.1699485744977504709 5.207512509187451677 5.2446870209049887279 2.74624e-09 5.06325e-06
47112936.344969198108 5072 3.1146251756991158999 0.10317844771830217421 0.23523146639775821543 5.7698473278984803159 3.4006945328938993356 4.7371150814244566973 4.8403141970715024556 4.9426495450178844493 2.73643e-09 5.05722e-06
47112936.344969198108 5231 3.1608575035159480748 0.10112431962878662417 0.21468454683954582562 3.5004889786845714283 5.5853268074432369517 1.3307955288480843858 1.2335664188050596835 1.1381379429416720317 1.89135e-09 4.47137e-06
47112936.344969198108 6291 1.2003525859298997958 0.26354544627083853481 0.29139264893253880029 3.2775472216196201991 4.0674411024446683882 4.1067138410618522215 4.3443902472017734695 4.5902911063300049221 4.97801e-09 6.17355e-06
47112936.344969198108 6756 3.2097447261016189834 0.10797279510793840462 0.32990220077253884501 1.6435594308311203271 1.6760361802830054945 4.5350136101162821234 4.6425283657071094723 4.7502377870483414313 2.22448e-09 4.71983e-06
47112936.344969198108 5323 2.8292492146974512757 0.1333859731513163116 0.14155764621135552561 5.9864831651366232634 4.837364955944977396 1.55641873771822703 1.4227761553737781064 1.2908487576020633014 2.25995e-09 4.74478e-06
47112936.344969198108 5372 1.6597609077494801522 0.33385397118026360896 0.25916967922356076715 5.317642321913676362 3.8315872411483220539 4.1511692287212005326 4.4687585744229050277 4.7927533766748435795 1.39548e-08 8.70479e-06
47112936.344969198108 6286 1.8931574080953297301 0.16026299928379145188 0.8581453331206870816 3.0203204072260105839 5.265571802628829623 0.043581895861573786977 0.037078190476431072131 0.031137289931659033193 2.66284e-09 5.01147e-06
47112936.344969198108 6960 2.9724794132024543458 0.17743544669791985746 0.12071883942248712307 5.4932383386189691521 3.3978749786077502293 2.2736151583834516288 2.1290251496622061289 1.9785253607852744118 2.28045e-09 4.75909e-06
47112936.344969198108 1410 1.7829380895701678611 0.11051559848648491446 0.33786575746288566302 1.399189136696523672 6.0679974562403620197 3.5263563428807738198 3.5702110917063318851 3.6161429893522702983 1.96181e-08 9.75145e-06
47112936.344969198108 5053 3.0390793339181119137 0.17061582998384150489 0.27455222662337885886 5.9037215238052045407 5.4256530707208669995 3.8840764151749502808 4.0079819178749609421 4.1379904400905669348 1.90259e-09 4.48021e-06
47112936.344969198108 5489 3.2105815239458839194 0.12195690960704430594 0.29175577172021122108 4.911122734661566902 4.6572783618041411202 3.505800787655910522 3.5520426404044820323 3.6007061279373226981 1.80848e-09 4.40509e-06
47112936.344969198108 6914 1.8613440209992762053 0.26228224939569672047 0.27322146292241211718 0.53916191079330866298 0.019267399967280229162 3.4297342651026352378 3.5166733843243371815 3.6127598696222533725 4.41745e-09 5.93254e-06
47112936.344969198108 5578 2.8925233246678212495 0.096568412272498627136 0.20087873106675446788 5.3924906488723909348 4.6553639189571978108 5.8480166768195598337 5.8871012472455799269 5.9243581659832660335 3.04211e-09 5.23892e-06
47112936.344969198108 5196 3.5619780691215643387 0.2004594557741459504 0.18165877017445811181 2.2058614674398593358 2.1939510706480920277 0.43819916126642938226 0.35952793699218882351 0.28899980721407719786 3.02458e-09 5.22884e-06
47112936.344969198108 6832 1.5749110778865660354 0.28589336050924979427 0.30074032079352053248 5.1319978156879502151 4.7248329503345685154 0.62566784135201380934 0.47306029556078460496 0.34280367171983749941 7.86044e-09 7.18895e-06
47112936.344969198108 4502 1.5555024498819505219 0.13599375803886595837 0.128450820330029164 1.284498025573758806 0.68345769987826443526 3.3790624793676622417 3.4134859686667344825 3.4500078647645207042 4.58456e-09 6.00643e-06
