73626283.367556467652 0 5.397816555591458787 0.055235635693425794157 0.021660560193077087882 1.1454704679047771343 0.38727326094627173569 1.6655390634359605873 1.6103788672458008158 1.5551864968788415844 0.000954966 0.000356051
73626283.367556467652 1 9.0161965858568322574 0.025926382305066490719 0.053046090260886212542 0.019774374011483717567 2.8934346027347213059 4.7311488566986223958 4.7570672793333947936 4.7829677894634556878 0.000285285 0.000238018
73626283.367556467652 5775 3.044200828018790439 0.18533162667814259694 0.12737177575617697478 3.6725346695613039216 3.8329683972370269807 3.6541424648810236775 3.7538717218681343368 3.8603881098294485774 3.02463e-09 5.22886e-06
73626283.367556467652 6920 2.4002428415811576379 0.15875667346596858409 0.13506430624802592821 2.8593383190550047956 4.0551423240561090822 5.3142668970561874886 5.4400958867090771776 5.5586397545724803848 4.48089e-09 5.96081e-06
73626283.367556467652 5134 3.5399276330026228088 0.050533157200404570097 0.36450790736138122261 1.1781739842895453396 5.862937413041437118 0.84596534220974484164 0.80873982925268328437 0.77218324820221406757 2.31886e-09 4.78566e-06
73626283.367556467652 5278 3.2059570424641621322 0.14024889613974603209 0.32280060008556299422 0.40072823540497043426 1.0009983546012743982 1.6288050600364611942 1.487753773022408188 1.3479881818486330047 3.13887e-09 5.29389e-06
73626283.367556467652 5196 3.5604081993349439017 0.16122143423944026996 0.20254506841351727076 2.1187051496657645089 4.3563195684019362375 2.6718762725789440005 2.5927337066646938268 2.5086222090805758711 3.02458e-09 5.22884e-06
73626283.367556467652 5063 3.4719688004131397108 0.16679282411795456897 0.39559239278526953099 4.3484662906239845981 4.7243296836321766463 3.3539325981542078559 3.3924931377911686781 3.4339038512289996596 2.23728e-09 4.72886e-06
73626283.367556467652 5878 3.2507586490204962715 0.09439813957669322686 0.052015672756702532875 2.9954295809001778572 6.0236903312832232871 4.0958343653615836288 4.1751529576190939963 4.2562528974317679342 1.44428e-09 4.08696e-06
73626283.367556467652 6255 3.2039020946025358327 0.15287546596841092295 0.21447282893360195 1.4405908608908566393 6.2332832725620974657 3.2022924776631915833 3.2123965061082433436 3.2232116363906695433 2.45838e-09 4.87977e-06
73626283.367556467652 5548 3.1630620502621482615 0.079473484922246664941 0.27752645646422369197 4.5268560231362888757 2.544311818379886514 1.5239144998522409225 1.4445922347106068262 1.3657508160719979973 2.11518e-09 4.64123e-06
73626283.367556467652 6443 3.2123375775874283278 0.1816856212188881492 0.27417433608056535066 5.9066738904813149702 0.15203167487801003133 0.90685339439699985675 0.77048440702093978771 0.64394347541240792854 1.88164e-09 4.46371e-06
73626283.367556467652 5990 3.0843892909360199894 0.094027406443954061888 0.20857272117671554756 1.6399944037573388478 0.67378808938391376859 3.1487585635993227129 3.1494672360461768434 3.1502076549592121779 2.30118e-09 4.77347e-06
73626283.367556467652 1284 2.4183617443439011652 0.23660146961244904462 0.3754621141862879985 4.5880748499039816224 0.78975947083873054844 2.9716826028082579114 2.9256627328303297375 2.8749694846626048239 3.64405e-09 5.56389e-06
73626283.367556467652 5098 3.146882140127973404 0.066749089028932770407 0.083213603353394172135 0.093236892210531288616 2.2252287565779713674 4.6051327220939883844 4.6717861323213893954 4.73848020792607727 1.90652e-09 4.4833e-06
73626283.367556467652 5929 3.2471689742920690769 0.16918150618624991366 0.21765786750630203294 1.2289608520527186553 6.0151993241391350509 3.5544693254030486074 3.6285997442621082953 3.7077738201866501377 3.18574e-09 5.32011e-06
73626283.367556467652 5467 2.957327661799976859 0.086013482970193289034 0.15736540116941988288 0.90774199056945359398 4.8856767313148203868 1.4059931334216555499 1.3216342849047431063 1.2382769502693684593 2.43648e-09 4.86524e-06
73626283.367556467652 6282 2.8477196838425213876 0.1176126294227342467 0.0514889368662871591 0.49503011722287332264 2.0037445858246845098 3.3674529343530044123 3.3954943974528930539 3.425036633456497448 2.68214e-09 5.02355e-06
73626283.367556467652 5694 3.104187562228664099 0.057802181365802236812 0.27767942954590485449 3.9645709882186577211 0.055072326126098740395 4.5715673866639461309 4.6290629114996750815 4.686664541916705673 1.21025e-09 3.85309e-06
73626283.367556467652 6392 2.9604403622497574844 0.25913057875178707734 0.17501129906929105418 0.17544440540670297457 1.5035508116652576138 2.576484206358828466 2.4179544832848676172 2.246380110745539227 2.75286e-09 5.06732e-06
73626283.367556467652 6484 3.1090669737064327016 0.15024505611599434096 0.21654182481530659388 3.8581815164636159565 4.9014269040615374706 2.4811451743222066035 2.3826462811219975002 2.2792540406015038279 1.88476e-09 4.46618e-06
73626283.367556467652 923 1.9678340210412268441 0.46701880262153738776 0.334298547460129436 1.046666050336482412 1.3760835048153505777 2.5522491138674663347 2.2086457874178044847 1.8334530650012446085 2.53731e-09 4.93145e-06
73626283.367556467652 6739 3.1915629565319196814 0.12015163647911805689 0.25769402303679139754 1.1909022781324059004 3.327317358590572649 4.3493251472379022005 4.4643923111575105622 4.5808680415739226888 1.84353e-09 4.43337e-06
73626283.367556467652 5885 3.496925008387729239 0.050745383825070995709 0.29797494113123967896 1.0988869262519562753 5.7822036484927439304 4.084893279156493584 4.1266141102293492082 4.1688994242503927268 2.25928e-09 4.74432e-06
73626283.367556467652 5405 3.1761271875804713005 0.045491880321348258931 0.11698121950052710327 0.038561698642393234249 2.4896140905898938023 0.16816065943445449027 0.16070997870910044836 0.15343041002028134923 2.93677e-09 5.17774e-06
73626283.367556467652 6764 3.2898062547822415347 0.03640138693610998899 0.2811839894862446787 0.82083382726830733667 1.4961656851320570549 2.167366303306596631 2.1369336760238684114 2.1062116662560770308 2.4069e-09 4.84547e-06
73626283.367556467652 6362 3.0010278043919105251 0.013365265084818613375 0.2593118049559079985 3.8265958531821953059 0.69856666522235077998 5.0753333209350994792 5.0877987336409082886 5.1002332077500582841 2.92709e-09 5.17204e-06
73626283.367556467652 6775 1.7390778752645124072 0.27627848181644548697 0.18548282336411481275 4.6828399693794207082 6.0346171834661443967 0.81808339084298586918 0.63105544335383501053 0.46805189694017623747 6.39874e-09 6.71246e-06
73626283.367556467652 6055 3.2148268205281054222 0.029748560328679701792 0.059221024164869871809 5.9790749195519659054 3.9391522919995320962 6.2727822974009299628 6.2730872974640590201 6.2733876936099974841 3.0525e-09 5.24488e-06
73626283.367556467652 6498 3.2220892936396703377 0.097085361330321792717 0.14591441504471192037 3.0215786068512442419 5.0214204037804677228 1.6830582617851741478 1.5859021080290511829 1.4888278231815696984 2.50157e-09 4.90818e-06
73626283.367556467652 6313 3.2407394030905765092 0.039208732609524891977 0.36760550974448658046 1.643746892653465741 4.3351503308656420543 2.7087234759128997474 2.6919721462054932992 2.6749310982465628328 2.33149e-09 4.79433e-06
73626283.367556467652 6300 3.2172571116047889994 0.07721047664115629483 0.18231125291361083285 5.0987642314291381496 3.6237630672920784214 2.8988173625748507867 2.8795041858583507732 2.8594990853936366193 3.26125e-09 5.36181e-06
73626283.367556467652 5323 2.8092809712244561915 0.1143116019741014372 0.14361349226577213578 1.4874005148112519059 1.1568761117413672856 4.6213793293302218856 4.7360646724434873889 4.8503442378931866941 2.25995e-09 4.74478e-06
73626283.367556467652 4755 1.8834223111889787372 0.10864025641185595661 0.047111992446682252056 0.99413613467147143865 4.8086212596833499688 4.9376969331129947349 5.0425323681597209458 5.1453056020404641657 2.45943e-07 2.26531e-05
73626283.367556467652 3800 1.736716566325109623 0.39905340387671545122 0.70299272426949999115 4.2743701131387910053 2.8302393844941611256 4.2524442418259873477 4.6578628480890396091 5.0563231862659439031 1.79108e-08 9.45995e-06
73626283.367556467652 6956 3.5015699877048969135 0.16834170939421153057 0.40740249646572090914 4.9165347812568214181 3.0522245895199562327 4.6944386021018926769 4.8638151173387385029 5.0302304846825709461 2.20649e-09 4.70707e-06
73626283.367556467652 6197 1.7969921756748699071 0.14753042397443544287 0.47372590012013915395 0.087605918694810866465 5.7754010399199735559 2.482289677162663466 2.3858361323118781883 2.2846539511013266299 8.02678e-09 7.23931e-06
73626283.367556467652 5080 3.2023528308241120399 0.13141220006068388138 0.18690225590752757023 5.0045698887239957742 1.1226712214714642535 0.30428531259984747948 0.26708779294598444798 0.23240501081489006729 2.57476e-09 4.95559e-06
73626283.367556467652 6089 1.6816453369636279458 0.3816357242847462361 0.43276763808609769457 4.1054539815899060429 3.4557418798479071498 2.6058293126591398625 2.3629136910459469512 2.0948757852915051991 5.81535e-09 6.50193e-06
73626283.367556467652 5489 3.2139794601982520916 0.1352719345554597441 0.34420681516907364328 2.2282806406209827443 5.541883289183476613 3.3638537722966566079 3.3959337986281967758 3.4299692730473072544 1.80848e-09 4.40509e-06
73626283.367556467652 6756 3.1907306379378361783 0.04972299047652403714 0.30576338419124937662 1.0871661726519237234 4.927071476080739032 2.2519683213709296155 2.2127077914111681345 2.1728820241919217793 2.22448e-09 4.71983e-06
73626283.367556467652 5116 2.7421826748550079955 0.19096662314561468898 0.05063199918324196025 4.6124129647950873334 4.5887473911509797375 3.3015498997710199802 3.335473305414431433 3.3722665162111424841 2.56354e-09 4.94838e-06
73626283.367556467652 6951 3.0032200628622383043 0.047068036523238425406 0.05315165409688349385 0.71846077773794503329 0.89247756457066762525 1.7338919680924700373 1.6872529061048771037 1.6405036805536294953 2.54062e-09 4.9336e-06
73626283.367556467652 6295 3.2509127927412242443 0.066239489288798011901 0.27473763246332183474 1.6587750336225275394 0.35346027447854699854 2.2917685120385686837 2.2408534607246353154 2.1889358641032652386 2.30061e-09 4.77307e-06
73626283.367556467652 5923 2.9992244157264904558 0.10411363993083024015 0.16208167423404187812 4.4850077462383453053 3.5283277016183163255 5.1919635180841989808 5.2823440793689062644 5.3699999769423270024 2.22479e-09 4.72005e-06
73626283.367556467652 5234 3.0393155149054833508 0.14589978034111733551 0.093682807906113108043 1.2894247979373518742 1.0274961543895371197 4.31641343232667829 4.4554630884473382935 4.5965738112166132368 2.35138e-09 4.80793e-06
73626283.367556467652 6863 3.1273961779987020648 0.11253901566396756762 0.037689282005026879252 6.1946553451736434681 3.9560058150248083031 6.270719056591417484 6.2720512358340565484 6.2733042273748598205 2.72515e-09 5.05026e-06
73626283.367556467652 5146 2.7615145070388993354 0.12841427418678744155 0.038423017531522135615 4.2772936093041789007 3.601437318799483922 3.1536948900287922193 3.1553629504396130123 3.1571311972308730986 2.55901e-09 4.94547e-06
73626283.367556467652 6969 2.195927489409337241 0.054335867381706107193 0.25572951209391986405 0.44144414173623974795 3.0777574477038465162 5.3491617191839511136 5.3921789134201123517 5.4344361777644634159 2.41679e-08 1.04535e-05
73626283.367556467652 5047 1.9119641322773859304 0.25481304881588551225 0.085490903307359200625 2.4630961582000434618 0.73451081038021071024 2.4307896828960915414 2.2438927774226220535 2.0446557136195138149 1.0218e-08 7.84583e-06
73626283.367556467652 6657 2.3650525468165639609 0.18308730021370886454 0.11957333907545109053 6.1411111003200131719 5.8894785147598041064 5.8881571489636685968 5.9536128700724786356 6.0128669704154242837 9.52311e-09 7.66378e-06
73626283.367556467652 1444 1.8399569519351828273 0.32091392757029718608 0.87272620920011501067 2.2868165000242264284 0.5945828744997141424 2.021639132244927417 1.7046698771367330139 1.386627387358074337 1.72307e-08 9.33865e-06
73626283.367556467652 6628 3.2629538921166916232 0.13995114110494352722 0.20728406540809091174 2.7954032688966603537 6.0969374437763974584 2.8334212572861887658 2.7877059252771232423 2.7392063758790019534 2.5094e-09 4.9133e-06
73626283.367556467652 5290 3.203672255327949081 0.019140870303264778673 0.1576506572936666184 1.5753955177280900557 4.9326109331412366643 2.7310942880042383685 2.7233875132104805594 2.7156140051491579612 2.68653e-09 5.02629e-06
73626283.367556467652 2992 1.7497991386072926367 0.24688311884570701693 0.17127163898508002138 2.0684954339975107906 5.489445826232440595 2.3093203045396819562 2.1074828512983336815 1.8953096357804000149 2.26492e-08 1.02298e-05
73626283.367556467652 6827 3.103345067489222231 0.12256601276708531389 0.12878988265346411057 4.2501333975877013671 4.6892126530123565686 2.3710191234414046413 2.2814259940584267206 2.1885269269032718853 3.04652e-09 5.24145e-06
73626283.367556467652 5626 1.3713138211224951135 0.37727422350196981871 0.29814244613472429268 0.59210104156911291806 4.4086578892006054176 2.8152252291559998199 2.6613224566204123356 2.4870146642987145391 7.93289e-09 7.21097e-06
73626283.367556467652 1410 1.5631939233220681906 0.36721286516615075923 0.38593376422751363153 1.5619112715780241185 2.9122125725077454561 3.9061591498338126272 4.2091346873341279888 4.5308196666054545432 1.96181e-08 9.75145e-06
73626283.367556467652 6244 3.1712554529040395401 0.083119096575487036449 0.2960696799665708534 0.56730642509669271245 1.2409914520471665433 4.4960130270232268046 4.5780220570547704995 4.6603919462391036888 3.08558e-09 5.26376e-06
73626283.367556467652 6327 2.9962118853319648082 0.13623847490509247149 0.15280325742120759447 4.2599272273285659907 1.4315247254638969743 2.9329528773598521063 2.9025696128192493006 2.8703146694839731801 2.25041e-09 4.7381e-06
73626283.367556467652 6390 3.0427371637195106402 0.23936007990486202202 0.10553936347585257671 3.3279619265489426283 5.4006301642624618964 4.0562125857099529114 4.2633187850254499196 4.478946587322020001 5.26519e-09 6.29006e-06
73626283.367556467652 4112 2.0565031308535166588 0.26891412866805514126 0.80666591288506428459 1.8522957146365868208 1.2321962318212662524 1.9778623209420589379 1.7134147872029941162 1.4472308861666223212 1.99037e-08 9.79854e-06
73626283.367556467652 5511 3.2087795561204268679 0.076805126563110462379 0.17247824197184838391 3.0086854895960595258 1.7303089823688269089 2.7012539326174440646 2.6672891344812073022 2.6322107768841744857 2.90982e-09 5.16185e-06
73626283.367556467652 6186 3.2313324007982782149 0.025939581284425382302 0.22079450800196809279 2.8468881747423209205 5.6486077299442793986 5.6769520191393043618 5.6915780750289552969 5.7060444710402018487 3.14704e-09 5.29848e-06
73626283.367556467652 5195 2.7732444121452428654 0.055499135863726012374 0.06687237533911676024 0.46598032854657728263 2.2278874574978710932 3.2487291297865468209 3.2548369492730504504 3.261108485096938292 2.26107e-09 4.74557e-06
73626283.367556467652 6935 3.4807000038860418378 0.14197310084992204038 0.40826896097289255838 4.474369398970174494 1.8330393009895133982 1.0064335175245724407 0.89042789085368068136 0.78006637922943322661 2.603e-09 4.97365e-06
73626283.367556467652 6667 1.3356290970659205897 0.14203143817034280527 0.42302264850730403323 4.3909363371398235643 3.0156529227431589923 1.9148227904602739269 1.7773344141348685898 1.6383216095360679798 1.85586e-09 4.44323e-06
73626283.367556467652 6816 3.1323858831589745932 0.22059250461480855998 0.12570849967095659716 4.1255985260554703942 3.8708593597941183262 0.37590730676107786401 0.30166386824333590866 0.23612377238241666344 1.76213e-09 4.36713e-06
73626283.367556467652 5762 1.3834224180439329555 0.069638279344203149468 0.49788627194908069429 0.016830640914872532776 4.5607151186650369823 6.2767664663481017584 6.2771989276245028222 6.2776158063062812431 4.50081e-09 5.96963e-06
73626283.367556467652 6595 3.0666834002467475706 0.04501289792374419535 0.21927467565665395566 6.2173495398808880097 2.3185497641768924026 4.0980071196142500156 4.1352868028311444704 4.1730097364273515126 2.5233e-09 4.92235e-06
73626283.367556467652 5950 1.7857362871332649323 0.36188830108443253986 0.22591946251573960525 4.2732377247299906387 4.4697869480157059741 0.98848679437942754689 0.70673106599817259177 0.47173844250850094362 1.07677e-08 7.98408e-06
73626283.367556467652 5351 2.9721717315437317097 0.14779924421314624694 0.066652448505612221785 4.8216421830382598657 1.6342772476643856461 5.2753079665156938916 5.3960513151939117904 5.5106348458077887287 2.44807e-09 4.87295e-06
73626283.367556467652 2768 1.5612795571374320502 0.044516769986344094379 0.03568979096643672827 6.0863540647468568068 2.7197788918604937081 0.15092057084174453907 0.14436850686485633299 0.13796398891167846457 1.06163e-06 3.68842e-05
73626283.367556467652 5194 2.366317605720755779 0.26251222491465947551 0.31101944525794705809 1.8686940856564286939 4.9418043323211575668 4.7784892006047154922 5.0412489355483760534 5.2896934328077387377 4.75382e-09 6.07945e-06
73626283.367556467652 6928 3.2121717058420138358 0.18256311038379169354 0.25787535152801116523 5.4302730472840057274 0.26489391586379018584 5.2247183124026488343 5.3779602808720019524 5.521557875060758569 2.08658e-09 4.62021e-06
73626283.367556467652 5914 3.2167413788354846105 0.10378058442044704734 0.076187349108870802694 1.5943514641373290885 0.0043288621195883749543 3.6929752109398199522 3.750002099681585932 3.8093192461776137492 2.63408e-09 4.99337e-06
73626283.367556467652 5072 3.1314279846250929751 0.12349080048870514359 0.19923060271906031793 4.7486517201690947587 2.281556435869739996 4.191963594457268627 4.3028234045515700856 4.4161007627676251985 2.73643e-09 5.05722e-06
73626283.367556467652 6154 3.1719399755157251519 0.15030110494926129938 0.20269121955812535729 4.7861447656743916212 2.2257736760985800117 3.8237450743921010954 3.9248990557352927411 4.030955443768291957 2.04677e-09 4.59064e-06
73626283.367556467652 5312 2.9805648295647491075 0.16595684842738187004 0.14502819726304297387 6.1494143316594511717 1.2930997704904547696 5.2895531385683867143 5.4232918181719345085 5.5490494481669436766 2.46345e-09 4.88312e-06
73626283.367556467652 6126 3.0249241763348648782 0.23233530215583333978 0.18048640169991272963 1.8914290770620012516 1.4177698125003572738 0.6994982505629767644 0.56059942372347504325 0.43706814518245695744 3.04059e-09 5.23805e-06
73626283.367556467652 6952 3.2577743280668087777 0.12388929570107280742 0.10001596173666096878 3.8274981049321512572 2.0572317706757763389 1.8772974721782917928 1.7566047597499117039 1.6348479431160849451 2.57429e-09 4.95529e-06
73626283.367556467652 6073 3.22519242064852385 0.035914253399311084347 0.2834167861510760722 1.5963720521472588576 6.2112271990961112067 3.9015583897740127028 3.9266327669345320039 3.9520188846697621443 2.87152e-09 5.1391e-06
73626283.367556467652 5578 2.883334554898377533 0.10141335587219586778 0.21265666285642181865 3.8366119535964564591 5.0236886358057075697 0.76258446914068389599 0.69486397096027519016 0.62993093051134430027 3.04211e-09 5.23892e-06
73626283.367556467652 5231 3.1513794089965085909 0.15500934443613240132 0.26397867850171402582 4.3054354022259193613 4.1416073886279889393 3.3496484831836506046 3.3845187280970447929 3.4218052667132115019 1.89135e-09 4.47137e-06
73626283.367556467652 6029 1.5994208128274931546 0.33227175812164916335 0.60898521026430152414 1.0825551739140877316 0.92919900683014367004 2.8912830024010971464 2.789838339354672847 2.6753556887415235188 1.2969e-08 8.49478e-06
73626283.367556467652 6290 1.7522819349485492246 0.34832464107924476782 0.18754023583850337742 4.6744300890319081532 5.8623542322087285328 4.8130045551072413446 5.1608728526040099638 5.4747501130992519691 4.66797e-09 6.04263e-06
73626283.367556467652 5211 3.1612736236038401216 0.11343499247228465421 0.31486731025843678333 1.5477066890332902283 6.0146417465139423442 3.8971476026285079008 3.9785076959422398524 4.0627423077045703437 2.07199e-09 4.60942e-06
73626283.367556467652 5717 3.150806317066536355 0.15170007229603579835 0.23438158575630108071 0.96310118412445389069 6.1956423794162418517 0.937376317985234353 0.81984232049218053184 0.70894376536874892381 2.31886e-09 4.78566e-06
73626283.367556467652 5643 3.3273044138249225909 0.14929123565427357412 0.054349020236243536508 0.1923782814204170466 1.8791166508241214927 1.1187878167540774577 0.9882062221097526189 0.86354200802104563728 2.47115e-09 4.88821e-06
73626283.367556467652 6842 3.1871753904423147929 0.029381104689511230998 0.14112320837888117642 3.4275258733382081289 1.2187294164719499889 4.5609917723073536422 4.5901055337935590117 4.6192672407057306927 3.94698e-09 5.71398e-06
73626283.367556467652 6572 2.9537108479023008734 0.19501850714163834755 0.19759610728045956529 0.96831652731008088786 1.1942678332590832557 2.0202294118071844053 1.8354770198324532604 1.6472498213609187978 1.66053e-09 4.28153e-06
73626283.367556467652 5131 3.5332763425569124749 0.071751354140242640245 0.27820394924173619255 0.73135154714155947708 5.4751518328531441071 5.5083467459209831674 5.5573412013316874081 5.6049673837843592139 2.25296e-09 4.73989e-06
73626283.367556467652 5534 3.2552692115251455895 0.095131088684562312152 0.12625673431371386979 0.99230791061143808207 4.1593790106596095768 0.52447504044174941829 0.47862927288513507085 0.43481542145772661412 2.18919e-09 4.69474e-06
73626283.367556467652 6119 3.1483872324580519653 0.077972273432980507279 0.17093293659927277783 2.9784071381996946037 5.5279823400966439095 3.6457277881693217481 3.6847800697107255807 3.7250813842399539411 2.96829e-09 5.19619e-06
73626283.367556467652 5525 1.8415470244325129467 0.41502323669143270646 0.31850560780891495893 1.1397409292434454997 4.6264765710257096387 1.9729464501325761905 1.5425851983727696393 1.1277271025366655266 2.22151e-09 4.71773e-06
73626283.367556467652 5240 1.7508359488055167397 0.12183654700349574873 0.43360496914415658232 5.5003621377775626655 2.3373314863456595702 0.86978222264528270991 0.77993439157229049741 0.69425493843311225639 1.54708e-09 4.18172e-06
73626283.367556467652 2850 1.8514010426266496179 0.36619780402482249304 0.44012509502993402144 2.3798215973259115863 5.4354087351099460435 2.8587574120796808153 2.7294818518246133365 2.5828034091893377067 2.86233e-09 5.13362e-06
73626283.367556467652 5957 3.2479605293536102373 0.068893715438129221607 0.12729725799628185956 1.8639396968432766499 0.74831604443509380786 3.4409009742103182639 3.4619313896743180159 3.4836251996491656158 3.45473e-09 5.46581e-06
73626283.367556467652 6103 3.2970316287011893763 0.024849830842726322588 0.13928642017623135696 4.7843488156804792055 0.14114370275944507216 4.5737053073936015934 4.5983614605115219476 4.6230499141531389284 3.07621e-09 5.25842e-06
73626283.367556467652 6335 3.1119401194164573177 0.12565302807643130567 0.21659859451376103912 4.2565277736999531655 3.8921054179024263675 1.2197664977344666593 1.1039509203075257293 0.99174370589826044142 2.80706e-09 5.10036e-06
73626283.367556467652 5252 3.1348717735628865988 0.22955226115411800358 0.1736075719162621378 2.634138905613405246 5.2839743334169533284 2.6022726500668738048 2.4697356348060353071 2.3268530135776384071 2.42859e-09 4.85999e-06
73626283.367556467652 5034 2.8588439110581194136 0.25598245878716180401 0.16287005985753461035 0.17017276717335130809 0.36461021629450757198 2.2449475665964815363 2.0244886117227522959 1.7944026308093581346 2.20492e-09 4.70595e-06
73626283.367556467652 6874 3.2912665971259880138 0.040994340080512767233 0.24547686621341274771 4.452047975266487434 6.1919696338671288416 1.5479228635592106045 1.5069469684785947727 1.4660361616580925848 2.61974e-09 4.98428e-06
73626283.367556467652 5053 3.0550496721687077084 0.1315259017817861642 0.24750936332925810301 6.1209291287334508525 5.7702065467420986522 3.3150770323218741176 3.3394649939511644732 3.3653208337656370652 1.90259e-09 4.48021e-06
73626283.367556467652 3953 0.89603800008937495303 0.13694013991307932288 0.33714848470985725459 5.264103303261680189 2.111995873702481763 2.8929547042769563348 2.8566815067381883253 2.8181914429153813728 1.87457e-09 4.45811e-06
73626283.367556467652 6204 1.4258325951977743884 0.1131832022735199117 0.2451281584212236242 5.516177227184170917 1.4295828706771727123 4.7517181354203268384 4.8648049680023195407 4.9766760546026596046 2.26769e-09 4.75019e-06
73626283.367556467652 4189 1.1087533543459999752 0.044804651397468385488 0.046671770349120178523 6.17614817577987818 2.2332907812834918992 5.5121385904895880969 5.5428813855125440568 5.5731026747425529422 2.51666e-06 4.91804e-05
73626283.367556467652 5324 2.1088383190877637574 0.2279145891418894454 0.13073237105103288624 0.20178478841793098808 1.0555334778933274098 4.7040632629925127617 4.9342100494192822069 5.1565403710588437747 4.64884e-09 6.03437e-06
73626283.367556467652 5185 3.5203239774428385367 0.078530527931128121799 0.25753620304610319591 0.67682041675636150924 1.2143155175635071963 5.4070203928689251072 5.4659470690618112698 5.5232161563610286947 2.64564e-09 5.00066e-06
73626283.367556467652 5451 3.2527237597304372585 0.10608637058181875912 0.084665647838337285136 1.275973794961015706 0.26678167339280428605 0.30700669002312963585 0.27640992001690389834 0.24745856660277076866 2.58702e-09 4.96345e-06
73626283.367556467652 6192 3.2218214073113773388 0.28193291235131823225 0.31186557776138573717 2.425445835913416559 4.9877597560680824174 5.1664309065254840903 5.4085034289999747159 5.6248417026184327483 2.79503e-09 5.09306e-06
73626283.367556467652 5257 3.2287851947660084484 0.16495794953003634076 0.2279369215017260919 0.19848939085418640382 2.0879888118480463 1.2713522663090386366 1.1167514361919828048 0.96850696788011181315 2.20895e-09 4.70882e-06
73626283.367556467652 5853 3.1350902676067780028 0.21132908258703303472 0.18324013560565971526 2.2927375642878082829 0.025883101961601106406 0.78359304123128925568 0.6435739597737581974 0.51676419413332785879 2.34516e-09 4.80368e-06
73626283.367556467652 5962 2.8539094506101863047 0.25039161838467721699 0.23971238354295493211 1.5750262143808568815 6.0538861761209057377 3.1681818514439670231 3.1759321525145352005 3.1845287854657282622 2.88829e-09 5.14909e-06
73626283.367556467652 6233 3.1611073087418142258 0.12567171781994163071 0.1863776881120702833 0.35101716661550624865 1.3875148761167903633 4.5330435831555728754 4.6584401860876845092 4.783929066225944382 2.38928e-09 4.83362e-06
73626283.367556467652 5650 1.6464403996034318034 0.10649043363595930844 0.23032425768810807498 5.1603991989632147508 2.7096728121593320893 3.7600034380534230749 3.824709980338965476 3.8919282236632573024 1.14639e-08 8.15256e-06
