79835728.952772080898 0 5.3970581954384702073 0.021433140910313095567 0.033940858711324906061 0.23855477498921345836 3.9150124270760797707 0.082543293736661360605 0.080794615634473571086 0.079064816641989374424 0.000954966 0.000356051
79835728.952772080898 1 9.0433322635389696842 0.087518024902232663398 0.032757074391676396785 1.8572260321025229057 2.8392922941080054322 4.6536027583555741316 4.7413073412826935993 4.8287887743158677267 0.000285285 0.000238018
79835728.952772080898 5775 3.0491667848103825023 0.10457269342972821957 0.043038196801493379395 3.3233283527341210828 3.3935622410050401143 2.8956531172638317884 2.8687568564635701485 2.8405783409295586317 3.02463e-09 5.22886e-06
79835728.952772080898 6920 2.4030368753315274333 0.21663405087024184548 0.16161525516514285705 4.1478792805104793828 5.3755764464287478788 0.21459385174535713925 0.1724300050321906641 0.13526062279798381494 4.48089e-09 5.96081e-06
79835728.952772080898 5134 3.5330042492334761128 0.045418879972335055029 0.30203088068318567627 3.14388038108375234 2.1594021061304946585 1.7481163480730441684 1.7032141130985269939 1.6581928496140219131 2.31886e-09 4.78566e-06
79835728.952772080898 5278 3.2075525506717714741 0.052306000642076765084 0.28391210388107229745 4.3406131539779666539 1.8925286542636980958 4.1839085228231152058 4.2297060164014492756 4.2760362026625902132 3.13887e-09 5.29389e-06
79835728.952772080898 5196 3.646152046776129918 0.18729064764555194977 0.14587579048385948544 3.508809066970488999 5.7055423974295020884 3.8557257373249504973 3.9888079232146220754 4.1291709549067077134 3.02458e-09 5.22884e-06
79835728.952772080898 5063 3.4698569061109765244 0.088540090503218343843 0.44603863549387073872 1.1073853515070843923 5.1447239614067479252 0.30042414555342999982 0.27523979268818316024 0.25117656949997174687 2.23728e-09 4.72886e-06
79835728.952772080898 5878 3.232656936025963379 0.12618926021444340502 0.04797407722147324638 1.432472646950414763 2.6406868211619127784 0.55775128015096031575 0.4941356398438561115 0.43428775037168348971 1.44428e-09 4.08696e-06
79835728.952772080898 6255 3.2029282556074778476 0.098401985344901757302 0.1797249119627761238 1.4682938253399500095 6.0121466889017156632 1.8198099349836933669 1.7231102006997245368 1.6258474495499088963 2.45838e-09 4.87977e-06
79835728.952772080898 5548 3.1691563138577509839 0.047930915146563758678 0.34704804302817438 0.38806686337224055583 0.65735658873951152703 4.3936828400292657903 4.4395629407685621715 4.4857210473879352008 2.11518e-09 4.64123e-06
79835728.952772080898 6443 3.2212215545414086826 0.21878283106197227159 0.2656212839286795635 5.1213754182254387359 1.4292388769033610441 4.3254610798925314796 4.5386860763819889542 4.754176563949932266 1.88164e-09 4.46371e-06
79835728.952772080898 5990 3.0904056161130584179 0.054889871350887298185 0.21333461237069833993 6.2051144698691649282 0.55368431608525692234 0.51834512268601462548 0.49176551971337184588 0.46584745943525518452 2.30118e-09 4.77347e-06
79835728.952772080898 1284 2.422594879587913308 0.37132737780270663741 0.72414613646004744041 1.0023011562729635671 2.5998936015740823358 3.1321274893809354367 3.1276134438150351436 3.1224227495689205192 3.64405e-09 5.56389e-06
79835728.952772080898 5098 3.1488720493850852478 0.066655322221232771174 0.065511549454903728051 1.9477807402834979023 1.4979862921392228525 4.5451897716151368201 4.6113320067580332307 4.6776472594045133135 1.90652e-09 4.4833e-06
79835728.952772080898 5929 3.24986588657613229 0.13164406625067148759 0.20328278997788534754 5.3870616773440387348 1.3240881871270746561 1.503866436385515204 1.3727121036844507351 1.2436422864399030441 3.18574e-09 5.32011e-06
79835728.952772080898 5467 2.9635252653409125401 0.12262007164938733272 0.12100607112457768821 2.4196865804680025569 0.29563589006756735289 0.65242127273448513591 0.58120920899149886019 0.51388649868353375449 2.43648e-09 4.86524e-06
79835728.952772080898 6282 2.8509055371056311046 0.10921288726777998723 0.055154191688373245539 0.94100099795768687994 5.7267679454162383479 0.038609106247283753177 0.034600301312570615198 0.030822256445019936832 2.68214e-09 5.02355e-06
79835728.952772080898 5694 3.1083180884345882333 0.082646021141983300184 0.33868818371937892131 6.0368910445127230702 5.1818280968719516721 4.2025689419893410559 4.2762850800348015667 4.3511957885419159098 1.21025e-09 3.85309e-06
79835728.952772080898 6392 2.9689836927734889471 0.16939382381519310639 0.14257981870458938389 3.4068925356357380174 2.4378900383543085084 6.1043466054497956819 6.1323462412778813047 6.157800665619846292 2.75286e-09 5.06732e-06
79835728.952772080898 6484 3.1167996651689913179 0.10159789753995564221 0.1979190159897870338 2.6285038160249443173 3.1815276976334088133 4.5830781773436450877 4.6846694878314183441 4.7862283554687374831 1.88476e-09 4.46618e-06
79835728.952772080898 923 1.8736886007403266152 0.41698072278472891883 0.33942327892796902988 3.023799715494970286 2.5382233252923951383 3.5072070802845778381 3.7028044961782895506 3.9247268688917689161 2.53731e-09 4.93145e-06
79835728.952772080898 6739 3.202324067038341493 0.16907201124325157982 0.18863645457129027405 3.1124382895004321092 3.296770084366711373 4.2632741972389514018 4.4222374282108845023 4.5842423186249474654 1.84353e-09 4.43337e-06
79835728.952772080898 5885 3.4943823523468919845 0.051571037769129052242 0.31506331185280167517 6.1896703064261515692 3.153669606173528539 0.035723599323253363291 0.033926795046435788417 0.032177490645669437619 2.25928e-09 4.74432e-06
79835728.952772080898 5405 3.1781484072621242198 0.050573758897606402307 0.095298699005715969967 4.4210088337119799462 5.6439100613576016485 2.6323557165228299581 2.6071286382828660066 2.5813673832770889227 2.93677e-09 5.17774e-06
79835728.952772080898 6764 3.3055302894542935022 0.034623314549531075679 0.31389437377447310107 0.21700677042390628668 4.8270042826841290662 5.1837022762114024488 5.2143168292045718459 5.2446695889005239266 2.4069e-09 4.84547e-06
79835728.952772080898 6362 3.0006500663600146339 0.058311809575042262976 0.31142328047138739811 5.5762343152865252449 4.0372209182557057261 3.5085161995024352066 3.5300385337716129186 3.552124162965661025 2.92709e-09 5.17204e-06
79835728.952772080898 6775 1.589222189346733316 0.10623484183169300266 0.20747974484456901956 0.75131606392000971351 5.3855200191160657042 2.5566767634237912432 2.4951405335096947802 2.4311491061434571392 6.39874e-09 6.71246e-06
79835728.952772080898 6055 3.2133062486062993202 0.061694158974447750599 0.030222341652492212827 2.0754404573631739517 5.5780743664529293113 4.3547218598403230061 4.413182321463053448 4.47213544823992315 3.0525e-09 5.24488e-06
79835728.952772080898 6498 3.2147944389293305889 0.04381213831539608472 0.11953125663248204136 4.2341032724482090543 4.6992732425321213086 0.64230479915928762047 0.61650114377234688234 0.59116966787652880377 2.50157e-09 4.90818e-06
79835728.952772080898 6313 3.2493483228355750647 0.058092908574858666271 0.29701760949577832305 3.0040361669277695356 0.85880885016947783317 4.7648781244264029056 4.8228354024975912395 4.8805743504839957936 2.33149e-09 4.79433e-06
79835728.952772080898 6300 3.2227563852770813035 0.065952941538782852704 0.23935494646404317787 5.5912975023009732212 2.4567409494806495829 6.0295361323677738596 6.0455908676703931093 6.0611139034321626085 3.26125e-09 5.36181e-06
79835728.952772080898 5323 2.8235386349775626336 0.11699323285641163861 0.18316144919232757449 0.29266734356966833674 0.053012313442802785901 3.6875365300807039226 3.7516889821493704105 3.8187198352545079771 2.25995e-09 4.74478e-06
79835728.952772080898 4755 1.8550962493229217198 0.033415467414951230407 0.06232384843618686554 5.8934951803935948789 4.1463107939035612759 4.4193368534068646625 4.451489110784160097 4.4837737402351400817 2.45943e-07 2.26531e-05
79835728.952772080898 3800 1.756897533985516402 0.089511228064599046572 0.41804761064403944681 3.5916274427091678945 4.7080495714453007849 5.6076213120478470842 5.661798923806279582 5.7139090443357929416 2.3176e-08 1.03085e-05
79835728.952772080898 6956 3.5100341855874899188 0.18774387972321451845 0.457782793069470062 0.16820106947468260739 2.4634760132977011615 5.1382615809343876734 5.3038942655646552637 5.4597408836743532845 2.20649e-09 4.70707e-06
79835728.952772080898 6197 2.0031015746835980629 0.2513740265754329517 0.38863536318538827175 3.5537577630407666263 2.5814862185734694933 1.0512649665436211155 0.84347501751203546316 0.65570916121731703807 8.02678e-09 7.23931e-06
79835728.952772080898 5080 3.2205311670455554207 0.13139653245819168936 0.22418568419244308543 1.5670204544993318052 4.175192713563047775 0.21966373101809996693 0.19264903855728965354 0.16749191148882627833 2.57476e-09 4.95559e-06
79835728.952772080898 6233 3.1536445769589040999 0.10692008291552689003 0.24319318247522592191 0.44186059382470654899 0.10455900859917872936 1.7277254361363711954 1.6210220750865591555 1.5142368235027676704 2.38928e-09 4.83362e-06
79835728.952772080898 5489 3.2184407799440384323 0.10342312307054017662 0.36730767015100607153 6.0856278496080662421 2.2161142739338202112 5.5791231735544721815 5.643676388107128794 5.7053994605501880955 1.80848e-09 4.40509e-06
79835728.952772080898 6756 3.1897566026767716352 0.087617237188106461554 0.26200445799101484967 2.2855256292641250582 1.5346091170990738828 5.3255029542538476761 5.3955023787766229759 5.4634592953968148521 2.22448e-09 4.71983e-06
79835728.952772080898 5116 2.7695380476985418383 0.18287513562360047104 0.12531599581941607613 6.2276587219955183983 5.5862659722772969317 4.6007546274861601532 4.7854127442582186092 4.9678005084185716811 2.56354e-09 4.94838e-06
79835728.952772080898 6951 3.002123641889185901 0.013159167468257322933 0.033507677622311840548 0.77260640647688161309 3.0111169074241104227 2.6535692067914178338 2.6473628059572180682 2.6411207048575771061 2.54062e-09 4.9336e-06
79835728.952772080898 6295 3.2531413640316455549 0.027541876877455497008 0.29978301777797117245 5.9968154598205405392 2.0745321617665490876 6.1507898395247257994 6.1543773216877859511 6.1579151334629580461 2.30061e-09 4.77307e-06
79835728.952772080898 5923 3.0058237314710960497 0.068130260213546872672 0.215742135407329505 0.90721454364313347529 1.7666348747947635545 4.0900296016426178625 4.1465593225781933739 4.20407107962476978 2.22479e-09 4.72005e-06
79835728.952772080898 5234 3.0393317981922023385 0.16250214907666754582 0.094144433005344155263 5.3388304060639528714 0.56366978398371747616 5.3330492645863909473 5.4599148466276421487 5.5790895503416813028 2.35138e-09 4.80793e-06
79835728.952772080898 6863 3.1602830327783730802 0.14427185989927443499 0.052687193944932479706 0.84142845292797141532 1.6626269355735607824 2.1421870571886025836 2.0153854878660810712 1.8851386650819641488 2.72515e-09 5.05026e-06
79835728.952772080898 5146 2.775119094094759209 0.091852235351502983796 0.044395657854120161578 3.0010883505052263764 3.8919304057826353826 0.12315133776312377212 0.11233827860110046082 0.10204144600574256707 2.55901e-09 4.94547e-06
79835728.952772080898 6969 2.2199264713915907166 0.20601807132277152879 0.20113195194692493062 3.4054542386006430021 0.72756806720280620127 1.6477747150675572385 1.4392227982490350957 1.2349854063779597269 2.41679e-08 1.04535e-05
79835728.952772080898 5853 3.1363964219191395877 0.19506268922754507744 0.18911396937876270852 0.80496727894642861045 2.6750740929500560483 3.6762676720677882614 3.7858094638594987913 3.9029587327352257553 2.34516e-09 4.80368e-06
79835728.952772080898 6657 2.1701652292589614923 0.11668022985123568946 0.030118146481482088728 1.4314862484629724548 5.5479431348605441343 1.9832779564293476771 1.8735500913576521587 1.7621765863101834793 9.52311e-09 7.66378e-06
79835728.952772080898 5962 2.8467857311769249051 0.13063173545726247671 0.23814403944158701876 0.13306580153267627553 0.31623491651866508789 6.0565526891925509645 6.0842587753636703241 6.1100738461332211315 2.88829e-09 5.14909e-06
79835728.952772080898 6628 3.253708205900874173 0.13698000866352361138 0.16045544406329395604 3.6040854734491083455 5.7142666723695123565 4.4736418936980602012 4.6093701576876382475 4.745623932929137645 2.5094e-09 4.9133e-06
79835728.952772080898 5290 3.2017780219041909184 0.058657074678032709858 0.16836299779996877213 5.7047801473117223381 3.9642853345629522899 3.1376238771070519284 3.1373838341947299924 3.1371369578900365482 2.68653e-09 5.02629e-06
79835728.952772080898 2992 1.7830459380061955965 0.32702913141797018692 0.081983769973825254551 4.9036975281735273313 0.55427399253497233733 2.7532090651070495468 2.6026804779303307491 2.4348482606499768366 2.26492e-08 1.02298e-05
79835728.952772080898 6827 3.0980775686195158869 0.08170434697254151668 0.1224443552572450078 4.6470622424249121707 1.62835298077084345 1.1537224204023432961 1.0801501512822320183 1.0080845831634475118 3.04652e-09 5.24145e-06
79835728.952772080898 5626 1.5068717853778226257 0.52934224278969732591 0.25528978878735203439 1.2524900873869555529 4.3687754864517698294 1.7442720865000371777 1.1673317860114595934 0.68049238346830553947 7.93289e-09 7.21097e-06
79835728.952772080898 1410 1.7418009407088157481 0.43482379842358270805 0.25671096912647572985 4.7574202609336566638 3.2549285157368106347 2.8846818506735791843 2.735649021780646617 2.5639432438975577888 1.96181e-08 9.75145e-06
79835728.952772080898 6244 3.1664469218639954562 0.10542878610057064559 0.34216653157582438416 5.825755700501504819 1.9288011067342201166 4.504280259459676472 4.60876957544455923 4.7136328743448228096 3.08558e-09 5.26376e-06
79835728.952772080898 6327 3.0127764631814821783 0.16550172928626924462 0.1681646612521885964 4.8771437597654294649 1.472600228881548956 1.7607518014687348895 1.5948641193018886497 1.4294103218548022127 2.25041e-09 4.7381e-06
79835728.952772080898 5650 1.44271896373393127 0.18825262954650079372 0.13723675709228810859 5.4517235856754480139 0.52533822032732224727 3.1403661229722965587 3.140108693177551924 3.1398293338303360223 1.14639e-08 8.15256e-06
79835728.952772080898 4112 1.9783490712061366779 0.5354258990786412431 0.66470347641760585411 1.8152503070948753372 1.9537300190536552869 1.0125104687661039549 0.59204644415534246615 0.29324648999959440632 1.99037e-08 9.79854e-06
79835728.952772080898 5511 3.2180991858166478892 0.10793045769109105292 0.12857637899731275133 3.7215676189781317085 4.0866341502854766077 3.5228632506707309169 3.5652659770236039272 3.6096374580365635509 2.90982e-09 5.16185e-06
79835728.952772080898 6186 3.2332507137296855326 0.038306047644087459769 0.2215878617265764905 5.1006252205736535288 4.759713587201617635 1.0061280989840744038 0.97408785089369642751 0.9424014837936318667 3.14704e-09 5.29848e-06
79835728.952772080898 5195 2.745265254419005263 0.10676050788313291851 0.14615248411247308558 6.1091557524074078245 1.6317026817178561515 1.7354492453022993814 1.628996499777400464 1.5224167536678785417 2.26107e-09 4.74557e-06
79835728.952772080898 6935 3.4682073779714870376 0.15106519813760371784 0.45590098554954616716 5.3598432370722717266 4.8841683217840756726 2.1429476982204507252 2.009925321337127091 1.8731928393957701928 2.603e-09 4.97365e-06
79835728.952772080898 6667 1.4202490651942418776 0.18146213000601141285 0.42165606149472062425 4.3039100989102045958 5.0775621500115049045 1.7657723259505113678 1.5835250202241988315 1.4020775902338751262 1.85586e-09 4.44323e-06
79835728.952772080898 6816 3.1384760002771074916 0.16515848207965860839 0.12138958621829168405 1.8053182691801370474 5.4308557197447298037 2.23802774988175468 2.100523170011379559 1.9580004625222302561 1.76213e-09 4.36713e-06
79835728.952772080898 5762 1.3056024678363953306 0.12217668490458449826 0.46692602243177083743 4.4752888821371659134 2.2877059982198542087 4.8419995855247952576 4.9625047801525452584 5.0808797867272588178 4.50081e-09 5.96963e-06
79835728.952772080898 6595 3.0480330622377884708 0.078793580179714009515 0.22624817438152378113 4.6603522829975876363 3.9647463269065856828 2.8084411555144681572 2.7816357445414481298 2.7538819741638671523 2.5233e-09 4.92235e-06
79835728.952772080898 5950 1.8985219663564822934 0.28713032861371301507 0.2405273353024311167 6.2476759772123289238 1.8537826401975705526 4.6216539780372674073 4.9155529309161671847 5.1967778768908612363 1.07677e-08 7.98408e-06
79835728.952772080898 5351 2.9709786811214535796 0.1338003040177335734 0.12929136751234557301 0.92535283674988011438 0.025824689048215547504 5.0784225437922305701 5.200822615470313437 5.3189775091527691231 2.44807e-09 4.87295e-06
79835728.952772080898 2768 1.5650261346805829366 0.051342640080800423796 0.04039479902823642915 6.227668045623776294 5.7621532413916254356 1.4412152312286288236 1.390448901892952005 1.3399389658047875518 1.06163e-06 3.68842e-05
79835728.952772080898 5194 2.3247498004682158879 0.29242077646069891683 0.13307810493160154852 0.23609131468255739605 3.5830465187483482303 3.7837130349005581031 3.9864052982585467255 4.2050912242377505024 4.75382e-09 6.07945e-06
79835728.952772080898 6928 3.2063689556107983769 0.24442001719995484765 0.2627860088208323619 5.1314743376393074925 0.7611528322390782586 4.0309567955205292122 4.2393018208056787444 4.4568761877446991804 2.08658e-09 4.62021e-06
79835728.952772080898 5914 3.1780557049773654477 0.055104670567959819494 0.076655418668611544075 5.3238180526245315605 2.95757130516065736 0.84101641598795251475 0.80066193872779389817 0.76110686330584886861 2.63408e-09 4.99337e-06
79835728.952772080898 5072 3.1309555107479969394 0.092938955397561737182 0.1902206658558919794 2.0420666335937172065 5.5540281374470152898 4.933934430089957246 5.0238175278319907591 5.1122858227730221259 2.73643e-09 5.05722e-06
79835728.952772080898 6154 3.167061253389191755 0.13815465981164762321 0.2540218549174513285 0.48151423246201874306 1.662284483638734045 4.8213041918485366466 4.9580549918410099508 5.092061635984395096 2.04677e-09 4.59064e-06
79835728.952772080898 5312 2.976175664927643183 0.083018790508573470088 0.11100780399131165987 2.1527413574878111469 2.7956570346080553691 3.0373205722840310727 3.0282914237823193027 3.0189054044891574513 2.46345e-09 4.88312e-06
79835728.952772080898 6126 3.0209891346320558725 0.2377611824092579762 0.21512877154240700461 0.032898472373742458641 5.7669875095380742636 2.1972380755685136933 1.987721972530659631 1.7703278354301759112 3.04059e-09 5.23805e-06
79835728.952772080898 6952 3.2733976309906873681 0.14646493416412442734 0.12061644125638305847 5.2015644593930687734 4.4562612974953612621 0.39089615220050455413 0.33837618419550907767 0.28975630079579794973 2.57429e-09 4.95529e-06
79835728.952772080898 6073 3.2089955647690642238 0.073055776947440781433 0.27840716957939676268 4.9927701415033425292 0.2419504662266908912 4.47599207837077806 4.5476948138241981567 4.6197620396723158009 2.87152e-09 5.1391e-06
79835728.952772080898 5578 2.8812938181183209707 0.041174796718551537333 0.16132273859033438579 2.5328680069337163872 3.4243539718946731654 4.753459143341705051 4.7945761015328542953 4.8356119143401947724 3.04211e-09 5.23892e-06
79835728.952772080898 5231 3.1594715777303234994 0.11382852058021344921 0.24922438117642445321 3.1341860893048760772 5.803566862857413966 4.7434776734620811567 4.8572968685951085632 4.969932376483837011 1.89135e-09 4.47137e-06
79835728.952772080898 6029 1.6546175416655848345 0.21909026894065439239 0.58897733968956567097 6.0293786904648873914 3.4100496382430960374 2.2015129248448914723 2.0104491300930766862 1.812194456706105683 1.2969e-08 8.49478e-06
79835728.952772080898 6290 2.1238702017879727002 0.64758675793812647825 0.2676369919075416437 0.32490117259201911626 3.6889975652530484496 2.553620458127420445 1.98234788991779598 1.3888338157371147297 4.66797e-09 6.04263e-06
79835728.952772080898 5211 3.1520644620246685008 0.091656350488859242298 0.27919637672853381272 1.3978956831137840933 0.94823318228634101423 3.0846014424726906356 3.0791182599209068194 3.0733958091957274128 2.07199e-09 4.60942e-06
79835728.952772080898 5717 3.1469571817671497804 0.11279365795379800441 0.21883882663664236401 4.8304014304254199175 0.30699708438924350196 6.174542860956417023 6.1861586426809500594 6.197085471728964734 2.31886e-09 4.78566e-06
79835728.952772080898 5643 3.3120683450475492116 0.13355636767351028449 0.077789234530247372557 5.7065944531572494469 4.2616492213818162327 1.0257587262317449106 0.91500859692923253164 0.80915611653014229976 2.47115e-09 4.88821e-06
79835728.952772080898 6842 3.1946227527634807331 0.05871203618564167781 0.11513049100849816198 4.3880487240535899218 0.60709827230657598118 2.0472979329453968589 1.9943801292059633035 1.9408569602167471402 3.94698e-09 5.71398e-06
79835728.952772080898 6572 2.946988602286756187 0.099053764529686741391 0.22785519001543960704 0.13544422761718533099 5.7489963474809986366 4.65140706221523903 4.7507394716962734194 4.8497204029868372643 1.66053e-09 4.28153e-06
79835728.952772080898 5131 3.5249041170440729154 0.087436873253912278381 0.23083796943081608122 2.5785968757583437316 5.4928157495556870771 2.8956875834475277465 2.8734163083108303915 2.8502478619515514424 2.25296e-09 4.73989e-06
79835728.952772080898 5534 3.253221533202530491 0.15277000003391721927 0.071380999077027953992 2.6426613515760739581 1.540609142490589889 0.17619481673830128532 0.15115414260479362318 0.12815015584492164824 2.18919e-09 4.69474e-06
79835728.952772080898 6119 3.1542096752909163371 0.12281229160691613245 0.13670074359343423187 3.5434474291775983623 0.34189766323519787949 4.6097630851519850737 4.7330163962885105633 4.8558025611032444857 2.96829e-09 5.19619e-06
79835728.952772080898 5257 3.232994434620961588 0.12780881472645058694 0.19898791833643342253 2.1459779371246900936 4.2696520765612362425 2.6550301624712089321 2.5914350308576676873 2.5246138218889995208 2.20895e-09 4.70882e-06
79835728.952772080898 5240 1.6515173641063383148 0.34169920392697000766 0.42921491956738033746 4.3744258617114155641 0.12680695647322817732 2.8241684643215672068 2.6922987289620419205 2.5438886359747128196 1.54708e-09 4.18172e-06
79835728.952772080898 2850 1.7959487323079657006 0.071333197956635896464 0.43711721242703022172 1.0968550624573727426 3.5991174095091915675 6.1608210103270222291 6.1692405042540965354 6.1773509745457602094 2.86233e-09 5.13362e-06
79835728.952772080898 5957 3.2453526979638591676 0.075761097703461829922 0.07247226478953427975 3.0918680605040811393 5.9237361788468048118 4.4668818296716317207 4.5411276655066084018 4.6157804231073971124 3.45473e-09 5.46581e-06
79835728.952772080898 6103 3.2747311271746748496 0.060312428034999719662 0.1359487477876231698 2.4850903449036105819 3.2396132229144796177 2.4722980573088886302 2.4339407539443609352 2.3947345837506150978 3.07621e-09 5.25842e-06
79835728.952772080898 6335 3.106737646305395284 0.080199432511267793044 0.23733039157386884299 4.9492261726546562528 4.5624200596169561805 3.8253321490690948004 3.8776943228672942077 3.9315405427080469813 2.80706e-09 5.10036e-06
79835728.952772080898 5252 3.1150406594571315999 0.13349276777796412197 0.19665602571706669588 5.4603720325323257256 4.7113893487937890114 1.2890611302570609276 1.1627801160487956089 1.0402457996707092924 2.42859e-09 4.85999e-06
79835728.952772080898 5034 2.8581559391973265782 0.22545474897026590577 0.16834711951280448283 1.2120832253877786844 3.0795474999802978644 1.4814458125810772149 1.2572011106886704646 1.0427416397177720064 2.20492e-09 4.70595e-06
79835728.952772080898 6874 3.2842360751462287283 0.084685325487925053323 0.30401485482988843678 5.8482579749049392603 1.3352269455941616627 5.2088891827752252794 5.2819732044611447108 5.3532888569171790394 2.61974e-09 4.98428e-06
79835728.952772080898 5053 3.0574974015641260827 0.15550883955367048039 0.2497233103397024645 1.4104710968432683238 5.4768026753086731517 2.8332230053196507669 2.7819228478307356234 2.7271891501404117442 1.90259e-09 4.48021e-06
79835728.952772080898 3953 1.1299478619316360994 0.23794139729342089762 0.26686547370013308234 3.9846555444001037216 0.16314485483023019596 3.672473338056445602 3.8086859668972778969 3.955901509326747334 1.87457e-09 4.45811e-06
79835728.952772080898 6204 1.6720922214453741717 0.16751234443988610723 0.25260696414373862151 0.44150566358881071505 1.736419461483623472 1.6416621056334788076 1.4727727663713483519 1.3060645588322969957 2.26769e-09 4.75019e-06
79835728.952772080898 4189 1.1074998765844936699 0.057949214219709603568 0.027722737278009966511 5.7647062869268772545 5.3250450409616618686 5.4422973316419636092 5.4846931968360044252 5.526202492439272973 2.51666e-06 4.91804e-05
79835728.952772080898 5324 2.0735888222786647006 0.14442404814694656534 0.17921219675593522136 0.034382247786879850671 3.2456924375253817239 2.0174893524130186329 1.8825159383101335298 1.7450520345864126703 4.64884e-09 6.03437e-06
79835728.952772080898 5185 3.531204778584945192 0.031133728301156404772 0.20360577566708865094 3.4287221666336833437 5.5293051736360894211 5.3262472263871414313 5.351475467286381793 5.3764646731382761402 2.64564e-09 5.00066e-06
79835728.952772080898 5451 3.2976269274795906306 0.075954789914445791643 0.070947609542702252949 1.2569888372542767918 1.4578680774466972192 1.232760099529256248 1.1619235747571010631 1.0922297707153227897 2.58702e-09 4.96345e-06
79835728.952772080898 6192 3.2316719476277833145 0.18778542742706633151 0.26156856734091277206 3.6586318080343676051 1.6682938405071290333 1.2918838259647384969 1.1148290490728953728 0.94622862107865224335 2.79503e-09 5.09306e-06
