57757700.205338813365 0 5.400098235244064071 0.055801378657097132352 0.012210804716330587311 0.68531649273485761853 1.1522923217730971501 2.7590535384359360371 2.737654380271736354 2.7157220555768994963 0.000954966 0.000356051
57757700.205338813365 1 8.9757244217081169069 0.0040493278553124815652 0.060741737278629845398 0.55421918349674303972 1.9087838686725522308 5.3655237197415077688 5.3687356848044229807 5.3719436710629953069 0.000285285 0.000238018
57757700.205338813365 5775 3.032759391049115294 0.13890635414451188434 0.13225097414867623136 5.510684902519618511 4.2636299911538300123 1.4006714563046962496 1.2649189739852997327 1.1324602190748491726 3.02463e-09 5.22886e-06
57757700.205338813365 6920 2.3861864569845545603 0.12135167501951489577 0.21391217331778256128 0.95285371094670778813 4.8424967039152573278 1.9941716442812433829 1.8803971961632313104 1.7648151559187843507 4.48089e-09 5.96081e-06
57757700.205338813365 5134 3.5385284376816703578 0.070374535582445413295 0.34049800445627081968 0.12965753052469392026 1.1785106423202276194 3.9632374205626699215 4.0160904145183238256 4.0700832692836197424 2.31886e-09 4.78566e-06
57757700.205338813365 5278 3.1886609387128106441 0.040380539673266435674 0.31306206150054644022 4.985858961530460931 2.2562371171360187105 5.7673120386636682611 5.7868949627812247272 5.8061228318361948197 3.13887e-09 5.29389e-06
57757700.205338813365 5196 3.5600491155986104808 0.17434111931710674637 0.18781196608425126948 4.432129462918641849 3.1465044137611095643 4.8850656904388500834 5.0551547138311185847 5.2193541878835683079 3.02458e-09 5.22884e-06
57757700.205338813365 5588 2.8163054356001944178 0.2635559397108837576 0.17350286897352598658 6.2351568037501623465 2.3497641875302939241 2.8724200549646452529 2.790518777952649021 2.6998802090585964919 2.40685e-09 4.84544e-06
57757700.205338813365 5846 2.8031535774732376787 0.083070500233638822074 0.14703888324660513431 4.3932879443287946586 5.4037622715488398129 4.4110907280518407703 4.4915064935924968736 4.5725587532075468999 2.37403e-09 4.82332e-06
57757700.205338813365 6960 2.9492663207625535726 0.10927311309293966102 0.11905653268645720322 3.5992238940154077653 0.47266943399677574522 2.609702491148785608 2.5513778394114394743 2.4905630348224665482 2.28045e-09 4.75909e-06
57757700.205338813365 5548 3.1664582674990273681 0.084293852445554831587 0.30567469805578018072 5.1164856504057505404 3.960680616370488849 3.0250619614815263958 3.0148142250122864638 3.004156187186756366 2.11518e-09 4.64123e-06
57757700.205338813365 6443 3.1984709626845346797 0.26308640378099978907 0.2612677188658288352 0.5836044657391129542 1.7525973010049646916 3.6899106180708991509 3.8471884341370494731 4.0177966699493383729 1.88164e-09 4.46371e-06
57757700.205338813365 5990 3.0981609490191726053 0.040982810237137914933 0.1636974755375106283 0.12078242619327449192 0.68185552139972782637 1.5875572494176934946 1.5465546307333259968 1.5055838618820904795 2.30118e-09 4.77347e-06
57757700.205338813365 6883 2.270813831762027668 0.23446281827810189213 0.24541548419166739348 0.6834470271635822991 5.4054063311954587689 2.8605242386270242072 2.7860984551615266547 2.7044928022957042124 1.23696e-08 8.36184e-06
57757700.205338813365 5098 3.1754957456099903723 0.040403977436515622901 0.10096306659826222163 5.7725152054729429452 1.2420309973987384566 1.5586766973201988673 1.5182745792026377529 1.4779263168288414576 1.90652e-09 4.4833e-06
57757700.205338813365 5929 3.2684062532118982602 0.16966814019386233792 0.18846915416671475296 0.85926420205156905929 1.7272976636465002809 2.5346369184604129465 2.4298938688011801901 2.3190800224611005653 3.18574e-09 5.32011e-06
57757700.205338813365 5467 2.9538156416955922978 0.18380396660999484548 0.15317579470802969444 0.59201525731720328061 1.851174878162698878 3.7575581591953723937 3.8732996864138109494 3.9961065973153506725 2.43648e-09 4.86524e-06
57757700.205338813365 6282 2.8349020426982853849 0.021606710119607464016 0.01017087166587730615 5.943843057896399884 0.17075761302167119515 5.6702284062218595295 5.6825508916656781722 5.6947622688505958877 2.68214e-09 5.02355e-06
57757700.205338813365 5694 3.1084523153885914581 0.091851604695678948365 0.31388004009240355607 3.7960725864591124967 5.2200682164624483406 4.7799673137983011983 4.8714549823375961068 4.9621470207458395763 1.21025e-09 3.85309e-06
57757700.205338813365 6392 2.9744833773270733523 0.22848590799535606344 0.18859494719115535433 3.5901711233328064132 3.6237874843162529714 4.4137764874700460282 4.6418869401237996541 4.8698052343820927845 2.75286e-09 5.06732e-06
57757700.205338813365 6484 3.1149100907239515301 0.078565173481698794 0.23183078959505537542 1.4023435305972580256 4.3575366675855233822 5.2062761990666102108 5.2742649230944058658 5.3407512625728914557 1.88476e-09 4.46618e-06
57757700.205338813365 923 1.6205407667329598809 0.1157508821618161432 0.1751277692556929555 3.5841071706105034345 4.0554923216424754173 2.9890033324683917826 2.9702757439922256033 2.9505425187818903332 2.53731e-09 4.93145e-06
57757700.205338813365 6739 3.1471794163818822554 0.047245798852335048335 0.21570339258870260823 5.3477304803510943287 3.7610740999628498038 5.003468181837819273 5.0484391763105902484 5.0930422585774497435 1.84353e-09 4.43337e-06
57757700.205338813365 5885 3.4950532071492421693 0.01363326564564549398 0.27150804892906355015 4.4434899220961092681 0.20912535277646074339 3.0580851444849583842 3.0569401563203006944 3.0557874442205155141 2.25928e-09 4.74432e-06
57757700.205338813365 5642 2.9112654765926171407 0.26992481212247793065 0.13093714929532229707 3.7560935507230737151 4.0165088464546929714 2.8592958880799987931 2.7710823418034364884 2.6733449527965973402 2.80041e-09 5.09633e-06
57757700.205338813365 6764 3.2704320360687022529 0.037735720283820946286 0.27577689247852948951 2.1149289650934366414 0.060138373344142494192 0.45981265023306955309 0.44333932959162791754 0.42715227733530902743 2.4069e-09 4.84547e-06
57757700.205338813365 6362 3.0044091634662342116 0.028927207186883588386 0.26328042936386231165 4.9100032874801398108 1.4608656240458059994 2.7444176981526671177 2.7330746842624780157 2.7215833601883345771 2.92709e-09 5.17204e-06
57757700.205338813365 6775 1.8103830605677591059 0.27941796217501579935 0.32271929618411693275 0.078955651155466669011 1.6712355286179054747 5.4905478226773150041 5.6746040499336478646 5.8343484205659557063 6.39874e-09 6.71246e-06
57757700.205338813365 6055 3.2328940022186838377 0.072205315931287095133 0.055159684247609280794 2.4074756142698658934 0.62206311629459076773 5.1617386421120476925 5.2258323689891676977 5.2887274125600063357 3.0525e-09 5.24488e-06
57757700.205338813365 6498 3.2020184303195322606 0.014196614298394206674 0.13434461696278335308 1.8853616050740702459 3.6048020466897585656 3.9764782485139629209 3.9870518752552688291 3.9976748586463362045 2.50157e-09 4.90818e-06
57757700.205338813365 6313 3.2542831448741393885 0.099337000402539635258 0.34420010267100442647 1.2990595371585935691 0.31622424663929749045 4.1849486872088448308 4.2731531445930883706 4.3630607676534198802 2.33149e-09 4.79433e-06
57757700.205338813365 6300 3.2340066573334684819 0.041447303044476489775 0.2144498709128736802 3.3543331858784934951 3.3017140802025854995 4.4167598606248983373 4.4566619385963015532 4.4967613607150100918 3.26125e-09 5.36181e-06
57757700.205338813365 5323 2.8363683609094505478 0.17692086080255622904 0.13077691467550062177 2.8888195916963370635 5.1106969243228546063 2.0188649907278422013 1.8520709499801917275 1.6821026529122136139 2.25995e-09 4.74478e-06
57757700.205338813365 4755 1.8788830425894906817 0.026239286760498789497 0.039102575938779145226 2.1579777059312656995 2.1655885940960013514 0.35412725900686925495 0.3451373509132342754 0.33625991977467822869 2.45943e-07 2.26531e-05
57757700.205338813365 3800 1.7319761558979094307 0.42247541411792227661 0.21149778015083442462 5.7107395532601188393 0.71021630708080696337 3.6673838081035157188 3.9408698543093709787 4.2437223369418797247 1.79108e-08 9.45995e-06
57757700.205338813365 6104 3.3505085475754508018 0.02278371993380651217 0.15735351264372682278 1.116420846845761039 5.1105707578144219383 0.43127314042489495183 0.42184532729853718713 0.41251665379340607398 1.75259e-09 4.35923e-06
57757700.205338813365 6197 1.9550848161561960037 0.14715616135965614575 0.42682442701889516945 1.286434130932088804 4.0370057524563751628 5.5282789086180255111 5.6244074449603953525 5.7144892237815279046 8.02678e-09 7.23931e-06
57757700.205338813365 6815 2.0066608547066988599 0.29756118553922478176 0.17493496319235182779 4.2300961525909563932 5.7922083256310106236 2.0972874328929158594 1.8141647342663222986 1.5253721452462445374 3.57143e-09 5.52668e-06
57757700.205338813365 6425 2.3772300659757292784 0.3280274356488679377 0.4360215940079716912 4.6483701317403820497 4.829888340539632452 0.66614229644765698968 0.48259498023205360528 0.33036422030798068272 5.02719e-09 6.19382e-06
57757700.205338813365 5489 3.2138540514115123692 0.032915254460199681874 0.31729850865773745472 3.5457261414932976784 0.1110360269227188279 5.3077580447850882805 5.3347663354969654392 5.3615098096105242576 1.80848e-09 4.40509e-06
57757700.205338813365 6756 3.2112542735364115742 0.12261519028891218475 0.30457012585098214297 5.5456477071130034773 2.2782649974006661253 1.3665858564118653629 1.2476895515661239333 1.1314192619650593752 2.22448e-09 4.71983e-06
57757700.205338813365 5116 2.7207775479309264099 0.21016420988678585768 0.048143679160094675351 5.6452519123869713269 1.3610962016334913205 5.4704956381552127809 5.6140719059904506949 5.7444348334918897692 2.56354e-09 4.94838e-06
57757700.205338813365 6951 2.9863582756114781525 0.082000118816741879302 0.060021524358432672142 1.9704798756181400865 5.9686506902559095522 0.82347625360899434632 0.76487954462540930223 0.70809855421984257973 2.54062e-09 4.9336e-06
57757700.205338813365 5559 2.1636981592747988046 0.40465065187310239603 0.18390286187955021124 4.8779314843194470086 5.0387762756151630583 3.2292866365854364652 3.2761756678804458964 3.3304705219468444533 5.44342e-09 6.36025e-06
57757700.205338813365 5923 3.0098477498149311948 0.06263872506745565838 0.16213361049815774861 1.29359676977797311 0.6969773976170275942 4.3173460390088322924 4.3759071559896458581 4.4350332325687347179 2.22479e-09 4.72005e-06
57757700.205338813365 5234 3.017916262460076382 0.24361098908577266675 0.094732197466396467211 5.0683451672884380912 3.1702051215016608943 3.2879365392995394402 3.3290257419298092678 3.3744196185978845293 2.35138e-09 4.80793e-06
57757700.205338813365 6863 3.1566206659296112136 0.18053241244107823271 0.066318177913781362065 1.7794081691472187767 0.29605291670029060258 4.2976706480640061159 4.4701809891802035679 4.6454437981085074938 2.72515e-09 5.05026e-06
57757700.205338813365 5146 2.77691323689741143 0.15193445457879917182 0.10174759390089645195 2.143987457999593893 5.6802249429038660367 1.9778416912120753146 1.8333805686688058323 1.6866540635189226638 2.55901e-09 4.94547e-06
57757700.205338813365 5492 1.8279474947265872409 0.23845618897358761279 0.48588987134454891814 0.48505868446424710294 4.0704702205881932997 3.2738973009238145906 3.3101594609996696228 3.3501651706977653156 4.51271e-09 5.97488e-06
57757700.205338813365 5047 1.576330122840479131 0.054540129390437210033 0.28829587940160905646 0.80281900258985539054 1.9746009456801882909 5.8667810623048888274 5.8883191776609606904 5.9092999267938592922 1.0218e-08 7.84583e-06
57757700.205338813365 6657 2.3584222694132601639 0.15064118321940322964 0.39834794170853976558 0.40310778575368211296 3.6638773162366917724 4.4843994580130956962 4.6342742833580947703 4.7844561010708392956 9.52311e-09 7.66378e-06
57757700.205338813365 1444 1.8630914477920395012 0.36772233913957036444 0.8507094615369360513 0.13812036938642482942 4.9904627352149129038 3.5095373582051041517 3.675862009114921225 3.8631107666334787432 1.72307e-08 9.33865e-06
57757700.205338813365 6628 3.2428346760118804681 0.16879408154430070033 0.20183977089859714282 0.13761858686255606932 1.8013273997959948769 0.64062649213759215172 0.54556477111080436959 0.45797736032567093467 2.5094e-09 4.9133e-06
57757700.205338813365 519 1.7044748733778771754 0.13839435724214493861 0.1811691405582175618 0.94135347110100253687 0.12103038490107762004 2.0974702267514828691 1.9730589576395500817 1.8457115802254155934 3.92741e-08 1.229e-05
57757700.205338813365 2992 1.700844080926493973 0.19899931104942078508 0.032653118954625949544 1.111170895603128983 5.9626423574632365643 0.72886125774435295277 0.60448213559178420873 0.49138365211277262867 2.26492e-08 1.02298e-05
57757700.205338813365 6827 3.093954736529141325 0.13950814025290844689 0.1575614518781573159 3.2615672790173180218 5.1295325126326964948 3.3782149886288110885 3.4134788360582155597 3.4509435809558617336 3.04652e-09 5.24145e-06
57757700.205338813365 5626 1.4927984888645968731 0.21511002515290958415 0.2830827666942618559 0.77378640163423018095 4.0212726917269367988 2.4401601288512204668 2.2872654520493007624 2.1250446917084571119 7.93289e-09 7.21097e-06
57757700.205338813365 753 1.6572716117503270006 0.37988113222524305668 0.10597364069351583593 3.740042094705403386 1.9836080923431946843 3.4567828480009943348 3.6071028087666134887 3.7776233692440444045 1.27811e-08 8.45356e-06
57757700.205338813365 6244 3.1680129695401393342 0.15560004830280144139 0.32806096344214974447 2.4869909673126673333 6.096083423142970581 3.6554655821401311755 3.7380026180166199268 3.8253994084791953512 3.08558e-09 5.26376e-06
57757700.205338813365 5020 1.7755652327440683003 0.66907492935281875912 0.28421189675355751358 4.6331315927852489978 4.2497260690099309954 1.8718364806877838546 1.0874259103116985514 0.49500455413054122999 4.40916e-09 5.92883e-06
57757700.205338813365 6390 3.0720693751246299641 0.14621946342759920001 0.096424880472990193159 3.1430037953573233267 5.4601626007631578474 3.7328942301255492175 3.8201141191649123918 3.9118876934670328005 5.26519e-09 6.29006e-06
57757700.205338813365 6914 1.7946238349067822337 0.19096878467602176888 0.31533675726191146005 3.30727830497798303 0.54693565657609111152 3.133327111723816838 3.1315641135497678249 3.1296490075475098536 4.41745e-09 5.93254e-06
57757700.205338813365 5481 2.0958269382784542323 0.30672359134000737324 0.44644829896748278175 4.1994108011871862374 5.5166856732646314398 4.4519810411579481269 4.7658861772882623598 5.0721709594945441069 2.0621e-09 4.60207e-06
57757700.205338813365 6702 2.0982341304845317786 0.17225080003226603265 0.17228260832312677908 2.4745326583301614498 3.5839488625019879642 3.8695470281044861416 3.9928577015221407009 4.1224100627380071415 3.70623e-09 5.59535e-06
57757700.205338813365 5195 2.7453413926135996626 0.085673139188159400104 0.090172010324904475209 4.487936390876393844 3.9640487772334198624 1.5547926184142446537 1.4690840879173163724 1.3838537273760596058 2.26107e-09 4.74557e-06
57757700.205338813365 6935 3.4644776373045491624 0.14195224359497529698 0.4487705784874920778 1.3995647719258541564 0.68407931770280305805 2.4949481712994621141 2.4038582675739563754 2.3083793292692416088 2.603e-09 4.97365e-06
57757700.205338813365 6667 1.6145317427751491035 0.41720007575927464671 0.27774528394761260897 1.5723200250487927576 1.0245962660674274858 2.9097908073190206224 2.7824071207895615387 2.6357563464791931018 1.85586e-09 4.44323e-06
57757700.205338813365 6816 3.1210491443612395912 0.079895766585722269304 0.15975120305930431974 0.3559069573575237011 3.6887491379044869966 4.9219990346662969571 4.9995859357750420671 5.0762093033353083982 1.76213e-09 4.36713e-06
57757700.205338813365 5762 1.394396768923853891 0.1616950684164437102 0.49763318186142174726 1.0431992382875117098 4.7583742950651330972 4.2346882935007137405 4.3845704825839604268 4.5376548023032823309 4.50081e-09 5.96963e-06
57757700.205338813365 6595 3.0504666057952376512 0.024461633294786871984 0.2273033426731533857 6.1937929177289063887 2.9728345910314568634 3.1738193750153618211 3.1746174319914288731 3.1754251251751055563 2.5233e-09 4.92235e-06
57757700.205338813365 5950 1.3213714695794469556 0.11575285959983765138 0.25905945317057876842 3.887425145621803857 1.8911294157525959658 2.916949318954267234 2.8895265618093763926 2.8606571860876770508 1.07677e-08 7.98408e-06
57757700.205338813365 5351 2.9607900750548665769 0.090388847464689239808 0.1097101497256518926 3.9682787773387908636 0.91187038825866006952 3.8712718041490905563 3.9337404331918679468 3.9980849398166431463 2.44807e-09 4.87295e-06
57757700.205338813365 2768 1.5943682963635974481 0.021818957798875552451 0.051601866928316343641 0.2829868871041987255 5.0665867756530582611 1.3561636263797194335 1.3348930075201090872 1.3136783560198102006 1.06163e-06 3.68842e-05
57757700.205338813365 5194 2.3899505618260210582 0.19406021302952536356 0.10393049424640203593 4.1318356295503706477 2.690867047296193082 5.7259062240764482254 5.8214990492586782267 5.9079448110964456475 4.75382e-09 6.07945e-06
57757700.205338813365 6928 3.2155956584077216576 0.22531256822089976155 0.23756087534025963071 2.6433716831588096596 4.6926463376130325145 1.2807401142120509174 1.0697270352362273638 0.87211227292480153483 2.08658e-09 4.62021e-06
57757700.205338813365 5888 1.0291285998165220494 0.29472310264108547706 0.38253410578870861158 3.2063889204794993049 4.3034303306279308998 5.9709647181443106234 6.0518941839933182436 6.1194548742231562599 2.79797e-09 5.09485e-06
57757700.205338813365 5072 3.1055781443680428033 0.13906848355786247118 0.23165293389829363924 2.0884707899184817848 5.7935882062556611771 4.6049612976455529534 4.7447239944173382753 4.8837197825651337268 2.73643e-09 5.05722e-06
57757700.205338813365 6639 1.1347438214061997819 0.15255907763998960425 0.36267353496600324148 0.15170333906163330218 2.4388133935355771342 5.1444717311840291174 5.279282817224332014 5.4079775507062857187 2.07227e-09 4.60963e-06
57757700.205338813365 5312 3.0085512962206952814 0.13438128750237463005 0.15937040022965454078 1.4700173487123009419 0.80326492085110301478 3.6505278210824809726 3.7203944406175963877 3.7939038649493728173 2.46345e-09 4.88312e-06
57757700.205338813365 6126 3.0270477323947662107 0.19300692130150207126 0.18315092889203568594 1.1679761182137757825 3.1403229830246486287 2.619908820317488729 2.5139546753541477386 2.4006143451518484611 3.04059e-09 5.23805e-06
57757700.205338813365 6734 2.1358610102159039101 0.10087516259775886063 0.36209236814380851843 1.5121199130881060047 0.96731213889207978696 4.6181695611846746985 4.7192492236075826995 4.8201220124739361239 1.24231e-08 8.37387e-06
57757700.205338813365 6073 3.2397815128725997447 0.041246590035798891272 0.25263007762547295965 5.4460321225092798159 4.1893948984379871803 1.6563710473914958765 1.6151910887111082804 1.5739851383466165746 2.87152e-09 5.1391e-06
57757700.205338813365 6692 1.9410309849052207465 0.12814277666983500681 0.29503245697396990321 1.3549397283518034296 2.2886432972399726182 1.0225757878242438537 0.91642175284302895832 0.81474958882729775489 1.32225e-08 8.54977e-06
57757700.205338813365 6028 1.1282623429883751331 0.32300003000955229693 0.20730586834626288373 0.75991516227117084092 0.87816789404009876208 3.9411807164886707433 4.2086934153430384242 4.491578400103389157 2.1303e-09 4.65226e-06
57757700.205338813365 5030 1.2000373897517107036 0.41633084400944397885 0.40620785194306119337 1.0891802744151348747 0.15134227629493757217 1.131529991814713032 0.77415782593028137359 0.48309503746838267091 2.14686e-09 4.66428e-06
57757700.205338813365 6521 2.9502653136484791041 0.077857088705216639934 0.16614420031404622535 4.353729084656303705 5.3812572493427879294 1.3122235941280413485 1.2376190956962085377 1.1640435231858723419 2.953e-09 5.18726e-06
57757700.205338813365 5160 3.0520670649323737855 0.15630056180210957772 0.18815415371452673399 2.5679232638984035297 5.3136293056090604381 1.6461505075543563237 1.4887218721405657273 1.332947452069542571 2.48083e-09 4.89458e-06
57757700.205338813365 5717 3.1561335102873191438 0.17968819652018860888 0.21177366863959065646 2.5131829292609375592 4.8340764809083189846 1.2323161542038321148 1.0668013332085051204 0.90945551997518092602 2.31886e-09 4.78566e-06
57757700.205338813365 6832 1.4975276489703612803 0.42227579653662994374 0.24032661441329875029 1.4607285455181846512 1.0508126762146245969 3.4778078756832413454 3.6620739195960019252 3.8720707155577809289 7.86044e-09 7.18895e-06
57757700.205338813365 6842 3.1910137008663581604 0.11023351593413684146 0.15428053632443983201 3.890151609382460407 4.4947762252726759513 3.9603653123854751783 4.0442359297230137116 4.1307656304646753753 3.94698e-09 5.71398e-06
57757700.205338813365 5372 1.9258892873308730564 0.14378719711663975889 0.19535802648223141165 5.3600595636883969775 5.0341450047391580469 3.9110597954200438942 4.0170293094288842539 4.1274324730784064386 1.39548e-08 8.70479e-06
57757700.205338813365 5131 3.5365349930061658057 0.057657608862755713175 0.2528086622373473813 3.0152872814663873591 0.52958175428964870957 5.1746040442595511166 5.2255872673403098716 5.2758173489809463419 2.25296e-09 4.73989e-06
57757700.205338813365 6291 1.5274709720602137608 0.31960626535938180259 0.30707317543723777753 1.0522416895411699223 4.9732670848496507432 6.0921660676880682317 6.1458207122307682013 6.18958536106850854 4.97801e-09 6.17355e-06
57757700.205338813365 6119 3.116281586662143166 0.050815317873329483855 0.16429876100912457759 5.4276069286474744047 3.5436608309535890804 0.81226449296277780654 0.7759948557411359138 0.74040246177580804066 2.96829e-09 5.19619e-06
57757700.205338813365 5525 1.9643384787473132658 0.36158328539773781918 0.37898388427810475454 2.2290313133485750718 4.0068490049764893257 3.4841227669153234103 3.6364202124984874587 3.8081288474320751369 2.22151e-09 4.71773e-06
57757700.205338813365 5240 1.5842699498065826447 0.24865564150378455244 0.34919462445561272324 2.7638514456025151667 1.4657069191646001638 2.4155852461659090835 2.2309037012544470358 2.0344840470501952545 1.54708e-09 4.18172e-06
57757700.205338813365 6997 2.8998721468783661415 0.091762169952653682703 0.18293006095537159283 0.75581194149388220005 1.7826859645621044859 5.2753803942063086652 5.351245273782844869 5.4249099479484650388 2.77488e-09 5.0808e-06
57757700.205338813365 5667 1.7340504334906174932 0.24269889422260959577 0.71410316246256888562 2.4455689288871473863 5.9294444217587543022 3.0220277197937250868 2.9885468472411687024 2.9515476338369408538 3.20823e-09 5.3326e-06
57757700.205338813365 6103 3.3075539491913401591 0.025647991318517408821 0.13148084207964896852 5.3688390015506790576 5.2573072830634028918 4.3374334896722199773 4.3614149901153114186 4.3854994359788488367 3.07621e-09 5.25842e-06
57757700.205338813365 6333 1.612263756190370545 0.24379030874513296645 0.38489557228257259558 3.4776921866633854208 3.7255397511084922257 4.1395347237772703863 4.3615841234481287358 4.5905267308252151182 1.94245e-09 4.51128e-06
57757700.205338813365 5252 3.1515390318932046121 0.23475870921402855473 0.17672811716741856913 1.1364842793247131869 0.87323961149995121822 0.99219463101888094592 0.80558931027476410325 0.63627217937961255689 2.42859e-09 4.85999e-06
57757700.205338813365 5316 3.3334548455043022663 0.13966780668977821223 0.17261326349895877996 5.3489383300758275297 0.42047805571905128019 3.602344539713453031 3.6689110084044114224 3.7391943325622438721 2.96988e-09 5.19713e-06
57757700.205338813365 6874 3.3018400289723039975 0.10584977416886647006 0.25291221565003796368 4.4905284078586404917 3.7257430615843727395 2.2019583451660471596 2.1135475937290078008 2.0229093941136149226 2.61974e-09 4.98428e-06
57757700.205338813365 5053 3.0342237012157449172 0.24259369817420889381 0.25442685850181018248 3.9987140009775550276 3.7389699122406523379 1.4704309174613030553 1.2295560080790468582 1.000950187291375526 1.90259e-09 4.48021e-06
57757700.205338813365 3953 0.94706062525244205652 0.19156249222383564534 0.56282474696765649735 4.9420287324033029819 1.5492122279340170277 5.0205470580394546687 5.1990676261561432625 5.3683880089587168172 1.87457e-09 4.45811e-06
57757700.205338813365 6204 1.4749638785185765766 0.11389620128464515714 0.34462452047381880726 1.8174145216096351252 2.4752114702441483374 0.92712673164543890625 0.83881146974986653397 0.75408986078313799961 2.26769e-09 4.75019e-06
57757700.205338813365 4189 1.1088418653851201956 0.034975660148452387965 0.059381811406229723094 0.6129944734219652247 0.75814832081570171507 1.2056562810304283229 1.1731821577299852422 1.1409350377370115481 2.43199e-06 4.86225e-05
57757700.205338813365 5324 2.0322293601860086376 0.12141861974278155001 0.28080711995477763976 6.1733903932083524779 3.1601333200143120195 3.0845168585387887639 3.0771145470599021721 3.0692911278732193381 4.64884e-09 6.03437e-06
57757700.205338813365 5185 3.5490779466344331006 0.05970345716036933037 0.24973115170911508454 0.82162447770709934325 0.96491450306252990465 5.789823100588143312 5.8173959125744190146 5.8442104211855934182 2.64564e-09 5.00066e-06
57757700.205338813365 5451 3.2778755592891428705 0.095717832711726541506 0.062082229465059916851 1.1769917618661833725 6.0735680394924669301 2.1031853802003688259 2.0185131569720073941 1.9322294791940903824 2.58702e-09 4.96345e-06
57757700.205338813365 6192 3.2051693415499569184 0.16944398913517313976 0.31221285884012578427 3.9719762720734652639 1.0043203321990701316 5.3787106327033074038 5.5059860292008240279 5.624814657487702263 2.79503e-09 5.09306e-06
57757700.205338813365 5992 1.7522187736582912621 0.15773170846393178013 0.16017755116211204736 5.5914438998695050742 0.8222199179496927357 5.5006162574250510033 5.606472209743954771 5.7052491410492960355 8.41385e-09 7.35386e-06
57757700.205338813365 5853 3.134425787636578864 0.12507859888773389945 0.17912256235602933008 2.7959274967069136508 2.5724742227367425329 5.9486239571212440325 5.987542755849364795 6.0239849790645774164 2.34516e-09 4.80368e-06
57757700.205338813365 5360 2.0023677325316686648 0.55540394244792889999 0.23539998619987193007 5.4134191215285998311 3.9193423575437797979 5.0089690508230653165 5.5296584411538356463 5.9096741962410614946 3.7029e-08 1.20512e-05
57757700.205338813365 6233 3.1687166255269612058 0.16394163505879663645 0.20816179615517668711 1.8537765588734151923 0.40536162593972524526 1.8581255257682687265 1.6963966201438982484 1.5337464112076055756 2.38928e-09 4.83362e-06
57757700.205338813365 5650 1.7515165877435927566 0.12000178379698017705 0.33472742338054495281 2.6744377218559103326 4.1670192421434046892 3.0300486934762345115 3.0157894117882482199 3.0007325878457060675 1.14639e-08 8.15256e-06
57757700.205338813365 6255 3.2260181927829356674 0.14197237800989964684 0.20544855468585226932 0.90231277996212866377 0.19384087846715256087 0.85018751322305541329 0.74787601452056395868 0.65132299571948049088 2.45838e-09 4.87977e-06
57757700.205338813365 6952 3.2330882796361515297 0.15319712228110746177 0.11850622070512042971 5.333994550276454305 1.6513126962421047494 1.5914676851278297676 1.4374533045270014853 1.2856161155585779099 2.57429e-09 4.95529e-06
57757700.205338813365 6140 1.9007475426980231514 0.37649936393669203305 0.3638360900695426503 0.89581616943983499723 3.9417559639220232093 2.6136483485920258829 2.3778408576087342041 2.1174403333868769828 1.67728e-09 4.29587e-06
57757700.205338813365 6956 3.4919798710052920576 0.13373927912033825582 0.4079555901392963313 4.3073774623248590743 5.3249747971876262298 4.2563834222362491033 4.380515722241757004 4.5069573394248187981 2.20649e-09 4.70707e-06
57757700.205338813365 2850 1.6616431774044742031 0.087244685915157993428 0.35046318303656393001 3.2807557939037108596 1.0679169806065831327 1.5586057154176986561 1.4713029068058891546 1.3844896797816981238 2.86233e-09 5.13362e-06
57757700.205338813365 1284 2.412470189505528495 0.28707394667057112292 0.35974666859308351841 6.2800669893417646605 1.308629026417467367 3.5364584904874947213 3.6667378516982847003 3.8106591145023349654 3.64405e-09 5.56389e-06
57757700.205338813365 6722 1.5081924697283219938 0.086580856390115756849 0.51296647942059048209 0.95582553322139363061 5.3992245744804501228 5.9086525856649556587 5.9391530880037777251 5.9683555783194703892 1.78527e-09 4.38616e-06
57757700.205338813365 6089 1.6235403362072828859 0.27740579516254793013 0.27401007161031371018 4.5724276370570429151 3.2397740141766280253 2.1947040788924687682 1.9456581460876789524 1.687515901784844452 5.81535e-09 6.50193e-06
57757700.205338813365 5211 3.1749157509539345234 0.1135239632320662051 0.26711802686447516653 1.6261194161206733444 0.19127229838482309732 1.1200129463216617065 1.0200630577747187289 0.92332463166250344777 2.07199e-09 4.60942e-06
57757700.205338813365 6295 3.2481253021491394151 0.037631932801530494637 0.2452190065413953346 1.7669018501015492095 0.46010615233791596346 0.70974061208542493784 0.68555605463861646331 0.66173114502882524057 2.30061e-09 4.77307e-06
57757700.205338813365 6211 1.8834853179018353764 0.42353760371292398235 0.37329804578611414101 4.3831015395964731951 4.3682797101525592254 3.5116334814059189107 3.7136870406358419849 3.9429878132919622402 2.33777e-09 4.79863e-06
57757700.205338813365 6969 2.1763942126676054656 0.0123154595836263165 0.13684071889977425518 5.0322417142349271657 3.3241011159875681891 3.4196046552223200443 3.4230048247719864207 3.426424982424735699 2.41679e-08 1.04535e-05
57757700.205338813365 5578 2.8846413000257515868 0.085689833243288784925 0.23068406856448417375 2.6249906633862019056 4.3787703953720775729 1.328010127714304156 1.2455779916625004944 1.1643799348589456422 3.04211e-09 5.23892e-06
57757700.205338813365 5640 1.635856948378768605 0.412042985857197952 0.38491349973913618898 1.134113740798140757 6.163239265050956206 2.1800869810304335239 1.7820531010975657615 1.3791705908881775056 5.24602e-09 6.28242e-06
57757700.205338813365 6886 2.7132773950683377606 0.45469740266566599507 0.63551111498741208461 5.4378101130041960332 1.7641557648535477476 3.3375210515435917991 3.4599158494586226276 3.60222451318267467 2.88448e-09 5.14682e-06
57757700.205338813365 5290 3.1905953509846263216 0.10081027664642926156 0.13545976026241496326 4.1939305839279814592 3.950730072137134119 0.32132040751280710467 0.29086401168148828811 0.26195363528555248855 2.68653e-09 5.02629e-06
57757700.205338813365 5080 3.1896843327318378236 0.2305981616149993807 0.25872015687790678173 1.4069993101920317269 0.56709759962805439404 4.2700583384442332147 4.4915249167497375282 4.7165215079107651874 2.57476e-09 4.95559e-06
57757700.205338813365 1410 1.840781100703166473 0.097009636133191842755 0.32972691120657038333 1.995646888346233272 6.2391965527347190701 3.5803006239575019265 3.6234998290568500856 3.6684608841117842815 1.96181e-08 9.75145e-06
57757700.205338813365 6186 3.2523876962989923811 0.056291711433500403461 0.19439796969991768316 5.0014336206191263301 3.131567999581645001 2.1191612372218506799 2.0703782234757994729 2.0209663198207086232 3.14704e-09 5.29848e-06
57757700.205338813365 6417 1.9856944161632674728 0.098485717318321119862 0.94236976911176162375 5.4624035495527882844 3.432341644337348896 5.7826401771449011946 5.8280445503458961909 5.8713377633040417791 1.63097e-09 4.25597e-06
57757700.205338813365 6572 2.9886162522297543553 0.10399031478276578311 0.16513877516497521558 4.5478443225269682415 1.2738651585389757503 2.5378719489752992189 2.4760402243495271968 2.4118268544539858134 1.66053e-09 4.28153e-06
57757700.205338813365 6029 1.5539424992952610705 0.34036766925816808183 0.53410426309791680932 5.3197018585637056987 2.0562512238681085464 2.8751411908580450927 2.7640574159237334406 2.6385875433271661628 1.2969e-08 8.49478e-06
57757700.205338813365 5063 3.4704689050912480575 0.1028499185765916063 0.4360169753935145831 6.2106424184951682932 5.9474897844211662701 0.1177743925653537832 0.10624752169155621262 0.09534052047354235615 2.23728e-09 4.72886e-06
57757700.205338813365 5643 3.2960247111403391251 0.11359885817868467517 0.067458269279156879428 0.75511249049442641379 1.1686390609531636109 4.7302045853891350191 4.8439159875463912996 4.9565336680189071572 2.47115e-09 4.88821e-06
57757700.205338813365 6335 3.1068217473913373183 0.089373836444831974979 0.24149185696724850825 4.5588300414391467186 2.6383659953181033408 3.2240794688793550371 3.2318026430100981194 3.2398541251915564665 2.80706e-09 5.10036e-06
57757700.205338813365 6290 1.955568229100139277 0.34092107781681685319 0.26820027272746327363 2.5751544417726655034 3.0257027452196649797 3.5278231280995937524 3.6856256554005248915 3.862083317116181469 4.66797e-09 6.04263e-06
57757700.205338813365 5878 3.2246786490726697672 0.094762238533975751142 0.064494254712364904036 2.6208361822572849853 4.9273247817287835204 2.0283119132950027108 1.9413332206155140547 1.8530022050346026674 1.44428e-09 4.08696e-06
57757700.205338813365 5257 3.2210258683155497117 0.15188115149608921728 0.21429623769798394894 5.184928479200908491 1.4560132371734229029 0.73763815078616135068 0.64046939333262542515 0.54970948901399896425 2.20895e-09 4.70882e-06
57757700.205338813365 6327 2.9914796576882070056 0.1224971802312444652 0.1531124137046770417 6.0557287029029049918 5.9370895938294729888 3.6842582108970653998 3.7512611526086478975 3.8214025130481661385 2.25041e-09 4.7381e-06
57757700.205338813365 5405 3.1761728993125188936 0.035454568943620326515 0.10790205759645427053 6.1942281876004026131 1.0636957020699016052 3.6077947142164839001 3.6239926789477396873 3.6404402893901868232 2.93677e-09 5.17774e-06
57757700.205338813365 5231 3.1473291241407821417 0.13908310439793589164 0.26060443908173064331 3.8244247892350067275 4.5085066963055959732 3.6993767926740481755 3.7779760276254430451 3.8606318177684753046 1.89135e-09 4.47137e-06
57757700.205338813365 6129 1.1409884956875242512 0.17431819267740056301 0.6770133471577419737 3.9669814631777251535 0.66936010900342324259 3.3148822198433878228 3.3480362315378306981 3.3837680266462326628 7.14833e-09 6.96495e-06
57757700.205338813365 5034 2.8704954685351200538 0.22307910665458155486 0.15250180136689983623 4.8415938202282085001 4.7513480490029325054 2.8576040909408431112 2.7866333447328592854 2.7091017079780956855 2.20492e-09 4.70595e-06
57757700.205338813365 5534 3.233700830028342299 0.10656902393609611612 0.10896504601793335909 4.8480920470663555477 1.577368518998461866 0.031624784574427446115 0.028416840901789294782 0.025388893461695639236 2.18919e-09 4.69474e-06
57757700.205338813365 4112 2.0785225895851136002 0.33337676430678675477 0.70311581580198900809 4.1316470968672955877 4.1016258499220139555 3.0103624631047014581 2.9562615604051956097 2.8948295683165530257 1.99037e-08 9.79854e-06
57757700.205338813365 5288 3.0317205028892995067 0.22622308665162754737 0.27208432653392222722 4.5053463912551157122 0.85115627086457545936 3.9776761675714937816 4.1613773412647603323 4.3541183512500927222 2.94866e-09 5.18471e-06
57757700.205338813365 5938 2.3627512884877792665 0.42491188873753582556 0.56003649116355724846 3.390294318604054169 3.8262746921949104539 1.4837152013722907373 1.0545254507583945447 0.68499399884531875227 1.88863e-09 4.46923e-06
57757700.205338813365 5446 1.1255208847638802361 0.083218502738209118585 0.28654754680686778112 0.93681788635761309436 3.806488049409014085 3.3795653216837568955 3.400045651195556573 3.4213150719618155016 5.46354e-08 1.37196e-05
57757700.205338813365 5914 3.1975951907066968438 0.070936922553457709695 0.082858305819939928605 4.7103467497502826689 4.722661512895426128 0.59423159036436767888 0.55560736862118587087 0.51819102159928265294 2.63408e-09 4.99337e-06
57757700.205338813365 6154 3.1627544620462737512 0.16812599098958300181 0.24727560845617330143 4.3231072770097380698 3.6933280108000166031 3.4735927886197557335 3.5335676462619476368 3.5977941892892255638 2.04677e-09 4.59064e-06
57757700.205338813365 5511 3.2089627745515763024 0.11191116200029693761 0.18947473972195250091 0.13044099061443245602 0.42638833121516145352 0.13512031478257888195 0.1207943854446045101 0.10730899617607460306 2.90982e-09 5.16185e-06
57757700.205338813365 5957 3.242950255539967408 0.048899247727586990508 0.11362939498555205131 5.8130104165671454552 0.81841048748645384148 1.049882367564888952 1.0079601296368396746 0.96660382771061137408 3.45473e-09 5.46581e-06
57757700.205338813365 5962 2.9041332352999909006 0.12311846698551671964 0.18253650304475554922 0.22901052249489664558 3.6580054477562446991 4.6752332808902377081 4.7988630245729559931 4.9215214531436686229 2.88829e-09 5.14909e-06
