37453798.767967142165 0 5.3977624854480907857 0.042083377592961997149 0.021347012176618478801 0.032914940659019932545 6.059546064701303969 0.062492642841741316562 0.059917395325007123674 0.057397377435246366151 0.000954966 0.000356051
37453798.767967142165 1 8.9973627979272183808 0.072180086360243644883 0.054658360055047906789 1.1751239161461168869 6.0561528143174125915 2.0799663850565712764 2.0157506013784614041 1.950598664957645223 0.000285285 0.000238018
37453798.767967142165 6992 2.3510678733650185457 0.2361956478309120977 0.49390706793343241987 1.943823693881364667 0.36182322749889805902 3.4578931319884689266 3.5419417902702958756 3.633996657195320612 1.98059e-09 4.54062e-06
37453798.767967142165 6617 2.7873820014132633105 0.32047319191752698941 0.080473374974745645605 4.994124347310640033 0.11640114380421735796 1.3893216630274123347 1.077464595492038324 0.79520463807565222591 3.93262e-09 5.70704e-06
37453798.767967142165 6751 1.0969325770238962381 0.3443892446299438026 0.18695372234644053178 1.2157580929911993017 5.0335583379069870347 4.656170698615791359 5.0106804161805209574 5.3398614351157078772 2.66624e-09 5.0136e-06
37453798.767967142165 5931 2.7624091161200721167 0.60445377596513272245 0.68661974733409836258 4.2989121626402564402 1.7009355849596006216 3.4158379599172361551 3.6837365766499328146 3.9956188098264604491 2.66585e-09 5.01336e-06
37453798.767967142165 5740 1.6384996191528646836 0.046400347173853079275 0.10646779522670468676 0.73954912390179938786 5.3548942914079669109 4.0387041102817455851 4.0755158235062509675 4.1128198081170523892 3.09097e-09 5.26682e-06
37453798.767967142165 5588 2.7250990772335312862 0.17377155544453573577 0.14390509417725627639 3.3918788099479630915 4.6559782361565202891 2.1448156086855418856 1.9907428382058043326 1.8320701629655586906 2.40685e-09 4.84544e-06
37453798.767967142165 5846 2.8021419439827375264 0.096932399278080519367 0.1486946804065989447 4.6366166674540565396 2.8796388234142344942 3.1766285084291139285 3.180205603674214565 3.1839475195662356732 2.37403e-09 4.82332e-06
37453798.767967142165 6171 1.7810507889541358217 0.10818496415746281514 0.145009187130944045 0.19914119448895228892 3.0890236414445335633 6.0432640028075805816 6.0677553209739762963 6.090881749751858365 2.39216e-09 4.83556e-06
37453798.767967142165 5921 1.5825073369838724702 0.308802098895719912 0.26721966291304899421 2.1331623110981201563 1.2097065745848076812 6.0240808083488230906 6.094392351442783351 6.152346302110601961 2.32801e-09 4.79194e-06
37453798.767967142165 6443 3.1959605584559218627 0.18785376039217285826 0.30498730940739859907 0.22684633003306636789 0.15077539300140105349 6.1651166382395290455 6.1855223578183977651 6.2038395592697659353 1.88164e-09 4.46371e-06
37453798.767967142165 5990 3.1110219391263509436 0.05854289403536558356 0.16922126059384190455 4.2173514068301320989 3.0197117395709414112 5.4324656743042405438 5.4756718011437879312 5.5179731695596512253 2.30118e-09 4.77347e-06
37453798.767967142165 6883 2.3835614162596132637 0.20438798891614989861 0.41682351064376765848 5.8289907965454972327 2.8275027244837387386 5.5627118211404482651 5.6890092482468048729 5.803431003241536601 1.23696e-08 8.36184e-06
37453798.767967142165 6035 2.0607674164844436149 0.30884052884731927335 0.08849142320921488114 2.045609463153070795 1.7552571546190585128 2.9876779042620955629 2.9301605575164653139 2.8653471853546093051 1.91047e-08 9.66563e-06
37453798.767967142165 6793 1.3354374176594265844 0.31020071824909178915 0.49952879398658189825 0.2771799748047967249 0.15159920494848910799 2.4227134835350097042 2.1859083711074118739 1.9325647157232219708 2.0508e-09 4.59365e-06
37453798.767967142165 5467 2.9792846857086345835 0.12130453491049730808 0.140553095089368002 1.0283338809121274071 0.56237016687220797717 5.4858515843040169813 5.5693637547760204143 5.6487851240276061304 2.43648e-09 4.86524e-06
37453798.767967142165 2413 1.8631764199309224228 0.43807814551520590785 0.54256483623050788534 4.4912588927490117996 3.8110932068325538147 3.1536374217474363313 3.1608609598307100264 3.1693014613924979095 6.11801e-08 1.42469e-05
37453798.767967142165 5694 3.1138903406103839444 0.12339113708632927502 0.29184958513800646207 1.5232341767751560457 4.0018125501127244092 4.1062774062648159656 4.2117030211591774957 4.3199483266892331201 1.21025e-09 3.85309e-06
37453798.767967142165 6392 3.0017624536063776119 0.22553111529265207347 0.18389665311733402464 4.0345272040216961784 0.52807208673441441427 2.160839947558362617 1.9588012679851323217 1.7500348464616595212 2.75286e-09 5.06732e-06
37453798.767967142165 6484 3.1282808939129003178 0.15669171578958807078 0.21748441046941818788 2.0235685386485036119 3.9128909748752516151 0.38597732705133686038 0.33067579775000743858 0.27980077301356320874 1.88476e-09 4.46618e-06
37453798.767967142165 923 1.8138530975491000685 0.34236304128284444914 0.3192958876901023646 1.1510324744799764751 5.1776486056022079651 5.6543942635118957796 5.8355988859663892043 5.9837705184491971622 2.53731e-09 4.93145e-06
37453798.767967142165 6739 3.1785178896669750159 0.091188502487626485471 0.20460463390134889239 1.6668455926241900755 4.8132572695263089457 1.5896231786000420971 1.4982454958527884337 1.4072968790678612727 1.84353e-09 4.43337e-06
37453798.767967142165 5448 1.8712499869091694382 0.55360411844825740957 0.16732164791834056028 4.8447844395381469695 2.9828334127985915991 2.9201986985742078851 2.7326680349840324347 2.5125423914987790042 2.56033e-09 4.94632e-06
37453798.767967142165 6655 1.7688134306254990058 0.19837668404218644636 0.18675296147968692417 2.8908456894447343011 6.1265698524342386833 6.1258590851137944 6.1544237920157831567 6.1798965503210201433 6.32791e-09 6.6876e-06
37453798.767967142165 6764 3.263815889598114417 0.013126882831309055755 0.29031119640716912533 4.530147284858220047 0.28653047093916933497 3.1355246440473774072 3.1354444607630242992 3.1353637546646173639 2.4069e-09 4.84547e-06
37453798.767967142165 6362 3.0291361733071964224 0.14612400327653665699 0.24277306465599932106 4.8248689342593085172 0.76275593363191640517 1.7396370266932115189 1.5932655378898066267 1.4471784195415360319 2.92709e-09 5.17204e-06
37453798.767967142165 6809 1.7080090792548805467 0.1205865270407564388 0.33610179239609477841 2.5871445596654556454 1.3140939754900164971 0.44425193075619118233 0.3949410538464601661 0.34854493162474059487 1.72631e-09 4.33733e-06
37453798.767967142165 5328 1.5184954109593880034 0.52484536682586946377 0.48044341328643591638 1.2088978392752678381 1.5703429979844394371 0.28571992530866646698 0.16024446546518206214 0.076500377629247773292 2.1043e-09 4.63325e-06
37453798.767967142165 6498 3.2235729519331806081 0.044400358544285110918 0.096282874719750916048 3.8067682736130143972 0.28774691596315105091 3.6760577981616249232 3.6991255522750492446 3.7226175297551731269 2.50157e-09 4.90818e-06
37453798.767967142165 6313 3.2567860827108217059 0.054604474071840124194 0.3522089645821483983 4.5212846038425285045 4.3691264404090244255 3.9673390496714961984 4.0082586829809301321 4.0498768403816747252 2.33149e-09 4.79433e-06
37453798.767967142165 6300 3.266357822200515848 0.055059075261051484973 0.23749873017238143369 1.5525987284155329249 2.9191934028610133645 0.88932518558900341965 0.84726749218172114908 0.80600213615418780932 3.26125e-09 5.36181e-06
37453798.767967142165 5204 1.4450582052738829564 0.25139942447123986291 0.40116778201899128131 5.5879018472899177894 3.8321952614251224567 2.0615030729388013064 1.8228532086446209703 1.5793976309647315137 5.21728e-09 6.27092e-06
37453798.767967142165 4755 2.014617567160389644 0.035059881740008888573 0.086964652774933662305 0.31593734362075276412 6.2423746083683981922 3.1444314434890254795 3.1445327785332972681 3.1446358588176073212 2.39615e-07 2.24572e-05
37453798.767967142165 3800 1.2867396288476300459 0.31467596918068735379 0.24340152910693321764 3.4100724468391789834 3.2900943703415950203 3.3198592212266322399 3.3879015432251802231 3.4646277007057491026 1.79108e-08 9.45995e-06
37453798.767967142165 5861 2.2337284810880824182 0.32649990551370883241 0.35100149475035519187 0.44177956907015730748 0.14685074001601511329 2.0237375498305207877 1.7007965402581579628 1.377051684684239774 1.95257e-09 4.51911e-06
37453798.767967142165 6719 1.7792398899998866924 0.15886189827744753855 0.23629426031396738583 3.0573498091002613286 2.8576129841257968955 3.7824843862585457721 3.8845323796752642131 3.9919954464924947146 2.09817e-09 4.62875e-06
37453798.767967142165 6815 2.1566791282258472862 0.30343727043587170877 0.34286333292817527951 5.4224178351059775238 5.7641631604341885264 2.9206067919571556679 2.8403611560082735465 2.7503323869252911393 3.57143e-09 5.52668e-06
37453798.767967142165 5480 2.0685788263440008095 0.41955813812662456908 0.56507124339700287585 4.5072667136077102512 6.1636148702577457925 0.25874300311944842257 0.1659987979165066796 0.09667206783132843706 1.6026e-09 4.23115e-06
37453798.767967142165 5093 2.0611156465744326916 0.28868537264877536241 0.3583170442577829351 1.5527386669049780821 2.7307344378716313926 3.3267894530048205404 3.3902912040766377544 3.4613490183242845433 2.98948e-09 5.20853e-06
37453798.767967142165 1517 1.9330774814031910225 0.41283569372823120114 0.50400063228084368561 4.3721566636953905771 2.2021067291848677172 5.1172182265656420697 5.4792433598602672262 5.7765250595975441428 2.17631e-09 4.68551e-06
37453798.767967142165 6526 1.7350834869265556737 0.31941299209140344706 0.30987866783905859691 1.0993365357399380589 0.11743147316838026262 2.905670955963461477 2.8145220842461919908 2.7119041839534610006 1.74858e-09 4.35591e-06
37453798.767967142165 6951 2.9961660253652007135 0.045065213281860805328 0.097364272000338036861 6.0583143948202149431 5.421247949071788419 2.6942969040412916293 2.6743910233936891707 2.6540941210186290711 2.54062e-09 4.9336e-06
37453798.767967142165 6202 2.0281230450571001711 0.43699765415493019294 0.60383208255276110688 2.5724366037327315304 3.3484831014945544148 1.7633698392460999127 1.2994499702946722408 0.87844166378722821076 4.75227e-09 6.07879e-06
37453798.767967142165 5923 3.0384763401688124063 0.057669694182070789512 0.14912258715547799248 3.3997108063340641948 1.2468452583855995641 2.2519234103358578558 2.2062626816634778315 2.1598504014193595779 2.22479e-09 4.72005e-06
37453798.767967142165 6402 2.9414456675861107016 0.21656580219147533728 0.25391126605908981295 4.8147171705416154097 0.204878784585056678 2.6167834429674661223 2.4956137728423835043 2.365245410302058815 2.16272e-09 4.67574e-06
37453798.767967142165 6863 3.1177688395125491283 0.14047159886897742087 0.068653520605083270811 4.1240287428692274929 2.6164932609544817588 5.6688241478466254719 5.7457249231594369476 5.8176402130155766557 2.72515e-09 5.05026e-06
37453798.767967142165 5146 2.7783530049314921762 0.12079062664722502174 0.081686121609950354538 1.7077907706252004605 3.1001147620361235724 4.2000472815958147521 4.3088438363133851894 4.4199319153867033805 2.55901e-09 4.94547e-06
37453798.767967142165 5492 2.0581956626979480696 0.36965562172399996088 0.23309949686257133705 3.7840977669305071451 5.1767317592691863837 3.1971415478334317406 3.2234506782854031037 3.2536761753764515959 4.51271e-09 5.97488e-06
37453798.767967142165 5047 1.7875315936273956652 0.31166016932595258515 0.22105545858712843943 2.5904009211990612904 3.9366882372923988065 3.1969055553887946175 3.2179297144690250931 3.241697835903581737 8.23744e-09 7.3021e-06
37453798.767967142165 6657 2.3764842646363977252 0.17654493903357781903 0.20293415683727519805 2.2523747026430940288 6.1338828736129435981 2.2226665429247738359 2.0734178384242163418 1.9187074958019463278 9.52311e-09 7.66378e-06
37453798.767967142165 6413 2.7265102080674470386 0.1946212134698885321 0.11707112069872259441 4.1266026633908028387 1.0511865312394210736 2.8494196878750694957 2.7869631866381867624 2.719382349663772569 2.71272e-09 5.04257e-06
37453798.767967142165 5928 1.9998286112477359211 0.35407901742857239569 0.19755643034145875525 1.4958087733905707228 0.058487886253419586746 2.7494905219907819216 2.5815972502923822951 2.3935167422518994762 1.85148e-09 4.43973e-06
37453798.767967142165 519 1.8299079568103790994 0.15503467576037396891 0.14807792733852526146 1.1414375999894583735 3.5580242426499686381 1.3187957376518137931 1.1708960568972988092 1.0280936440066545945 3.92741e-08 1.229e-05
37453798.767967142165 2992 2.0873932244195843033 0.15571153127998374477 0.068054507664738611572 1.2750216675385479537 4.1878574911916270906 0.9010161278615409497 0.78402520465197511612 0.67407179788485427352 2.26492e-08 1.02298e-05
37453798.767967142165 5788 1.4438124267765723996 0.13010057925416335101 0.15109045800982706664 1.9617136654506126536 3.8734456176917313464 3.1354424542617782556 3.1345827376523383023 3.1336707509974019992 1.43499e-08 8.78617e-06
37453798.767967142165 5626 1.1700430416969322955 0.095974573102169655203 0.19811033845757636263 2.1813863348164490574 5.0214114104916660608 2.7761577328890414407 2.7401683278595210247 2.7026681984850253748 7.93289e-09 7.21097e-06
37453798.767967142165 753 1.4574615061728541932 0.081151291243527282071 0.16599815551570143435 3.907534949190082596 2.0066831010646497546 2.7663129333550662281 2.7353507627840034644 2.7032830281893280855 1.27811e-08 8.45356e-06
37453798.767967142165 6244 3.2014931657213208105 0.020006876961407696336 0.29625476517847665336 3.0697634392958974558 0.44336388096467055364 1.312443843997754378 1.2931489332853927099 1.2739082610074194957 3.08558e-09 5.26376e-06
37453798.767967142165 5020 1.7114360822706575771 0.43497786027814183685 0.31689415784566010714 5.6323383763926022638 4.3073121330583177269 4.8745308461910052955 5.3034934103081710077 5.6646667112766424523 4.40916e-09 5.92883e-06
37453798.767967142165 6161 2.083058260617911106 0.24238083104893720643 0.23505743504275858347 2.3063297849006203499 0.24871462512364819752 0.440890399853732462 0.34647302414427705308 0.26416472668916896049 2.19638e-09 4.69987e-06
37453798.767967142165 61 1.7179165595480327955 0.24931693525269765788 0.0059536558704068815243 0.10324020177367887463 0.93981240963300505253 5.0794990062235241268 5.3046989922404481632 5.511545601012009854 2.97121e-07 2.41265e-05
37453798.767967142165 6451 1.4327562570822438559 0.088281869873527860082 0.25881345060152705084 0.12880670894110360369 1.3810356592309354085 1.7226454466034748503 1.6346766075454088885 1.5465748019108371825 2.57122e-09 4.95332e-06
37453798.767967142165 6702 1.8514482352609877847 0.091510192623051406224 0.21755042476540489838 2.6180542381794378315 1.0948962647564404183 5.0706375268355179387 5.1551090026094996688 5.237796674952082121 3.70623e-09 5.59535e-06
37453798.767967142165 5798 1.5793998501047397109 0.55842508897750831043 0.49231543939163247003 0.68075477781549809109 6.2536934395983729829 2.2038064876292047245 1.620318974840246673 1.0625785126439686312 2.01067e-09 4.56349e-06
37453798.767967142165 5437 2.1387142704688715256 0.22088916797703625483 0.21580682836969442007 5.1626213811930226072 2.5159385763540860204 5.0161235607374123902 5.2219016102795876577 5.4147339501451048349 4.54448e-09 5.98887e-06
37453798.767967142165 6270 1.9359167322532988553 0.2794761356513521533 0.14923560706665736642 6.0673960027095397152 5.4543534349459754651 3.9820113061389945663 4.2156921322383045236 4.46139675923567669 2.07589e-09 4.61231e-06
37453798.767967142165 6816 3.0834028175091541257 0.06892499583041010458 0.20022917440809903655 6.0060010073893179694 3.8767227762688771797 1.4102126329175821429 1.3424930567344992571 1.2753565398213240201 1.76213e-09 4.36713e-06
37453798.767967142165 6040 2.3947103621086980318 0.5197845351473033837 0.34545901324341549143 4.9920055824518367871 5.6256645763067609778 5.4337544650806455238 5.7853070722860868713 6.0335366414936606461 4.48499e-09 5.96262e-06
37453798.767967142165 5518 2.2366850542607727981 0.11502933333478670974 0.13481655938603387401 1.9093474422587195516 5.1350533886161739971 0.0071267858853626521801 0.0063491469963577991734 0.0056188137569704033059 1.73658e-09 4.34592e-06
37453798.767967142165 5950 1.2503652092481110092 0.2672126102665049463 0.32178649520102647896 4.86697210642707212 2.1104096579844688897 2.2342260692983391124 2.0012410977386290156 1.7584035555775228143 6.81029e-09 6.85339e-06
37453798.767967142165 6726 1.9760701541770013812 0.41080879410405463092 0.39253278069919433912 5.6997769828575703954 2.9439427018437775985 2.2495945108130039891 1.8676275671207416273 1.4747842123458798635 2.92983e-09 5.17366e-06
37453798.767967142165 2768 1.5248089429527276195 0.15593507311120916037 0.0095681301034476941986 0.33261316942146640363 5.4221655314211583132 0.090618260631734101618 0.077449228599537553452 0.065384247651196547579 7.28036e-07 3.25263e-05
37453798.767967142165 5194 1.9912908669576463438 0.24625931630182318344 0.12537768728094550452 1.3339841004490411436 0.80085090698561267608 4.6786089298433282124 4.9283311079070042382 5.1688710417788161777 4.75382e-09 6.07945e-06
37453798.767967142165 5310 3.4708483871316966329 0.065741152394665644532 0.32665291178035016362 2.2915469275867987875 0.27391236189273659996 4.3616019426539258674 4.4240929977131449036 4.487120996419004193 2.51895e-09 4.91953e-06
37453798.767967142165 5888 1.420309534212416791 0.11061697522686492201 0.45128669523641884442 1.2068324299923913756 4.2926800997067502408 6.1091525031304563242 6.1273694892539589674 6.1445357046120925304 2.79797e-09 5.09485e-06
37453798.767967142165 5964 2.0126672959378364425 0.52380225812727365664 0.60106592560149185722 1.9788735054822994552 4.0906458618851910813 2.6371069832734335137 2.2775973848525685739 1.8792755349245497953 2.1711e-09 4.68177e-06
37453798.767967142165 6639 1.285393195804444666 0.38531447911728994304 0.26548778956817542518 1.0883811871177946351 4.2901492659790427808 3.6400428988806927677 3.871534067822945957 4.1284717719071659658 2.07227e-09 4.60963e-06
37453798.767967142165 5312 3.0053206886308370116 0.073023636284935508622 0.16792633850131308271 4.0051601014832280967 3.031170800674537702 5.8707831911534844593 5.8991392444717867249 5.9264993650578370321 2.46345e-09 4.88312e-06
37453798.767967142165 5289 2.0313261971208227408 0.047176132131195758213 0.13524204644262571851 2.2905508306422261988 4.2256121233703529683 1.6052833511728792359 1.5580793550631018007 1.5109070375748570036 2.13423e-09 4.65511e-06
37453798.767967142165 6734 2.0489749293293968435 0.13059647330906173912 0.11179564442396437707 0.46249069606462478443 1.6543590519607791478 3.1706506530347589035 3.1747286203227376156 3.179055268845188742 1.24231e-08 8.37387e-06
37453798.767967142165 6073 3.2442797531879894457 0.077157055631344381719 0.24240750275809486158 1.9410010361060814343 3.3527748276814293149 4.0057623650537390603 4.0660262104778484016 4.1276191240175963415 2.87152e-09 5.1391e-06
37453798.767967142165 5364 2.6291664645337076145 0.37559438296344305197 0.10780655667786764873 5.9790865727582511724 2.2358584862835919616 1.3288082780012544504 0.97105802814091757291 0.66101111702073878096 2.91675e-09 5.16594e-06
37453798.767967142165 6028 1.8720977239691760641 0.31674305461017671082 0.17401902252098694346 4.5852615048427747269 0.671193372737958871 1.4541180457633799961 1.1398256970168341162 0.85204540739105927294 2.1303e-09 4.65226e-06
37453798.767967142165 5030 1.2498211692243308413 0.50463760027763238103 0.31239605558815519704 2.9183150281536800463 3.4825938367509330362 1.8918787373478660463 1.3440029762653185053 0.85228791772759604495 2.14686e-09 4.66428e-06
37453798.767967142165 6521 2.9666280570686351936 0.08549000848497241567 0.14391440226668716917 4.6988282121291273796 1.133925274059710997 1.9792183729007954973 1.8992987347159064893 1.8183801704943618471 2.953e-09 5.18726e-06
37453798.767967142165 2010 1.715730029225781772 0.16359452255212034166 0.044478523891871256379 5.4549378449603604935 6.2381179008726768132 4.8144661523299614458 4.9765932372516958893 5.1345111293055172297 1.54172e-08 8.99881e-06
37453798.767967142165 5717 3.169196960726036405 0.13876855099836796215 0.20147783379717004726 3.049218409806122132 1.8175140210737652513 3.4206275395290841601 3.4617873878418228273 3.5054649840024225682 2.31886e-09 4.78566e-06
37453798.767967142165 6780 2.1030341425605807437 0.37728427676789255685 0.45500789579832773279 5.3709131347267780043 5.6457800957828148114 3.2368070093418794819 3.2830652718760036102 3.3362627974523246799 3.2776e-09 5.37076e-06
37453798.767967142165 6017 1.5399994554284668347 0.50374863591430563137 0.098816038087830612713 5.5333537244870170113 0.32574961403839436391 3.7738192868696631699 4.1767745902945883074 4.6099758621617876742 1.07446e-08 7.97837e-06
37453798.767967142165 5540 1.8307950368579808398 0.35059371420436652445 0.29568744336011054674 0.51140533858308900861 5.5712457274201199198 2.7083084926347757992 2.5268943147158493545 2.3247026750119652583 2.31531e-09 4.78321e-06
37453798.767967142165 733 1.8011697384606846217 0.14026880375357805852 0.16853132425730626975 1.5564346084857212382 2.6070179427368413982 4.4305712666840237901 4.56846429792831632 4.7072828217017184116 4.51209e-08 1.28719e-05
37453798.767967142165 5469 1.3428985561934005943 0.52018008822426808901 0.22989604841908214961 0.40971423373573095938 6.2738504394921754681 3.582447955367487058 3.9005895326986474991 4.2585743485802947106 2.51139e-09 4.9146e-06
37453798.767967142165 6740 1.5990502237871448976 0.48453027661288894379 0.44330516515465540062 6.2486589300141099912 0.43161041854438747523 3.96707978337449374 4.4197723850514654131 4.8837064302526309589 1.33102e-08 8.56864e-06
37453798.767967142165 5525 1.7470979895657829939 0.36895349573901303764 0.30639530150458538227 3.0838094540756277873 3.4992305180650200569 3.8090162997331686867 4.085791672620590731 4.384654152214277012 2.22151e-09 4.71773e-06
37453798.767967142165 5178 1.7650305370441998765 0.014443825084741519771 0.31337115534907877823 2.3895815339124490961 0.64207719932411511099 2.6877976347858796302 2.6814240747492825712 2.6750095842176047078 9.33283e-09 7.61239e-06
37453798.767967142165 6997 2.9529260262772449863 0.27166639935316577725 0.22921790299852173867 0.01029996683697198892 4.8823394262839272528 3.0712574959635787764 3.0486830912278666261 3.0234789826024615067 2.77488e-09 5.0808e-06
37453798.767967142165 5667 1.9880781961172560024 0.42883063882057226301 0.23508698507996131366 4.5942121609777490931 2.7602348860055911928 4.542160460768626784 4.9959183144769356844 5.4076275055448217444 3.20823e-09 5.3326e-06
37453798.767967142165 6103 3.3048831266103362303 0.065323123782978442797 0.12966620401797718243 1.3522999272281750471 4.0497134902331328732 5.2857604828414554987 5.3397251006217469893 5.3926103129815645687 3.07621e-09 5.25842e-06
37453798.767967142165 6333 1.2406351005547937572 0.35972599186034492913 0.32518444028623133546 1.0892504958542941207 5.2572716239625929546 1.4575769697051565998 1.0992743082786666786 0.7788023524794940311 1.94245e-09 4.51128e-06
37453798.767967142165 6480 1.7414058792591349256 0.32139509408838334847 0.19247760977621372613 1.1256780039078297939 1.2382114736008802414 2.1504499988098761953 1.8490702980923612309 1.5400389505030198656 9.59462e-09 7.68292e-06
37453798.767967142165 5316 3.4923947827663583965 0.063879247367493868781 0.23042094974920418471 0.73801161960322836375 3.8092709637969610625 3.5687737503533116801 3.596058741419886573 3.6241006232648258489 2.96988e-09 5.19713e-06
37453798.767967142165 6874 3.2699114186230753276 0.058450516719621377348 0.24998771007459258398 1.3309367272748602318 6.255423119183252112 0.59434216401199979618 0.56236179962119958731 0.53119681636232085609 2.61974e-09 4.98428e-06
37453798.767967142165 6823 1.9236620246845010929 0.31550327217302071015 0.23962720927248676306 1.9864839075917553046 5.0505942771032383831 2.7760411795896478004 2.6399000385900501797 2.4881712777684672488 1.69817e-09 4.31364e-06
37453798.767967142165 3953 1.3315962481585643662 0.33134849362748564072 0.38636814650600731502 5.584904945040623403 0.032448030062158315923 4.7613291009671350196 5.0959265236107338382 5.4032014492225268754 1.87457e-09 4.45811e-06
37453798.767967142165 6204 1.6043376580838142331 0.18613714972739728304 0.22947894647049427164 3.0955668041551751557 4.4811374962864984894 3.2701172770429782766 3.2966545797912836235 3.3254018399712150789 2.26769e-09 4.75019e-06
37453798.767967142165 4189 1.1068690239796188379 0.18087982265107777069 0.037260665483107933971 0.4856885871936565402 5.5770432006827830307 1.2102488375003037646 1.0452856811204487286 0.88881235521819790257 2.40401e-06 4.84353e-05
37453798.767967142165 5324 1.9307937076576453528 0.12271755327394132107 0.32244676377061659567 3.2094208681898490632 3.0249091115913917527 3.8770084118532919248 3.9635525617555456002 4.053440901160147547 4.64884e-09 6.03437e-06
37453798.767967142165 5185 3.5224280186376466517 0.049718319966759551287 0.25582986877496438627 5.0148698920963141745 1.8651701000442910683 1.0648475058990203301 1.0218562039445133749 0.97944259762317409379 2.64564e-09 5.00066e-06
37453798.767967142165 5451 3.2580986760412464776 0.043771145698276343883 0.039569146056556106505 2.8444998479873007113 5.1865314875108579074 3.560791939821563723 3.5789798871195226404 3.5975202111628932222 2.58702e-09 4.96345e-06
37453798.767967142165 6192 3.199694195532309049 0.18406379335972780642 0.30202934644345535986 1.9704426997679791445 5.4045437959151527707 3.7357084699717448828 3.8481717948251192851 3.9676725829897545594 2.79503e-09 5.09306e-06
37453798.767967142165 6532 1.3118426269826717334 0.53359888418990475412 0.1942953276346172653 3.3477837460809123371 3.451460449511460471 4.3111449844305465007 4.8940790446365882715 5.4188947398457267823 5.62757e-09 6.43118e-06
37453798.767967142165 5853 3.1258081131427077892 0.17563671875162301106 0.19658197177932007493 0.11626269581608457415 4.898164690324842141 1.6891662583196176417 1.5120006275147968022 1.3366674036125565372 2.34516e-09 4.80368e-06
37453798.767967142165 5360 1.6084121354289417916 0.044365052961490542005 0.10412612943231427942 3.9864438213732373839 3.902187308562710566 2.0442568611565707926 2.0043541508993234501 1.964093892524154894 3.7029e-08 1.20512e-05
37453798.767967142165 6233 3.1094220408615433904 0.11793751607241262369 0.19666659976917222341 1.7441294786202079514 5.5725287786666637402 1.8947001621355907819 1.7804745955522383039 1.6651201549568828142 2.38928e-09 4.83362e-06
37453798.767967142165 5650 2.1402740508478284021 0.10441694352696108405 0.34005685590861783885 0.038856457403493714631 3.5514795507723810886 3.6057177027077629283 3.6548790399542281371 3.7061522263011128508 1.14639e-08 8.15256e-06
37453798.767967142165 6255 3.2447158521447057034 0.091544350635588786491 0.20586035644081063234 4.4210391769699795006 4.0635261007668859179 2.3500943835925776071 2.2826837749513977371 2.2133727802986493671 2.45838e-09 4.87977e-06
37453798.767967142165 5459 2.9860546544154136228 0.20986970127840789968 0.20591778002888860843 5.8819487675679695826 1.6426638920958207546 3.1335105057118060046 3.1315916063400588421 3.1294927245303849617 2.51526e-09 4.91712e-06
37453798.767967142165 5708 3.1356394968766267972 0.1926647927091631185 0.21366091955368798905 0.3229807641348071412 4.5155878735687791092 1.9957422431410596353 1.8116741573718491143 1.6245718018391386295 1.65544e-09 4.27716e-06
37453798.767967142165 6956 3.4809202396788054834 0.20362711454166690372 0.41239419144489780633 0.033176478517462242024 4.869042045749841563 5.951904357657389788 6.0128824548839627795 6.067255639931443234 2.20649e-09 4.70707e-06
37453798.767967142165 2850 1.5919858033862803737 0.26062089871638133287 0.36616740681222825771 3.6516932090567681968 3.7693466703279021601 2.2833472537257626378 2.0644981485316753478 1.8349993872332062139 2.86233e-09 5.13362e-06
37453798.767967142165 1284 2.2186065229408762356 0.24144493157036492348 0.29008181542605104841 2.4509339405518901778 4.3421061300734153932 4.4950731090383566624 4.7396466815665254657 4.9810019240380967176 3.64405e-09 5.56389e-06
37453798.767967142165 6722 1.8027354468361858064 0.21342011727732893012 0.40331776113577738618 0.24545525511608334845 1.7511914306852778278 3.9910024989422470121 4.1651299631262510559 4.3473809247688084412 1.78527e-09 4.38616e-06
37453798.767967142165 5002 1.1805652494974840927 0.071930125063633498783 0.46845148853796303445 1.6032757313339136562 0.53311942717427451832 3.6337980585851061832 3.6689461936187153235 3.7051448988046029598 2.79003e-09 5.09002e-06
37453798.767967142165 6473 1.8526783832539817087 0.31607631244434891693 0.21491104059997356845 5.1502936570411250727 2.3074015009215402827 3.305675142345680495 3.3687370093837749607 3.4399161789914027842 5.43469e-09 6.35685e-06
37453798.767967142165 5815 1.2040510179957060188 0.39597562179805712024 0.42290545442031518553 1.5634507000359028073 5.5479389041866626897 3.1022321327352004872 3.081765405266320812 3.0580894032287320172 2.67562e-09 5.01947e-06
37453798.767967142165 6211 1.736196166615624481 0.33289608926230918051 0.52079223482357273056 0.14256086036706608344 5.8686953823433336552 3.2449718435312777665 3.2875914095181650865 3.3360213430973164606 2.33777e-09 4.79863e-06
37453798.767967142165 2928 1.6502034289022191604 0.42527387632267332762 0.34431452693333486348 1.1163160441021484637 4.4485248448935550414 4.7071418250974979003 5.1468991269966490876 5.5326550079249958713 9.69793e-09 7.71039e-06
37453798.767967142165 6225 1.9359385095600112336 0.19489516738966911058 0.16293523527980327548 5.3929452739243375348 0.94274902577207619903 5.8183937979522033501 5.8994235308499369808 5.9723944770888612865 2.38341e-09 4.82966e-06
37453798.767967142165 5873 2.3384688710009653434 0.63923893027721911952 0.660900974532898422 2.9470255963455125325 3.9925308190517418971 3.0042117908769321311 2.85036238798139685 2.666817136768470764 6.23622e-09 6.65514e-06
37453798.767967142165 5741 1.8855464341218417523 0.72680716780361231955 0.39684003571566783819 0.48174865579864695198 1.2378327472266292819 3.2967425352925769921 3.5275788770841352004 3.8012021405918448025 4.83963e-09 6.11581e-06
37453798.767967142165 3400 1.2575174446467536349 0.50007218147890775128 0.22599775792460236046 2.5894201736961903748 3.5351436575157455522 3.8910920343620833961 4.337785802686981107 4.803179425466302277 2.20416e-09 4.70541e-06
37453798.767967142165 5080 3.2142396156477084368 0.14234463510737549452 0.24069104580402811422 2.4133189654345073016 0.011952653493471430968 0.12888753742334863039 0.11171681091970293853 0.095847580070270374519 2.57476e-09 4.95559e-06
37453798.767967142165 6155 2.3123229348369838121 0.45609508178824531566 0.15246055526140431247 4.298049649615134804 3.6381467731705088298 3.2062744396970863647 3.2473624540972414465 3.2955136426901185942 3.03729e-09 5.23615e-06
37453798.767967142165 6186 3.2339022448983429925 0.028485268582299591578 0.2175054409894278673 6.1690030471461447803 5.8282025438981248655 5.3371154294549461028 5.3600332196173239296 5.3827504281901346062 3.14704e-09 5.29848e-06
37453798.767967142165 6417 2.225890572829059888 0.57303971578913825979 0.59306209494013417682 0.036063191277148416714 1.8848795072934076966 2.0271963743337622077 1.3928295705571085428 0.82884063333876267787 1.63097e-09 4.25597e-06
37453798.767967142165 6237 1.1773522258413222641 0.076408980414139529569 0.30778898868263993016 6.1607111725151906256 6.1359938462291321315 3.3309672867600412793 3.3459340599591635979 3.3614391469586433203 1.89473e-09 4.47403e-06
37453798.767967142165 6029 2.0640797640719115158 0.18776727049404406955 0.091756594209970121501 4.9687292735487318396 3.8327839444871472097 4.4098916204739104785 4.5954590822606764533 4.7819441811468124115 1.2969e-08 8.49478e-06
37453798.767967142165 6023 1.6741802602908206765 0.065876078551844199915 0.50089468068526044053 2.6744627872674637814 2.7074835305128153173 1.3950234048501790607 1.3304865098906308862 1.2665034276269564462 5.48103e-09 6.37486e-06
37453798.767967142165 5643 3.3356480053694306243 0.038986910362350607473 0.059895256319596107408 3.3857293912338795039 4.4893565677169853245 4.3678084400665184717 4.4047567646204512926 4.4419133647929722741 2.47115e-09 4.88821e-06
37453798.767967142165 6335 3.1219246510915250603 0.098352569507950599048 0.21564687954993119745 3.8468862913056041108 0.75669995874817785886 3.232403853180973119 3.2418062967343788117 3.2516460769380985951 2.80706e-09 5.10036e-06
37453798.767967142165 6290 1.8718479400624639108 0.2793885374443499936 0.31768358272904856365 3.4917588794005682828 3.2968159553214961832 4.1168090240796173518 4.3719083727846879128 4.6352584101396212546 4.66797e-09 6.04263e-06
37453798.767967142165 5215 3.2307621039727765222 0.34285972452588897585 0.26168056542171658219 2.9743464402695747317 3.2266656579439318975 3.4228820374026645013 3.5409755252395318514 3.6742964795228325592 2.09099e-09 4.62347e-06
37453798.767967142165 5257 3.2131231502760426721 0.099245985005287001846 0.16085064522561159928 1.9548569946392844177 0.54038012326993167811 4.6636053831461961039 4.7631379986469113419 4.8622562089050660461 2.20895e-09 4.70882e-06
37453798.767967142165 6327 3.0081036428675371752 0.16831887861526484418 0.17478543398487039751 4.2972116239000488491 6.2809769593564555024 2.7480605881553437086 2.6775624929818104825 2.6022304148402684021 2.25041e-09 4.7381e-06
37453798.767967142165 5048 1.7813000086284678236 0.13085377438810930073 0.40332484691692233048 5.5175871002776011309 0.35143131526252968655 3.7664138736843244537 3.847570610214358755 3.9324657050834952443 1.54672e-09 4.18139e-06
37453798.767967142165 5673 1.8090275070083270403 0.16781100213377775354 0.50569888756522574091 0.23299678758981723359 5.6743773261185754819 3.4559567872334846506 3.5127679571684122806 3.5736348451093400413 2.67237e-09 5.01744e-06
37453798.767967142165 3324 1.4675619451774291058 0.38889566635830513652 0.29789806958793679792 1.4258261790708111061 6.0048662276499147339 0.63843498544409127415 0.43165284634056472202 0.2689495502088582457 2.73553e-08 1.08943e-05
37453798.767967142165 5034 2.8559678640543104677 0.24510944431824543965 0.1668239018513529015 5.8128985983007748217 5.231569131719924215 1.7504706651414709828 1.5012983219714559624 1.256780575397842048 2.20492e-09 4.70595e-06
37453798.767967142165 6957 1.6809466806553561291 0.51060118137400856142 0.059124515726062670806 3.1855060651991884413 5.7552057053169409784 3.9306783279924188967 4.4047347650294152999 4.8913614598183245974 6.68595e-09 6.81142e-06
37453798.767967142165 4112 2.0060802248595877018 0.44372513546464487089 0.75889802088948221659 6.0917981502621607603 4.3500479961363414105 3.9188219082880850763 4.3077883437527351163 4.7156869700215340302 1.99037e-08 9.79854e-06
37453798.767967142165 5344 2.0229444430961120993 0.39905851425483357398 0.34302109527602053785 2.2483836919400510546 2.2803169380919943166 2.1930041996972136076 1.8126148496114280473 1.4251673014541772488 5.14004e-09 6.23982e-06
37453798.767967142165 6577 1.6958265664131146888 0.5485951978205509949 0.25295783183751985312 4.5933419239538615386 2.8250699217002046559 2.0148665217675700845 1.4144958188968479451 0.87258803890557190552 1.63583e-09 4.2602e-06
37453798.767967142165 5446 1.5681279592432315617 0.39692438576783606319 0.18622233599266854731 3.9537226147738793181 5.2448842326250346701 3.0734781538831654757 3.0379784470924362516 2.9969249915913316329 4.99881e-08 1.3319e-05
37453798.767967142165 5914 3.1898725191146000135 0.099788326135441404729 0.094043244996816863224 2.3206043028425407115 3.6570541759072741073 4.5968526103985833942 4.6967168886874857137 4.7964929603459260932 2.63408e-09 4.99337e-06
37453798.767967142165 6154 3.1453605380920701684 0.12508566906726351076 0.25388239059833889177 0.033743008375426743195 5.3686019143636762863 5.8664560362181035202 5.9145175311450879363 5.959595034292218152 2.04677e-09 4.59064e-06
37453798.767967142165 5511 3.1554389955683341817 0.10722934222505171864 0.1768364270709091024 1.2249766938383965797 5.9351851860003428385 1.498452373427726636 1.3917110115810207294 1.2861965842772564717 2.90982e-09 5.16185e-06
37453798.767967142165 5957 3.1867547362947892253 0.054232968269429769614 0.093164225882191392669 4.2285372341212106306 0.81083701554253440058 0.62288254709446466695 0.59190614466918611836 0.56164719060778789395 3.45473e-09 5.46581e-06
37453798.767967142165 5962 2.9115482110377923775 0.12778023402794483343 0.19467200963324343688 6.2226199500948347065 3.1611216863820552625 6.0197158413118030396 6.0511792656739622487 6.0805598104979523555 2.88829e-09 5.14909e-06
37453798.767967142165 5160 3.0310955762925999579 0.098674800830768252813 0.22990111410676614123 0.13952286889994358621 6.124530695240515854 2.5118736930071619007 2.4512133846768375811 2.3883743461876165703 2.48083e-09 4.89458e-06
37453798.767967142165 6891 2.2282606701779865688 0.40815188632758242493 0.4502334920618952796 3.460704454111438011 3.7253426746614670684 0.066535489764388569545 0.04314461762914428844 0.025540523292372795117 4.39964e-09 5.92455e-06
37453798.767967142165 1399 1.3419433708520818183 0.10460155090232381436 0.27609194412790144524 1.2832469981408216597 3.9058745190497754507 2.9518487904582526582 2.9309924507172597785 2.9091258229388103906 4.64728e-09 6.03369e-06
37453798.767967142165 6752 2.2034064515632496573 0.36128001889572108896 0.39816707116990018855 3.8302900425119861261 2.2663987807175005607 2.3544815938134795452 2.0517058467396402932 1.7314041734582885645 4.12549e-09 5.79885e-06
37453798.767967142165 5597 1.5402406570077868952 0.18882294193991960851 0.45946963773907656403 0.018780445503440209437 4.7440669453315962301 0.19740694729268892793 0.16323354724672492488 0.13254800379727268989 2.41109e-09 4.84828e-06
37453798.767967142165 6928 3.1925882486970262875 0.15524637072622993195 0.23627403720026868283 4.8457358204580023298 0.97834148809735121954 1.9545304365515254741 1.8056102552268835648 1.6546242097491357104 2.08658e-09 4.62021e-06
37453798.767967142165 1123 0.75165743323440226131 0.2738417695834406973 0.0091746592033006141298 4.0913338782628088097 1.6225769260781295333 3.6072508048745204334 3.7502234404493295372 3.9067910073262206438 2.24876e-06 4.73694e-05
37453798.767967142165 5640 1.6961668473116788824 0.24955740446504795504 0.11774835528205092328 4.0784948762275847756 5.4867672799689337637 3.1792183358699293017 3.190140467775294475 3.2022511756991836052 5.24602e-09 6.28242e-06
37453798.767967142165 5842 2.4331689889673691063 0.66324056368192396693 0.38218142242240854545 3.6044497065264633484 3.9830882066055317559 2.817495905583620619 2.4446125465367645191 2.0188751047661819271 2.75394e-09 5.06798e-06
37453798.767967142165 1444 2.1119771865703302893 0.43493937552286526804 0.85964412274133905623 3.7384738462879183452 3.9423201218663521672 4.2833628966874162103 4.7355319137372937632 5.1703548187021111104 1.72307e-08 9.33865e-06
37453798.767967142165 5176 3.0809582974057514448 0.12486415952942885033 0.14092283460322840849 5.4004017492445930415 2.975373873620106302 5.4126862981061201197 5.5047523757727327975 5.5924275566477961164 2.68297e-09 5.02406e-06
37453798.767967142165 6001 1.9790955332152000423 0.33044081659455293298 0.28142646574584667674 6.1734284906919789648 0.72710627344303657704 1.6792151802061683341 1.3382304490204162128 1.0166856847462244495 1.89847e-09 4.47697e-06
37453798.767967142165 6140 1.7966016756559872736 0.26980683432635232943 0.29158269797541008783 2.148696429942212216 5.815397564262134722 4.0936733565282228398 4.3358262783370635773 4.5867288569977180401 1.67728e-09 4.29587e-06
37453798.767967142165 5534 3.2489406683358854622 0.12654073631552939516 0.13866071417449205017 5.9202361402385692557 1.9642999080012735202 3.3300526259758180814 3.3554380361015856415 3.3822924165492187498 2.18919e-09 4.69474e-06
37453798.767967142165 5929 3.231880280566560959 0.15386568929305313724 0.18216960418054473081 3.5971992174910591977 0.85386417251279478347 3.2822118188454796339 3.3057055390200549283 3.3308436845711946184 3.18574e-09 5.32011e-06
37453798.767967142165 6162 1.7986498334635023788 0.39545802602049617835 0.050627513295512224789 0.63389600548440616645 1.0525972189083565578 2.9167502838198178239 2.801848053175786557 2.6700631283624991497 1.62993e-09 4.25507e-06
37453798.767967142165 6775 1.6581873707670611306 0.067263623281235807028 0.29751044269294441014 5.3038859644792264447 2.3569698089527779672 1.891469990749953034 1.8268998028738558936 1.7618300257261929609 6.39874e-09 6.71246e-06
37453798.767967142165 5211 3.2300776320615951498 0.063478076984796988347 0.24342079718824030654 2.7329729741914352559 5.0950919111499519687 4.5085262922995115176 4.5711349867764816679 4.6339808368114274728 2.07199e-09 4.60942e-06
37453798.767967142165 6920 2.3042811349704552804 0.01247163699193279407 0.19636519341302685615 1.6219851235153581737 6.2687721382504353329 0.1395726604519219316 0.13784818930649109237 0.13613443627696422689 4.48089e-09 5.96081e-06
37453798.767967142165 1810 2.0148592306369446092 0.3166148574036848351 0.45235707902685207138 4.5474343077465801954 3.6419055932329102987 0.43079842839620113848 0.31268638286554895078 0.21529062957004857504 7.36354e-09 7.03416e-06
37453798.767967142165 5072 3.1023052062193605671 0.10540518070049868793 0.2298437602823960868 4.4222090018912076914 1.3593987645094538497 3.4701412667480480145 3.5060393786286985218 3.5436092014844424725 2.73643e-09 5.05722e-06
37453798.767967142165 5231 3.1623963442888700648 0.038745483342820914718 0.28095185742114886507 6.2586931331898405517 3.1313617012688279573 0.74849147585660602555 0.72248472944747488267 0.69686425268942686628 1.89135e-09 4.47137e-06
37453798.767967142165 4786 1.3736854479604085899 0.27756403377106403374 0.23080427181627574673 4.6489617804998175643 1.8808499568071450625 3.562449477689277888 3.6950872540649180031 3.8409924699929725023 8.41208e-09 7.35334e-06
37453798.767967142165 6756 3.2161179044061576349 0.076863640228877233573 0.31027911867350033148 4.3320198490915071687 1.6770843320200545801 1.9529713440358758003 1.8805388646325502666 1.8073330052136433732 2.22448e-09 4.71983e-06
37453798.767967142165 5323 2.7972161812751306087 0.082900576996366256988 0.15588229237325976206 5.37309601597485198 4.1102928757495327261 1.7726286487440481299 1.690633945885022138 1.6083279267084302777 2.25995e-09 4.74478e-06
37453798.767967142165 5372 1.5956037281183310661 0.25909367432183655344 0.18906321326019823181 2.5395636794824629767 4.0104682916443383789 0.45433601583115929001 0.35099483560125360748 0.26191009816653176845 1.39548e-08 8.70479e-06
37453798.767967142165 5855 2.0790270954502783063 0.4083488322000126125 0.36470379176208367333 1.2900664008966737928 0.56037801545264365188 1.1562570300854364547 0.80021176274945404749 0.50722000095849772983 1.88487e-08 9.62226e-06
37453798.767967142165 6156 2.366081886906524101 0.40590450372728842376 0.72935004038863338049 1.5225985537899207056 0.67960001913717926758 1.1781988826843430296 0.81961231849402749194 0.52294431109398453739 2.69058e-09 5.02881e-06
37453798.767967142165 1410 1.9124008990808281094 0.063138172158074004625 0.19151964852664643546 5.368210734757922431 1.0030363899999790167 3.9493519573108968324 3.9960414243040287552 4.0436608067026442725 1.96181e-08 9.75145e-06
37453798.767967142165 5256 1.7829887876728578444 0.28521702132522119832 0.17640753023824615187 2.6334959176294248095 1.9209845562402341201 5.6087408765767063912 5.7716884937646852904 5.911297387057532049 4.61883e-09 6.02135e-06
37453798.767967142165 6653 1.8569585907338579389 0.43274767725105717231 0.37454739397108499643 4.596122564330402227 0.14965791528756922091 4.2063360526849979948 4.6465622795758712016 5.0783727140540380063 2.19009e-09 4.69538e-06
37453798.767967142165 6914 2.0744522371835096841 0.10420657997528073868 0.036869639433484938107 3.1177774852552282425 3.6820014562714691309 3.7803688319049681965 3.8453723490213183034 3.9128048384562315043 4.41745e-09 5.93254e-06
37453798.767967142165 5578 2.9070366770630107212 0.043292601824615507822 0.17633738759843364807 2.3305155640562986719 3.9319594974364591167 6.1424590815980524283 6.148406696176831332 6.1542239634785440572 3.04211e-09 5.23892e-06
37453798.767967142165 5196 3.5731246272521519636 0.1262625165926402615 0.18767066686821221033 3.5118008978241435081 5.8048140875711702336 3.2602321491424670619 3.276244268100600987 3.2931943906508660547 3.02458e-09 5.22884e-06
37453798.767967142165 6832 1.6431060506931707277 0.11636871518168147299 0.26303183069387969795 0.26826086968503737307 0.96369597521803285201 0.32463947932769099403 0.28935162010399212429 0.25614803464311131087 7.86044e-09 7.18895e-06
37453798.767967142165 4502 1.3456545033906941455 0.18669527117337356148 0.26325536525104747954 2.0003108736801578083 3.6685309483756554094 4.6409216932492567409 4.8295030296677072812 5.0149194353396264745 4.58456e-09 6.00643e-06
37453798.767967142165 6425 2.3030177530375670614 0.21733416015019837997 0.40853659487027738084 2.4889341579054757858 3.3208143318485054962 3.3982620728363133189 3.4607289764924735742 3.5289168325863080611 5.02719e-09 6.19382e-06
37453798.767967142165 6089 1.8427239549969394172 0.34209741109508162715 0.27729638304526166293 3.4265013964208659303 1.3873955731590359441 1.3615081627440881462 1.0316858054596886873 0.73810955659304666732 5.81535e-09 6.50193e-06
37453798.767967142165 6572 3.0270109346900166969 0.19885579686651072562 0.18136361349625990114 0.28736155196863061301 4.9393035046497066887 3.2723649902136178191 3.3014517316893168264 3.3331054151012184938 1.66053e-09 4.28153e-06
37453798.767967142165 6842 3.1680253912437366104 0.050436214841515197849 0.096170165189436676578 2.3425234940100509995 1.6365322940825710596 2.7318760081945927531 2.7112963574293691416 2.6902573893642216518 3.94698e-09 5.71398e-06
37453798.767967142165 5291 1.9394834904953026644 0.56846054153232739026 0.56625109632793391157 0.68904726337871913255 5.070546804113153172 1.6989943513884215864 1.075667452737371077 0.575474768297920658 2.6037e-09 4.97409e-06
37453798.767967142165 5063 3.4715201459585660615 0.1639684904447648861 0.39642081255662131589 2.3455515567193723214 4.8401133561073219624 5.8870365191921552039 5.9462129480308556495 6.000426054248007901 2.23728e-09 4.72886e-06
37453798.767967142165 5818 1.7114276703044732919 0.65824526482521128479 0.17849477477541300652 2.8733850776752372091 5.052335692851864124 2.8284742614269715588 2.4723300347240400043 2.0639495098383142668 6.74885e-09 6.83272e-06
37453798.767967142165 6055 3.2152580733975124616 0.10791378313230964858 0.06308959268525689279 0.54798451636505318696 5.3470647869846432698 6.0109167425556897513 6.0385779882266890084 6.0647120465945869583 3.0525e-09 5.24488e-06
37453798.767967142165 6197 1.9889739729796298562 0.23022438624345498148 0.26330855595604119035 1.6633947804432775985 4.4251313799632345791 1.3649150553631996807 1.1427250195056872784 0.93327422298890994057 8.02678e-09 7.23931e-06
37453798.767967142165 5642 2.882656723803571186 0.19585115991730336904 0.12965582220879265374 5.0968241942108996057 5.3079952694577929861 4.3610432827449185922 4.552681150012905853 4.7460398667797152328 2.80041e-09 5.09633e-06
37453798.767967142165 6291 1.4378416235499575926 0.30109274316780421099 0.32105724292675641429 5.2418952889753400726 0.74336958625002746981 3.7783795864271798592 3.9868331964871903672 4.2120899351629539353 4.97801e-09 6.17355e-06
37453798.767967142165 6390 3.2425454195966811888 0.10064715722688888366 0.29368728549281342133 4.0290080481003114343 1.2151548849430442445 4.0678839257952112973 4.1510192720817595813 4.2362197826161338554 2.74624e-09 5.06325e-06
37453798.767967142165 6126 3.01829635568863619 0.25954639378161437069 0.19095017135593775337 1.4351181529987393493 3.374085512861510594 0.52063774982830823834 0.40291566670325751343 0.30114695726057011393 3.04059e-09 5.23805e-06
37453798.767967142165 6104 3.3543057908043745208 0.050715132837005398592 0.12947890365227635034 2.5519680533880788609 3.6211462248793466756 1.9288244688612186106 1.8808773930330298096 1.8325809238728418826 1.75259e-09 4.35923e-06
37453798.767967142165 6732 1.2520319757959907925 0.347431023599825195 0.13817417018373137627 3.4606022762936676784 3.2262960684542703049 2.8113811451910044603 2.6715856716294532625 2.5142367632082729401 3.70815e-09 5.59632e-06
37453798.767967142165 6286 1.9729054798705845108 0.30693473086939693228 0.91043394643314090597 0.14893627409749785051 5.3770414694480752615 3.4922030219738715573 3.6187847908057553248 3.7597558606727923269 2.66284e-09 5.01147e-06
37453798.767967142165 5405 3.1760734311290721443 0.067035058150519286069 0.12318154042596037023 4.256270545179287268 1.5836718903866109365 1.6076310281667571811 1.5405082509164946813 1.4735039383086625531 2.93677e-09 5.17774e-06
37453798.767967142165 5098 3.2306380448201803546 0.035810879987908113276 0.10254704418738801175 4.1736119389692216686 4.4986502880305172525 2.8951248629113033317 2.886230483701210936 2.8771848040102327992 1.90652e-09 4.4833e-06
37453798.767967142165 6952 3.2200859254267526488 0.13882360017921330231 0.13468387074584914354 0.59538062651842960094 6.1203443789251883445 0.32342681092823916122 0.28184772861923201859 0.24323658945217144223 2.57429e-09 4.95529e-06
37453798.767967142165 6667 1.9162019072313407619 0.2501996926544302613 0.1435909053796869117 5.062410145746722101 5.4163386040265271149 1.3354796653320677446 1.0965041868581291151 0.87392247942636058777 1.85586e-09 4.44323e-06
37453798.767967142165 6282 2.8135558327568590542 0.14407315516051064086 0.10654995992266896865 0.33405895069836200051 5.629178207897484576 2.658546573484987352 2.5866980939723687172 2.5107926214902653861 2.68214e-09 5.02355e-06
37453798.767967142165 5240 2.0143232850335444084 0.088506941351995466194 0.24431075132919807813 4.7297071259556657807 4.2439939888841724525 1.5660410780093969585 1.4774378327001760347 1.3893163160577979287 1.54708e-09 4.18172e-06
37453798.767967142165 5138 1.9895773649220704904 0.4479510765895535207 0.1005233216702494381 4.5652101291599551658 1.9149439238323924251 2.451085061199258508 2.086721111497218839 1.6970767529218500069 2.37553e-09 4.82433e-06
37453798.767967142165 5548 3.1892860177536443977 0.10723118946281169628 0.28974742382978546651 2.6003928543624992287 3.4049240511566760681 5.9322771731290266928 5.9674640145354693743 6.0007595340226647096 2.11518e-09 4.64123e-06
37453798.767967142165 5131 3.5369330099095956932 0.12073582411029724903 0.24818561838429981092 1.596473594771799176 4.7581567887953939433 3.4953672390189600705 3.5398712012653357206 3.5866964419716644841 2.25296e-09 4.73989e-06
37453798.767967142165 6295 3.2525403520202007535 0.029859126827950152605 0.24265471492868204151 0.89313659800896549879 4.0732739469125487375 1.7349391252695325338 1.7054048465546141067 1.6758158270385823396 2.30061e-09 4.77307e-06
37453798.767967142165 6356 2.4472562975826175347 0.55363607531995528976 0.18116917572226237665 5.0709605690443240178 1.4158063908980884626 5.114938471227438832 5.6021100780752215442 5.9506952566159947438 5.8318e-09 6.50805e-06
37453798.767967142165 5278 3.1452048737142712653 0.062749439634321002579 0.34095089123637778439 5.4260261027832985548 5.8122542819936224845 5.6905285929138704759 5.7247188413842433619 5.7579689084698770785 3.13887e-09 5.29389e-06
37453798.767967142165 5669 1.3768442224071271163 0.087736263140585427078 0.3962783860684056525 1.7198753152235528585 3.5651041741441118482 0.16148351731260729425 0.1479376511444616682 0.13500544657586557862 5.45549e-09 6.36495e-06
37453798.767967142165 5118 1.1811488844177748803 0.1344840209383755536 0.40764931747321619948 1.1444350777892802196 6.2393542048953003487 4.7359761149885182263 4.8706175880597566419 5.0034216278037844106 3.95744e-09 5.71902e-06
37453798.767967142165 5053 2.9972314877862769045 0.12766917573552208354 0.29050367864243253901 4.816428289883576852 2.3223049037746621437 4.8619859555953421903 4.9873838091932487515 5.1102560201556626041 1.90259e-09 4.48021e-06
37453798.767967142165 5116 2.7098800741633075617 0.23195493793549368244 0.14851341199909731672 5.982497989898248214 5.860561644212280541 2.0863957210148247334 1.8700624171698700948 1.6484171532343745437 2.56354e-09 4.94838e-06
37453798.767967142165 6595 3.0324942641716785552 0.044030674372562104979 0.25934268074848221275 5.0748775486093791187 4.3780995518867387162 2.3692804367821382883 2.3380510043925006869 2.3063568849837232655 2.5233e-09 4.92235e-06
37453798.767967142165 5290 3.180345060486099662 0.038126804740899605806 0.11431426357859779397 2.2646432813488743818 4.0880817010015340074 1.2570780814221163002 1.2210151183098114647 1.1851969787731495565 2.68653e-09 5.02629e-06
37453798.767967142165 5762 1.7504985498476788308 0.22584578957642026387 0.34603095086525970103 4.8677815912886188698 2.5503440934970105225 3.8740917149918998597 4.0409342645055605914 4.2177528806472768252 4.50081e-09 5.96963e-06
37453798.767967142165 6628 3.3122241192788082209 0.10857957777132054566 0.18287299031919393433 4.0128020808623716675 1.172606491584522459 5.0573533051501140534 5.1579013774009005999 5.2558825005861207202 2.5094e-09 4.9133e-06
37453798.767967142165 5227 2.0937380755218426565 0.26911838614928085267 0.21559475285249263266 1.6593473266159821655 3.3529898138477745029 4.3365956088069559371 4.6035535924934922747 4.8710796786224221933 5.94474e-09 6.54979e-06
37453798.767967142165 5481 2.3404659967696237466 0.54276563257145460373 0.67500748381471264992 3.9859320612084627733 4.2443446367189832102 1.7261332360167525035 1.133352090699182968 0.64169473129182741378 2.0621e-09 4.60207e-06
37453798.767967142165 5885 3.5062189654576405573 0.060996095030426376871 0.25270015870176659734 2.5253034102433380426 2.9146091041525403753 6.2466746359716101011 6.2488372505519356181 6.2509319359402795158 2.25928e-09 4.74432e-06
37453798.767967142165 3089 1.4821203435259813208 0.20762385678195877103 0.37253384731773359073 0.48321942920336430349 4.6583682116766516046 2.9011254281371110508 2.8454738025238550669 2.7848870460466974563 1.46985e-09 4.11094e-06
37453798.767967142165 5878 3.19599046402737752 0.064577858489878375847 0.092117779850182865409 5.9894067508579151848 4.8617880971656619593 5.1207922087920696441 5.1793521782128726372 5.2370162989512882845 1.44428e-09 4.08696e-06
37453798.767967142165 5489 3.2220329764244683979 0.054349306756684319375 0.33552293716150710656 6.1913579254139925467 4.7718134954393800484 0.06876904652104383342 0.065130402064560319331 0.061593111947778451942 1.80848e-09 4.40509e-06
37453798.767967142165 6960 2.9866828040759036966 0.19735762357640021514 0.13986845712641668427 0.18386042164841870372 4.7466126408906550438 4.6539592569558063673 4.8534375417474677761 5.0488352328862360352 2.28045e-09 4.75909e-06
37453798.767967142165 6292 3.351921829571222311 0.029767131302592335362 0.27893746085284965019 2.2770401930125161449 5.5099639840441945182 3.9606116569649207904 3.9825831625909611233 4.0047687211220281966 1.7586e-09 4.36421e-06
37453798.767967142165 5358 1.7985032674308862877 0.27071556682964875717 0.077634921278529556155 0.56834983457813414987 1.2044627684868964845 5.3635730123233287259 5.5653712246091293636 5.7434316037554058454 6.59336e-09 6.77983e-06
37453798.767967142165 5678 1.6934244795994140009 0.49988522562916015701 0.30570357254565821981 5.0222866220242874391 2.8945980156476127654 3.2131748076176980256 3.265451982334208747 3.3272092433591144989 1.85255e-09 4.44058e-06
37453798.767967142165 5417 1.548826542475335577 0.3402464400664714228 0.13247975585315885372 5.5265045310857585648 1.2220054404526650149 0.75564171974516036734 0.5431647493195662646 0.36730910986965625842 1.15634e-08 8.17607e-06
37453798.767967142165 5569 1.9498746931877273258 0.193592759417746757 0.35221827127282012704 0.36126721060374966665 5.5819983336805192309 3.1848499172217334952 3.1942158728656999678 3.2043986458813615847 2.77052e-09 5.07813e-06
37453798.767967142165 6450 2.6477105272952612403 0.12254522189243505226 0.036342467827525155866 3.4492976528638847888 5.309347963626651179 5.8802998110034705448 5.9259378420114732222 5.9687915156081992052 1.74846e-09 4.35581e-06
37453798.767967142165 6969 2.1174376622643515944 0.26260369504546177133 0.21502859298747889483 1.7514216884500255489 0.11045857358207189503 1.9515550955274869604 1.6919034503668006764 1.4312231983912346855 2.41679e-08 1.04535e-05
37453798.767967142165 6677 2.2099838001841201063 0.55248843244424405974 0.10700603007169678937 3.0168225396173236064 4.5144169769385182889 5.0846732891087045303 5.5801975804255361524 5.9373813232699603759 2.33048e-09 4.79364e-06
37453798.767967142165 5647 2.0867644337905866259 0.33049265135272759553 0.59374773043998585464 1.5709389084049671936 0.45194499241250296606 1.8595084219851278906 1.5202453302616405484 1.1901748599916164295 2.57441e-09 4.95537e-06
37453798.767967142165 5992 1.7312049272725540394 0.22387040676616271062 0.27857698736948810492 3.3136973561826663648 1.8212647879290824182 2.2176880268581347089 2.0240885260902503617 1.8228267397796376059 8.41385e-09 7.35386e-06
37453798.767967142165 6761 1.7825437689666467911 0.27240135896082212641 0.049591645710981277495 6.1556816162027914174 2.496263689704384614 3.7170379368929178376 3.8876411847010303724 4.0725314824093876709 4.88068e-09 6.13306e-06
37453798.767967142165 5252 3.1519403567238213348 0.16777979468473122604 0.1490305583983828619 2.8792420690898570257 5.045444145817069348 0.66575471323947665869 0.56796616439422820122 0.47771428447091190961 2.42859e-09 4.85999e-06
37453798.767967142165 5394 1.8203322656597371587 0.060844886610430991281 0.30112707019816620235 2.5667612758777162973 0.055104416731548547248 3.2626799063196778583 3.2702655311617205847 3.2780730316994795004 4.23442e-09 5.84945e-06
37453798.767967142165 5577 2.1257751352067204564 0.32565003875612169582 0.5030441859020723383 4.7197717974882467118 4.2882005498823065892 2.1099552157240659689 1.7982112103765965916 1.4809458494556997366 6.01747e-09 6.5764e-06
37453798.767967142165 5890 1.8709689324034237679 0.66637644395837802858 0.47120234818750633687 3.9144714865674341553 4.7873263521291580247 3.0307866299074279759 2.8949564011922706008 2.7322649978787754144 4.73576e-09 6.07174e-06
37453798.767967142165 5234 3.1046222547764852351 0.1400980658204953877 0.081560132960601161578 1.7041353443007227764 0.23157365028392751238 5.1391832509832946485 5.2635565642622594851 5.3829080202622412443 2.35138e-09 4.80793e-06
37453798.767967142165 6129 1.3932477851261688695 0.20584878835767012051 0.65141208798434557803 4.0908031027439806238 1.4751773578247975305 2.8571498665247978543 2.7923038409756779643 2.721856282024391227 7.14833e-09 6.96495e-06
37453798.767967142165 5351 2.9602633484662455032 0.11113202033268858304 0.12281372164597488539 0.13814396582802240809 1.5714284400264884045 4.2503596734784423461 4.3526019421018276034 4.4566183818085471913 2.44807e-09 4.87295e-06
37453798.767967142165 6272 2.1719433473757789876 0.6737457865374755217 0.14296345060627366208 1.0103816777774792257 5.4345014802320417147 2.7045731678639262086 2.2095779290110417747 1.6686794609858881522 2.92426e-09 5.17038e-06
37453798.767967142165 6230 1.6108159547439919734 0.50398177404739485929 0.10636352387461182889 1.7380656733389965307 0.12998610547190389553 2.9852772053359744042 2.8705178803234083773 2.7355681333496888463 6.03494e-09 6.58276e-06
37453798.767967142165 6557 2.226311042071124735 0.22443043925489600254 0.19693714997898109642 4.2491154017563168566 6.0336014210629134169 3.6890150191750046282 3.8198686920369380182 3.9606879268272381367 1.93092e-09 4.50234e-06
37453798.767967142165 1239 1.645903800624474167 0.32499706926323712608 0.20877191412159176731 1.5509313331019551896 3.6079258508557754404 3.9559920242425201664 4.2287176504821619716 4.5164354775921058405 1.31823e-08 8.5411e-06
37453798.767967142165 5775 3.025724191187495471 0.16504062340947575627 0.080748813392205798234 3.2089055125308201255 1.7400057177038554812 2.3276493867367387125 2.1997015074474308705 2.0662377713173785132 3.02463e-09 5.22886e-06
37453798.767967142165 6935 3.4859651005913696586 0.082233228621975809625 0.44558708511500499938 5.300923261920997831 1.2509563530521612407 3.4667233975679758728 3.4941028751756961768 3.522494288648187144 2.603e-09 4.97365e-06
37453798.767967142165 4406 1.3357141367996085979 0.23710993834394517021 0.25354906612524508169 1.6567983597733655365 4.2425850686532866618 2.800610294727725158 2.7099498285620202687 2.6107516822872360862 6.27014e-09 6.66718e-06
37453798.767967142165 5927 3.4237319052731467472 0.2049452706416226011 0.15996715480450260372 4.6333131891392795865 1.6286884314330387635 3.011215918386606738 2.9812058389272331205 2.9484760651313193236 2.21586e-09 4.71373e-06
37453798.767967142165 6164 2.0638424204662482175 0.25457307989729954789 0.43896082047440881935 4.5036023709104266999 5.0289527777296214595 5.1853537433490073383 5.4020955347421892867 5.5984815511513614794 5.09634e-09 6.22209e-06
37453798.767967142165 5478 2.110041431330046624 0.51865237607336256431 0.43369206481222916105 5.3529142211115203764 3.0958275608573240234 4.2089766386540485854 4.7607345071296851557 5.2787808807557716761 2.28234e-09 4.7604e-06
37453798.767967142165 5076 1.3759513530650751001 0.59038766129703745822 0.20006155862819977043 4.2792765274575366163 2.1864091102823755008 2.9793513019078186055 2.8239006623239926164 2.6394783868276578964 1.5547e-08 9.02399e-06
37453798.767967142165 6119 3.1164548205295248273 0.10336430334887174165 0.18516713705344875485 4.845361434798131306 1.6373202050802435625 5.4027560641947633968 5.4800738791859400223 5.5544466007496353654 2.96829e-09 5.19619e-06
37453798.767967142165 5559 2.2830990385162182044 0.2447570145250119733 0.33996035847664707319 2.6028474753114800855 2.5877838739721843453 4.6352284202148634762 4.8841292666140638801 5.1252856237100079539 5.44342e-09 6.36025e-06
37453798.767967142165 5625 13.066469027358040833 0.41430259790973211764 0.48530024384515713098 1.9914062048112710634 3.7809096027068420653 2.7589170289320188445 2.5568263575899323747 2.328129448657676015 2.295e-09 4.76918e-06
37453798.767967142165 5288 3.1135585051898697628 0.2453531056715041736 0.21704102384405291049 2.794020235377652206 3.8176332392517036141 0.9256896393836265835 0.7410019306892466906 0.57538184515660351082 2.94866e-09 5.18471e-06
37453798.767967142165 6005 3.0297664055117672355 0.25209826194061396576 0.52115467310499730136 1.7730682511442319438 4.1949610336882159345 4.1313674974021594721 4.3607462657735407419 4.5974181718124169649 3.36675e-09 5.41902e-06
37453798.767967142165 6978 1.983126124298278059 0.57624341202202378209 0.21946534712544019108 1.0930050946613003582 3.6787978311461948522 1.3745747282818867596 0.80471572422753556708 0.38945537176402750257 2.46129e-09 4.8817e-06
37453798.767967142165 6692 1.8965552406424781573 0.32795525279220910653 0.3134254579208014535 5.7248591832018593806 0.1546828056849743338 4.6588154174294560406 4.9954669249211001159 5.3103696504478135054 1.32225e-08 8.54977e-06
37453798.767967142165 5479 1.051282067025202327 0.44558829347674672183 0.26807447081965857238 4.5349140992491694391 1.1540175355264219448 5.0091758290928183328 5.4238620450853449739 5.7613510018717022376 2.12255e-09 4.64661e-06
37453798.767967142165 5938 1.7294099032338126065 0.18929835618650714402 0.33965696319083277244 0.58595981728187340742 5.7230346676709826781 6.0756243504158113922 6.1116210597226610091 6.1439388019813510056 1.88863e-09 4.46923e-06
37453798.767967142165 6827 3.0982359038338187496 0.12958395128747313141 0.17824057110862234765 5.7532191897339099995 4.7292271617190522193 0.063395601743295754149 0.0556540386738005044 0.048445890834995536389 3.04652e-09 5.24145e-06
37453798.767967142165 5158 1.9663148839509152488 0.487486538876231279 0.39972690499817709053 2.2476081970772718854 0.96984871635597658113 3.2178352183181435642 3.2713618955896444085 3.3344452512096940389 5.85576e-09 6.51695e-06
37453798.767967142165 6167 2.0858159788093462161 0.49980682441576967934 0.24312356673399546092 4.7957206971923209693 2.3455762914131979002 3.9758224292812340828 4.4505589844192545712 4.9333313445939728226 5.7681e-09 6.48427e-06
37453798.767967142165 6401 1.5959606905032115431 0.16238433176673852665 0.26464762865289509497 1.6475588483858241151 2.3768842371360934251 0.24352863641910421633 0.20701248849627890136 0.17363648462129804839 1.93159e-09 4.50286e-06
37453798.767967142165 5134 3.5239383035154814294 0.031053325170701515101 0.32086711666614964322 3.4844807619538569199 1.9150123730039174674 4.8750076736783816145 4.9055794363372138278 4.9360550669428864268 2.31886e-09 4.78566e-06
37453798.767967142165 5195 2.7430271458341439761 0.01578565009500311131 0.054786740259278397802 1.2561182305905709278 4.9141296929182631814 1.1330891497016966074 1.1188387065227711759 1.1046380323028264225 2.26107e-09 4.74557e-06
37453798.767967142165 4963 2.1663017601692757808 0.20881360457083109061 0.32893141771334633017 4.1217346118736113425 2.3297179011202535648 3.2620749384929030867 3.2904213178160235387 3.3213841672130643978 2.1769e-09 4.68593e-06
37453798.767967142165 6056 1.7075531307636135914 0.50250333610314512622 0.31920474624764805238 0.71114027296953252755 6.1086793085318884522 1.9979208522512610369 1.4591169513371622379 0.95974404145757730156 5.38932e-09 6.33911e-06
37453798.767967142165 6170 2.3009038063641629179 0.41811885123678821374 0.44556401174410281696 5.3396246386636354586 4.27560252654143369 3.39860694309939948 3.539705900831805252 3.701802148439425455 6.44558e-10 3.12323e-06
37453798.767967142165 6886 2.7935752279202619164 0.054749831489662593997 0.47730398237367094305 2.014243136527929412 4.6958261176544544568 3.0439255643646339067 3.0384330587500985033 3.0327951005118078953 2.88448e-09 5.14682e-06
