82496919.917864471674 0 5.3985963939303065473 0.034729102935040147282 0.038870481217739449864 0.67922582079900195584 2.7110569653126423972 5.3391750725426163626 5.36702567735188385 5.3945752045385191309 0.000954966 0.000356051
82496919.917864471674 1 8.9904910054877866799 0.072311747484878466374 0.011495898750446700495 4.5418623278370269247 6.2462682536957885304 0.57653186057164540479 0.53822900637942405755 0.50116083392246502104 0.000285285 0.000238018
82496919.917864471674 5775 3.052518702013486962 0.1402375318745990862 0.11096595191540142844 5.7449218358149209962 1.7730385157753860703 4.9281132476581683832 5.0635275283842382521 5.1952080042528949733 3.02463e-09 5.22886e-06
82496919.917864471674 6920 2.4239121276695350105 0.19054396636629253314 0.34255273109195433223 1.3923096508349970257 3.005392167163974726 3.6090018299730384221 3.7037152609547714377 3.8052720300717517432 4.48089e-09 5.96081e-06
82496919.917864471674 5134 3.5328991113938852386 0.07205986812820779075 0.35944710153905157224 5.9039027675911714965 4.4839291401969045836 5.465507735168550596 5.5168692721230172538 5.5668417647566057482 2.31886e-09 4.78566e-06
82496919.917864471674 5278 3.2083292498023263661 0.065110739144630822017 0.25304233155970212721 3.4188049400529574307 4.5375935217828109458 4.0335455025479918234 4.0853231682429385074 4.1380467643409239997 3.13887e-09 5.29389e-06
82496919.917864471674 5451 3.2945267012828347575 0.073097023842157840545 0.040537230137213275949 2.2427033368174340566 6.0280549821542086519 3.8280242449225645451 3.8757562179609532649 3.9247287698822912461 2.58702e-09 4.96345e-06
82496919.917864471674 5063 3.4767789731782494655 0.096580205161049093032 0.4070189464698418802 2.494367743280309746 4.8258257360104854783 1.8975385607529671184 1.8044742071741537437 1.7105189228090014186 2.23728e-09 4.72886e-06
82496919.917864471674 5878 3.2346146070264665262 0.13054235079973544598 0.053445294758801782653 5.6398773731386864227 4.5501097349487382715 2.4683948432092073233 2.3822909938602792046 2.2924236690343144929 1.44428e-09 4.08696e-06
82496919.917864471674 6255 3.2012940598444292739 0.095937031249917315012 0.210342812731297929 1.4135634216946619812 5.3773898448844628106 4.6201400796884204425 4.7162419530571391135 4.8121782721962116369 2.45838e-09 4.87977e-06
82496919.917864471674 5548 3.1745394818141607907 0.10767299854516904078 0.35077391045664502167 0.99220513512125563249 1.4357779964660060124 5.2749169282471726206 5.3636489982727217907 5.4492835543518856056 2.11518e-09 4.64123e-06
82496919.917864471674 6443 3.2002676240592236034 0.23718321385020327274 0.21573022707036945689 3.7825593756623852038 4.3073932672045422976 0.0068648222572689219026 0.005390425675218931019 0.0041119133811265192596 1.88164e-09 4.46371e-06
82496919.917864471674 5990 3.0809666159650301864 0.03602989587946812261 0.20644406821157787468 1.088936723465001144 4.0081705843328618855 4.496776244210849427 4.5321159021327437344 4.5675619251553234434 2.30118e-09 4.77347e-06
82496919.917864471674 1284 2.4564535584724245254 0.24684285359520005687 0.83470118690132255601 6.0421652642471874728 2.8316117982298876221 4.6562663363516989534 4.9070438243780687415 5.1492249249893253804 3.64405e-09 5.56389e-06
82496919.917864471674 5098 3.1530711643488964491 0.07008393639326990221 0.068974889705807188034 2.3656455157373557086 6.0031718964000759797 5.7818135774355150502 5.8145298185173874828 5.8461858321986017728 1.90652e-09 4.4833e-06
82496919.917864471674 5929 3.2344935334763249557 0.10965079953410353242 0.22570223822941648528 1.1518069811892053256 5.5947336156412159625 4.7955209779412868443 4.9045173076430561565 5.012150538798871402 3.18574e-09 5.32011e-06
82496919.917864471674 5467 2.9631173060105431283 0.12828676752874962341 0.2194050005103199974 0.62973323305528738913 3.1710656056888564258 1.7603729716942551065 1.6324821073297228757 1.5044393366840973503 2.43648e-09 4.86524e-06
82496919.917864471674 6282 2.8526641757484947348 0.10586924220249883943 0.022595498353564641425 0.040302596212269309328 4.4549206872972400006 5.4680507551453869652 5.5425727989853195155 5.6140070223903197899 2.68214e-09 5.02355e-06
82496919.917864471674 5694 3.1163150538596045003 0.061841360312186538506 0.25931190573278839473 5.0243412156935134405 0.73302038390623192043 5.3271839851984452707 5.3768529913375608942 5.4255374420132786994 1.21025e-09 3.85309e-06
82496919.917864471674 6392 2.9758351923739314593 0.2208812853503211715 0.12523576370272593294 3.6535522604346488684 5.3043654000854338904 1.9045493800263755269 1.6860852499937055704 1.466670265205184398 2.75286e-09 5.06732e-06
82496919.917864471674 6484 3.1101521225397843473 0.098148534637514286971 0.20554430808039264589 4.7394479142265488747 0.007870332703250550524 4.7829503156337676018 4.880674491457927644 4.977436518992253589 1.88476e-09 4.46618e-06
82496919.917864471674 923 1.8820895769266694497 0.35416574122220301213 0.3159349900433047198 5.5943216674047100412 1.0384898038872731885 6.1290653012460616367 6.1766402326116276456 6.2143034954636080514 2.53731e-09 4.93145e-06
82496919.917864471674 6739 3.2130165838040718462 0.16815303430360112324 0.23801704664856085381 1.9914008934069917789 3.1522279601283673678 4.3364395078287971685 4.4986683225410120102 4.662995629638396089 1.84353e-09 4.43337e-06
82496919.917864471674 5885 3.5138103035172680855 0.024485907578349105918 0.29772237661386929952 1.7098600967107135951 4.203772076640850841 1.2617510547082277927 1.2385092928967225134 1.2153627945160183632 2.25928e-09 4.74432e-06
82496919.917864471674 5405 3.1871475170763821083 0.06050541371358294368 0.15679831498635579679 0.71650634457306028313 3.157109906338217975 0.17904466675588354141 0.16857156154744826204 0.15842030631458375867 2.93677e-09 5.17774e-06
82496919.917864471674 6764 3.3004590089601086866 0.048672955335734485738 0.25998352803625540686 5.3359732756844717727 3.9839358470185270988 5.8697469784860922815 5.8888860527045405746 5.9075843189231633801 2.4069e-09 4.84547e-06
82496919.917864471674 6362 3.0046992010551618613 0.11432424051085500472 0.23751036172315603823 5.0857114408157979568 3.8127347498933703562 3.6765941245566193807 3.7380886619154916062 3.8023099660645933717 2.92709e-09 5.17204e-06
82496919.917864471674 6775 1.5908368669229993042 0.12875931457198916408 0.19743228002619003791 4.4623756574102184658 3.9710085635756553479 4.2653144569256706831 4.3851128490830344475 4.5070378102570156642 6.39874e-09 6.71246e-06
82496919.917864471674 6055 3.2362702297308727495 0.073877696018167987591 0.030557098203955655735 5.6505861076847292424 5.3813935738968980971 3.5260710081792643322 3.5548018869688888799 3.5844675145920206205 3.0525e-09 5.24488e-06
82496919.917864471674 6498 3.2289242032623737266 0.027306375685932447045 0.096565748064489281832 4.6505700117712649444 1.8539229988940573168 5.0360169084654025085 5.0617971933740983914 5.0874535941654386306 2.50157e-09 4.90818e-06
82496919.917864471674 6313 3.2540935885724184828 0.079941946255298393376 0.3151919250942086248 2.8023804540903598514 1.2216324657496639983 1.3465948777532248393 1.2692560977624465224 1.1929211171467559716 2.33149e-09 4.79433e-06
82496919.917864471674 6300 3.2266557554651065232 0.083957078632475409807 0.16352701933098851006 4.4034606689308937177 4.2676110821932411454 0.85024209884458190611 0.78876741987754150909 0.72920111621978034311 3.26125e-09 5.36181e-06
82496919.917864471674 5323 2.8190305155604371556 0.12919469736266450677 0.19444113604852567012 1.2021222332038854486 0.099880763883462314601 1.7844050673132936247 1.656024136880140496 1.5272983764641367976 2.25995e-09 4.74478e-06
82496919.917864471674 4755 1.8578433588001947996 0.052705290220997201567 0.043893142883960380163 0.7445871676470660061 3.2987206269626008215 3.9821091591366069018 4.0220995152679801521 4.0627385473877710709 2.45943e-07 2.26531e-05
82496919.917864471674 3800 1.8221486997015410303 0.11915007146477447908 0.411156381685100214 2.9648547445427735347 3.9607620088064408037 2.7558213746768269736 2.7081985392173848481 2.6581610462198299594 2.3176e-08 1.03085e-05
82496919.917864471674 6956 3.5086285311475373661 0.20248951328657205373 0.3926976995862516695 4.5417505415698338211 3.8165174018953647028 3.4388815968743275953 3.5052914465459701354 3.5773237506751236481 2.20649e-09 4.70707e-06
82496919.917864471674 6197 2.001720141660838781 0.20267485625727629794 0.39270464154641754329 4.353133529490221143 3.2093049619021076779 0.15410553161759973917 0.12556003581418487269 0.1001789865419358827 8.02678e-09 7.23931e-06
82496919.917864471674 5080 3.2111542778449777558 0.16332550362292427848 0.26420111771424137359 0.57916130753576355872 2.230016498944682013 4.2910697808992175339 4.4460297539694915159 4.6035956842328484839 2.57476e-09 4.95559e-06
82496919.917864471674 6233 3.1531185867093598496 0.11197262804300640859 0.14883638581600305839 4.3616080442091238467 0.49438160665999769661 0.55798741080632408007 0.50123312242031858865 0.44742945270411871306 2.38928e-09 4.83362e-06
82496919.917864471674 5489 3.2164210623924374133 0.099258503730425939882 0.27653410433588571093 3.1735227218011292649 1.4644210141355205046 3.4307451613309272176 3.460536333142319787 3.4916601956892372449 1.80848e-09 4.40509e-06
82496919.917864471674 6756 3.1852519351339205755 0.10409849471177914926 0.34435464430232820554 0.34977168995096818982 2.1271389248720793397 3.2238165032521655107 3.2328598584599474997 3.2423474528188429566 2.22448e-09 4.71983e-06
82496919.917864471674 5116 2.7702798932301897494 0.24242742289624064078 0.11267498175279763717 1.3396329972110314621 1.430326662967403184 2.9441115445411942808 2.8892156323997797429 2.8286799573673628849 2.56354e-09 4.94838e-06
82496919.917864471674 6951 2.9682550222754313651 0.025152122190194498019 0.051951617902792200654 0.27446024267420310316 2.228515636669156752 1.2161065508080031172 1.1926199910818713334 1.1692451297838015734 2.54062e-09 4.9336e-06
82496919.917864471674 6295 3.2558827675166295279 0.010234947942200051801 0.22780542820058913289 2.6147442978986350504 4.1703999269723635024 4.0906625030681897925 4.0990072699990873772 4.1073764489856054993 2.30061e-09 4.77307e-06
82496919.917864471674 5923 3.0008633058569564867 0.073523028945002760759 0.13779983300105369537 4.5806924054460465001 4.7246247387864848122 4.9115635698266491005 4.9831782729078835104 5.054022127608054582 2.22479e-09 4.72005e-06
82496919.917864471674 5234 3.0314956241841497508 0.14842420054460714329 0.12152097154168810256 0.1607774345303308039 5.1315495044178440764 4.6404404612366532135 4.789829540723396839 4.9378089106778322304 2.35138e-09 4.80793e-06
82496919.917864471674 6863 3.1549268501572673706 0.11164013706181309671 0.0090633531903965870724 1.2077432252985347283 5.27462334945421496 0.90838355531950620847 0.82306972803954259188 0.74121109182747013655 2.72515e-09 5.05026e-06
82496919.917864471674 5146 2.7843062362756203498 0.097578805158306761158 0.12850830047807956791 1.2702704172326146903 1.5821109317456023557 0.062909195377331292298 0.057046155581519944477 0.051482678530754673318 2.55901e-09 4.94547e-06
82496919.917864471674 6969 2.1827080798132638684 0.16950792719281104759 0.24399938756018318964 4.0040626516517647815 5.4470080119033870147 3.5885242385099012097 3.6684321500652670167 3.7536613996725587405 2.41679e-08 1.04535e-05
82496919.917864471674 5853 3.1402204063189778083 0.18361951831862505236 0.12206644893452155143 4.7110379195313232259 2.8177638337019255133 4.0302288356476694275 4.182595601620826109 4.3410429967078654201 2.34516e-09 4.80368e-06
82496919.917864471674 6657 2.2387202489168616104 0.16675051781237062998 0.16365273680766109776 3.6763679306851342332 2.5929728691423576947 1.9064177448795456282 1.7437114809849447727 1.5794476490844890915 9.52311e-09 7.66378e-06
82496919.917864471674 5962 2.8382588345703569921 0.20576069889199635754 0.24235887102199354937 0.11775983405254004943 2.550623970653363326 1.3710382645791370226 1.1719697581744510373 0.98235771130076265933 2.88829e-09 5.14909e-06
82496919.917864471674 6628 3.2324027067190326257 0.13386417239554782022 0.23736588199831495927 1.588121242095866803 6.2565808121941328679 1.7340828765654392463 1.6001366656377880027 1.4663301079623196621 2.5094e-09 4.9133e-06
82496919.917864471674 5290 3.2120323319431784981 0.04473032081997876247 0.20503324909287276578 1.0061358321922000414 0.87529328296396879949 3.9055212091168978183 3.9369853733266686469 3.9689290204726495048 2.68653e-09 5.02629e-06
82496919.917864471674 2992 1.6647689597777359793 0.23079543304016822414 0.11986968392692604057 3.0051095413309694138 6.0109899467084879632 3.8419121933707933714 4.0071202653331772225 4.1828565369887913405 2.26492e-08 1.02298e-05
82496919.917864471674 6827 3.1011465546556742368 0.11131652852973737688 0.074083631002322222758 3.1573123420134687755 4.9699150412475781025 2.1917298625343115681 2.0979296576130836982 2.0017240450283346753 3.04652e-09 5.24145e-06
82496919.917864471674 5324 2.0618701294663823731 0.20943457592871239648 0.15803909133734375669 2.8215399552303721542 0.37953165381631415176 3.657027998499779553 3.7718862683277412096 3.8953232336474039599 4.64884e-09 6.03437e-06
82496919.917864471674 1410 1.5404383978583620074 0.24670523154305085134 0.10494655987200851577 3.3572384165697011227 5.9222525622404686985 2.7895854681098186667 2.6917538699139118563 2.5844814119041825684 1.96181e-08 9.75145e-06
82496919.917864471674 6244 3.1815340133746170537 0.079006690017816016969 0.34890901707992177938 0.39325712953265934413 2.4560798649392707738 2.0448296710924709352 1.9731604061241940773 1.9004633637780434796 3.08558e-09 5.26376e-06
82496919.917864471674 6327 3.0112930395050279131 0.18137059795636131798 0.2299197974316546933 0.36032672152009631583 3.0451664727845564329 3.7256776420898836122 3.8347486361533089649 3.9506386529367278904 2.25041e-09 4.7381e-06
82496919.917864471674 5650 1.3277007854669746756 0.37383695291325064192 0.044029628386147233454 1.7267352411910150689 4.8271232142394691067 6.2568956004580504882 6.2654362423954967909 6.2720711503135699871 1.14639e-08 8.15256e-06
82496919.917864471674 4112 1.9551698144859848139 0.5215060335663046498 0.67524256312852937167 3.617704891716369886 5.1986396312286551336 2.8540182470448498542 2.6362633844642542336 2.383804617614962762 1.99037e-08 9.79854e-06
82496919.917864471674 5511 3.2107947829513578952 0.087551738756001556974 0.21590797001694170265 1.017857103919570072 4.9995359027823935705 4.1855892141814186047 4.2630873142559746469 4.3419495984423530643 2.90982e-09 5.16185e-06
82496919.917864471674 6186 3.2403083132661580912 0.042155574436896395274 0.16094835337222418437 3.6340305622034700939 5.7788590019535401865 3.4727797665508592928 3.4867722182497042915 3.5010362168349558054 3.14704e-09 5.29848e-06
82496919.917864471674 5195 2.7469462635516652682 0.022998305057097500476 0.056416802842011851138 0.053400719721492795333 4.6090156083271391907 4.8410966853718040426 4.8638731712968503729 4.8866081042319891026 2.26107e-09 4.74557e-06
82496919.917864471674 6935 3.4648463867042935682 0.09672706384197657381 0.41190508666268033089 4.5346275842214129881 6.1986454060789029086 0.58186862390244775689 0.53066905952339837871 0.48171447713991544237 2.603e-09 4.97365e-06
82496919.917864471674 6667 1.340836162621436678 0.19926518426129072314 0.40401899357732051765 2.5679413217198492347 1.4639869981136413024 6.2635027077160829734 6.2671020555404135521 6.2703067494774229473 1.85586e-09 4.44323e-06
82496919.917864471674 6816 3.1522448270502017031 0.13049942837159597686 0.083690590674932480164 4.0666539107105332818 2.2201091824735783575 1.8864198448230007354 1.7594181394673200636 1.6312333030674486256 1.76213e-09 4.36713e-06
82496919.917864471674 5762 1.2510618530958952377 0.082305398002425533832 0.44304597672918072382 3.6580943574081916658 2.2231475603472170555 4.4408589044899136056 4.5211283264838497686 4.6019329159370281346 4.50081e-09 5.96963e-06
82496919.917864471674 6595 3.052633592056981815 0.065561009030963471322 0.26568302353461126231 6.1104087387170871182 0.98735704562895698633 4.1110059164819254818 4.1661325262287745019 4.2221527856404827972 2.5233e-09 4.92235e-06
82496919.917864471674 5950 1.9383337669668048164 0.40702611435952873453 0.2779059650578753482 1.4097786399199732088 2.7020890275962545779 2.680939430890752817 2.448348828426676338 2.1882446446608687651 1.07677e-08 7.98408e-06
82496919.917864471674 5351 2.9834535910933985825 0.12067232054030020694 0.13854572875529563847 6.2739779380207743031 5.7333129602348416043 1.5846002744338330004 1.4635437017933627946 1.3435647706198299289 2.44807e-09 4.87295e-06
82496919.917864471674 2768 1.5706987984895848243 0.076906451464342218127 0.03009132584272533259 2.2817178500425372434 2.1466858579844698696 4.4056158328239751754 4.4798702830506638151 4.5547071127551479464 1.06163e-06 3.68842e-05
82496919.917864471674 5194 2.3104721238270853334 0.3351988583405502431 0.28481888694750939761 4.9636238456903791771 1.7955704563804846252 1.6629546168381919014 1.3171751031963481182 0.9926992007515792471 4.75382e-09 6.07945e-06
82496919.917864471674 6928 3.2096593155386106133 0.22167257432451997756 0.3161559645552780573 1.3433405472324635443 0.29694347025431039322 3.1814181817657400941 3.1914839855404686375 3.2025389379683280033 2.08658e-09 4.62021e-06
82496919.917864471674 5914 3.1931965734998608575 0.084229952975730576492 0.092742505244224268668 0.14236252864932161244 2.4855933650761747877 2.4895466950087552505 2.4365795599866202359 2.3819948610415742074 2.63408e-09 4.99337e-06
82496919.917864471674 5072 3.136283823555410244 0.070936688165773295611 0.19659394498565432863 5.1781315625216874921 1.5924494765150312148 1.1166580940144030798 1.0538309849272569085 0.99216408732632255241 2.73643e-09 5.05722e-06
82496919.917864471674 6154 3.1691885637103731632 0.116908392108870135 0.2056183947321327532 5.2302507357694452139 5.7261707859479615834 2.1587805577243939226 2.0579739436700359434 1.9546669510713958751 2.04677e-09 4.59064e-06
82496919.917864471674 5312 2.9768730337727240531 0.089455354343281223706 0.21072962595161742749 0.7379558102698702271 0.63767772268072020481 0.51823808048193875653 0.47550769952604160506 0.43455594344278541952 2.46345e-09 4.88312e-06
82496919.917864471674 6126 3.0118098116345763948 0.25322038434356258785 0.1430653985738638001 4.2538288156433594622 6.0335866614930839802 3.33978166229146467 3.3977681959401455636 3.461929876641010928 3.04059e-09 5.23805e-06
82496919.917864471674 6952 3.2715585058623002368 0.15359509145152366871 0.13938023271618177334 6.0412281508875045333 2.9535920318545159091 1.3405502181835149411 1.1929906265672229893 1.0502276277479125621 2.57429e-09 4.95529e-06
82496919.917864471674 6073 3.2113955947884620379 0.028684380076699773909 0.21249778132196736613 4.1152494050275905124 2.6008948424846174419 1.5201784061543401894 1.4915476081269873898 1.4629532550268489199 2.87152e-09 5.1391e-06
82496919.917864471674 5578 2.8881514804241432692 0.13767525297972085796 0.15435487932507691022 4.1552561084032149097 4.2455165594814516794 3.2481459290546781382 3.2639441980389589659 3.2807469818734364964 3.04211e-09 5.23892e-06
82496919.917864471674 5231 3.1604142176768230676 0.13960884529062317361 0.31667405803065740155 1.9883711027815995642 0.25985363478030082396 0.33510021416772362013 0.29183532269439788065 0.25166840188914668675 1.89135e-09 4.47137e-06
82496919.917864471674 6029 1.6981225145542500066 0.34810403721779042963 0.53645726719937625315 2.0067711260027114584 4.4101572963990607334 2.5205911674225927044 2.2769401729098093234 2.0120783227909733171 1.2969e-08 8.49478e-06
82496919.917864471674 6192 3.2300450384657044545 0.18879262013486250438 0.29868692256452483713 5.4902420251534662654 1.2763850158259586465 0.9168876299849677558 0.77420492530511464402 0.64221097345480915308 2.79503e-09 5.09306e-06
82496919.917864471674 5211 3.1293983429124963003 0.044734144634655040318 0.22547327068570258146 4.5794999148361359431 1.0928154840986645802 4.9239528176483737809 4.9674999085462019366 5.0107862463954120358 2.07199e-09 4.60942e-06
82496919.917864471674 5717 3.1400236691880625273 0.13213847911286150105 0.20598019897134142719 5.8134549491783742425 3.7900062235216189777 3.6876434235619734991 3.7606784776389763358 3.8373572332520460293 2.31886e-09 4.78566e-06
82496919.917864471674 5643 3.3136406758345042789 0.090968177475437117518 0.10092794137152995282 0.8202986757686576702 1.1785671517317193313 5.1791646095379437753 5.2588917394686447437 5.3366101533714189742 2.47115e-09 4.88821e-06
82496919.917864471674 6842 3.196150029614664323 0.065595069868689931392 0.11228072092274474225 4.8819687096154247286 5.5260664480196339809 0.26158297058562762771 0.2451235530156423148 0.22920519161792424212 3.94698e-09 5.71398e-06
82496919.917864471674 6572 2.9493782149240925783 0.14955175507777787591 0.13444909206475572083 3.1351166099498612994 5.2021002008103636172 2.1756339328690148527 2.0465708509056761422 1.9136285776658086277 1.66053e-09 4.28153e-06
82496919.917864471674 5131 3.5296108399936727551 0.095468606031461719641 0.2384817392012714421 4.8003047925437121179 1.9794023587979292511 1.5333062446254503985 1.4379298755565761425 1.3433027077966956941 2.25296e-09 4.73989e-06
82496919.917864471674 5534 3.2660800516585397624 0.13386367105313698445 0.15184572865827838939 0.90040891428707436894 1.3557124818496857355 3.7674604534164961578 3.850723933898109852 3.9378925725814175607 2.18919e-09 4.69474e-06
82496919.917864471674 6119 3.1412933113353318504 0.11331527595649285023 0.24484722783732373874 0.59385013982452194981 4.0315344598319651226 5.7398361184807722424 5.7958684361941088525 5.848929082898230547 2.96829e-09 5.19619e-06
82496919.917864471674 5257 3.2499233260795898914 0.10699009524383588932 0.22810697420816677949 5.4909720013964555818 5.6192263871111371998 3.9562273951450688259 4.0372228363431990061 4.1207396382205994101 2.20895e-09 4.70882e-06
82496919.917864471674 5240 1.6301521288782256924 0.2640716225994405586 0.4009741089357855004 2.1112927325397592426 0.044636737755515250303 1.3440880944646127482 1.0911640564970810363 0.85688904185844094741 1.54708e-09 4.18172e-06
82496919.917864471674 2850 1.7838703067861656493 0.19990389441520281522 0.52901707438821188312 3.4855169994337051875 5.4184421802337503493 4.9733190599485510575 5.1629022930382912904 5.3428605185962716462 2.86233e-09 5.13362e-06
82496919.917864471674 5957 3.2284496656609693588 0.086799257163216042565 0.11834700371671424968 5.7800386309436886378 2.8560522749850991708 0.4499014691345546435 0.41351211049048952617 0.37863374790353904187 3.45473e-09 5.46581e-06
82496919.917864471674 6103 3.2804162097477562732 0.07036414090140898081 0.21670837976482823506 0.88154735219650659506 1.2877806634527713125 2.4710269110210485444 2.4260113523567006233 2.379848518467758911 3.07621e-09 5.25842e-06
82496919.917864471674 6335 3.10034769227236362 0.10880353205175413711 0.2630192787735498583 1.640208615835604844 1.1884351399028176832 4.1890614774087335803 4.286156857728384395 4.385225739048075333 2.80706e-09 5.10036e-06
82496919.917864471674 5252 3.1125167952775218971 0.10374591131829961899 0.23264851861444582615 0.67803513532741144232 4.9491464186546032522 5.824363286979701293 5.8683759412502940478 5.9101871485345913726 2.42859e-09 4.85999e-06
82496919.917864471674 5034 2.8506388417696943982 0.19458322635981639692 0.14226500156265051156 5.7157613215026294995 0.81363651553224858315 2.8046543466797819733 2.7330985732598569449 2.6558047129056254754 2.20492e-09 4.70595e-06
82496919.917864471674 6874 3.2854763237738731085 0.098814188726169066568 0.28914862629567322783 1.9310273589025688246 1.887426913370395809 4.7527098720187153091 4.8514085354699645336 4.9492693979659705406 2.61974e-09 4.98428e-06
82496919.917864471674 5185 3.5342087857882651392 0.018842749654546280674 0.22209380527035529895 5.0320242684946592249 5.0203233120943302481 1.9352236185761142462 1.9175578789633371812 1.8998366828991499755 2.64564e-09 5.00066e-06
82496919.917864471674 3953 1.1209913770471495731 0.2837672419147178049 0.24432780231921422121 2.7027778621344382692 1.4145996477380162748 2.6701855264999929673 2.5193998960588044334 2.3540151260513764164 1.87457e-09 4.45811e-06
82496919.917864471674 6204 1.8909422846357952785 0.33411641463831842636 0.26446932685900154114 4.1096229403098991639 5.9010688100186650118 3.1659605311202549949 3.176082705546438234 3.1876041134884167683 2.26769e-09 4.75019e-06
82496919.917864471674 4189 1.1076724553448682453 0.04849264664684735382 0.037813300953244054214 1.3957597872835332264 1.7351395866691377012 1.7918720959601763809 1.7442876013039463334 1.6965229214460799678 2.51666e-06 4.91804e-05
