41790554.414784386754 0 5.3981564994757196274 0.021984427469694228785 0.030574239471750336294 0.13826027310964886241 4.9437596983127525263 6.1424965145601655436 6.1455464556846868263 6.1485628220386701059 0.000954966 0.000356051
41790554.414784386754 1 9.0118693542769481297 0.087950202852377826201 0.041198238123134320321 1.6237910972980091895 2.914127149297976338 2.3129111635879948672 2.2459939905187353837 2.177341520707451572 0.000285285 0.000238018
41790554.414784386754 5775 3.0397706354200049184 0.13427016956544843285 0.087033144561254618954 3.7657085444670541641 0.16405821512959323227 6.1494170663861265069 6.1662786598935355187 6.1819400039229961408 3.02463e-09 5.22886e-06
41790554.414784386754 5394 1.6815102857068604525 0.14149603709466782031 0.34536558191149485664 1.2940074121955018605 6.2346521039041711276 1.900222429323934703 1.7627068504763854229 1.6238084508701680075 4.23442e-09 5.84945e-06
41790554.414784386754 5134 3.5325241411939498626 0.029013158169527285268 0.30628954173349620671 3.5285140196413049551 3.2275441849778174763 3.8792748909320913242 3.899003715938901049 3.9189369910741178593 2.31886e-09 4.78566e-06
41790554.414784386754 5931 2.6964014528099014001 0.099274460239192147126 0.705567039775748861 6.1646532623339505008 5.2684478712345557128 3.3578618668897952659 3.3803076373628284657 3.4037815049517292643 2.66585e-09 5.01336e-06
41790554.414784386754 5740 0.93834851060156299063 0.10693820712119028737 0.1149887626644158084 4.3926445160872260587 0.25323132143756837964 6.1567262500155797156 6.1695689712511594394 6.181692775477524826 3.09097e-09 5.26682e-06
41790554.414784386754 5588 2.7932121734472588059 0.263541457031194859 0.13655052367512579559 3.9940532649323938763 4.613738143781842993 4.3328828791426090561 4.593621377899280489 4.8553062947097433977 2.40685e-09 4.84544e-06
41790554.414784386754 5846 2.8156228495729811456 0.13356160096278327232 0.13770902167647322556 0.40661369230964178323 5.4927393965667583586 1.3835574236004486437 1.2535488427792327304 1.1266522768214874972 2.37403e-09 4.82332e-06
41790554.414784386754 6171 1.7204989632087790419 0.19034248494301458932 0.27962283471642973565 2.9415065973498091267 0.555406171861731357 5.8760622340698596133 5.9459337962374867459 6.0089171128174410086 2.39216e-09 4.83556e-06
41790554.414784386754 5921 2.0783342782622793443 0.39137489416143456111 0.62192046521628019384 4.5267984756517707368 3.6131188780005341066 3.0716024961736856369 3.0358241589353163192 2.9945061634247127635 2.32801e-09 4.79194e-06
41790554.414784386754 6443 3.2221185396881235619 0.20791219920232556495 0.26236322534530565065 1.4694261435013575845 4.3699346358125668033 1.3396505905752076337 1.1405040850083660864 0.95154435439731077651 1.88164e-09 4.46371e-06
41790554.414784386754 5990 3.1065400653517589724 0.068477825095475203243 0.13334030703247037875 2.388761475237352272 4.3420075585586825895 3.1942761887553534628 3.1980143709642248062 3.2018759578611417638 2.30118e-09 4.77347e-06
41790554.414784386754 6883 2.3355240047629108879 0.29902329513306624698 0.41518279982122446858 3.2797551458247440337 6.1283228909168432352 1.9197475986014793659 1.6185880513469870223 1.3199061831396747824 1.23696e-08 8.36184e-06
41790554.414784386754 5478 2.1346524894308185338 0.31008235821265062171 0.16705566292462817324 5.7823637645661412066 6.1683654902801290376 5.1117503976127522947 5.3858715221973607612 5.6282487331614223791 2.28234e-09 4.7604e-06
41790554.414784386754 6793 1.1734829195238132282 0.39228308719282184436 0.34776601684635449763 4.6605415462777770585 5.1344020788429940438 2.7123719147822260567 2.5042482789703881529 2.2708150214765154828 2.0508e-09 4.59365e-06
41790554.414784386754 5467 2.9761351166250595845 0.15865551777863667882 0.17896585479826396248 5.3606736508084553705 1.9938784775225240065 0.9332390713007281402 0.81091154015696109703 0.69589971537413164437 2.43648e-09 4.86524e-06
41790554.414784386754 2413 1.8976327595257211911 0.28140201136888393085 0.57780613285590409767 2.1326581613564754569 0.30167392535542775223 6.2098819009902035404 6.2282805639098377526 6.2437231076993482404 6.11801e-08 1.42469e-05
41790554.414784386754 5694 3.1201739172250357868 0.035059209451602443841 0.35389894628916079844 6.2665847085610604239 4.8508251310751067109 2.9694318917729036755 2.9633184003910866267 2.9571013002036794504 1.21025e-09 3.85309e-06
41790554.414784386754 6392 2.9692100449072720281 0.18047095865098519707 0.19617331187019507177 1.0965996135451063775 3.0470915551685759937 4.1233093026665521563 4.2823235719911814101 4.4463605709905493768 2.75286e-09 5.06732e-06
41790554.414784386754 6484 3.1190846451827787256 0.12932877151094085422 0.23085745573038332634 1.6402704448688629757 4.0963553948608186772 2.8890029140183273171 2.8543715063992527448 2.8177341778290294627 1.88476e-09 4.46618e-06
41790554.414784386754 923 1.7019709924765862308 0.20378449345687524308 0.25753677848558792496 3.6248327683426069257 1.380087801105442713 0.29131509481383138782 0.23748851974459106451 0.18954569415710548208 2.53731e-09 4.93145e-06
41790554.414784386754 6739 3.1704640289355983107 0.092621179576055076565 0.26577830430901477898 6.2021340725174676223 0.79922875221145706082 2.6903693820694942751 2.6481354789951403461 2.6042632854735434655 1.84353e-09 4.43337e-06
41790554.414784386754 5448 1.6107820400760437529 0.30422143517649552491 0.22271166331888112011 0.81222622150045620248 1.5797600441164247886 4.8367566461912030462 5.1377992719627698648 5.4149052938058153117 2.56033e-09 4.94632e-06
41790554.414784386754 6655 1.5575006830204398689 0.10012277910513986412 0.17921128036460035049 5.2937822791454367533 1.0695672076383773152 1.035840192150909056 0.95169245449127859438 0.87015258218374080812 6.32791e-09 6.6876e-06
41790554.414784386754 6764 3.2813083060086181142 0.012278605236270648607 0.23347768855808923028 3.2912216715138602474 0.44731500946183155865 2.1327716352125611898 2.1223470261603725184 2.1118891788687448319 2.4069e-09 4.84547e-06
41790554.414784386754 6362 3.0299777455168492857 0.100897664886143823 0.23320366953498780638 4.7142324871899727867 4.6072269911257608399 0.35881335032064309853 0.32490055053507965743 0.29269254875850186925 2.92709e-09 5.17204e-06
41790554.414784386754 6809 1.65800649553165802 0.36613321680809313152 0.42064343007686882947 5.6331000108496418477 5.4531377020631000008 3.9984438778719293417 4.3228872059013365714 4.6615964460052312646 1.72631e-09 4.33733e-06
41790554.414784386754 5569 1.9820699073177645566 0.46679628854470667232 0.53258652110896342879 5.7446272279417538442 5.8652519200042760872 2.3887713805923547206 1.9810340762913472012 1.5529697300478810806 2.77052e-09 5.07813e-06
41790554.414784386754 6498 3.1895535511563961606 0.058232243468321259749 0.13830045260620460468 0.85603916880354236074 4.8618308590534446978 2.962170637640110904 2.9514627045715173814 2.940457596466059087 2.50157e-09 4.90818e-06
41790554.414784386754 6313 3.259468500684300718 0.047435384688948666054 0.29631146659985907466 2.870453647000958064 0.94069902754397161093 5.0263497811253667891 5.0711559007443618441 5.1155710979348230083 2.33149e-09 4.79433e-06
41790554.414784386754 6300 3.2813510317008032224 0.054680329319848071379 0.24826510688665304194 4.8918273695453313721 2.7284377790887379689 2.7970936051503625386 2.7781249077944294434 2.7586850904825266362 3.26125e-09 5.36181e-06
41790554.414784386754 5204 1.5844928119197847494 0.33818814546138459276 0.38622496631918229459 2.4270101911563815023 5.4888483666436771458 4.4236013753758136602 4.7715123314146099531 5.1091095687606422615 5.21728e-09 6.27092e-06
41790554.414784386754 4755 1.6373404027916573789 0.090106208038831306362 0.1044549881306840039 5.5831719150990721801 0.52796583368822824767 4.5260670356393930547 4.6154828216055587831 4.7051662757811589799 2.39615e-07 2.24572e-05
41790554.414784386754 3800 1.2889112079132662991 0.070022216118950736385 0.26986797964455411236 0.27468452254669423196 2.9766156207440954695 1.7085826096720437839 1.6388311277100444663 1.5689709062017962449 1.79108e-08 9.45995e-06
41790554.414784386754 5861 2.2946785116406287486 0.30239037402451612868 0.21775386570423246879 2.7586153725230402323 0.65833062501725803095 1.9551301066765283121 1.6527168061682975253 1.3513405304211838498 1.95257e-09 4.51911e-06
41790554.414784386754 6719 1.5843092971097867405 0.24331476513824520924 0.042799676664098985912 0.74444026592903089767 5.6081143317983856988 4.7273217870545805042 4.9726286313184022703 5.2077505846040716975 2.09817e-09 4.62875e-06
41790554.414784386754 6815 2.1857545553777568692 0.16458495449594168214 0.27867224309919363945 6.2001758614317123985 0.33567805819984697369 5.1195962662352174632 5.2666604054929271328 5.4066043807196209059 3.57143e-09 5.52668e-06
41790554.414784386754 5480 2.0189920404847248037 0.4473727222489121691 0.79255615318126293456 5.098778481298977816 5.5024135733519417002 2.7334799765570849672 2.4952782855154689301 2.2258488553329112136 1.6026e-09 4.23115e-06
41790554.414784386754 5093 1.6958002137442731438 0.47642344009212950207 0.44482666322290698169 1.9416932285806005609 3.0331749853648779514 3.7696373064299528721 4.1401514476462981662 4.5406765480596904538 2.98948e-09 5.20853e-06
41790554.414784386754 1517 1.8786759553182748039 0.29450225209066577259 0.54697460578090650873 6.1815194169865002038 5.5721346858469438246 1.2904776507559172494 1.0143957249992432423 0.76431573049273349163 2.17631e-09 4.68551e-06
41790554.414784386754 6526 2.1932704749124138921 0.5024735671141773441 0.39899001398478489699 0.62164324512675239731 3.166664145286678167 6.1554795019667540856 6.2096306409996646636 6.246556598780752978 1.74858e-09 4.35591e-06
41790554.414784386754 6951 2.9857360694985679572 0.021079113304667405904 0.047930525884235006262 3.9912940759993422724 0.27512776582284054205 1.3972999294471246667 1.3765734231425610368 1.3558906404100485865 2.54062e-09 4.9336e-06
41790554.414784386754 5559 2.2351740954266854366 0.23530158589154498427 0.35470423268079309675 1.0502706494868407905 1.7832912183272113804 5.3971685235406718917 5.5686248859917180098 5.7228145869706938953 5.44342e-09 6.36025e-06
41790554.414784386754 5923 3.0260952913327723302 0.01446251303071083294 0.17938925531469609997 1.15614308481376038 1.9456789483741991909 2.5199848601501888545 2.5115125193572649387 2.5029910691885826068 2.22479e-09 4.72005e-06
41790554.414784386754 5234 3.0707200104422978093 0.1913597770519558372 0.12702200197813057203 0.10163995090713413838 0.13945294190348778152 2.5906428340601030946 2.4805780753131445593 2.3630988550495706235 2.35138e-09 4.80793e-06
41790554.414784386754 6863 3.1260581629082375699 0.12690944617188423815 0.051773102171231738522 4.1950256108668284583 2.7088937699969122264 2.7862480059571099744 2.739107691282565149 2.6893965074421917194 2.72515e-09 5.05026e-06
41790554.414784386754 5146 2.764458355606499218 0.053117369666988642485 0.18188279532633719326 5.9564448930548410388 4.9840326826905698709 0.021777559801822724689 0.020650027456062855502 0.019553230267964284012 2.55901e-09 4.94547e-06
41790554.414784386754 5492 1.9073326972505098009 0.27998129005899136112 0.38646979136916281838 1.6010116327163992356 4.0908701859067129192 1.4317963354638201245 1.1561081487956519354 0.89985751306125250082 4.51271e-09 5.97488e-06
41790554.414784386754 5047 1.5450254876315008268 0.17309717906254135089 0.31311983723992381501 2.3274693024008650255 1.5068242257802493267 1.0389851187427636692 0.895273819973780971 0.7601921860012814669 1.0218e-08 7.84583e-06
41790554.414784386754 6657 2.3861332907588410635 0.2557029902894292217 0.25503664456716745867 6.1690016388476980325 4.5505229304586016781 3.1607860778671601487 3.1665221571713875193 3.1728960455282457787 9.52311e-09 7.66378e-06
41790554.414784386754 6413 2.7578694163666002126 0.14017508159213104557 0.14961234468424297606 0.92861918194045856012 2.8809585064110461161 6.0050939170076524931 6.0413087800467630828 6.0748842093028585509 2.71272e-09 5.04257e-06
41790554.414784386754 5577 2.1457950188001895242 0.44241654061505031326 0.58798589352852614898 5.3821824944821194947 5.4310304372150586261 0.23539730619597007411 0.14677172670092644702 0.082070371046559786876 6.01747e-09 6.5764e-06
41790554.414784386754 519 1.8827441014050492196 0.20854187810624777444 0.13579040820548723967 5.7467165825959236614 0.63673802447519722847 3.9481493977268664608 4.1119830807593409361 4.2840523104522842956 3.92741e-08 1.229e-05
41790554.414784386754 2992 1.9720117166663693187 0.19219485455825624509 0.16877294401493236897 0.912407345785932411 5.2456485050201155929 1.5335979029923345607 1.34102305103604591 1.1538794504959051235 2.26492e-08 1.02298e-05
41790554.414784386754 5788 1.7792618124045367356 0.38526512687070219032 0.15859934729076205495 4.3840035966350576757 1.0331802620644219282 4.2000766802022804214 4.5826665726468895912 4.9646946406435148447 1.43499e-08 8.78617e-06
41790554.414784386754 5626 1.0567207276744674527 0.10931211190490648655 0.098964674035384364581 6.0385035903516186551 0.30071883595032172787 5.3969347629484740736 5.4789822950563902282 5.557717405802306665 7.93289e-09 7.21097e-06
41790554.414784386754 753 1.4684100105079258558 0.12463496610825407218 0.21520296895316856634 1.9034680642325991773 0.094154937915633812873 6.2312716307060487253 6.2373824880179356001 6.2430891250193809583 1.27811e-08 8.45356e-06
41790554.414784386754 6244 3.1939748165642769528 0.099479745517381978903 0.29225842711152594244 1.6538978466710574367 4.8662074994811455042 0.11440606600170893925 0.10355900363863475289 0.093275384391098004055 3.08558e-09 5.26376e-06
41790554.414784386754 5020 1.8728113539734771997 0.43624488738709277236 0.4724051920208793276 0.40109576815264064154 2.6114126964514241536 2.9218134509553643774 2.7929518917041322723 2.6439216253982182891 4.40916e-09 5.92883e-06
41790554.414784386754 6161 1.9553410266015109897 0.29775487749926382586 0.23790178149380070138 2.4826688451647189737 3.8813413886649894557 4.1486879829663525499 4.4272193317092725096 4.712949063116204762 2.19638e-09 4.69987e-06
41790554.414784386754 5647 2.0695909279295725547 0.47550200818232979394 0.46295536653748603495 0.19781773896789672795 4.0249461818636014243 3.9502061849699550145 4.3865539091046521492 4.837036784953423485 2.57441e-09 4.95537e-06
41790554.414784386754 6451 1.8088852141097246928 0.31125641544624876866 0.05585478347374737973 4.7055054537332079434 5.3935017416512867072 3.7334838769653062585 3.9380370057008704521 4.1605462233381063086 2.57122e-09 4.95332e-06
41790554.414784386754 6702 1.971766165270306681 0.20042003146089795718 0.16103116037201420374 2.9677676055310788783 0.99426848022920233383 3.2849388570237789686 3.3170816332475103749 3.3520728919851436878 3.70623e-09 5.59535e-06
41790554.414784386754 5195 2.7652239609013493649 0.034973778457964267707 0.012981409681400426712 2.8504728410718080944 5.2462447215249161658 0.098276248757531090017 0.094902372194828513163 0.091588257626932248479 2.26107e-09 4.74557e-06
41790554.414784386754 5437 2.1090713802342375693 0.31842382923793777216 0.44591254818746089983 4.7887437466490041515 5.7305047321224726886 1.3473362185426549509 1.042070204258481958 0.76712703496931533564 4.54448e-09 5.98887e-06
41790554.414784386754 6270 1.9441951519273568127 0.47076983662106858253 0.41805308259701795537 1.4983777011332632956 3.5792977014366487154 2.8940473669032673598 2.7325988381937249549 2.5453801079404345664 2.07589e-09 4.61231e-06
41790554.414784386754 6816 3.108859102357089732 0.087361738812192432646 0.14769787767669631529 3.5567906047791537638 4.4702999333054354025 3.3291456209505789765 3.3461987197666500649 3.3639490053090548294 1.76213e-09 4.36713e-06
41790554.414784386754 6040 2.245368258779060433 0.45804035182050478747 0.79316537273161691335 5.0496806324567788948 4.0697394287364758725 4.9237352708346957542 5.3675337303588435134 5.7307412904842465196 4.48499e-09 5.96262e-06
41790554.414784386754 6230 1.326673474534330488 0.079902130976084673186 0.066661045368303015191 5.5525468876834338516 3.6344408210582743735 3.9717387816326961136 4.0324237933269237999 4.0945552595747933822 6.03494e-09 6.58276e-06
41790554.414784386754 5950 1.5121738002314508709 0.35125325381481159459 0.30161509449536816341 0.82235891633188329397 4.3318290028740715769 2.6714859214084309968 2.4760556676534393183 2.2591632440278339722 1.07677e-08 7.98408e-06
41790554.414784386754 5351 2.9771336440181306315 0.16052216032517604982 0.13299485887065939926 5.0517615362664400891 0.29555135823298001041 6.0774619420605642262 6.1080454942441573252 6.1360158086386533682 2.44807e-09 4.87295e-06
41790554.414784386754 2768 1.6357076685782807601 0.080858269792192918879 0.015204213203731211865 2.5129174178446951338 2.1013262397316125885 6.0621969430818705149 6.079274484077627605 6.0956483377855672501 1.0565e-06 3.68247e-05
41790554.414784386754 5194 1.6575816613815179679 0.32398651831575742133 0.21828105333806926969 5.1042471639678623774 5.7535980322385187335 3.1992715669165887604 3.2222912205827194398 3.2484081001382016929 4.75382e-09 6.07945e-06
41790554.414784386754 5310 3.4703747622614087298 0.12415672666336100005 0.32158377894767231631 3.916899158023123384 1.4113719699627458315 2.8203510208652025071 2.7785296969077810658 2.7344367778459086615 2.51895e-09 4.91953e-06
41790554.414784386754 5888 1.4329570921440728526 0.25597570394270796612 0.41685697593339510192 2.8871199833226870446 6.2492523081342508107 0.71075714165029268976 0.55648232706850508933 0.42127530718907069129 2.79797e-09 5.09485e-06
41790554.414784386754 5964 2.1311382087994137358 0.21283133822632196996 0.73893262175749119258 3.0569170774310938654 3.1517266566788726401 1.7104840695655374461 1.4948784498382561292 1.2826601463576940976 2.1711e-09 4.68177e-06
41790554.414784386754 6639 1.3842734071077986702 0.066061192334348137201 0.29236915654183726065 2.3123433579329710774 6.0274209350195686596 1.0338097825823409082 0.97794412717012046965 0.92315624766701376291 2.07227e-09 4.60963e-06
41790554.414784386754 5312 2.9997770933857879072 0.074116162965403506457 0.20206875524935249966 6.0623252509654834697 5.994410531580879109 4.9554009190036527599 5.026770565770412702 5.097254131949711109 2.46345e-09 4.88312e-06
41790554.414784386754 5289 2.015761703148868822 0.50534145383376349869 0.21030215274016350602 1.1344942516999547699 1.9903959970840012783 0.98719664363702519516 0.5983146751692434151 0.31368074070311008361 2.13423e-09 4.65511e-06
41790554.414784386754 6734 2.0387013487126757205 0.12886065849398004035 0.16505206173542211201 1.7653549437209996587 1.8293394862088723229 3.8571848638229107031 3.946378653308318718 4.0392462491150888937 1.24231e-08 8.37387e-06
41790554.414784386754 6073 3.2535972314108918546 0.069818613591667313956 0.22140237029357656695 3.3955714969559287475 1.9652073255836399746 4.0412903691206309986 4.0972365393480814078 4.1542563876690756786 2.87152e-09 5.1391e-06
41790554.414784386754 6692 1.7914294591437347481 0.36313573131880177991 0.26514400991797798524 4.5232538393208230332 5.7538682480928482477 2.7895171000774618975 2.6324105270730115969 2.4553951890956935422 1.32225e-08 8.54977e-06
41790554.414784386754 6028 1.7511420219619917571 0.33348761374316837625 0.18515673358770501356 3.3389312199715948104 0.43733454808195504349 2.8675623892576620477 2.7563794124407787756 2.6310691872772102862 2.1303e-09 4.65226e-06
41790554.414784386754 5030 1.1289823177259625808 0.3471932377465122288 0.27972594464410688309 0.26183768648766114762 2.1364593678731398363 3.3101937684807505313 3.3831909491681595448 3.466258600376704635 2.14686e-09 4.66428e-06
41790554.414784386754 6521 2.9642246616947671711 0.10645366175235074224 0.18183248530793280628 5.3865900348973179135 0.51777938517846044952 5.2400153979550072592 5.329779538798790739 5.4165809882003896902 2.953e-09 5.18726e-06
41790554.414784386754 2010 1.476467521183450593 0.16540007646101956285 0.22538556342243032393 1.0611661768645661574 5.9372647852858415618 0.91134069724632560394 0.7862672181440548691 0.66921010590213358959 1.54172e-08 8.99881e-06
41790554.414784386754 5717 3.1656020753013485169 0.12819636945446330478 0.21487450318646297842 1.6697944407655702648 5.0917771004197671658 5.6891146008470316886 5.7574932282856607912 5.8218236736862927216 2.31886e-09 4.78566e-06
41790554.414784386754 5479 1.1728031812326220606 0.29419572918033221054 0.34670957680328429173 0.99039022175474988874 3.5700884155402299314 1.6898967961744169042 1.3880517099284179761 1.0987547455667465712 2.12255e-09 4.64661e-06
41790554.414784386754 6005 3.0298015745637005836 0.14399233236945596648 0.73953028050231750523 0.41227004084472246292 3.9975545221856410016 4.62375354010686479 4.7686076856320198658 4.9123725309600763111 3.36675e-09 5.41902e-06
41790554.414784386754 5540 1.854694407615083751 0.45105919257111481979 0.26188989577488169802 1.18821526932371202 6.2510636480732637565 2.2756863882980251645 1.8527140420302119495 1.4194609974652498963 2.31531e-09 4.78321e-06
41790554.414784386754 733 1.9560688083528503523 0.27277377134990626883 0.020323525500444597491 0.77522095754853370675 1.3550553565857648142 5.9665650286553475468 6.0429966928817693272 6.1078857079983031042 4.51209e-08 1.28719e-05
41790554.414784386754 4406 1.9045741613799651581 0.52838136470928909194 0.29973507868777499175 2.1442755981350227756 4.5236215865114646206 3.0649770438005909945 3.0038201824777281956 2.9312538522175781708 6.27014e-09 6.66718e-06
41790554.414784386754 6119 3.1105323309530494846 0.078527264383103465017 0.1591304298440269771 1.5565221232745301005 2.6213205555414278436 0.35852631278950058968 0.33191062907301527307 0.30632252218502520336 2.96829e-09 5.19619e-06
41790554.414784386754 5525 1.6408002787529940569 0.34199809565229699615 0.22620996948874569354 0.42458772110029108227 0.21577391960120051451 2.9497520295919903432 2.8684895596668575912 2.7762455531092462557 2.22151e-09 4.71773e-06
41790554.414784386754 5178 1.7493506056262801973 0.22910559935593910463 0.088852086710874425557 4.297919138838052433 6.0081212699422312795 0.67356513913754711975 0.54097219311923661067 0.42298977265056802999 9.33283e-09 7.61239e-06
41790554.414784386754 6997 2.8969757984562427566 0.11451802393588071671 0.16747872653330436732 2.7584543320725987137 5.6609309275255990102 3.8605007314438548605 3.9395447608026645803 4.0215313985416560882 2.77488e-09 5.0808e-06
41790554.414784386754 5667 2.0874911600801273615 0.42372608303860059831 0.63351174368580465135 5.8636124162194009912 2.4239125835040740142 1.2971385969184570097 0.89863858882345426515 0.56708143844943403877 3.20823e-09 5.3326e-06
41790554.414784386754 6103 3.2855971049892080948 0.084960125611315828742 0.12869695592822752439 1.6233876348185076743 4.0282656163132681826 5.1476107582906980298 5.2233934623567135347 5.2975002464598786034 3.07621e-09 5.25842e-06
41790554.414784386754 6333 1.2030349985092945175 0.34103534624042469714 0.24380054097190093088 3.2975069830858365627 2.454340414160194328 4.7737752053631901106 5.1175176291827781938 5.4309467437414866708 1.94245e-09 4.51128e-06
41790554.414784386754 5252 3.1672846382108406083 0.17826076145001068518 0.16464804623120707361 1.6637002327592065321 5.6892875046880657663 4.5902294376655916608 4.7700782348236012709 4.9480424481607148124 2.42859e-09 4.85999e-06
41790554.414784386754 5316 3.4649630782278877383 0.13142290961112887415 0.25110252938012583845 0.32829120716343657138 5.0458061070617663546 2.8212201474926401623 2.7768816175986805739 2.7300057794353849161 2.96988e-09 5.19713e-06
41790554.414784386754 6874 3.2715129904063680044 0.074727609372923414766 0.28170081213700542966 6.0800760907113167164 1.5049708908718371081 5.448002920153591333 5.5021128289065712735 5.5547241636573314594 2.61974e-09 4.98428e-06
41790554.414784386754 6823 1.9215467238317347487 0.29523603421705524319 0.25189326423743235717 1.696315538396780731 6.1531114992235229622 4.5050782068980144146 4.807724983267544161 5.1016203401071793522 1.69817e-09 4.31364e-06
41790554.414784386754 3953 1.2670287060780032196 0.17673277770936623998 0.34884204843505833837 2.2041258087335329208 4.6018270221573551737 3.5502002172009290426 3.6272407481581487865 3.70973635947732161 1.87457e-09 4.45811e-06
41790554.414784386754 6204 1.6150920911703292582 0.1282876318827321227 0.30897889428790425992 5.0640780705020711494 2.9954530140963706586 1.3683531656388012721 1.2439380884890574031 1.1224425504978372548 2.26769e-09 4.75019e-06
41790554.414784386754 4189 1.1133698509636409391 0.064681847061809336075 0.040686635797421280558 1.3434834836200044705 3.6538431150944896686 3.1986046438914219614 3.2024173820794796796 3.2063492124206072198 2.40401e-06 4.84353e-05
41790554.414784386754 5324 1.9315263637865081048 0.063173771035891529424 0.36615517531812863394 0.13386197468286992196 5.8970865576800042263 5.8511585754914650082 5.8768961732217341876 5.9018626546661403509 4.64884e-09 6.03437e-06
41790554.414784386754 5185 3.522762250267305717 0.033055776946630699431 0.21005883522172857925 3.3004202095691983487 1.5769291736312560648 1.4579924427730592829 1.4252017445205431567 1.3924957036992204884 2.64564e-09 5.00066e-06
41790554.414784386754 5451 3.2758518491526564809 0.080399978884400397083 0.08524711472756955899 0.4157661117955379626 4.027866399418297938 2.0304184629038779519 1.9569659992277852467 1.8824867939723790577 2.58702e-09 4.96345e-06
41790554.414784386754 6192 3.216305598398136123 0.17358784168058727371 0.31570532546775242899 2.0423415759739698139 0.34617542106954485304 1.4395478186334154103 1.2685171252739615433 1.1027996767913801346 2.79503e-09 5.09306e-06
41790554.414784386754 5992 1.754565517908811545 0.15182332551111085706 0.32199046387253077439 3.1746823261616352596 1.5983687962148525052 1.8428978831598270549 1.6930074905221472736 1.5423165384132375699 8.41385e-09 7.35386e-06
41790554.414784386754 5853 3.1434422679660309896 0.16118116696400014431 0.14757700549991500938 4.3437953369065844811 5.1910508717037151527 0.40604891821134797558 0.34642840860195400765 0.29170086296854652597 2.34516e-09 4.80368e-06
41790554.414784386754 5360 1.6708147723269386464 0.21840408173436046124 0.082758599846031039027 0.86274648945370002728 4.426938416846057045 3.5707653422275735799 3.6729483145289165691 3.7836142197071835902 3.7029e-08 1.20512e-05
41790554.414784386754 6233 3.1352982045328694483 0.12715372334272778687 0.25008222912651811853 6.1271553405751397747 2.0029007994913259338 2.7861069424119881965 2.7388515707962399759 2.6890147394854984064 2.38928e-09 4.83362e-06
41790554.414784386754 5650 1.9843108065089289926 0.19257450290308816832 0.37058681265238713198 3.0790773298318807605 5.4448692023337228463 4.2555455159833961432 4.4373169866193604705 4.6226517753825628887 1.14639e-08 8.15256e-06
41790554.414784386754 6255 3.2465620444745706408 0.11029864417223592121 0.17802778218538004018 3.8050925856246582413 3.7948172340627785992 5.1548232602826011828 5.252415765650595425 5.347018351313518103 2.45838e-09 4.87977e-06
41790554.414784386754 5459 3.0265235424998522262 0.22724299166214098622 0.21939264154677826091 0.48794039237090525152 0.7081428117160722957 2.7839431395609137709 2.6936548500394961181 2.5952341579137852001 2.51526e-09 4.91712e-06
41790554.414784386754 5708 3.1554249412261556884 0.1869621578231245862 0.22196685703014590318 5.4657045285896321829 1.2919978389985318223 0.68352941712518389128 0.57263740252878936321 0.471331844927392829 1.65544e-09 4.27716e-06
41790554.414784386754 6956 3.5056858639584427273 0.17450991726025902318 0.38420175579442589209 4.3420894199032442629 1.6774632834094285183 2.6489918471545270684 2.5589011545637254663 2.4628730086926129417 2.20649e-09 4.70707e-06
41790554.414784386754 2850 1.6355554100178331112 0.14943246895722639422 0.40957820530759186939 0.55840800578114502262 2.0105619256939446515 0.39701550140337160677 0.34268746369239561078 0.2924752396326309456 2.86233e-09 5.13362e-06
41790554.414784386754 1284 2.2845041232808283027 0.29815939347733988463 0.23870526701067248943 2.9425861995428075346 2.229800054921565966 4.091826649770419877 4.3625353904140427019 4.6426331544220129643 3.64405e-09 5.56389e-06
41790554.414784386754 6722 1.6675406409282849118 0.081738829863586451308 0.44806571607142309244 4.0661678109449379548 0.0029580125384694321185 6.2318042559144934955 6.2358441004329163704 6.2397122700150946528 1.78527e-09 4.38616e-06
41790554.414784386754 5002 1.1654509590767998528 0.36234737066095024094 0.59860410608451330994 0.063808712352273644353 5.0113062739994393979 2.233268487716336903 1.9020159393765321276 1.559363440777119969 2.79003e-09 5.09002e-06
41790554.414784386754 6473 1.8266583243555176708 0.16366203311423482836 0.19239285882257700644 1.9669200478707011825 3.7377828972202369329 2.8147302956019304432 2.7573647460992956049 2.6960171048499170787 5.43469e-09 6.35685e-06
41790554.414784386754 5815 1.154592340082576829 0.48879163251415780334 0.37393948471105276088 5.5636738977675754825 1.983288243220174607 4.1569390159888115477 4.6604502896329647044 5.1485827814449294237 2.67562e-09 5.01947e-06
41790554.414784386754 6211 1.8402366556340756798 0.18797614680627541817 0.4746836928844940795 5.2451848869014057186 3.5744322982106653264 3.0620130809968557628 3.0453616482296337331 3.0273004205026774471 2.33777e-09 4.79863e-06
41790554.414784386754 6969 2.1317508845749522095 0.048253180561190885112 0.130956630339003538 0.21904949748511179375 5.6389969039834468845 0.81098108953431069512 0.77655480845974766968 0.74273772411899763313 2.41679e-08 1.04535e-05
41790554.414784386754 6225 1.9921563679023874815 0.20980604727412149879 0.22143739211700610992 1.2448054265900205806 0.82736008217602596826 1.3087235712634606166 1.1099395741432556139 0.92202221098500281027 2.38341e-09 4.82966e-06
41790554.414784386754 6450 2.673882898046803902 0.25364388364096468464 0.16006708681564443819 0.24627395766891585493 1.1762690795764942919 5.3253992896875210761 5.5211167186296119525 5.6962373658186225001 1.74846e-09 4.35581e-06
41790554.414784386754 6886 2.7687855035482624722 0.55304329552723818786 0.64787417197877850139 0.76048025462989965462 1.3233874159796681358 2.5141263983967228057 2.05372359637023294 1.563926679268725195 2.88448e-09 5.14682e-06
41790554.414784386754 3400 1.0959334309892296844 0.47899255862239664694 0.23732649574425759842 6.0337071918114295599 5.4661920925889262435 3.4903820879028635282 3.7187109048859294802 3.9800546045320652766 2.20416e-09 4.70541e-06
41790554.414784386754 5080 3.2165746350521886576 0.23090296780565378043 0.25664922052017280496 1.0178967442682340661 4.5537377571659121145 3.4712175105520506335 3.5563644820372708466 3.6494140177791325463 2.57476e-09 4.95559e-06
41790554.414784386754 6155 2.436958946030071349 0.55181550969867187995 0.16081271125239918196 2.9344226313759809166 1.2517408369108020683 3.588690372649190774 3.9420158115608332494 4.3380266776420901564 3.03729e-09 5.23615e-06
41790554.414784386754 6186 3.2381192807029872682 0.024678968370326022364 0.22820677834332886436 5.4201168393601033557 0.30398333256839277228 5.8238572024561028329 5.8346803551038881608 5.8453816206652842169 3.14704e-09 5.29848e-06
41790554.414784386754 6417 2.240340865015376437 0.28020832634126313643 0.71323470226339691358 4.1886180608926899538 2.7839164382709533641 3.3931430363878112288 3.4757060397589412126 3.5675952363588798733 1.63097e-09 4.25597e-06
41790554.414784386754 6237 1.006099090265594409 0.14631937552761811738 0.27361133484729699417 0.69999710984256657831 0.41368024257725310999 2.4360382170897478815 2.3350706392448290494 2.2294449159207223587 1.89473e-09 4.47403e-06
41790554.414784386754 6029 2.0927348294388385952 0.043765488811344913089 0.24947534440831339864 2.1835513787192657453 4.4319678843767507104 6.2274431750629481996 6.2298304765383614168 6.2321644690364248476 1.2969e-08 8.49478e-06
41790554.414784386754 6023 1.6517136064237343263 0.17104966546416619511 0.48796743933956282513 0.027600425361943046326 1.2535699553860077948 5.7614282141002624016 5.8413011249060025065 5.9144493896954060119 5.48103e-09 6.37486e-06
41790554.414784386754 5643 3.2913332987367596161 0.067857573996722167498 0.075298279594785438862 1.5010396233378080488 1.0163022669409349508 4.6240182822072437574 4.6918664939768799371 4.7597097786048463419 2.47115e-09 4.88821e-06
41790554.414784386754 6335 3.1202210418228744082 0.064420774900726174295 0.24567619373875740352 0.74982201424514105526 2.3440678934609233686 0.66038607777984104086 0.62181499361814362992 0.58428915868504738285 2.80706e-09 5.10036e-06
41790554.414784386754 6290 1.936910105435599716 0.34101221211921006748 0.36274183358075978711 0.052147372588295382023 0.42220881430607842821 2.904997029722877766 2.8056953709850156464 2.6932921395089919336 4.66797e-09 6.04263e-06
41790554.414784386754 5215 3.1564707820597797117 0.36398006230592439003 0.18134359381377415654 2.8768797551877680618 1.9987167448315075191 3.9753506038426627001 4.2922325186939938035 4.6245554624879368077 2.09099e-09 4.62347e-06
41790554.414784386754 5257 3.2067754598642062014 0.14140249323086054312 0.18332324365440744174 1.4507524152171586973 3.7977621110146264627 3.7803869975268900028 3.8701866296642553067 3.964335413490638782 2.20895e-09 4.70882e-06
41790554.414784386754 6327 3.0065462587460212163 0.17373820473434142819 0.19445025204426050203 5.3969754030685486157 2.470220031924013071 6.0403844003709323829 6.0791738902682421752 6.114373107640386884 2.25041e-09 4.7381e-06
41790554.414784386754 5048 1.7372199733333191229 0.34819308498495360471 0.5228135564785210132 6.274624716322325213 2.5689587022907107716 3.7002638686644564459 3.9241043306819904934 4.1696023166364613033 1.54672e-09 4.18139e-06
41790554.414784386754 5673 1.5844113241400894498 0.48862331033538475289 0.48621627839755493516 3.0810490816205478026 2.3907933493368518363 3.1826953614453810104 3.2117019461150824178 3.2459309236030851054 2.67237e-09 5.01744e-06
41790554.414784386754 6129 1.4419482394796219182 0.33415726009150686915 0.61890017420323917285 3.0217145603598258852 4.4275694264499891872 3.4064463055423743754 3.514330490337532531 3.6360194148230835509 7.14833e-09 6.96495e-06
41790554.414784386754 5034 2.8861548128060796614 0.22440283987009507216 0.20297492371770214925 6.1500162926873223057 5.0001371235331308895 1.4622841231785681515 1.2399870882831618424 1.0277514139938552784 2.20492e-09 4.70595e-06
41790554.414784386754 6957 1.6453381569983200894 0.63846894626104244708 0.10248914839463618698 4.6843359312616668078 0.10561877247282824843 6.1278058302179667649 6.2100833712848650947 6.2567151288362827799 6.68595e-09 6.81142e-06
41790554.414784386754 4112 2.0016756177611059186 0.056138952223431605459 0.83506020473345454747 0.020759559791643511506 4.6867481499455712068 5.6659888995789922106 5.6977741190916324499 5.7287932563462238278 1.99037e-08 9.79854e-06
41790554.414784386754 5288 3.1191669307464811034 0.2499536184830140062 0.21489128813220159664 1.797382757266797082 5.154869439998641667 5.3859104115888198905 5.5693454780637203783 5.7330003448035329328 2.94866e-09 5.18471e-06
41790554.414784386754 5938 1.7961537308520540979 0.40787116423794411713 0.0047793000674632877753 2.7198537105079014786 0.35191706902353153685 2.6933686435279384774 2.4656140689829144641 2.210424986373252132 1.88863e-09 4.46923e-06
41790554.414784386754 5446 1.3540413217119946498 0.34254870956473820742 0.23304094970329528036 1.8538831437332636831 5.7371739220217179422 3.5806333444296822854 3.7588811125455205975 3.9571572675328967605 4.99881e-08 1.3319e-05
41790554.414784386754 5914 3.194896397324734405 0.062354547605757898454 0.107387178281266496 1.4117957937987313244 0.44858550301889066336 4.325477252903125347 4.3839508048736046675 4.4429723327931744947 2.63408e-09 4.99337e-06
41790554.414784386754 6154 3.1459421334533628212 0.085602301568366248596 0.2753203675064369027 0.14911179388564449466 5.0765072005884910311 1.4781643719205561638 1.3931609284415846783 1.3089056411058714868 2.04677e-09 4.59064e-06
41790554.414784386754 5511 3.1800436525866735415 0.14836889887964396784 0.17571992835892277784 3.9596204564373387313 1.2885141917908065068 1.8987831868157367676 1.7543159001902042249 1.6084384871220718249 2.90982e-09 5.16185e-06
41790554.414784386754 5957 3.2077169533120684086 0.063405581891843920683 0.1102467236262392597 1.1302333700067384026 5.4187411521147286209 2.6097210954538003769 2.5766306292989531457 2.5426843116163357905 3.45473e-09 5.46581e-06
41790554.414784386754 5962 2.9192998599552599792 0.17756947403125353246 0.20877734765043173826 6.2739865442240771998 1.7648112964209501374 2.9235198529382593335 2.8810940711739552178 2.835358861047549528 2.88829e-09 5.14909e-06
41790554.414784386754 5160 3.0364727275246568006 0.09853008999822074343 0.20378454366230894235 4.6648048741149983343 1.8984227942224514152 2.7563320308137866377 2.7174387681176441767 2.6768887301582870997 2.48083e-09 4.89458e-06
41790554.414784386754 6827 3.105444412936405385 0.12290070610261653872 0.13328682985165837827 2.552430355045889776 4.5044807787931038234 3.9361645506200950706 4.028107024086331478 4.1233394794297737462 3.04652e-09 5.24145e-06
41790554.414784386754 1399 1.2876847613516715363 0.16436548353544502832 0.31678358183533733561 1.7812018684267856283 2.168014040537165954 3.1554207975585559787 3.157915565850140549 3.1605983700795565738 4.64728e-09 6.03369e-06
41790554.414784386754 6752 2.1430140247510816032 0.36082207806665439476 0.48373344920688177151 2.6777361199202158737 4.0029215361140702001 3.9220741098107927414 4.2227072248463546345 4.541126426109361347 4.12549e-09 5.79885e-06
41790554.414784386754 5597 1.5135930780493989101 0.34721073333073854128 0.34833509520507449642 1.7551142177200473871 3.803222270133107763 2.6528013199241766706 2.453570212705191711 2.233087663148594082 4.51539e-09 5.97606e-06
41790554.414784386754 6928 3.2053697425066576265 0.068277474580614921917 0.19036692036128813332 2.4544475946605390781 6.2177954563719168846 4.2945404049031736804 4.3578739842057316878 4.4219056213795218113 2.08658e-09 4.62021e-06
41790554.414784386754 6056 1.6690103739698112228 0.59500466448245015183 0.24341631247434919461 0.95186814294972188488 0.41577059584894243693 1.7381992275114908075 1.0752336559297142049 0.55180728854989335996 5.38932e-09 6.33911e-06
41790554.414784386754 5640 1.2012394611317400717 0.43665199917205904656 0.021595952766057517624 6.0263629177733744058 4.2567814823010765579 2.4838569655784565882 2.1436449298246258444 1.7766998968873113363 5.24602e-09 6.28242e-06
41790554.414784386754 6292 3.4162755574983050266 0.070720129205388143623 0.59345153633227032408 0.29024818351605508049 2.0456557519469535933 1.2019045267893908591 1.1367148487065596996 1.0725535352289456981 1.7586e-09 4.36421e-06
41790554.414784386754 1444 1.9873702318962900293 0.38561616818659499861 0.86945789467556389152 0.085137037735497869684 4.5639317668971521869 2.2103193561299030456 1.8486907397079930249 1.4778686593275240924 1.72307e-08 9.33865e-06
41790554.414784386754 5176 3.0802282825785805009 0.18691971672315130237 0.12782681916992777449 0.90486346829902286615 4.2480152787378866464 3.4509399972574033022 3.5139955211277058567 3.582007128295870757 2.68297e-09 5.02406e-06
41790554.414784386754 6001 2.1168658890322951116 0.35004608171932044547 0.34587712204829773599 0.89163383678763674656 1.7185090417427988374 1.5728670223589562571 1.2151164206059925643 0.88697974299855553149 1.89847e-09 4.47697e-06
41790554.414784386754 6140 1.8586795429908973265 0.38613347547885895628 0.21130891522021610918 0.034695371518946784006 5.3843089283137866019 3.1604990203105400859 3.1700017456677191952 3.1809699716217778587 1.67728e-09 4.29587e-06
41790554.414784386754 5534 3.2639753794668013853 0.13343158516655867496 0.14801092097853488228 0.14998470852265907705 5.3977828257227722375 2.2925786327795503183 2.1874070547024353495 2.0785478213493280286 2.18919e-09 4.69474e-06
41790554.414784386754 5929 3.2423861524045332061 0.16280256266431125667 0.19737510709552769095 4.9176153340032762173 1.5925462739575662052 3.9615932513897149647 4.0883512004626592073 4.2204696700068158322 3.18574e-09 5.32011e-06
41790554.414784386754 6935 3.4896111061256505081 0.059779487452370869138 0.42847168224289966521 1.0665936520990397796 1.7707134033814140306 2.1458498746099139431 2.0948208361329476723 2.0430630111376597569 2.603e-09 4.97365e-06
41790554.414784386754 6775 1.5860093193474840145 0.12011987001427680555 0.23622909897541460866 1.9457236536060147358 3.1077671879273687239 3.105131047632799568 3.1004546555431451438 3.0955145582234617763 6.39874e-09 6.71246e-06
41790554.414784386754 5211 3.2250397118264397811 0.060561132135783450614 0.30057867073720156981 6.2103668785536756403 4.7320309497008974375 0.53001009146572752861 0.50014891941712646961 0.47110645166756653923 2.07199e-09 4.60942e-06
41790554.414784386754 6920 2.3438315751046592261 0.030450466203672806736 0.1156596005032490132 0.43801696003730672402 5.3319114548331523196 2.6976925254296739709 2.6844298798561538888 2.6709889216679392199 4.48089e-09 5.96081e-06
41790554.414784386754 1810 2.0388566891279844562 0.40414763717695995071 0.22432234778262238883 2.7394672253783762805 6.1979398293553567001 3.9627008263402343502 4.3197394141464489081 4.6931308018803834514 7.36354e-09 7.03416e-06
41790554.414784386754 5072 3.09060093870061392 0.057036861138443514796 0.18559780711423604083 3.5450878070254141505 5.0097538006559556578 3.2255070417576896524 3.2304315847205051782 3.2354920159110833744 2.73643e-09 5.05722e-06
41790554.414784386754 5231 3.1738208058952355195 0.09895312908543910102 0.27844611992084494778 5.047971829287227763 1.4800893928797758115 1.200039311868228431 1.1092773506895008406 1.0206769832020918809 1.89135e-09 4.47137e-06
41790554.414784386754 4786 2.0253708514355603931 0.47706190764437800267 0.28982235361710750876 6.0118744218803392698 5.187269873319994673 2.1818394292719007765 1.704278337964351131 1.231460136402361405 8.41208e-09 7.35334e-06
41790554.414784386754 6756 3.2122851281326889605 0.05412117581781838993 0.35206102771388270156 6.2180005805451976642 0.52822306983363775945 2.7897471583706221487 2.7705953585067488731 2.7509739937102102303 2.22448e-09 4.71983e-06
41790554.414784386754 5323 2.824890436931082327 0.12196567078046263721 0.16134794640224195406 6.2390006925061314291 1.1787413212719903832 1.4395235720839973936 1.3192640961372787967 1.2011364161362174663 2.25995e-09 4.74478e-06
41790554.414784386754 5372 1.6385024659310154505 0.25169318554859132497 0.23492256742480288612 4.6327545006525507887 4.7064860938014581038 2.3275434698193895322 2.1243470347133923681 1.9102408934626882164 1.39548e-08 8.70479e-06
41790554.414784386754 5855 2.1545329885846915552 0.18885036949615444102 0.45045419681832010728 1.8229443664273037307 4.7237343065977945855 2.7974053843813559972 2.726796235401569124 2.6506888526687175656 1.88487e-08 9.62226e-06
41790554.414784386754 6960 2.9853636349989529641 0.16460537126143787168 0.14574994076641548113 5.1404146797677716663 5.8922466566222899687 2.8874353851047125374 2.8421385332451376549 2.793580168651660145 2.28045e-09 4.75909e-06
41790554.414784386754 1410 1.9868964529665025243 0.12396337699372673991 0.32841435277490327316 0.91898894483480575435 0.75749424857537506206 2.6218933376577586714 2.5565874325119293253 2.4881343927081838174 1.96181e-08 9.75145e-06
41790554.414784386754 5256 2.1161983759529063853 0.17564336032912039598 0.14174383934309861544 2.6360925465760498554 4.1136343393546725977 3.0361393378161403156 3.0157090553484309225 2.993656787540477815 4.61883e-09 6.02135e-06
41790554.414784386754 5489 3.2208094066976991066 0.079596533241992395435 0.33896838526002281977 4.9214296657903480181 1.0608441377055957133 1.1733496564483361091 1.1009893978451270602 1.0300166944193620555 1.80848e-09 4.40509e-06
41790554.414784386754 6914 1.8493126563224766556 0.33395644049709310996 0.25419033578499744541 4.5532109482104621279 5.8198810042744630877 2.7662169375058778265 2.6164431257807834186 2.4490166060589322328 4.41745e-09 5.93254e-06
41790554.414784386754 5578 2.9035302389498514053 0.019396020795617190113 0.24515459752978627228 5.1862908257503548271 5.928888319057890044 3.6839218308651417999 3.6940174679646831102 3.7041955862030948587 3.04211e-09 5.23892e-06
41790554.414784386754 5196 3.5812292176584765713 0.11993536695908035838 0.1520483053481192226 3.8791393015594120008 5.3322974880648441598 2.607176315048057802 2.5425409829534788564 2.4749142833558135379 3.02458e-09 5.22884e-06
41790554.414784386754 6832 1.619053370950464199 0.187712839512236912 0.34305668015754753331 0.16722396979531459205 2.7603418757878217527 2.7694795334174870938 2.6939913204040752959 2.61274837521947223 7.86044e-09 7.18895e-06
41790554.414784386754 4502 1.3095343040787223998 0.021338953139358518563 0.2776534734094683321 5.8759687043750963298 1.4338439596444940705 3.9953103261036755356 4.0115091859731091262 4.0278180167785206933 4.58456e-09 6.00643e-06
41790554.414784386754 6425 2.4100388938573771291 0.37899146471869710195 0.5904930614373882225 1.9555603790815923038 5.4695467799973531697 1.8134748817695305334 1.4176137468808085451 1.0430600931766118578 5.02719e-09 6.19382e-06
41790554.414784386754 6089 1.8640540345907563591 0.30374491440056627933 0.23101983172033457858 5.5185272647623921927 0.66764772338934630369 2.625974819774316682 2.4490397608568197363 2.2550974137216850401 5.81535e-09 6.50193e-06
41790554.414784386754 6572 3.0119092559632254513 0.16949200926230356679 0.18368642647532160139 4.8961886139172747789 2.4380730169734339263 2.437901674554495024 2.3198818367850448929 2.1957608189608066596 1.66053e-09 4.28153e-06
41790554.414784386754 6842 3.1628744407106030856 0.0665229594663249435 0.1657512769101193717 6.2822670597253056357 0.99516747654032533532 2.4003696050009910579 2.3542800204465015312 2.3071512165335787969 3.94698e-09 5.71398e-06
41790554.414784386754 5291 1.8883098504429749465 0.30394638915645616484 0.72921646001831075257 0.40141822899889384457 2.8771584927062967552 1.8072136338828639346 1.4956561029268489182 1.1925673588787104595 2.6037e-09 4.97409e-06
41790554.414784386754 5063 3.463804031073552725 0.17033896044058044472 0.3901800011261943868 2.3980759306506342909 2.0181489263305345538 3.6657640135224971445 3.7584699306701598864 3.8570094546888205045 2.23728e-09 4.72886e-06
41790554.414784386754 6557 2.122516978696271206 0.36428806170240085605 0.26794232752919328044 1.5616002256244756463 4.8304227499883829466 1.7546931886697603176 1.3751770036070580794 1.0178368342296462146 1.93092e-09 4.50234e-06
41790554.414784386754 6055 3.2070826772251326275 0.068102162142040498227 0.060623935478672875965 5.2553010398575654705 1.8030665316303704504 1.6229155302298157171 1.5547320935640331907 1.4866387184410219113 3.0525e-09 5.24488e-06
41790554.414784386754 6197 1.9578077762256669292 0.11750024264350193703 0.31825721090181136042 5.4566101151602204311 5.5385756261801271094 5.0242744080598873424 5.1343893043706581025 5.2415814224034180668 8.02678e-09 7.23931e-06
41790554.414784386754 5642 2.8859777145918252828 0.18924975388832612766 0.098728270978543600234 4.6886334171314159036 6.164568700273068913 1.1565757073202922456 0.98861720559232291183 0.83054323468855806301 2.80041e-09 5.09633e-06
41790554.414784386754 6291 1.3354640240946866747 0.14099877347989761556 0.34346592040611328978 3.1163776320459759539 0.89252144505356756365 6.1614151453961421012 6.177496798093081054 6.1923710211201594689 4.97801e-09 6.17355e-06
41790554.414784386754 6390 3.2217020871953212513 0.083316272171626473697 0.29987785398963906491 1.5899215349079323101 6.1749949763431812855 2.7706766713960395698 2.7392028846637193062 2.7065747035299558831 2.74624e-09 5.06325e-06
41790554.414784386754 6126 3.0402177946234778538 0.25855356305228205382 0.13797718975439746125 3.7236187787639014601 0.92895927311579606922 1.8808272686796054796 1.6213374497462520463 1.3631140416770910484 3.04059e-09 5.23805e-06
41790554.414784386754 6104 3.3336870343454148014 0.031528596110700926602 0.14874617439978526923 1.271567176561221757 0.20134746025818106574 4.714606757218981592 4.7461393991180162999 4.7776500399668773156 1.75259e-09 4.35923e-06
41790554.414784386754 6732 1.6183215416043916779 0.35794882729597427007 0.13146752184452464851 4.3443054453312823782 4.2352604865303078441 4.8062065949714094515 5.1646228291334503879 5.4865882095850784239 3.70815e-09 5.59632e-06
41790554.414784386754 6286 1.9209054731356627332 0.57790689450406351746 0.6710988482030091351 4.7065153295962316449 2.0690234345487064083 4.1561735827297221491 4.7843066485403706878 5.3607196762272533164 2.66284e-09 5.01147e-06
41790554.414784386754 5405 3.1923654421826972438 0.056193121643155853617 0.15752259099217386096 0.4406329693518606927 0.37210496989706259852 2.3711291239608103254 2.3311602062288785397 2.2904434975381318118 2.93677e-09 5.17774e-06
41790554.414784386754 5098 3.1772393789281183629 0.05214129068818443985 0.14069158439482040701 5.5721300327432059518 5.0501118837302723108 0.99989943612849985222 0.95661411021950748523 0.91400190106683776303 1.90652e-09 4.4833e-06
41790554.414784386754 6952 3.214430407486004615 0.11694771955024327315 0.086054850502036039916 2.6929155086889733361 5.212734688783703163 5.2452321264056580574 5.3433094176159672273 5.4377429346968462198 2.57429e-09 4.95529e-06
41790554.414784386754 6667 1.5127788848528622712 0.11837536420978282681 0.12818116488690775578 4.361282501161105607 3.3425689054086498153 2.3992536611435810734 2.3153215734615000265 2.2282671836939420551 1.85586e-09 4.44323e-06
41790554.414784386754 6282 2.8037643277463963898 0.10053149859580420844 0.11366713376591962292 6.2223672254174120511 1.7382180772131892166 3.5596657351027380933 3.6025540712438002267 3.6472714250406115255 2.68214e-09 5.02355e-06
41790554.414784386754 5240 1.835424645151469969 0.35583791471350989521 0.34317498883207780969 6.1353725972212878048 4.2711331587831047329 5.0293302569672855284 5.356969539911821343 5.6414092401775892682 1.54708e-09 4.18172e-06
41790554.414784386754 5138 1.6703310229292946953 0.28284899659506457237 0.32917643482007402644 1.9489064243740470417 0.43399005965412801311 4.9887133681085220616 5.2544032750640026208 5.4967118985204832526 2.37553e-09 4.82433e-06
41790554.414784386754 5548 3.1828998827580203823 0.086429082955198605065 0.26634691467564036715 3.0312555240765948206 4.1473098933228662588 1.5830112616094846878 1.4964349312239157985 1.4102446980457004067 2.11518e-09 4.64123e-06
41790554.414784386754 5131 3.5417257689962342582 0.087344360128785533681 0.27118270014014755898 1.2526560601318570409 3.8073901236722442754 1.3849257013380222858 1.2996629948233668905 1.2155095004124825131 2.25296e-09 4.73989e-06
41790554.414784386754 6295 3.2525441283892355671 0.026080278082779542043 0.23033645280336109695 4.559076874778305033 5.978679612884901573 3.5556118951659771987 3.5662322864180056037 3.5769771639914091921 2.30061e-09 4.77307e-06
41790554.414784386754 6761 2.0645618553247420124 0.31597992483422787657 0.068505453894391124536 2.0205513354564428319 3.6077848940492462937 2.2805232096087313387 2.007192462568239133 1.7208259195492496829 4.88068e-09 6.13306e-06
41790554.414784386754 5278 3.1462574547515149703 0.11989500040777177625 0.35076967585748969336 0.23512090567483678871 1.2845951347891115812 2.1698325252516981188 2.0670562399702543388 1.961624231858259515 3.13887e-09 5.29389e-06
41790554.414784386754 5669 0.98424109792199743207 0.29990787028794191338 0.44535202676782914555 1.8871640687146387094 1.4677962141834519638 2.9189344352011965533 2.8392558873527202756 2.7499577803872412574 5.45549e-09 6.36495e-06
41790554.414784386754 6401 1.8474279540716902481 0.68100565253950262612 0.45032937451615501212 0.9185802140867197485 5.6493799741133905457 3.0725653088777868938 2.9834023816340491386 2.8761226528668903946 1.93159e-09 4.50286e-06
41790554.414784386754 5053 3.010628828449624983 0.21454357870652282503 0.24979438244152715742 4.5860624028386771656 1.4389395635010813201 3.0706980327315984702 3.053455408194956533 3.034570600406456542 1.90259e-09 4.48021e-06
41790554.414784386754 5116 2.7194693771303768415 0.18851733324245320556 0.046005673150463860521 3.7461255206953665287 4.4513889676695468367 0.68059966875463850933 0.56925462042475705182 0.4676429552883149543 2.56354e-09 4.94838e-06
41790554.414784386754 6595 3.0330306403156530592 0.071589655797376944291 0.21621787477961748603 4.0652703170760817741 4.1354653285937654772 1.9067138572909028138 1.8382562969668427844 1.7692119904457244139 2.5233e-09 4.92235e-06
41790554.414784386754 5290 3.1963046256339571194 0.018278080163131482649 0.10748462931622554395 1.5913864143712836974 4.7548774917564848863 0.15812414760697968141 0.15527147987036357679 0.15244480550149183684 2.68653e-09 5.02629e-06
41790554.414784386754 5762 1.6973224632909806875 0.09355574314596368235 0.42719485070435964102 2.7323829250638942412 5.0785499879389615074 3.088472548974938281 3.0832497878299598426 3.0777945737207716981 4.50081e-09 5.96963e-06
41790554.414784386754 6628 3.2772037547152961245 0.12090426253924289879 0.19222498710789184817 1.4481001509598450117 5.0202819547417973922 2.1497440584104494654 2.0447785868546626276 1.9372030867760345885 2.5094e-09 4.9133e-06
41790554.414784386754 5227 1.5914771948175434613 0.30731345110464236559 0.17972537721700609925 0.095793275513786774189 6.1113212510645880116 2.6160793912743285361 2.4336831235802001139 2.2338534692823648342 5.94474e-09 6.54979e-06
41790554.414784386754 5481 2.3420110427446112489 0.164707384871061846 0.76174674410486642451 4.5749919847537583451 5.3918365958749214784 0.11328528117286298937 0.0959656312857051913 0.080183632966714116219 2.0621e-09 4.60207e-06
41790554.414784386754 5885 3.5093494635327435738 0.039181182161295381727 0.29587286767123732734 0.83225542268457208817 3.7669063422429083232 0.0074869074418186919856 0.0071990921110561103061 0.0069170256081116281502 2.25928e-09 4.74432e-06
41790554.414784386754 3089 1.6161055327065021459 0.2436701908282346285 0.090837598268947231106 2.1708467377476914351 1.2406832653605770478 3.3179913129504665648 3.3674162646790155584 3.4219762469678549621 1.46985e-09 4.11094e-06
41790554.414784386754 5878 3.1953458793569784469 0.045845052358399203396 0.11077916310819349577 6.224742137779497142 3.1510897731872749006 0.21983136461090496683 0.21004796077351300942 0.20048895530209900895 1.44428e-09 4.08696e-06
