71260780.28747433424 0 5.3975061699264506032 0.050341100118273411634 0.033907160408180821165 0.9580105033587175134 5.1576789395218076706 4.6823928423193272863 4.7327706219152574363 4.7831012662642811151 0.000954966 0.000356051
71260780.28747433424 1 9.0035232922753412055 0.0526653004937170377 0.032634699485304917432 5.6255834067950809541 5.4664159707423278789 3.4476422372328903165 3.4639299023872585082 3.4806134426720709563 0.000285285 0.000238018
71260780.28747433424 5775 3.0411345923184605056 0.12877802576237507015 0.17765359662176744004 1.6661841404846371439 6.2010189035826677184 1.6191254408980835233 1.489736113319146682 1.3613809405768777516 3.02463e-09 5.22886e-06
71260780.28747433424 6920 2.4023762397835493054 0.16609986992756650692 0.28158800454120558321 3.1339286898920288849 3.1719851310948876666 3.0689235238378089754 3.0556745438327017617 3.0414211083825346549 4.48089e-09 5.96081e-06
71260780.28747433424 5134 3.547963982534890981 0.061655541935151027266 0.30573309658198294381 4.6677541227439203197 1.3927932054192841971 4.1757896356828361206 4.2296671453637681992 4.2842776015091850184 2.31886e-09 4.78566e-06
71260780.28747433424 5278 3.2019932545806715218 0.074115908941324901149 0.27040810729609604524 3.9518169676021290826 1.7505405361903350059 2.2918335566226928357 2.2347024138941025129 2.1763293671075407687 3.13887e-09 5.29389e-06
71260780.28747433424 5196 3.5405848974808198371 0.1423615700329254885 0.17176661322226885464 4.9194541983009472119 2.9819219246938208912 2.0911111170222635991 1.9625554679417251958 1.8309793778693346233 3.02458e-09 5.22884e-06
71260780.28747433424 5063 3.4854020946840762463 0.1527159136051340349 0.44829299198096744794 0.17829529042420061424 5.1913250301246609553 3.0859086332794118945 3.0766489934765970382 3.0667380333938956127 2.23728e-09 4.72886e-06
71260780.28747433424 5846 2.7526917218166526702 0.37947484455557672911 0.25374378597069141561 0.6689125088842057254 0.088076309293110666143 1.3006448522670535084 0.94355478872161413495 0.63631314572750907743 2.37403e-09 4.82332e-06
71260780.28747433424 6960 2.941342701236553836 0.1753474825637502954 0.095305741109901920272 2.3902955634004929841 3.0915284558238647072 2.3327610032789145578 2.1968145508785066333 2.0547187481582258606 2.28045e-09 4.75909e-06
71260780.28747433424 5548 3.1720264532308570793 0.03656610874240112663 0.34472162887366047945 0.74033809397721017653 6.2619603592970349837 3.5147282450484587102 3.5282932212467579269 3.5420835688338603298 2.11518e-09 4.64123e-06
71260780.28747433424 6443 3.2178889251679003713 0.20087266804889028493 0.29133954479525070447 2.1703579901701721688 2.6656667071765318688 4.2659920766302086292 4.4568513806516589781 4.6512012207892965421 1.88164e-09 4.46371e-06
71260780.28747433424 5990 3.0898924073353710718 0.054879799646974473937 0.16164781969171818088 5.5603415182982800502 5.1867454061007176591 1.2558280971805828585 1.2040607368290832113 1.1528302881676824043 2.30118e-09 4.77347e-06
71260780.28747433424 6883 2.3577694083188545093 0.37940989311266903883 0.21888120443497496859 0.82619385750961704673 4.7659915235673828704 5.6719943747563679182 5.8661287251216167604 6.0198167034035572343 1.23696e-08 8.36184e-06
71260780.28747433424 5098 3.1255791760889284348 0.0090027526226375883395 0.12312621744077113795 0.74974826683744821842 1.1609892474782947946 0.22929044986102867232 0.22725313494730073338 0.22522479554586979922 1.90652e-09 4.4833e-06
71260780.28747433424 5929 3.252327524808654502 0.17141289466162171196 0.21695317141688649776 0.38899397141309383086 5.1905353982561379667 3.7047468379800756466 3.8041182751927165029 3.9095560806836928691 3.18574e-09 5.32011e-06
71260780.28747433424 5467 2.9541058318357773516 0.14624242690680119838 0.16644526297578826624 1.6669594509721357145 5.170645555741391064 3.1977514319594426695 3.2066579653597129251 3.2161665620461401538 2.43648e-09 4.86524e-06
71260780.28747433424 6282 2.8563207749057641927 0.045745058787176370863 0.04912132148316791791 0.53792638768147915673 2.4568159671604776761 6.2399790895204656493 6.2419117920777038577 6.2437993154455657674 2.68214e-09 5.02355e-06
71260780.28747433424 5694 3.1069976357652198118 0.083908632778052952284 0.34239897056918516816 1.5860938909436408384 3.7999545537073280421 1.4551405678421829304 1.3720960325591802231 1.2898383892565856712 1.21025e-09 3.85309e-06
71260780.28747433424 6392 2.9637871475773374108 0.2162147513767318785 0.1525041768018076116 5.068339831294883524 0.43087825909968652249 4.0655705265243486934 4.2519590430251028579 4.4456575242103522072 2.75286e-09 5.06732e-06
71260780.28747433424 6484 3.1115274514128348216 0.16336325735779932966 0.25340255421819868342 2.2584171083311121997 4.1551390468095252828 1.0226087843930937726 0.88821123884425512429 0.76145039538876724272 1.88476e-09 4.46618e-06
71260780.28747433424 923 1.9966629827032411626 0.41457627333160351757 0.39025513178389120705 4.7101940827405588408 2.2908443636837079183 3.0176221505977105508 2.9492342948356018439 2.8699779718255835625 2.53731e-09 4.93145e-06
71260780.28747433424 6739 3.1979949807435277265 0.13653976714497431666 0.21966333188799555542 5.599726054962509636 5.8660476857217753732 1.0184605280278746786 0.90585314869722710629 0.79840292684477398577 1.84353e-09 4.43337e-06
71260780.28747433424 5885 3.4922868054201172683 0.083896630225347781917 0.24649707020373423649 4.9801863871638092363 1.1255811645997295667 1.6607891349747465615 1.5768165107667238001 1.4929214008534210656 2.25928e-09 4.74432e-06
71260780.28747433424 5405 3.1809745585553952374 0.048569984656823543545 0.12499526775644401178 2.3640509812692620528 2.9199257967371816669 0.96847293991218574849 0.92897556275281156779 0.89007066131519063656 2.93677e-09 5.17774e-06
71260780.28747433424 6764 3.2901894787332803816 0.022127802873660350896 0.22624083332439420824 3.5800912280715171399 3.4494864567505159059 2.4787788586564993842 2.465041521476393438 2.4511871371626057226 2.4069e-09 4.84547e-06
71260780.28747433424 6362 3.0028891934663004548 0.0279191863428024864 0.25050763290317096255 5.7189502663175089126 4.4919317863128913615 3.7162803868818583553 3.7316391509424189366 3.7471733766990107384 2.92709e-09 5.17204e-06
71260780.28747433424 6775 1.7539943655980054782 0.24628852345056259643 0.14561945036022053146 6.1226074005136146283 0.97902004559034694342 6.278307833599574117 6.2793922574897269584 6.2803264398571645444 6.39874e-09 6.71246e-06
71260780.28747433424 6055 3.2270480405196022566 0.061978513982868549403 0.049364454193146098393 2.7391909966718297476 4.9129275643274130658 3.0206916848786407037 3.012971792970586371 3.0050220248089534181 3.0525e-09 5.24488e-06
71260780.28747433424 6498 3.2033560307137229906 0.068311868650348925303 0.15594288691111848899 2.1078191254518063857 3.4845090253445207829 1.778901597958770342 1.7115348162678027943 1.6438983692583220009 2.50157e-09 4.90818e-06
71260780.28747433424 6313 3.2389235742655797523 0.050317658382369116754 0.29814409579862577448 3.7661692616865365402 4.7161222144897401165 3.4726448912029557192 3.4894091604295467413 3.5065597268689772115 2.33149e-09 4.79433e-06
71260780.28747433424 6300 3.2099833831027075881 0.095572687406603379356 0.20333300639904935969 2.5352117782160328296 3.4248303426314712361 3.6376178538419319253 3.6852043599535853069 3.7346374615379489548 3.26125e-09 5.36181e-06
71260780.28747433424 5323 2.8074391935124936026 0.05703093113053909341 0.12355510261925138626 6.2401317209537685571 4.2636004070700224133 4.4289688483383296003 4.4841959216417262013 4.5397484255297912981 2.25995e-09 4.74478e-06
71260780.28747433424 4755 1.8604331609349882282 0.091728861938608102777 0.050987261830086158532 4.9817133524129850741 0.94894187755021752739 6.0631668148601036705 6.0823669106367548309 6.1006641903114600112 2.45943e-07 2.26531e-05
71260780.28747433424 3800 1.7020008269662507683 0.56078402773942981341 0.58503858260918362166 3.4095174647920938327 2.2252047262721590393 2.5945185483258805803 2.1685942248646483677 1.7050630382465259416 1.79108e-08 9.45995e-06
71260780.28747433424 6104 3.3535730005023083322 0.43146273113128613685 0.22681142019981362368 4.2493266393634421263 2.9685306152359900445 3.1446453898549640016 3.1464365999721506384 3.1485265741345851431 1.75259e-09 4.35923e-06
71260780.28747433424 6197 1.7623727470269021644 0.40248772353074324659 0.39528645809166401692 2.8727076807821521065 1.8855771343055469647 3.3578600768425199696 3.4712080017316115921 3.6014848688582192793 8.02678e-09 7.23931e-06
71260780.28747433424 5080 3.2002426609010763414 0.17828452290712828998 0.24765420113107089461 2.1966647093449589434 3.5681951899472004186 4.962755280909495248 5.1326737691596608926 5.295442685256621651 2.57476e-09 4.95559e-06
71260780.28747433424 6425 1.7431926391957590639 0.65374434769002220946 0.21161700698867957904 5.7679950156993831101 1.0405049960238892393 4.1359556644864188257 4.8820849726319783812 5.5264390372605074475 8.73342e-09 7.4458e-06
71260780.28747433424 5489 3.2173830232072808677 0.049002468938146165334 0.28813148822357226297 3.2403834729094094236 1.4030806132295883248 4.8869252305869625985 4.934998260487603261 4.9827915790804881979 1.80848e-09 4.40509e-06
71260780.28747433424 6756 3.1924428033184364395 0.063934930771849737829 0.3351899788960270854 0.79310053434665295224 4.3498693901573766141 0.42859958555493909982 0.4027548906320860822 0.37769532063967137248 2.22448e-09 4.71983e-06
71260780.28747433424 5116 2.7207399472398656748 0.16526453017822964608 0.13012264643631546446 1.0327606538506040046 1.2833111582800549311 3.291088459778058084 3.3180936771875932934 3.347111821374543883 2.56354e-09 4.94838e-06
71260780.28747433424 6951 2.9991431862994208934 0.041054636783156420177 0.096101029560590148226 1.4905941885489124576 5.0447778365099518183 1.857658697208440568 1.818040042978124049 1.7782338507711448194 2.54062e-09 4.9336e-06
71260780.28747433424 6295 3.2582630500780038751 0.028161079849810241593 0.28734788531328242511 0.85354117705438359298 0.3289206345979432955 2.0670668521205040058 2.0421321647474872663 2.0170416983545060852 2.30061e-09 4.77307e-06
71260780.28747433424 5923 2.9962756875037057647 0.027206397307456772067 0.15360092116463269774 3.1236134406150219966 2.3486209106370021793 4.3769600361487359663 4.4027691183607631231 4.428681836932993221 2.22479e-09 4.72005e-06
71260780.28747433424 5234 3.0316711388065136212 0.18287721985445010153 0.03455665713503093539 4.1564747310605865138 2.6196570119135307309 0.5289846253331103032 0.44282635646681439701 0.36446439840075861571 2.35138e-09 4.80793e-06
71260780.28747433424 6863 3.1330262633789236482 0.18917694970026058265 0.0019963322084204648821 3.4075425593625707776 2.9075542193030892157 0.050269309287201455194 0.041511824021209266233 0.033660999027977006604 2.72515e-09 5.05026e-06
71260780.28747433424 5146 2.7593525460890488965 0.13188526550251339353 0.056152793904722553275 6.0751758566540896567 6.2471538553647425474 3.0112519468927487765 2.9928258066641619806 2.9732779423391098028 2.55901e-09 4.94547e-06
71260780.28747433424 6969 2.1904571836144142161 0.056870455165610962756 0.23359338544870800192 5.5305736800328668679 5.5707455394606695265 0.65615591384085647508 0.62220150608716584539 0.5890559540834027219 2.41679e-08 1.04535e-05
71260780.28747433424 5047 1.6955127293990071013 0.25311218983922761927 0.090382475675803181092 1.1947581827806581511 3.4701602435265432867 3.4183115753846520235 3.4984917009812046551 3.5869216010328441868 1.0218e-08 7.84583e-06
71260780.28747433424 6657 2.3518860669381056461 0.229817687379833685 0.34271376551933679933 0.63458000668246272724 5.6002548374129483832 5.6401567254228606174 5.7677477896665294566 5.8810285060812352853 9.52311e-09 7.66378e-06
71260780.28747433424 1444 1.7708608479197127661 0.31261345657151390354 0.79810488753226582759 1.9533365071526931356 5.1665102672837504016 2.400570609623296825 2.1563034933202600563 1.8957614594811624809 1.72307e-08 9.33865e-06
71260780.28747433424 6628 3.2427674505353820678 0.14580462564013607629 0.18425141629048683023 2.7634749724345462063 2.0309763837345067294 0.12958725718024122209 0.11192838460685930468 0.095642762436423431338 2.5094e-09 4.9133e-06
71260780.28747433424 5290 3.198327562195692142 0.063109520696879597979 0.18521357804549867798 1.0600028281057700674 4.21041323579229676 0.42772935187293609216 0.40225850474158825199 0.37755128087226297318 2.68653e-09 5.02629e-06
71260780.28747433424 2992 1.7754237031753448139 0.29639980221862238796 0.093976092704157160318 0.47110532274878430536 0.35593338668449076012 1.5794236151446461314 1.2781256423754769891 0.99432971684984083893 2.26492e-08 1.02298e-05
71260780.28747433424 6827 3.1052743569846033012 0.062076130063270916482 0.13269649415560919037 2.660075322368755657 0.39032760494964463538 1.537697751919635536 1.4756794056749575894 1.4138838724362139398 3.04652e-09 5.24145e-06
71260780.28747433424 5626 1.3217951314408189489 0.33003845633893597045 0.2557365790876491296 5.0615121335807167213 4.9285991669919964053 1.6090476823956023633 1.2707898786338773789 0.95549272739385893161 7.93289e-09 7.21097e-06
71260780.28747433424 1410 1.6066764752482274314 0.20886058005294219631 0.38124229167657275319 1.9118675034514671651 6.0820393407077322223 2.5856529692718175362 2.4633705825427338887 2.3323294575176833909 1.96181e-08 9.75145e-06
71260780.28747433424 6244 3.1772918136639018982 0.084908278047259380661 0.34241855715173530328 1.3858206738394227564 5.4798303126243350647 0.0064236269963266366331 0.0058995155507006215301 0.0053986007496528778948 3.08558e-09 5.26376e-06
71260780.28747433424 6327 2.9939963794672301844 0.11624261601470074756 0.20012389697686255863 0.068538881841022414321 2.7300573005844523955 5.1312007436337800925 5.2351955372680709644 5.3359106089318073529 2.25041e-09 4.7381e-06
71260780.28747433424 6390 3.0365763281521305217 0.24507940232549510484 0.12102688700461125548 2.4560260587090936291 3.28370990508034577 0.052493282505636687518 0.040878514305510392501 0.0308628224540184945 5.26519e-09 6.29006e-06
71260780.28747433424 4112 2.0813489559165514464 0.33413452678385191508 0.76617836085970925097 0.5243412947550952774 4.1462243703490289093 4.5814189936803488834 4.9268549153225089654 5.2533344856815755719 1.99037e-08 9.79854e-06
71260780.28747433424 5511 3.2151702266384387663 0.13602979151419317128 0.22035792564024031526 0.98585620840158727507 5.88725586303679016 1.7140127657098962466 1.5776265539939560156 1.4415999354985882253 2.90982e-09 5.16185e-06
71260780.28747433424 6186 3.23326912124632182 0.021574650596271654351 0.18645848437020784427 3.4202751231019319356 1.9321682586436517148 5.1857260197207493135 5.2048362463526416377 5.2238473639741167531 3.14704e-09 5.29848e-06
71260780.28747433424 5195 2.7723990619120288947 0.12478816393355686432 0.17758051454005202574 1.5348922405824625415 3.9848008245838606456 1.6688703991589994846 1.5435893353428922214 1.4188473539317640881 2.26107e-09 4.74557e-06
71260780.28747433424 6935 3.4770287306641654013 0.095054895789783128146 0.42382330937684592476 3.2802546614748604448 2.9089870081140549729 3.4065499938010397329 3.4326990499828595738 3.459980969253392491 2.603e-09 4.97365e-06
71260780.28747433424 6667 1.3804721842781326746 0.080495014759180527619 0.46711935920709979353 0.82904222319108300532 5.4452362669148479668 5.4513476488054513069 5.5093522467780671192 5.5656087566737078021 1.85586e-09 4.44323e-06
71260780.28747433424 6816 3.1265557253525169124 0.17290811922978593929 0.10945761704028046657 3.2469379077017661572 4.6946627308046959826 1.2185501685269368721 1.0601303081616002544 0.90928194874751877563 1.76213e-09 4.36713e-06
71260780.28747433424 5762 1.382015117387568548 0.021608179314580994862 0.48311963827880016753 0.29083347560141076249 1.2129187364508253744 5.2144225816432081544 5.2332680977893595298 5.2520106441935059394 4.50081e-09 5.96963e-06
71260780.28747433424 6595 3.0553593244677390572 0.019906701089962196283 0.29160595728774257873 1.0438139228490710408 2.6931939698857090271 2.6537778970493706154 2.6443640589727506196 2.634868730495247835 2.5233e-09 4.92235e-06
71260780.28747433424 5950 1.706931696350668215 0.29463035389408764875 0.21868720490716672678 4.8293547455026812898 4.0722416905604834625 3.8443883806122918223 4.0635618560717876591 4.2983212770979406514 1.07677e-08 7.98408e-06
71260780.28747433424 5351 2.9648967513816986141 0.18354662733913204575 0.054000753347236432611 4.6312596791149953646 1.3102490575091136904 5.5477207192397681723 5.6638153613144615051 5.7703682638212558942 2.44807e-09 4.87295e-06
71260780.28747433424 2768 1.5635032860967861268 0.036427279775937883299 0.056283426286768772906 0.91660408281512106843 4.0319414626489411546 5.6065453085768197639 5.6290422554771328834 5.6512075054989079348 1.06163e-06 3.68842e-05
71260780.28747433424 5194 2.3441111632182329849 0.25553281666822880158 0.22059267713586330761 2.2672166182849564642 0.77388336398312829179 3.1144067274320428318 3.1062892134203159422 3.0972698996994050269 4.75382e-09 6.07945e-06
71260780.28747433424 6928 3.2292209226336776595 0.26356435145404227827 0.2379750136065994226 2.7291375932774282198 4.3426617816972221675 3.3135320535467038816 3.3664172002247867432 3.4251750053105611826 2.08658e-09 4.62021e-06
71260780.28747433424 5914 3.2170303181801087611 0.021391523238069067026 0.042698575084485289322 2.3783370463456883215 5.9447844003046412809 1.2790100416297038866 1.2585839268033522931 1.2382265483480181523 2.63408e-09 4.99337e-06
71260780.28747433424 5072 3.1180374127136611939 0.052717599969394554615 0.17720336875191766701 4.4741106230223026685 3.9694515430551753354 1.0437990540802379869 0.99880697764344816836 0.95448065982320340339 2.73643e-09 5.05722e-06
71260780.28747433424 6154 3.1741926809847607061 0.10951600381555845476 0.27183758398138119228 0.62373654753893514879 4.3028963616988633589 3.2013443179190823606 3.2082843798993958551 3.2155827781575894164 2.04677e-09 4.59064e-06
71260780.28747433424 5312 2.9880311856436678752 0.063305128380314282244 0.10260135973001656418 3.9869799314104885646 4.8384331228879844389 2.4983401974902217368 2.4593478705697644493 2.4194316498798027482 2.46345e-09 4.88312e-06
71260780.28747433424 6126 3.0169112407652427521 0.22474144205849611033 0.1425745565444470897 4.7675357115869871905 6.1350896335319573538 5.2737650205352233357 5.4549709375656485477 5.6205436026819421969 3.04059e-09 5.23805e-06
71260780.28747433424 6734 2.4576621306481403195 0.17126240308842333171 0.32116838764569882736 4.3560853264842052113 1.9421785054420575012 0.32370218238058173776 0.27298193170436363397 0.2268088778556585916 1.24231e-08 8.37387e-06
71260780.28747433424 6073 3.230110308460061308 0.039810719603391983568 0.26320621811738859064 2.5771714717489562219 3.7340808087736752086 5.5838869233733809949 5.6091363345582321287 5.6339843767578354772 2.87152e-09 5.1391e-06
71260780.28747433424 5578 2.8865468385512311755 0.13910502546840960991 0.2091387652171757261 6.0727734326402682541 0.99680035840006808723 6.2686893225044624245 6.2705832112569046544 6.2723361797313463839 3.04211e-09 5.23892e-06
71260780.28747433424 5231 3.1472466930550515585 0.10234482704601084724 0.3352519617717247824 0.92946430609070873619 0.30109729410278046613 4.5118425309008589608 4.613351287141165713 4.7151946014999630563 1.89135e-09 4.47137e-06
71260780.28747433424 6029 1.6073209780876944741 0.39501522078347656164 0.54906949037198293784 5.7906435604199888445 1.2879195676864616527 0.97546804454869440182 0.67217957134560180066 0.42620639563296869312 1.2969e-08 8.49478e-06
71260780.28747433424 6290 1.6788012826596938609 0.33610278544575777904 0.23271650286537051699 0.35611205435143850062 4.969140328712187582 3.9247457256141156101 4.2013461354910379697 4.4945067283958879401 4.66797e-09 6.04263e-06
71260780.28747433424 5160 2.757274057306074333 0.77690792434748878748 0.33532398175561101139 1.115861305926801883 3.0423523160933827469 1.3825634838346609889 0.57042583986602857227 0.15090292985065001385 2.48083e-09 4.89458e-06
71260780.28747433424 5717 3.159878089741298357 0.13387087175000189632 0.21845475912459624834 2.3299592759001166442 5.2235906103178137982 1.3240180265883438882 1.1958987382109242947 1.0713258507869745095 2.31886e-09 4.78566e-06
71260780.28747433424 5643 3.3359012484090655448 0.071514074397518237469 0.090536828203169231188 1.0299774336495886029 2.283085970911162832 5.1638999256051736353 5.227317688098155557 5.289558377570632075 2.47115e-09 4.88821e-06
71260780.28747433424 6842 3.1938462888215246593 0.10655875060485500705 0.11601507120751995694 3.6064982428808942672 2.4949890633127385087 3.3687313315084397303 3.3941160842154229904 3.420739591159183135 3.94698e-09 5.71398e-06
71260780.28747433424 6572 2.9603263682995510919 0.12380606561527937592 0.15197824448407451503 3.1202711735857922015 1.5687453271428006829 2.7769829772613303653 2.7299422815211582538 2.68040470450339674 1.66053e-09 4.28153e-06
71260780.28747433424 5131 3.5298039913707288662 0.14426338709289737716 0.29366814602408863877 1.5322697504821782832 4.9266198849703535245 4.4707613561694392601 4.6138121642143747891 4.757375187022810259 2.25296e-09 4.73989e-06
71260780.28747433424 5534 3.2406889362773467766 0.1687622520549241778 0.14762545108983643471 1.098179919468345922 5.5056810819539236945 2.6402754006066104786 2.5520639530951423346 2.4582373153372669705 2.18919e-09 4.69474e-06
71260780.28747433424 6119 3.1548166370126700109 0.037071446470619870417 0.18290615617364236467 0.11363755790790369682 4.3278278264902452221 2.8201483311645363372 2.8082223873551068749 2.7960915128820862385 2.96829e-09 5.19619e-06
71260780.28747433424 5525 1.8674358046231767094 0.35654188606596581845 0.4038387697828267342 0.58896609095991259153 3.3484796717375497899 2.9875875364259596445 2.9184697340147622846 2.8395754991772985676 2.22151e-09 4.71773e-06
71260780.28747433424 5240 1.7979025841550528853 0.19905423928272811263 0.44186752411000668195 4.2866192414398485155 0.027103034646397468344 0.074030784008585703848 0.060514623831796544862 0.048476282000597427368 1.54708e-09 4.18172e-06
71260780.28747433424 6997 2.9283233232765137899 0.093038489675285426794 0.19870601917627628286 2.5224566274559019341 4.7148059620782341028 6.156282346535504324 6.1675614040819981554 6.1782949241727642686 2.77488e-09 5.0808e-06
71260780.28747433424 5957 3.2322600023092724619 0.027825662873586627655 0.12730478207811565805 2.1080611238464697088 1.1946693272727544333 5.719420924015381047 5.7341198950145733093 5.7486418369378995408 3.45473e-09 5.46581e-06
71260780.28747433424 6103 3.2875543482637925585 0.085572332992753075143 0.1541435193165739681 2.5410661738747748473 4.5930216554460479017 2.322296457764512656 2.2577907665600607245 2.1916300313005034894 3.07621e-09 5.25842e-06
71260780.28747433424 6335 3.1142724761666991107 0.093869163959919538209 0.21686579757443164018 3.1327049711701624446 2.7928622578862825065 2.3632019245021309573 2.2948848374391652705 2.2245671133077480341 2.80706e-09 5.10036e-06
71260780.28747433424 5252 3.1309882146859520091 0.20269083942042137592 0.19060160232335690567 6.1343931335024404206 5.9016388278442493132 3.5336926789677827188 3.6200865209003603162 3.7134140423708128509 2.42859e-09 4.85999e-06
71260780.28747433424 5034 2.8502039552967421976 0.2690501670376860277 0.12821024037655370797 3.380893373074122632 2.6280357876615920709 2.895418990068384435 2.8184195666984135364 2.7329754276068167762 2.20492e-09 4.70595e-06
71260780.28747433424 6874 3.2884341546636921549 0.072235746579705634174 0.24035816239738097555 5.2871886297530590326 4.9132080395253909799 0.11206357232680505542 0.10425559004083095882 0.096738244903992090529 2.61974e-09 4.98428e-06
71260780.28747433424 5053 3.0517491141839134805 0.13374667023464292814 0.20724266750773923107 5.0361361456645932222 5.4128719078953997368 3.037114192104044097 3.0221002097344662474 3.0061564984487212371 1.90259e-09 4.48021e-06
71260780.28747433424 3953 0.94020499752011832406 0.18724847318567661159 0.22674111798349699809 4.6263584446113936721 4.8049295893428158877 5.3009711700934278866 5.4499946613183389843 5.5885736800379097744 1.87457e-09 4.45811e-06
71260780.28747433424 6204 1.4010661140964328908 0.15386289704545239032 0.13267817644450119463 6.1774431801804858821 5.5690952112319918044 3.7081411620882942515 3.7969630238831002522 3.890735216218849768 2.26769e-09 4.75019e-06
71260780.28747433424 4189 1.1092556439441503269 0.04401637446275604576 0.0383682304992582629 1.4193897838597946404 4.8326665217894166915 2.7168921252193340976 2.6983754998478537424 2.6794991665288985239 2.51666e-06 4.91804e-05
71260780.28747433424 5324 2.1011105648472514495 0.13211296437691136263 0.15260054035960737839 5.7968799975020601778 5.1066475149089729513 2.9468823241164869842 2.9194224283211553939 2.8903117296824989424 4.64884e-09 6.03437e-06
71260780.28747433424 5185 3.5228127173326129196 0.040918147697857870648 0.21190399365682591193 3.4994010415030398775 3.6825560283112395155 2.8184271812021068904 2.8051702697364575556 2.7916626919924527606 2.64564e-09 5.00066e-06
71260780.28747433424 5451 3.2641178030240434182 0.096916930249855093304 0.061492947906165565386 2.52906542938768375 4.1133840959540286519 0.91102202329566261962 0.83651797649595049933 0.76457513492114137499 2.58702e-09 4.96345e-06
71260780.28747433424 6192 3.2158860368611437153 0.18249057040391022944 0.36050599546562228648 1.6068940256440971126 0.84116271013161103554 3.2440074581816857879 3.264717555599764065 3.2871299611718480804 2.79503e-09 5.09306e-06
71260780.28747433424 5257 3.232023309359931762 0.10085910395531007266 0.20357741618203545331 3.1449806315392412337 5.4952439672923727443 5.0517828313907351401 5.145484761176503774 5.2370316303402395519 2.20895e-09 4.70882e-06
71260780.28747433424 5853 3.1418822822484524515 0.14120772007874443643 0.20482200409287418252 0.75565763981716327358 3.3196023437801644995 0.89961170226181175202 0.79327466437165261581 0.69264237309637510798 2.34516e-09 4.80368e-06
71260780.28747433424 5962 2.8727884472160019058 0.14377026465255582366 0.20200269535976342339 0.10366325012692026442 1.62492347734617959 5.3504457832380447613 5.4616279435174206469 5.566897596513141977 2.88829e-09 5.14909e-06
71260780.28747433424 6233 3.1542400976553590652 0.19369059524827561547 0.2433348275561643681 0.91105354603569144167 5.6826977716282343067 3.0883430481546585433 3.0768094935010008584 3.0642703797706651869 2.38928e-09 4.83362e-06
71260780.28747433424 5650 1.9183665505724671885 0.33712373449014759741 0.18217866186128639505 0.3323916363499179738 0.60859053091763459786 2.2364926340191244591 1.9328968632574952125 1.6176339865607318735 1.14639e-08 8.15256e-06
71260780.28747433424 6255 3.2140697321848188395 0.089687487586341638202 0.16953562045629250177 5.3943620348568908085 3.0233641927942960237 0.31154768123480186537 0.28513152296069993463 0.2599038976217620811 2.45838e-09 4.87977e-06
71260780.28747433424 6952 3.2666639830165133951 0.11304953935788096542 0.1555689437737045322 0.54750620909801450686 3.9811179120010695698 3.7303957799265834439 3.7964747489329853103 3.8653293497192513506 2.57429e-09 4.95529e-06
71260780.28747433424 5878 3.2688019060197226473 0.079050689499176082786 0.013103248494084077103 4.2276169135735592874 3.8206444996253612345 1.2253160916881304932 1.1518382878722854823 1.0796244304474311715 1.44428e-09 4.08696e-06
71260780.28747433424 6956 3.5254862390038130826 0.17697486290832967204 0.42328134983840487449 6.1651803234494719774 5.4232693951123271958 5.4455129511692534905 5.5704381516189496182 5.6861646065895863345 2.20649e-09 4.70707e-06
71260780.28747433424 2850 1.912068529858427457 0.28046121141019619838 0.48267608200992551115 2.1773409860488026624 3.4057999535951073433 0.96401775103146025714 0.74749169007827165334 0.55683378970072472391 2.86233e-09 5.13362e-06
71260780.28747433424 1284 2.4318716316609769734 0.228735370223940776 0.38669275289540244733 0.49868527487913733021 2.2149365363726092326 3.0982387767984636007 3.0868765614182231971 3.0743672998093551918 3.64405e-09 5.56389e-06
71260780.28747433424 6722 2.2172405404837158827 0.39556757363628131108 0.08020714127016267958 5.5633432836261240695 0.071682922406696991668 3.3313557089136032197 3.4288155742342487642 3.5408759147747721485 1.78527e-09 4.38616e-06
71260780.28747433424 6089 1.875134984129485094 0.42452959879086082928 0.34244205081096928955 1.7477633463103798839 3.5463144820129763879 2.7679719127532975698 2.5634810144209438931 2.3314996097020550536 5.81535e-09 6.50193e-06
71260780.28747433424 5211 3.1666953345240282935 0.11440884095861371395 0.30361441244877118706 2.1395010386014199355 4.6585353511330094278 2.8866294447124829503 2.8559794066584256456 2.8237451838845353258 2.07199e-09 4.60942e-06
