70078028.747433260083 0 5.3976829602002833752 0.033158846430035950059 0.037463874439669690719 0.80980639608277782404 4.3561663812080029246 3.2251437465191807874 3.2279582543445748399 3.2308184791958347581 0.000954966 0.000356051
70078028.747433260083 1 9.0442824115984912225 0.074168660921700893529 0.020555898419536776378 5.1951384073259916363 5.1433995750464562846 3.5108500195463023807 3.5386159869001381217 3.5672951486368140728 0.000285285 0.000238018
70078028.747433260083 5775 3.0470283310579708846 0.12212728053612159629 0.19312032237744167218 1.025819517578429263 2.3771168587206581435 4.1617318618857090939 4.2695541739246154478 4.3799011270254091244 3.02463e-09 5.22886e-06
70078028.747433260083 6920 2.3983358736856827953 0.12208682344563369371 0.28424662763179997516 5.9099740334703634304 2.3536732006348466406 1.3947735255903459528 1.2755441873331507807 1.1587402066417191726 4.48089e-09 5.96081e-06
70078028.747433260083 5134 3.5463716441881292241 0.031317864193247654803 0.37692675500502953456 1.6116347646611810518 5.6270964485032646252 4.4683988535379652873 4.4989096812160411787 4.5295166205609289634 2.31886e-09 4.78566e-06
70078028.747433260083 5278 3.1990704974167174512 0.033949719394204304346 0.26754465479878480894 4.5974739026021902433 4.3780071091462557931 5.6155269063367558857 5.6362754869575946159 5.6567377799104159308 3.13887e-09 5.29389e-06
70078028.747433260083 5196 3.5324255929784866836 0.16669431604091600185 0.17207277352571428986 2.6247284834080870652 4.4850726285627393608 4.8837197189495498151 5.0464369320020274756 5.2039168672881430666 3.02458e-09 5.22884e-06
70078028.747433260083 5063 3.4964164435377251827 0.083506388383370808159 0.38171616800724228469 3.9435217651383664972 0.18047140008748707718 1.7657236309200714519 1.683032226619042504 1.6000512470401133669 2.23728e-09 4.72886e-06
70078028.747433260083 5846 2.7396801693392598409 0.21989639769755367493 0.20860804406005525879 6.1217411389020801593 3.115634122513200488 1.8981863677729440276 1.6804291224742295974 1.4618529075416533125 2.37403e-09 4.82332e-06
70078028.747433260083 6960 2.9496211128962293024 0.15043494485390151993 0.025240559797608533993 2.406331358036564172 1.7279799726815232574 2.7843394197141333457 2.7274105884351884654 2.6668693551562094868 2.28045e-09 4.75909e-06
70078028.747433260083 5548 3.1645628398206939735 0.092861852975861511328 0.35811987640974091152 0.79996594545961485778 5.1020915776905333416 2.5955422965759908926 2.5452224685482653932 2.493067263994693139 2.11518e-09 4.64123e-06
70078028.747433260083 6443 3.2145236030271835403 0.20020303266997935276 0.23803550829347844275 3.60242958181254469 0.60080045698736905813 2.7412464467164392445 2.6543819348901442901 2.5606542852962093093 1.88164e-09 4.46371e-06
70078028.747433260083 5990 3.0898052038628960325 0.10008167192642572485 0.23158689917885594278 0.81235715267915087345 5.1341825518909001147 0.37615280621053831522 0.34094247992030801697 0.30747762370759268435 2.30118e-09 4.77347e-06
70078028.747433260083 6883 2.3474377679228100035 0.30833917592570103672 0.39038181307756669725 2.8862664555064645455 4.0745190763517298294 3.1481914732393572187 3.1506683181927424009 3.1534666627214966717 1.23696e-08 8.36184e-06
70078028.747433260083 5098 3.1362823709490350588 0.049258282223510460596 0.11602751783930610741 0.16957944603590582866 6.2064554891958474414 1.3075095992856244909 1.2602319737807265998 1.2133301458376091198 1.90652e-09 4.4833e-06
70078028.747433260083 5929 3.2609180861407867091 0.14215108639725543282 0.2410669357640455035 0.99238650392078064932 3.067166545363234853 2.3772985379436799569 2.2731421645731662018 2.1646341386933896089 3.18574e-09 5.32011e-06
70078028.747433260083 5467 2.9455929116087440356 0.13622137967650707613 0.084863155301815706988 3.2510310491019298595 2.2315582919138661211 4.7600265612019860839 4.896076296505534664 5.0300060058409314934 2.43648e-09 4.86524e-06
70078028.747433260083 6282 2.8571457447058001833 0.093355352340304009751 0.082836739644913434666 1.9346417180379806844 1.8491024366242734267 1.3920117764479593703 1.3007663770891426669 1.2107939512957768269 2.68214e-09 5.02355e-06
70078028.747433260083 5694 3.1045431023164642426 0.13614885120513645078 0.27160802717828569364 3.0348081028020041927 2.8268555086008686494 0.96863795091491844413 0.86022122953295410142 0.75702218621319949943 1.21025e-09 3.85309e-06
70078028.747433260083 6392 2.9712878857870905769 0.20942245329167732959 0.15830422019814596735 3.0550375554230053687 3.940804901190918752 4.2225465244299504874 4.4185813984417219302 4.6190297112288716264 2.75286e-09 5.06732e-06
70078028.747433260083 6484 3.1113617599844798356 0.15551088541043212032 0.19524858170568060167 4.8567105276692901228 1.1522887741297047626 1.5497284713805274947 1.3938741862349759426 1.2407908164616185953 1.88476e-09 4.46618e-06
70078028.747433260083 923 2.0129548591365442611 0.42062387717137361687 0.34060099463845155965 1.3644947625007950442 3.6604761342238223421 1.4108141891184169392 0.99618752342920391385 0.64311374431410883723 2.53731e-09 4.93145e-06
70078028.747433260083 6739 3.1968198600460508985 0.18639338484670808782 0.23850122646115123892 1.9225828888764935343 4.8918910753698572336 1.8913860857467352794 1.7079925682118151098 1.5233506569823078713 1.84353e-09 4.43337e-06
70078028.747433260083 5885 3.5027997479340142739 0.010469472173818283184 0.31422676732318122195 1.3850354117066572268 6.1067294333909893922 0.98122162348457275804 0.97254470812564108861 0.96389355751196470479 2.25928e-09 4.74432e-06
70078028.747433260083 5405 3.1723071539145597519 0.016428053465741793843 0.11812111738484791512 5.8633143917935823808 2.4175287328172814227 2.23961620440604392 2.226660831901381421 2.2136412543674901521 2.93677e-09 5.17774e-06
70078028.747433260083 6764 3.2888694600630010711 0.055096878433345833348 0.28895942123827028647 1.8757032751020343841 3.9959604252788176737 5.2536006313558853975 5.3001889924811003141 5.3460385571082698064 2.4069e-09 4.84547e-06
70078028.747433260083 6362 3.0020989187080568961 0.15069593462971658804 0.22138691331605647727 3.6448925947542032411 4.2610252671941548641 2.9816759380952002623 2.9555918382307013736 2.9277236120745264714 2.92709e-09 5.17204e-06
70078028.747433260083 6775 1.5701302329181467954 0.2777091141830951293 0.11127266594439806646 0.51161249371008099551 3.7510374390877245787 4.059840938775625574 4.3048646513543431524 4.5598307323257234458 6.39874e-09 6.71246e-06
70078028.747433260083 6055 3.2122432945389389758 0.074718610701368495808 0.10713354825140974924 1.2762303825194734053 2.4424136758055934315 2.8390287672330263291 2.8159091464956218509 2.7920024460220904672 3.0525e-09 5.24488e-06
70078028.747433260083 6498 3.1998106474014855749 0.085323555565466835393 0.17117320616686496071 0.38512123574574880225 4.7075091239446162916 1.7049837669772129889 1.6198371031883216364 1.534616128541023139 2.50157e-09 4.90818e-06
70078028.747433260083 6313 3.2438946734142470874 0.033753256369480177934 0.28471085000700924184 3.9324021225744090202 5.5314696489853867334 2.5980261068894567877 2.5803086956181795486 2.5623427283476911676 2.33149e-09 4.79433e-06
70078028.747433260083 6300 3.2235270531028348273 0.04485018713382973865 0.15543897500609701878 3.9762449134597206424 3.6188780152695136927 0.98283430536662530486 0.94596001900744330904 0.90958387626074832522 3.26125e-09 5.36181e-06
70078028.747433260083 5323 2.8063433259006296261 0.093120016280554926413 0.18073031159587610306 1.3071668488329251101 0.71385014679448710595 2.7556501348627815418 2.7189372941664924355 2.6807409914026303355 2.25995e-09 4.74478e-06
70078028.747433260083 4755 1.8572981126248577777 0.1035186320045784758 0.059353040228223678809 4.5947965065193336898 6.1886091221113712635 2.0647581813031488096 1.971131509109467661 1.8757980522608301843 2.45943e-07 2.26531e-05
70078028.747433260083 3800 1.8785717597022217884 0.39326553094599436822 0.73743800215908661411 2.9324813811373311445 0.37474157526679569008 3.001049601591451399 2.9290707183686945925 2.8461208854356057074 1.79108e-08 9.45995e-06
70078028.747433260083 6104 3.4302666769041390005 0.49171093992729086875 0.15466768424572543972 4.1474838894971339798 3.3801234842718734797 2.7062919300894128227 2.4172883814874936981 2.0914735679916032218 1.75259e-09 4.35923e-06
70078028.747433260083 6197 1.7760614074413660912 0.44960244298202556301 0.38787298723092833441 3.6076298410385598814 1.6267938236627792481 2.6994782807849007078 2.4421561715082185096 2.1527081511687091719 8.02678e-09 7.23931e-06
70078028.747433260083 5080 3.1982242744568023518 0.12841916465447439366 0.25953729967452082716 0.47546470759795206318 1.8947693799007292448 1.4115893601324775997 1.2857218864054582586 1.1624856267067920079 2.57476e-09 4.95559e-06
70078028.747433260083 6425 1.7394706969559365906 0.54039659591816235906 0.47354915348155973698 5.376765686251903098 0.012169244322978970893 1.0195692683359378616 0.59277767888935062324 0.29087595543878053128 8.73342e-09 7.4458e-06
70078028.747433260083 5489 3.2186384091328119617 0.12430407678260356474 0.36096966248557149637 1.0738026023831999112 4.7936351345703061 0.2263429728767977489 0.19994531134152937479 0.17525656614429377389 1.80848e-09 4.40509e-06
70078028.747433260083 6756 3.1953026940761910524 0.031520897917366952345 0.25890279385938647083 3.1628171717669220087 5.7390607130501338773 3.3381861291463894581 3.3444413119546188007 3.3507915245246562286 2.22448e-09 4.71983e-06
70078028.747433260083 5116 2.7213074272206494442 0.25035104129178736843 0.041248230426380524949 5.3003989973298102356 0.86234690080530251866 3.3893704890116618245 3.4605087654033135358 3.5390032077619943962 2.56354e-09 4.94838e-06
70078028.747433260083 6951 3.002821056641922226 0.017499320745808632366 0.090233148276564104084 1.4400717507961955377 4.0272626745191306696 3.3834405195760850482 3.3876677846396781035 3.3919306053342315188 2.54062e-09 4.9336e-06
70078028.747433260083 5559 2.5044302004969365427 0.57568731341784207256 0.43882288280815173742 5.5521477422338216812 1.702028283686952026 1.863864245208576742 1.2196131571131760829 0.67906214218531923965 5.44342e-09 6.36025e-06
70078028.747433260083 5923 2.9949006917827509788 0.056290171082372185418 0.22105093923090710084 0.28570017731088892532 6.015202488834646033 5.7333040103068260152 5.7620514055540175136 5.7900762462711785616 2.22479e-09 4.72005e-06
70078028.747433260083 5234 3.0230834011056284538 0.16943347698709018689 0.077637317872512087713 6.1000510910366569917 4.8984819052207946299 5.4586698176297598906 5.5769767573864506005 5.6869312563850620279 2.35138e-09 4.80793e-06
70078028.747433260083 6863 3.1374049903060767797 0.18021927533752427064 0.028691022944906198477 6.0278307104280859363 5.4109530545470256868 2.3024246789976539063 2.1587296573895193852 2.0087712316038550675 2.72515e-09 5.05026e-06
70078028.747433260083 5146 2.7560697364772814844 0.12314563358441500684 0.075076586766130895545 2.758975280545393538 4.4220065686271814442 2.6854436209928103096 2.6278084452776031554 2.5672852737630402764 2.55901e-09 4.94547e-06
70078028.747433260083 6969 2.185871640232341484 0.041441883075658304814 0.19948502970206277718 3.5249081614264445861 1.4515955362680774687 3.9100830711926457539 3.9393335519154719648 3.9689968366764936114 2.41679e-08 1.04535e-05
70078028.747433260083 5047 1.6528777962436886906 0.1935847149773706477 0.10201142468809809571 4.420358210015514544 5.1716204016581386327 1.5050940098502594289 1.3119285338730808377 1.124793978920912263 1.0218e-08 7.84583e-06
70078028.747433260083 6657 2.3255192902386592202 0.22199421144755077107 0.35000402700098226516 1.3484652776486933945 3.090629396168624865 4.1989985626007708674 4.4055214970186860057 4.6171451372412875003 9.52311e-09 7.66378e-06
70078028.747433260083 1444 1.7699486261645935858 0.19527799922444180614 0.83636827178561812257 0.035312658828473689199 4.637719717560651489 3.3804719095792261641 3.432057442147886217 3.4879845875748802797 1.72307e-08 9.33865e-06
70078028.747433260083 6628 3.2388923933007283118 0.14886331573044941923 0.15006288115975641162 4.0654746035931879078 0.64596073110852758603 0.57294084711460668835 0.49662825369370289241 0.4257002676525883933 2.5094e-09 4.9133e-06
70078028.747433260083 5290 3.2011323424530213622 0.047734589045740523361 0.10448667108247049196 4.8000042387434520563 1.8309888612352058779 0.90563575217173319931 0.86860598758700091615 0.83216400375969257208 2.68653e-09 5.02629e-06
70078028.747433260083 2992 1.8050414209291334444 0.23565070159515158488 0.11851064370466861397 1.8996513768321316995 3.9679680033454047816 1.1616560564825044732 0.95307929447765771247 0.76097617822339391758 2.26492e-08 1.02298e-05
70078028.747433260083 6827 3.1070280422896128236 0.12636061565617354163 0.10772880814168198094 5.035525734553980115 5.7040448827308880553 4.2121186630937623718 4.3268079337748810431 4.443891160468639967 3.04652e-09 5.24145e-06
70078028.747433260083 5626 1.3266790442343614487 0.34034364489423435396 0.41531253105990179053 1.1144467698823325996 5.2708923636292945858 2.5015144682157410827 2.2588811085880751151 1.9959779948751870116 7.93289e-09 7.21097e-06
70078028.747433260083 1410 1.673515092266297577 0.28008195548556691357 0.35210738589827372813 1.359197326657107352 4.6936197554519427655 5.5120143177868197171 5.6922066777724369402 5.8482610442510072346 1.96181e-08 9.75145e-06
70078028.747433260083 6244 3.1721462611119415342 0.039161399953130948681 0.27775437832091054435 2.7231317638327756647 1.3868523758206841023 3.4534802334774865606 3.4657299669502061867 3.478202525924738886 3.08558e-09 5.26376e-06
70078028.747433260083 6327 2.9976667300340040789 0.14076690071501585244 0.21916819492688940918 1.4426188176126533147 1.2025879795192009336 1.4029518289822184851 1.2653153743764122829 1.1310656411385671127 2.25041e-09 4.7381e-06
70078028.747433260083 6390 3.0320264136028542978 0.22904987793327213907 0.091145223803782149385 5.2373854072909598045 0.010137836616346179719 1.9778729280190969764 1.7553618517806994781 1.5302021391022249119 5.26519e-09 6.29006e-06
70078028.747433260083 4112 2.0541229421436519864 0.28998773071355865572 0.75995269773396667556 6.2380348319327261208 2.2158088617537048393 0.65071160439261277464 0.49047023140202872238 0.35387419708080469771 1.99037e-08 9.79854e-06
70078028.747433260083 5511 3.2097177845397708573 0.13614096327879515735 0.173978873276400825 2.3807571939112972537 2.6326892649783841804 0.80756535512076610406 0.71326039803198615363 0.62418297589835158856 2.90982e-09 5.16185e-06
70078028.747433260083 6186 3.2398738909478734804 0.015622585560378269426 0.25292733209491868873 1.5708068089139746171 5.4453434422852460273 3.6093861178339685658 3.6164804873538818342 3.6236237379987366047 3.14704e-09 5.29848e-06
70078028.747433260083 5195 2.768658533802482058 0.1109100480432220065 0.15596671866434969056 1.0982780708818637994 5.5292762826309571622 4.8904791473306143956 4.9987982998648146094 5.1051903671080403058 2.26107e-09 4.74557e-06
70078028.747433260083 6935 3.4454077888329197599 0.11311151443773992398 0.49368715721982092681 0.60445312778783011343 2.608139524820626054 1.3380788066114692736 1.2291959419204632198 1.12262003897978202 2.603e-09 4.97365e-06
70078028.747433260083 6667 1.3775633356251917316 0.11895943114722443146 0.42663013093304980039 2.8110001981323158304 5.4460926053027218785 3.5328687834278209579 3.5810475120876983368 3.6316583481343154283 1.85586e-09 4.44323e-06
70078028.747433260083 6816 3.1251899552121717996 0.15467807360744226242 0.12005935587720473201 2.776362480782536224 5.6956121403100876677 5.8504468735853514261 5.9113808474303093377 5.9675749568486970986 1.76213e-09 4.36713e-06
70078028.747433260083 5762 1.3816721713906985336 0.018601152738086566829 0.46787882002541275606 2.5913372727689858444 4.5819987684095480063 2.9323569173321848425 2.9284574188684588947 2.9245228058175940511 4.50081e-09 5.96963e-06
70078028.747433260083 6595 3.0545718760087483545 0.067625658437706723247 0.19173711984753571969 3.5025744491145478499 4.2333767056635220882 5.4479458360815957718 5.4970200602935213041 5.5448752887139045598 2.5233e-09 4.92235e-06
70078028.747433260083 5950 1.4798424395980889212 0.25205182790051844366 0.192732243875959941 0.49214450145047400342 2.9286418666908056174 3.2107678001068844509 3.2310691222017777768 3.2535917487396899261 1.07677e-08 7.98408e-06
70078028.747433260083 5351 2.9631901416194397214 0.16687067208394651407 0.090964556387869988097 5.6677187770774235531 0.81902026012705064772 3.9783725168268979644 4.110396658526919822 4.2479329729821877493 2.44807e-09 4.87295e-06
70078028.747433260083 2768 1.5643896751224275476 0.05008304785023841299 0.018592467767394860872 2.2627836601937190153 3.3044508341460669953 2.697010421223194232 2.6749591844058602241 2.6524277110268807967 1.06163e-06 3.68842e-05
70078028.747433260083 5194 2.3010986981755974234 0.34015828239131129518 0.38104088771808891645 5.2400943713949645897 4.6249026609526380227 3.3432305502716719303 3.4279597377249086954 3.5240439505818339505 4.75382e-09 6.07945e-06
70078028.747433260083 6928 3.2279383205833549475 0.23025724553342002965 0.27807506150449096127 1.3676115759381286541 1.8352460006140471904 2.3363436277087470394 2.1537709676636320744 1.9615455929317768824 2.08658e-09 4.62021e-06
70078028.747433260083 5914 3.20473109305004078 0.081338303244878784604 0.014414206266896930492 2.2864965049459691215 2.2008679058977524967 2.9103657064748209571 2.8909239882956807577 2.8707478772303725023 2.63408e-09 4.99337e-06
70078028.747433260083 5072 3.1177250614959053365 0.10480740961524324939 0.17866777578175294106 4.4266958410597680995 2.115022988409827942 1.9291619686033001368 1.8289776442427738701 1.7276439790027389165 2.73643e-09 5.05722e-06
70078028.747433260083 6154 3.1689472236200977306 0.10118641143692345963 0.27359284378788706338 0.25969880315554494388 3.3668659571963903687 4.1971181609674728108 4.2875942159617768112 4.3797875167748179237 2.04677e-09 4.59064e-06
70078028.747433260083 5312 2.9919807311379287285 0.1008181261917961008 0.15130555939148923605 5.9745228272850461337 1.1365959591014214158 1.3890544356344176613 1.290622879161381853 1.1937359047006397272 2.46345e-09 4.88312e-06
70078028.747433260083 6126 3.0183862998325894367 0.22003618189476445433 0.14665518584171013949 3.1162346350398246742 0.37223027464592095548 2.7683501167983459723 2.6777840088554429876 2.5793491452322734325 3.04059e-09 5.23805e-06
70078028.747433260083 6734 2.2179963788033041361 0.27952524112923682331 0.37071568222142875504 6.0665089215446785786 2.1691116680471407285 4.8062491891025533874 5.0846462899129427626 5.3450264819456183574 1.24231e-08 8.37387e-06
70078028.747433260083 6073 3.2327691141649430584 0.028519470658531189539 0.26322368232746956584 2.3607174346671593312 2.8679215870744214634 0.44464439382052706184 0.43253074510768063643 0.42057624356444672786 2.87152e-09 5.1391e-06
70078028.747433260083 5578 2.8899412376808921721 0.052886190668043994711 0.2704394144243864595 1.6608876608591052193 1.7814057603807889052 0.93217702859901252488 0.89034989196651326271 0.84924188295447233799 3.04211e-09 5.23892e-06
70078028.747433260083 5231 3.1584789243841244755 0.144939519828450325 0.25418263893011816545 3.2596795000094420658 2.4323516030083136563 2.2800223943179989128 2.1640713819600065904 2.0438999805401674159 1.89135e-09 4.47137e-06
70078028.747433260083 6029 1.6219427324979651672 0.33438531342318450479 0.54434231738411298362 3.5945797015088634119 5.3065427455783078514 0.81850790759304914435 0.59452765198370205457 0.40723258027899855716 1.2969e-08 8.49478e-06
70078028.747433260083 6290 1.6852977934377428859 0.29537397371511503463 0.18473154416409864886 3.1891766854217986626 2.8116061628857504928 1.8893509331543489882 1.5904344208918999026 1.2951174015328392741 4.66797e-09 6.04263e-06
70078028.747433260083 5160 3.0787906420101722738 0.35061805653208494293 0.12262526099877354979 2.3948198338470811919 3.3933016743684207839 5.1630579483312422084 5.4629210321095476033 5.719337167369170416 2.48083e-09 4.89458e-06
70078028.747433260083 5717 3.1627115243480914408 0.10291749983764972298 0.15992519910997290977 4.4377868381002913978 5.5590236376578658906 1.0488859105118371051 0.96173094899563060789 0.87731975756666025212 2.31886e-09 4.78566e-06
70078028.747433260083 5643 3.3037500293379764571 0.14557122152585288966 0.087006606145750162162 0.37619192422074282378 4.3659196321084889902 2.3448507167706011955 2.2346676677084764684 2.1200139200527301497 2.47115e-09 4.88821e-06
70078028.747433260083 6842 3.1956052593248474025 0.062826034799108504414 0.16210591621610237478 2.1033335766313054904 2.1323809090230985142 1.3880544647159036575 1.3265841836280443111 1.2656223151732388654 3.94698e-09 5.71398e-06
70078028.747433260083 6572 2.9593774186573074125 0.16147523894499438146 0.17350729285625041132 2.411705478072472264 2.7189558181151571858 1.8936131867054337707 1.7357168699219684971 1.5764326233859327075 1.66053e-09 4.28153e-06
70078028.747433260083 5131 3.5278681190152321179 0.11860561976916632332 0.24446855107135637142 2.9117805874090252338 2.5725680565413009404 2.7264610867783609649 2.6757029123113502678 2.6224231456071551705 2.25296e-09 4.73989e-06
70078028.747433260083 5534 3.2496542136863002526 0.1317656267310411411 0.12198610529120099133 2.0261063103209822067 3.3729932512910467679 2.8879698928063946006 2.8524946229236967099 2.8149298499784309868 2.18919e-09 4.69474e-06
70078028.747433260083 6119 3.1558494755733188519 0.065242093598964226442 0.10871202773698586397 4.12226430006034672 6.2618926283854534631 2.1270413460783168524 2.0706176627839942839 2.0133567516715533685 2.96829e-09 5.19619e-06
70078028.747433260083 5525 1.9480724606804291632 0.37333118870195741712 0.41002330483137500172 2.7803322040744786747 2.9180630344752933603 3.3465084317182758333 3.4436899323881795532 3.5547646082070021301 2.22151e-09 4.71773e-06
70078028.747433260083 5240 1.7878637160492318881 0.13280672484128119848 0.49877279492404907879 1.2890286512968818222 1.4656225530257316336 6.2343344141207568398 6.2404415397026085088 6.2461164710555454604 1.54708e-09 4.18172e-06
70078028.747433260083 6997 2.9203989894802808713 0.066513583387980440564 0.23214716155803863384 1.5452667125042234275 5.1106344151400175946 2.5845005783465717641 2.5482746439983965381 2.5110859001956078451 2.77488e-09 5.0808e-06
70078028.747433260083 5957 3.2367064699092940039 0.060879068777772854526 0.10616565295836567773 5.610981802294586096 1.197138650228303236 0.00043961659182644005541 0.00041362034800648995883 0.00038843952711031321445 3.45473e-09 5.46581e-06
70078028.747433260083 6103 3.290343567048330975 0.078390669888744241023 0.19488902745092148705 0.68143075673476205534 5.8039699614777191528 3.5357373764389099513 3.5670185988265319388 3.5993711178873959433 3.07621e-09 5.25842e-06
70078028.747433260083 6335 3.1089098086052637804 0.045872454245848050258 0.20640076022572953485 3.1475004514271613942 0.55832498626896576166 3.6380814370271310487 3.6603931734841030909 3.6831385183893736723 2.80706e-09 5.10036e-06
70078028.747433260083 5252 3.1348534736121194122 0.182510098987042374 0.1435337907785299294 3.3157421311912980144 3.0681906417806192877 4.5182414365116638777 4.7015884055807664055 4.884087859549286037 2.42859e-09 4.85999e-06
70078028.747433260083 5034 2.8606883867121002396 0.18838337620998477084 0.19910035745949972164 1.2487370791843033224 1.440463158110406594 0.65506377935257009693 0.54748218529295267221 0.44942127677082965853 2.20492e-09 4.70595e-06
70078028.747433260083 6874 3.2798736796886971412 0.090354125876454888244 0.30864645600081541676 1.5920256506102612448 5.3835295326167518226 2.6809687590557498282 2.6390285687668417758 2.5955073214199493314 2.61974e-09 4.98428e-06
70078028.747433260083 5053 3.0475543479780022871 0.16334926131720534093 0.19600053198611999683 4.4049453099710973447 4.1941425357293846687 5.6266231153554517874 5.7207973216428698038 5.8078964405905120216 1.90259e-09 4.48021e-06
70078028.747433260083 3953 0.94507364181311392937 0.17321224973787330281 0.28104862263537994105 0.5598825731658509941 4.2696956976833160269 5.8564597846454606866 5.9233557609644700293 5.9843463404908794345 1.87457e-09 4.45811e-06
70078028.747433260083 6204 1.5861602995261272486 0.10980368461852953177 0.16289987369283609464 3.6480026354559504931 1.8632531352563423965 4.3599114656058901573 4.4651827905754322146 4.5716484255200686704 2.26769e-09 4.75019e-06
70078028.747433260083 4189 1.1097271186970734114 0.054903732327624500675 0.0091315425157216141561 2.5495007548392703001 2.3163021238011207714 5.4527260646165061075 5.4925455884587730537 5.5315713475241610197 2.51666e-06 4.91804e-05
70078028.747433260083 5324 2.1193613694216164589 0.063829041328515467857 0.099524703208175260838 3.4205554522196153222 4.336146158553058072 2.0854064708480586354 2.0289140545488661971 1.9716666464628400668 4.64884e-09 6.03437e-06
70078028.747433260083 5185 3.5228080277213940086 0.044089481617128799262 0.21922717520157600224 5.0728118531465273833 5.4301637113080358787 5.6044170362585967737 5.6316423300929896456 5.6583788100521692499 2.64564e-09 5.00066e-06
70078028.747433260083 5451 3.2781298326745229588 0.067707544811197950541 0.090297409576339693338 1.6387530436829453873 4.5919156332235901985 2.0611909565521715493 2.0004430317065100553 1.9388892244602915493 2.58702e-09 4.96345e-06
70078028.747433260083 6192 3.2149441124192534858 0.21481563163473904599 0.38611621080941893602 0.87570471378620717839 5.7356129864237566096 4.3567160366641886071 4.5676929325313579966 4.7802636933299194055 2.79503e-09 5.09306e-06
70078028.747433260083 5257 3.2336636359399069107 0.134384107123573876 0.1893424516818219272 4.4450724043268277086 6.2761828229797469447 5.671711509924890926 5.745117727894186288 5.8139865697294288438 2.20895e-09 4.70882e-06
70078028.747433260083 5853 3.1399660570035150542 0.17925275403213222769 0.17051520584232093825 1.9598431308878456747 1.9566257804577738 2.8136027027063050809 2.7499623930833689833 2.6815423783448744111 2.34516e-09 4.80368e-06
70078028.747433260083 5962 2.8738510931319707353 0.13912820855715946067 0.2529331069366677065 1.1173935034172572944 0.25323959541914753402 3.3866952893436632621 3.423084525410355905 3.4617328269222298331 2.88829e-09 5.14909e-06
70078028.747433260083 6233 3.1528988059918403586 0.18661834201890442619 0.22665570432158174685 1.9433239044357100145 3.4030485026557504291 1.1317515656498007282 0.96825753360881317011 0.81450278497824935009 2.38928e-09 4.83362e-06
70078028.747433260083 5650 1.9196038330786437953 0.23327584101534404315 0.17935660099679490154 6.2233414015748955705 0.44634768209263453453 2.7199845490705727435 2.6115830775012196519 2.4936524347768389553 1.14639e-08 8.15256e-06
70078028.747433260083 6255 3.2262772542756259497 0.098241401869166758432 0.19238810039737652691 2.2599278345564415282 5.4504208620984018197 5.269375579461089032 5.3508044125168678917 5.4296962907544887855 2.45838e-09 4.87977e-06
70078028.747433260083 6952 3.2541605247014881996 0.12200899641790212413 0.16601798085215294098 0.72189897515494549918 0.88852600639530254778 2.0830053934405983185 1.9730639153659297325 1.8607942155715317956 2.57429e-09 4.95529e-06
70078028.747433260083 5878 3.2594324160747034647 0.10956733573273361171 0.092254596099676844378 1.2606682822592456539 5.098929828855116142 3.1293470774704026383 3.127923104885227179 3.1264254154961976795 1.44428e-09 4.08696e-06
70078028.747433260083 6956 3.5140274259859189954 0.11040700015343804519 0.46682852191292628641 0.70403710469392999372 2.9894534965542529648 1.4973578082730565342 1.3874684164454667012 1.2789115669524544483 2.20649e-09 4.70707e-06
70078028.747433260083 2850 1.8473076929933309742 0.33131514600778649848 0.52326640486552611353 0.95060383863028652396 3.5858993127650387045 2.6349195087310155472 2.4410979048005581049 2.2275334825964296925 2.86233e-09 5.13362e-06
70078028.747433260083 1284 2.4390986035036945623 0.22969408020893561373 0.39699525880322100724 4.1304384365134207968 5.8035172085809634268 2.0840022473329846697 1.8697172823214029957 1.65020902920308421 3.64405e-09 5.56389e-06
70078028.747433260083 6722 2.1649033957477841206 0.37138467858124374343 0.26784771394710016335 2.2231967851267984138 0.71281288387413588303 5.3822512166167406633 5.650317106163405434 5.8699762572446285702 1.78527e-09 4.38616e-06
70078028.747433260083 6089 1.5652598240338355673 0.31094434443989071859 0.38999451403233376112 4.284806981167169404 2.6847685779876040435 0.64993917095387865324 0.47913979654091898297 0.33578947594310915026 5.81535e-09 6.50193e-06
70078028.747433260083 5211 3.1662459051443034852 0.047719014726008646132 0.22719465422495055407 3.8231029483314236117 3.9372961990317874026 5.0707138376260711965 5.1150489600917445898 5.1589514982975837043 2.07199e-09 4.60942e-06
70078028.747433260083 6295 3.2597442694624070292 0.021365690850459698874 0.232199315169504511 5.4406808561951383041 2.6141513453864848593 6.1098037605311761311 6.1134516715676827658 6.1170607601858124625 2.30061e-09 4.77307e-06
