38143737.166324436665 0 5.3965881006946787579 0.054846104237445861274 0.02269125100271746423 0.03143299596283736369 4.4568198248349633062 3.047897316303703974 3.042617903667327095 3.037198382611447478 0.000954966 0.000356051
38143737.166324436665 1 9.0294101593451294718 0.044280863391099517523 0.053205689063827617258 1.2325128431142418073 1.8726691261481622774 6.2014835116243611779 6.2050209852854623094 6.2084786455785527792 0.000285285 0.000238018
38143737.166324436665 6992 2.459146025554745929 0.34008119856266039172 0.55287649954913187234 1.4728718049101974241 1.1912586750769746935 2.0231931155560483049 1.6850307294544435432 1.3471660635195432665 1.98059e-09 4.54062e-06
38143737.166324436665 6617 2.8336699851869653344 0.28780688045877328429 0.067397609932555710421 5.7773212762426640055 3.6934079466840281647 2.5018211653549413676 2.3034653504353523878 2.0895120584103059613 3.93262e-09 5.70704e-06
38143737.166324436665 5134 3.5284486773594654352 0.054852547430279514906 0.3145221863774406712 2.6145672511074091737 1.5048297419389495833 0.089751034158252737671 0.084961794600303008895 0.080307028528532456435 2.31886e-09 4.78566e-06
38143737.166324436665 5931 2.7670321093056284845 0.61624893115827772405 0.64365082842404608421 3.9936085338229450059 4.7416323504332389405 3.504043689350037738 3.8609658419243633176 4.2670204599261243317 2.66585e-09 5.01336e-06
38143737.166324436665 5740 1.5282058593434197924 0.050490299475921131267 0.10316215339332955592 4.44091870358912999 2.5431637879486559406 4.9187207283194158691 4.9679070908390574601 5.0167580952460113508 3.09097e-09 5.26682e-06
38143737.166324436665 5588 2.7496882038532453052 0.15254113667083307737 0.12304016990952371113 2.4859796606065236446 5.0652647580209722022 2.3555376643750545185 2.2408712313658107895 2.1213132792440521079 2.40685e-09 4.84544e-06
38143737.166324436665 5846 2.8161817042220320673 0.065496564262998671624 0.081962004414975045408 3.0436816131539337071 4.5582617646214584894 2.7814011703695071809 2.7575615728780200619 2.7330225667287795233 2.37403e-09 4.82332e-06
38143737.166324436665 6171 1.7613019932711730942 0.20210840806738031294 0.21852586337850024578 0.14679530559586362326 2.0405878399326917716 1.6600713464457117485 1.4555165746989355835 1.2547496319215913907 2.39216e-09 4.83556e-06
38143737.166324436665 5921 2.0890136086868027476 0.43849690750852698962 0.6935644719447606743 0.21325344642954602303 3.7121045208467577936 3.6474720156703712703 3.9261342384215538459 4.2359326672378641021 2.32801e-09 4.79194e-06
38143737.166324436665 6443 3.2012102592661255684 0.22134160184676668348 0.29357797293364623625 6.2143154751526017421 4.0610691908037539477 3.0230575336785490137 2.9932372093709944672 2.9605202995059238802 1.88164e-09 4.46371e-06
38143737.166324436665 5990 3.1151454418991244566 0.10951277256709875119 0.19917373305302313313 0.24857980794159842408 5.2280894994057236502 0.23689571355879904258 0.21242478745751453006 0.18933612181119377493 2.30118e-09 4.77347e-06
38143737.166324436665 6883 2.4033449833030742226 0.32977336513668309426 0.31149204086253545753 1.7782802068933987183 4.4849910713234626414 3.7140650166439894697 3.927595119309367 4.1609209736928072232 1.23696e-08 8.36184e-06
38143737.166324436665 6035 2.1370435962221252524 0.34696917534252491588 0.23540041428944322166 0.10144453151138810298 3.7006573107692553037 4.4203068252514237102 4.7780098098560701558 5.1242322124152979157 1.91047e-08 9.66563e-06
38143737.166324436665 6793 1.3339917656029518511 0.19001864521141567654 0.4564216370505496112 5.1257222134691229343 2.9983565986203744025 1.0570317854369917221 0.8978755542475163054 0.74928010601349237518 2.0508e-09 4.59365e-06
38143737.166324436665 5467 2.9738992072918932763 0.11542921652035913194 0.15963565906482723999 4.6813854614073555638 4.0606232215395490215 3.5062714662380587427 3.5499327746806077499 3.5957681548091775525 2.43648e-09 4.86524e-06
38143737.166324436665 2413 1.7911639101151368703 0.32157676117734673715 0.5842700305464821886 4.9384451551805659264 0.094549234969039927523 4.9482776622284498913 5.2551110266422167427 5.5304791378342788022 6.11801e-08 1.42469e-05
38143737.166324436665 5694 3.1149711272176139332 0.12646431981394334887 0.27711323484826999586 2.9624953397004625266 1.3223948307467550123 2.1593905411317280141 2.0500341605060543593 1.9378164740671142141 1.21025e-09 3.85309e-06
38143737.166324436665 6392 2.9905052474519160377 0.23597393131801894239 0.15150437589447537934 2.4770355689440126667 1.1954641919089035174 0.69497684260559655645 0.55483524373094272875 0.43052340587391635385 2.75286e-09 5.06732e-06
38143737.166324436665 6484 3.1249028280752204623 0.13730609910487881486 0.25864057803695539306 5.2502194023009529644 4.5632860629120504115 4.4418770258192630251 4.5771095411780144957 4.7131611681952634285 1.88476e-09 4.46618e-06
38143737.166324436665 923 1.780605008861701366 0.24479567893367890075 0.29511450588986587462 1.9389646731878351638 3.4841192582208853068 2.648197356520772594 2.5161870387208833399 2.3728772435614233771 2.53731e-09 4.93145e-06
38143737.166324436665 6739 3.1713730770022841021 0.13574427670736208262 0.2142957433072056328 3.7375468993196303558 0.91492725334145941218 1.6231310288611029424 1.4866669701895138811 1.3514027921488924733 1.84353e-09 4.43337e-06
38143737.166324436665 5448 1.8760919465819563268 0.56206526012211810439 0.32839088465294463681 1.4277975796854780466 0.97228372461630740986 2.5783316551718473697 2.1414165584890589855 1.6684014803930642401 2.56033e-09 4.94632e-06
38143737.166324436665 6655 1.6106687555318643934 0.15987657160685467272 0.1457582886239577602 3.0827825120804388526 1.0423350200165664159 1.0820011371365891861 0.94531754129343548154 0.81570834010413251214 6.32791e-09 6.6876e-06
38143737.166324436665 6764 3.2626720153616939335 0.027625063829672374255 0.30710590021001615835 5.9203227657598613831 4.8935264431729201817 4.989677880627531259 5.0161510985475921132 5.042511430299613906 2.4069e-09 4.84547e-06
38143737.166324436665 6362 3.0331120524534731508 0.1440113470114138261 0.20222443601501818855 3.0079605530397390822 0.93288757985122949812 2.327816435653848437 2.217196661518073153 2.1022385806121115515 2.92709e-09 5.17204e-06
38143737.166324436665 6809 1.7568778923308414619 0.16189919134209893037 0.26752068458535932516 3.4818328306858905563 6.2365012665545140891 3.2846960764568540192 3.309976456776700271 3.3371090175656448196 1.72631e-09 4.33733e-06
38143737.166324436665 5328 1.505086574189890225 0.42409459584291681056 0.63322140313805974632 2.008065102447202932 3.6723835752194231574 1.497823200279445599 1.067750213079150079 0.6961932581635441597 2.1043e-09 4.63325e-06
38143737.166324436665 6498 3.2213665529625372663 0.089684867814554106169 0.11604457782714501513 0.66226585229551993006 3.7520372832773492 4.1430102900134748722 4.2205387428251528448 4.2995924183484088843 2.50157e-09 4.90818e-06
38143737.166324436665 6313 3.2599391759214815245 0.11111589785717264356 0.36734192139464605376 5.8808130155269591199 5.1208478172625131464 2.4322789406496383435 2.3565136220572018289 2.277967895632847295 2.33149e-09 4.79433e-06
38143737.166324436665 6300 3.2624075330200388301 0.091594796030652167462 0.24955436505280059745 4.226693762986765357 6.161073774522369817 5.2259440969721779879 5.3040889293726420917 5.3801120324410822704 3.26125e-09 5.36181e-06
38143737.166324436665 5204 1.4536360899502407396 0.37759599263085230625 0.35331088359645124175 3.6272092664428283726 1.6335005565820126527 4.0251203562199542318 4.3678736135871298885 4.7232817800109136996 5.21728e-09 6.27092e-06
38143737.166324436665 4755 2.0176483213222242696 0.12011836685049265272 0.063026711945862873288 1.7323600373106025074 6.1962254591277678983 3.2367060846756570136 3.2488858919014496074 3.2617490674741009826 2.39615e-07 2.24572e-05
38143737.166324436665 3800 1.2579898473340755949 0.142007887181252207 0.3245410867112744624 1.4169716670613370368 2.3394948490849767353 0.73290136710791353725 0.64228205603138188717 0.55721587908491976293 1.79108e-08 9.45995e-06
38143737.166324436665 5861 2.2127044809860412222 0.29907117334550531451 0.096841909072756970911 2.8856298508937077152 2.602220684170857723 3.3496107378500110663 3.4239196331950720875 3.5072382466341700535 1.95257e-09 4.51911e-06
38143737.166324436665 6719 1.7739248187525653577 0.16503221996050165821 0.15964701357881680432 3.3759192164790370327 2.2756550513967321869 5.4831091094635748817 5.595680304685687112 5.70041155793336074 2.09817e-09 4.62875e-06
38143737.166324436665 6815 2.1440150857922315453 0.3116331145698222338 0.2624255812069931082 5.9362455504122175753 5.4830646580441060323 2.8079834836130914688 2.6848767713309982241 2.5474456403020977469 3.57143e-09 5.52668e-06
38143737.166324436665 5480 2.1115167661861464765 0.5295607421453359942 0.71524371669349384728 1.5120027474597554917 2.7303317415610206531 5.6185723981901496416 5.904979708665660354 6.1005218534274634479 1.6026e-09 4.23115e-06
38143737.166324436665 5093 2.0156820988854700083 0.39710775986478547006 0.32111163915451185202 1.2994189334588355234 2.5129624591038961512 1.4353125747426045411 1.0413147149105994593 0.69858331094127112948 2.98948e-09 5.20853e-06
38143737.166324436665 1517 1.9276983727656831213 0.39737715422116925978 0.5075486510469885415 4.6284595544787947574 5.1794627181544186101 3.3841340252830995894 3.5085735665407344896 3.6511520963841834764 2.17631e-09 4.68551e-06
38143737.166324436665 6526 1.7529930901173362834 0.36297805247586095723 0.30113315697349035682 5.0131065690070144569 0.2907327432611992446 2.7847604261659459901 2.625779298311226917 2.4467430805749104117 1.74858e-09 4.35591e-06
38143737.166324436665 6951 2.9995382634643252828 0.064548066072004986471 0.054765172494685002147 1.8617166065562062993 2.6776785295794960362 0.31383337529872296079 0.2944814361964518401 0.27574677002213798804 2.54062e-09 4.9336e-06
38143737.166324436665 5559 2.261203390877187136 0.28737533032106626907 0.24493284293015862851 5.8446723774187141487 2.9678140764997511525 3.7417575555074766847 3.929853136053035545 4.1336389853328805444 5.44342e-09 6.36025e-06
38143737.166324436665 5923 3.0411885347854448192 0.030909284869417213981 0.19021791884320374266 5.3596619783648753454 6.1787698127766708112 6.2311381161695162945 6.2327220632847861737 6.2342811841421088559 2.22479e-09 4.72005e-06
38143737.166324436665 6402 2.9394906793249209187 0.23850410713745462399 0.1981978349387041316 3.4589946872303123371 1.9915668615979940093 6.0768417364723159579 6.1211650647207491716 6.1596387152418250466 2.16272e-09 4.67574e-06
38143737.166324436665 6863 3.1301448740276116567 0.10891035586312478034 0.056888610196883758474 3.9945342841250277566 5.2130075611754680409 1.2338896414129336687 1.1327101642971344475 1.0340847377748183522 2.72515e-09 5.05026e-06
38143737.166324436665 5146 2.7799437183762205628 0.038245017171149739421 0.14427310951018723628 5.1629711568727945092 4.6376115612984953884 3.1941425713295270583 3.1961912902597888753 3.1982783787570041589 2.55901e-09 4.94547e-06
38143737.166324436665 5492 1.981459076770816452 0.32954595678827319771 0.41945212885123583924 1.8555370051397566122 3.3089232825434753416 3.32754743152498067 3.4027191070669022821 3.4877976512230395301 4.51271e-09 5.97488e-06
38143737.166324436665 5047 1.6324112926508469457 0.31157788604135094879 0.19467180315434259863 0.38677201508006964215 0.76177613213499506539 2.8894808772142699382 2.7952548507814798384 2.6894880711653650351 8.23744e-09 7.3021e-06
38143737.166324436665 6657 2.3672086567966981185 0.23446243021888116265 0.24789788118972022612 2.8210620682436644557 1.4159827864190657198 5.8248169675076715279 5.9198214271753695215 6.0031541763932736444 9.52311e-09 7.66378e-06
38143737.166324436665 6413 2.7523334291642571614 0.12612628077719867381 0.14511559921660505124 4.0360633387850874954 2.76537879276119547 3.5987196646554204804 3.6579608737616746694 3.7202325893586953853 2.71272e-09 5.04257e-06
38143737.166324436665 5928 1.996966006987122455 0.41878994074285369464 0.22582102845311285977 1.8200231444050105623 2.5953203378825033809 3.5477475113705674303 3.7641233216305574061 4.0083167852767003225 1.85148e-09 4.43973e-06
38143737.166324436665 519 1.8735086221896877223 0.18856939603863753785 0.25410123699263748032 5.3196427280466487275 6.0653583986335339873 5.8865889297653577472 5.9541337845198247791 6.0150691519476673363 3.92741e-08 1.229e-05
38143737.166324436665 2992 2.1394734855001433793 0.096082439686776890952 0.097550919272544292515 0.69923197299374129088 3.0824786863686171046 3.0087140998185808449 2.9953155284265240432 2.9813109330402354225 2.26492e-08 1.02298e-05
38143737.166324436665 5788 1.5070449176393940771 0.11054279825146406946 0.14668295948134976725 4.5439933013040381127 0.48613895729810036039 3.7069704663084195317 3.7692714650432828094 3.8341896675761719671 1.43499e-08 8.78617e-06
38143737.166324436665 5626 1.1544530237988610555 0.12462711832475646678 0.25581907513488405526 1.2216517123412604651 2.5624975562451717259 0.080117199077245890293 0.070691875447518912057 0.061889086754873763596 7.93289e-09 7.21097e-06
38143737.166324436665 753 1.4835649925756375644 0.14610737583365962511 0.1271644575703486657 5.1906156746298535154 1.7400679620336307885 2.1720707836412089797 2.0458551722799160899 1.9159268786864749323 1.27811e-08 8.45356e-06
38143737.166324436665 6244 3.1998360403041958833 0.056842327016215866975 0.33791996748770297687 0.3089703999563068737 5.4654817464541611827 0.94016000131216870273 0.89497960996740300033 0.85063143523059558948 3.08558e-09 5.26376e-06
38143737.166324436665 5020 1.6194509164576786908 0.45330419867274696077 0.43728444836664620565 1.8045767033422406289 0.57775163835445764171 3.5008759233125572585 3.7173190631892745195 3.964117925160450806 4.40916e-09 5.92883e-06
38143737.166324436665 6161 2.0934485471022203917 0.23629461529207015924 0.23783029623566645516 0.85461570575448597697 4.6249722930606704807 1.1047667770017042255 0.90227540515897530771 0.71684573531608886121 2.19638e-09 4.69987e-06
38143737.166324436665 61 1.8240575443924811339 0.18708924725703515723 0.053661075945462849424 0.12868836630742680471 5.7627097458751253001 2.9730787996944818552 2.9381771049871092671 2.9003821527459545671 2.97121e-07 2.41265e-05
38143737.166324436665 6451 1.4006061170313344189 0.2238342305540670929 0.14253118909338904907 4.6670999112705775502 4.9065022520588730259 2.0685998352480936546 1.8587789244139907296 1.6441624547685840252 2.57122e-09 4.95332e-06
38143737.166324436665 6702 1.8079467969545177652 0.22210258633681809193 0.18490951383573298039 1.7662404161192566399 3.9131227564871076119 3.9295936738381698206 4.102347985129325636 4.2843887135802400934 3.70623e-09 5.59535e-06
38143737.166324436665 5195 2.7524247472067724374 0.1142611541409703918 0.11786789645377321323 3.6765910793171565629 0.1528217478122984585 4.3173967348126787158 4.4254872337929436199 4.5350779892391113179 2.26107e-09 4.74557e-06
38143737.166324436665 5437 2.1270166139686907947 0.2637061106147129963 0.25806404690276268932 2.4673385261474733987 1.1470936689167108291 2.7298377754657221494 2.6074790016033277951 2.4732319320708509025 4.54448e-09 5.98887e-06
38143737.166324436665 6270 1.9398982818826902008 0.13231326423238820578 0.22533051325880046334 5.9181827260026933502 5.0413815366210332769 5.7127268550161582894 5.7806666219138147511 5.8443932375554625835 2.07589e-09 4.61231e-06
38143737.166324436665 6816 3.0868283017787967459 0.1127941890511316575 0.17932074878631804049 4.2339965345664722918 5.5657695667528228611 1.2117483853490107482 1.107967163672481492 1.0070397228494003539 1.76213e-09 4.36713e-06
38143737.166324436665 6040 2.450921584336833714 0.598687460203147781 0.32972267455996839836 6.2379089140841141869 5.4992734422489917279 3.3191967468923957441 3.4933367079631025831 3.6996058526012731704 4.48499e-09 5.96262e-06
38143737.166324436665 5518 2.0852335499137355512 0.18916549501806126377 0.054928877364346283263 3.0233819097874654602 5.9891397555228973459 3.7083393896713277016 3.8196855798191187148 3.9383507959984118685 1.73658e-09 4.34592e-06
38143737.166324436665 5950 1.3569821655342135802 0.25760640177544597007 0.31914987404661665504 5.6294174125836011768 2.2697286785506540774 5.4933317650996880133 5.663312152053998183 5.8129639335264569056 6.81029e-09 6.85339e-06
38143737.166324436665 6726 2.0313932173548807647 0.47906651017628920641 0.57389551634618773956 1.7546680985435800793 0.73093892874520738356 0.98219754744063780816 0.6146615186727690805 0.33839247267009547881 2.92983e-09 5.17366e-06
38143737.166324436665 2768 1.4917084650662486567 0.13324013988089347671 0.035488739620861471658 5.0095338496423345021 3.6157146678554710206 4.3685945937344499157 4.4973292227176902003 4.6274999952119166835 7.34629e-07 3.26242e-05
38143737.166324436665 5194 1.7731161470810006264 0.22116377709654308492 0.060438039301121695979 1.4326653761048888658 1.5796089486040709726 3.5960625783045299109 3.705254944487380353 3.8234195488983861999 4.75382e-09 6.07945e-06
38143737.166324436665 5310 3.4874609737801480769 0.086593643273236584057 0.32478556868989011397 3.4000300608630333876 0.24767293271691520617 3.4620482857149728062 3.4905480092372367373 3.5201557882264076227 2.51895e-09 4.91953e-06
38143737.166324436665 5888 1.4180014725418532695 0.072061991457097157587 0.43511664328119581402 5.562626690286844422 0.46998167950260122394 2.5187899114138341261 2.4754365924687822265 2.4309045557304824747 2.79797e-09 5.09485e-06
38143737.166324436665 5964 2.0023660132823861701 0.57054661038135745521 0.43735908977270354647 4.2500811808461413932 4.5397970387914785562 3.3502572127015817216 3.5368586511606814327 3.7565497288255054187 2.1711e-09 4.68177e-06
38143737.166324436665 6639 1.356996896326765345 0.16845603103431833203 0.24500751469510534397 1.4460557048321518447 0.015125248160433715783 1.5546942434203827599 1.3856827372424815881 1.2201047185582043486 2.07227e-09 4.60963e-06
38143737.166324436665 5312 3.0044659710202274994 0.025525343259280252467 0.15169269785149705476 1.3161638006681144475 6.0139187480437898969 3.8689931178569496595 3.8861314392136292462 3.9034282466188696681 2.46345e-09 4.88312e-06
38143737.166324436665 5289 2.1008813157480505929 0.0572385778542706114 0.16000800328173050979 5.9465535018690056646 1.8824900149050003417 5.1741866090977879367 5.2248145874590505855 5.2747013173187600188 2.13423e-09 4.65511e-06
38143737.166324436665 6734 1.9995557693039882619 0.17308079891518751703 0.051411913496174140026 2.1513416067828159406 5.2308482474395221473 5.4134377880892552426 5.5394424681963183588 5.6566263300107282319 1.24231e-08 8.37387e-06
38143737.166324436665 6073 3.2457915270991977152 0.091567599802954133259 0.27691826052968915306 0.51500272475225794544 4.1223739242657488902 1.2501796790831534167 1.164389203858489763 1.0802800547622608551 2.87152e-09 5.1391e-06
38143737.166324436665 6692 1.8485730334104482075 0.32644123440638600497 0.24288741435828264947 4.0805772987037212118 4.1639683875024804394 2.2360952366446555928 1.9436280111144947913 1.6396134108418896069 1.32225e-08 8.54977e-06
38143737.166324436665 6028 1.8954153401819682223 0.43444183131483116167 0.19141457580005674655 0.11663306326114518396 3.6239478418413750838 5.9641146714007042817 6.0818039177423779407 6.1687022737471206568 2.1303e-09 4.65226e-06
38143737.166324436665 5030 1.1464397600230749052 0.47406975149431612726 0.23594356514126202384 4.1180745433661716248 1.0593158507496545084 3.7317473713576205796 4.083013221493888345 4.4662488947767551295 2.14686e-09 4.66428e-06
38143737.166324436665 6521 2.9643461677087334927 0.10267644839430065118 0.11186974903029989203 3.5925220108422886156 1.546064889303345069 3.7326564997820566028 3.7925675364644098053 3.8547855836881348424 2.953e-09 5.18726e-06
38143737.166324436665 2010 1.7151467971476934693 0.15174423210120493999 0.12462074268530232146 1.2694182638291828802 5.9805341434176488846 1.8673538883805131938 1.7183353400645422493 1.5682396802744691389 1.54172e-08 8.99881e-06
38143737.166324436665 5717 3.1750361338534411892 0.12766062800484612172 0.25786149685934361964 5.2968513768190677027 0.16486798139026040411 2.1032012456288402547 1.9891682276645819005 1.8725181240201316246 2.31886e-09 4.78566e-06
38143737.166324436665 6978 2.0791491443743557177 0.67436493678496134407 0.22522574087898883377 5.6611061439953411778 3.5725242745355996199 3.6783182389237421006 4.2567357183968539402 4.8622977312409894068 2.46129e-09 4.8817e-06
38143737.166324436665 6005 3.0495624630189284154 0.068209020950125542893 0.76996480596099547977 3.2299545595448018176 4.1050235160050450034 1.324064210608341563 1.2584149894067135911 1.1935069833953224627 3.36675e-09 5.41902e-06
38143737.166324436665 5540 1.657354805892090166 0.36595354587801032231 0.27063610025252043956 4.3465459014028571261 1.4959709811168251381 2.2573926253469447367 1.9271837507388189792 1.5842255065755064258 2.31531e-09 4.78321e-06
38143737.166324436665 733 1.7981312472205415176 0.11889738297807603273 0.1065546348215264949 4.3616200702241973985 1.6114836527874993877 3.4325701363930498644 3.4688728998488680411 3.5070947025497476446 4.51209e-08 1.28719e-05
38143737.166324436665 5469 1.3528196426035559163 0.53198380214003182509 0.18707124734527758037 0.59956902846752035963 1.8104751421159830382 1.7769101911981999287 1.1946727744709548791 0.69987702959867670316 2.51139e-09 4.9146e-06
38143737.166324436665 6119 3.1072320363445768976 0.067459524915093521669 0.19941188022326844509 6.0158938931028300701 0.9316526318279559904 0.55405918355999683733 0.51952067498400811285 0.48602944176084905692 2.96829e-09 5.19619e-06
38143737.166324436665 5525 1.6372892870134068133 0.24399246749783573551 0.29033757615773830851 5.0640105278787883591 3.970053820964649649 2.2272863427405047432 2.0157871869938688292 1.7955560236237888549 2.22151e-09 4.71773e-06
38143737.166324436665 5178 1.8086817046792567076 0.092987456519551411893 0.23988265357614080298 1.3049447459261751536 4.5460979562290653178 1.8349080785426090667 1.7439052695815293603 1.6523076011304163035 9.33283e-09 7.61239e-06
38143737.166324436665 6997 2.8998830491242948426 0.10901621513828362031 0.26628173949182032398 5.3186839611798699679 1.9828425697343952105 5.2667204351725711575 5.3570268169223211885 5.4441653796490481199 2.77488e-09 5.0808e-06
38143737.166324436665 5667 1.9155172386398449103 0.39581071379477927863 0.25587567433403091144 4.6893057630424532789 3.3314733707896686532 3.0198953110612634099 2.9569178871297205902 2.8842364165298222112 3.20823e-09 5.3326e-06
38143737.166324436665 6103 3.2970341877123772178 0.042745724085405750747 0.14820707765636478848 0.73854019198298548332 6.1529992396535186927 6.0153467531438815641 6.026435709092589299 6.0372904746368938333 3.07621e-09 5.25842e-06
38143737.166324436665 6333 1.2710441251384605454 0.2667528588531948297 0.28115217391306113193 2.7243300246916719587 5.5604644251242794084 3.4682996844162032879 3.5682768876859238816 3.6786737850417150497 1.94245e-09 4.51128e-06
38143737.166324436665 6480 1.7701533853560549314 0.17141785562649075603 0.12916812750182390945 3.091156638242193555 2.6315077901128471893 5.0738261860090689837 5.2302580836719227975 5.3791989459172384613 9.59462e-09 7.68292e-06
38143737.166324436665 5316 3.466832972560684567 0.075043039468233749267 0.22153041103143072954 1.3790352820505087372 0.34573666996251922745 2.5856266805820204979 2.5446639495922296348 2.5024818845701433112 2.96988e-09 5.19713e-06
38143737.166324436665 6874 3.2662901100032715185 0.093175835979450033486 0.22866260095471871439 2.7522485563470731051 2.778438214045408472 3.3894857879344857388 3.4134824829902434828 3.4385050700847390459 2.61974e-09 4.98428e-06
38143737.166324436665 6823 1.9085797911794148973 0.34991019985264398828 0.23792154972364731869 2.6148367829610981161 3.8290409415752164612 0.888467188903279248 0.63803431918905118003 0.42962163720430285307 1.69817e-09 4.31364e-06
38143737.166324436665 3953 1.2727902228418854769 0.10595089327019127645 0.3038709684944688183 4.9858451982673441805 1.2061668355700085886 3.8602587010696161052 3.9330931027373705611 4.0084674747785289384 1.87457e-09 4.45811e-06
38143737.166324436665 6204 1.6293209427513437593 0.14515384853417406807 0.28181665532172101019 0.1961725166444669155 4.1238531835754006494 2.7465321721085422801 2.6863332520397253944 2.6225097857093886411 2.26769e-09 4.75019e-06
38143737.166324436665 4189 1.1100287265765764744 0.090710620318659826444 0.019742671321815716268 2.1117024636002978966 2.2133046610484838901 0.98405266091686338648 0.9102490205999551609 0.83861878506140963285 2.40401e-06 4.84353e-05
38143737.166324436665 5324 1.9131039172407013904 0.074656829145919881285 0.30339035668093067288 4.7941380370999802096 3.0232085478475481111 1.0632022166161181342 0.99905516204882460762 0.93627174671128998718 4.64884e-09 6.03437e-06
38143737.166324436665 5185 3.5265923916952255368 0.077369462180166478915 0.26787005004913344575 5.7216863969828999359 5.2641758920859365034 1.398516726574181801 1.3227181664130875927 1.2477172849925262099 2.64564e-09 5.00066e-06
38143737.166324436665 5451 3.2744280107135139701 0.080219833422239122944 0.05580034496308957509 4.2461620466231693172 0.52701546058733361733 2.5239537086006080813 2.4758561293885916754 2.426309267907563072 2.58702e-09 4.96345e-06
38143737.166324436665 6192 3.1982787540495021261 0.21731173831690803189 0.30775611385075540838 2.8811239243319279879 2.5314834355775315267 5.4285908004483669487 5.5830136016252343012 5.7230382040697698187 2.79503e-09 5.09306e-06
38143737.166324436665 6170 2.2417417489659947627 0.36096803072369915144 0.33057816550066326799 0.86099463268798426263 0.7260691188804294649 3.888407570793178003 4.180385516920676281 4.4914650664859347984 6.44558e-10 3.12323e-06
38143737.166324436665 5853 3.1318506310480946908 0.10200112069808564552 0.19062588314940254186 0.61641721542492355912 1.2931928887733505906 2.1600807513875261989 2.072630551524031528 1.9832059943877700103 2.34516e-09 4.80368e-06
38143737.166324436665 5360 1.5743435675008710106 0.11626618250943790422 0.083824165546064380306 6.231895616004096361 3.0182302156144142913 1.0989612241751336441 0.99781663070366510837 0.90011940152033020901 3.7029e-08 1.20512e-05
38143737.166324436665 6233 3.107840940263331575 0.087332962706648559204 0.23683956765025948599 4.990887376856333546 3.6353859181589811556 3.3420616209833005072 3.3602654131512403879 3.3792109178631912769 2.38928e-09 4.83362e-06
38143737.166324436665 5650 2.0951349689553415701 0.26581073230788615502 0.35520241130203961122 1.9623862111678636033 5.1652031749451481346 3.5764382729722585808 3.7062398181943509989 3.8484798676819540475 1.14639e-08 8.15256e-06
38143737.166324436665 6255 3.2421387490773594386 0.12927513897319939384 0.18707998342971776662 1.9418741449180996206 1.3896840102115892712 1.1287106828092938748 1.0146658174835581079 0.90487190119814753242 2.45838e-09 4.87977e-06
38143737.166324436665 5459 2.9871462189055502101 0.25002450125995473451 0.20608953189048356824 4.3103256785478016866 5.9468027739723696712 0.37071972932320246263 0.28846810056680805001 0.21734014112518504347 2.51526e-09 4.91712e-06
38143737.166324436665 5708 3.1477625060485938668 0.11189265800935777051 0.21159829476541064386 4.5362200051282863811 2.5634205755880903332 0.72283892099522206731 0.65161598405390486199 0.58375621171837166479 1.65544e-09 4.27716e-06
38143737.166324436665 6956 3.4924991175619153339 0.13552201113382983388 0.38092181140405240169 3.5121008281546166607 5.0991266625192528394 1.9357726438856790452 1.8056073861201948905 1.6738043269897651122 2.20649e-09 4.70707e-06
38143737.166324436665 2850 1.5909188997249492648 0.17829522351875332076 0.36510641364100004935 5.3354489238755071767 1.8378392488141379602 2.8350245762307455522 2.7757171559777558123 2.7119290121871868493 2.86233e-09 5.13362e-06
38143737.166324436665 1284 2.1781988589592118366 0.16976459241832722591 0.2410344948098920026 4.3099476786730859246 3.2060508747141054364 5.0009137682628308497 5.1606169128886598685 5.3136115606908340681 3.64405e-09 5.56389e-06
38143737.166324436665 6722 1.8020286569259840181 0.25690214025095864381 0.424826055879429898 0.87822917796630983744 1.7942573045175007618 3.3768031289518285476 3.446529184468831275 3.5236595909161887441 1.78527e-09 4.38616e-06
38143737.166324436665 5002 1.1331528287259748922 0.11275101870529380399 0.46159041538489276046 6.0256536547652874702 0.6263814254139365989 1.9719574176793865927 1.865574727059005733 1.7576870491533485019 2.79003e-09 5.09002e-06
38143737.166324436665 6473 1.8058035926362607793 0.27144393897719615305 0.14615193854406174911 4.0374901021843463411 5.5376955197236563677 6.0344162209848368761 6.0944577165880069458 6.1453831052397029922 5.43469e-09 6.35685e-06
38143737.166324436665 5815 1.2064297812573157032 0.41511612158052468846 0.41308443796317856345 0.42790124798287787478 1.1288512964036130359 3.4884562341792113571 3.6736836464425484117 3.8842871477741356401 2.67562e-09 5.01947e-06
38143737.166324436665 6211 1.8252988725093091116 0.44085706347717623643 0.45965491411277281664 3.6917210976624472707 0.56412858193822401631 5.5692401632074908235 5.8266281828703405665 6.0209846414946754933 2.33777e-09 4.79863e-06
38143737.166324436665 2928 1.5050438457681865057 0.2673542599164038247 0.37055656957652616246 1.8768788089408550146 0.18212109820917526948 0.043557696055152812786 0.033120117585970831886 0.024266931839751176847 9.69793e-09 7.71039e-06
38143737.166324436665 6225 1.9418648911623341835 0.12223318841552266445 0.11565666933400736704 5.9540225675268176886 1.7489820384064129755 1.1389469678022621224 1.0304139994349403864 0.9255975674067818959 2.38341e-09 4.82966e-06
38143737.166324436665 5873 2.33648013509440311 0.35283800185666236437 0.8782186938046028235 1.6680718129330007748 2.8108591825835107514 1.7712527313614636615 1.4046963103568175235 1.0567143902862043969 6.23622e-09 6.65514e-06
38143737.166324436665 6886 2.7980165604735676155 0.062961125486492380832 0.40927542934582306078 2.0009292986879980702 5.4272415933395663501 4.6920429577956523914 4.7550731054477015647 4.8179768841174714922 2.88448e-09 5.14682e-06
38143737.166324436665 3400 1.2529218764613594406 0.41349050203132581283 0.20507557627034814218 1.3078734133847320642 2.4932702004558220388 5.3138356811857985207 5.62915816263918245 5.8807205882261115448 2.20416e-09 4.70541e-06
38143737.166324436665 5080 3.2226135050673336835 0.14576525754182204087 0.22985364740584401932 3.6287464308903194521 5.0228076696315859806 0.48642041098153215861 0.42210418258012677439 0.36238694727206893775 2.57476e-09 4.95559e-06
38143737.166324436665 6155 2.2875707471598603071 0.44042331736195089453 0.20235868950913610265 6.2695634751719886424 3.1943931452698706153 1.7653596703635658915 1.2973171865916954815 0.87326129047933154226 3.03729e-09 5.23615e-06
38143737.166324436665 6186 3.2323421695561607159 0.038179234593805400078 0.2171242981796858984 5.6254683003492074178 5.4193901344106345519 0.50932044963468148246 0.49100398151286189785 0.47300203346629005052 3.14704e-09 5.29848e-06
38143737.166324436665 6417 2.2330751327198825607 0.57128430101023652821 0.60011538608019887597 0.25144226827076376907 4.2882584109385719628 3.1173960314288478024 3.0952755945799923509 3.06882484559910651 1.63097e-09 4.25597e-06
38143737.166324436665 6237 0.91160726121147095391 0.050437083383594101538 0.17517651270283485232 5.7481800379928493783 1.7894826796512559586 4.7637064247780775972 4.8140334031076577048 4.8642101631369305537 1.89473e-09 4.47403e-06
38143737.166324436665 6029 1.9969894180864691258 0.16251859745920554934 0.13393519366190381747 5.9066414688885071627 2.9732710238500814626 2.6841170777302125749 2.6061707673090257487 2.5232531402558997513 1.2969e-08 8.49478e-06
38143737.166324436665 6023 1.7599955009382663995 0.082733770227417222087 0.46451125845220792021 5.2605320046588559535 0.95499713285647791494 3.4582918196954564038 3.4851583462033168814 3.5130269303100827294 5.48103e-09 6.37486e-06
38143737.166324436665 5643 3.3086231244042676458 0.077265918576100281467 0.082980201395118149965 1.0577797390432683855 4.7748693366200622989 4.0834374139488200939 4.1474472297375406526 4.212707553397920357 2.47115e-09 4.88821e-06
38143737.166324436665 6335 3.1229867990672475209 0.12167803405623645041 0.22169244760792225502 1.0867655660480057822 3.3966930670880808307 2.049484605304270346 1.9380584562850633468 1.8244946550132896679 2.80706e-09 5.10036e-06
38143737.166324436665 6290 1.874591687007504559 0.34280368354246304463 0.35525358311868465711 0.80381957222527833373 4.8564969344199155898 3.3545710486985047538 3.4448380412893544467 3.5472057626509490014 4.66797e-09 6.04263e-06
38143737.166324436665 5215 3.235741827590165709 0.30428833596576199128 0.29560671403686544778 6.0866891563324267977 3.1059558633219732648 2.2781061776257196527 2.0160130213851963354 1.741387513810186638 2.09099e-09 4.62347e-06
38143737.166324436665 5257 3.2079050638417907493 0.17278693711999235094 0.18647182492059019565 5.0441737037056402215 5.1262952087965025783 2.6685467389457659948 2.5826188948133825818 2.4909871431283669985 2.20895e-09 4.70882e-06
38143737.166324436665 6327 3.0094822646647294562 0.1400633561178694364 0.19845382914102455141 5.3141675291023533489 3.8022495506424633938 2.5992312505444781223 2.5219561855843681819 2.4406158970190836577 2.25041e-09 4.7381e-06
38143737.166324436665 5048 1.7544854344155467185 0.081302555442229570981 0.33160562229861356709 4.0947444341570555792 3.0673935435619115175 3.0220400498592159266 3.011918048274966786 3.0014046939507257328 1.54672e-09 4.18139e-06
38143737.166324436665 5673 1.8196665488657395304 0.3848258006087146299 0.45644280566139028288 6.0143068138136808187 4.1749528093436589771 2.0070876314162680032 1.6158990318155621591 1.2314645815700595577 2.67237e-09 5.01744e-06
38143737.166324436665 3324 1.4103273232642425938 0.46740898036154610029 0.29318436762103233795 1.0874445223295812202 3.3014699018748778769 3.650407103031132916 3.9565555730702959281 4.2966891655491226132 2.73553e-08 1.08943e-05
38143737.166324436665 5034 2.852294685703331556 0.17226494976721104524 0.18577602026862816142 5.6510987126805112268 1.3620556525787250735 5.9345886494445245773 5.9893894399858922384 6.0392752200501647053 2.20492e-09 4.70595e-06
38143737.166324436665 6957 1.7145296051571730089 0.58381531011916909524 0.16477510182985419251 4.3633658239792234568 4.030473463736701234 2.5045882211414451923 1.9983928488554254521 1.4671413133588591116 6.68595e-09 6.81142e-06
38143737.166324436665 4112 2.0136465096228901572 0.59475773963375366815 0.63462809270655484717 2.4491170837801545801 4.5925099663694677332 2.9977237651811630137 2.8576212379970296062 2.6909878373471385338 1.99037e-08 9.79854e-06
38143737.166324436665 5344 2.0549968714272059955 0.40522133643553476245 0.45109002333764092185 2.1007759089964497257 3.8440549115043780581 4.0303568185192668594 4.4051855894665665758 4.7914356682279057864 5.14004e-09 6.23982e-06
38143737.166324436665 5938 1.6966076852432556699 0.076208119707451074665 0.21515372489831777192 2.7243041615993099924 1.3888131603458118146 2.3264587757650145861 2.2694352328059395063 2.2110812794611200971 1.88863e-09 4.46923e-06
38143737.166324436665 5446 1.48931410568513245 0.52077922513081709166 0.25619850309843050784 0.4018357116445162025 3.6829281317768352011 3.5686935309302865171 3.8788954091963310233 4.2290119654608595567 4.99881e-08 1.3319e-05
38143737.166324436665 5914 3.1894624806714535481 0.10649136132699331403 0.093457065510892917137 2.2281342654162878958 2.9426114716241618119 4.3766023784641525651 4.479148971287789216 4.5827568273084704487 2.63408e-09 4.99337e-06
38143737.166324436665 6154 3.1533420423889459983 0.1221361701772476771 0.23402915866294821123 1.1097598450076118226 4.4903909905388905699 1.4259142355083236353 1.305812331330151066 1.1879391174582241142 2.04677e-09 4.59064e-06
38143737.166324436665 5511 3.1575216671074790575 0.10994538325486975794 0.15644046757055726782 2.5334823931567416189 1.3037281803569140681 4.7985449000145399268 4.9077879012837808403 5.0156410562159949862 2.90982e-09 5.16185e-06
38143737.166324436665 5957 3.2143928482673209679 0.083935890500207110954 0.078719700673450368478 2.7677342698073710281 1.4596576830815015668 4.2694736531254289247 4.3467997030214595711 4.4251885438852456289 3.45473e-09 5.46581e-06
38143737.166324436665 5962 2.9108210691341622756 0.2268834896669082446 0.20125398044901790517 4.8321076724002942626 6.0640398039659464402 2.202376838275679205 2.003986540728490251 1.7980600023384107899 2.88829e-09 5.14909e-06
38143737.166324436665 5160 3.028762534467492884 0.14174894593482739724 0.17929757401887738699 2.6906649933573594247 1.9432199785712236384 3.4071647830064040186 3.447311741519121675 3.4899751971407657614 2.48083e-09 4.89458e-06
38143737.166324436665 6891 2.2189681341090734534 0.42848062910904055611 0.58572500560805618175 2.3063312896021215259 0.76688726127815298739 2.5747571549937231516 2.2785417133143730517 1.9529694566590058979 4.39964e-09 5.92455e-06
38143737.166324436665 1399 1.3041077175409974132 0.062450693006934523965 0.27377634149214391535 3.3034708602750475492 2.8957829046129779371 1.5930332616380920019 1.530513921823983825 1.4681138904660422373 4.64728e-09 6.03369e-06
38143737.166324436665 6752 2.2154801185430899046 0.27180539720003882298 0.49327223936698483264 2.0241848937933468733 5.6435499166855613851 1.6689974976625261416 1.3913149594324010216 1.123875732408252226 4.12549e-09 5.79885e-06
38143737.166324436665 5597 1.5403082362177880071 0.14127161163184490111 0.43793640777054887447 5.1748903464435480615 3.2872061739405431524 3.4661749473789509324 3.5147122907668468805 3.5662089281158162457 2.41109e-09 4.84828e-06
38143737.166324436665 6928 3.2087347559103944761 0.15242289106621983996 0.20284312376427751645 2.8612281414878655283 2.1964861573106957415 2.57768615902536391 2.490117341767489556 2.3976941642297822099 2.08658e-09 4.62021e-06
38143737.166324436665 6056 1.5853604063399542312 0.43353626022843544385 0.17410184191550784338 4.5599308287377606774 1.129989636827525068 5.7764961253355879833 5.9605103074176666311 6.097986665690239505 5.38932e-09 6.33911e-06
38143737.166324436665 5640 1.8097956605623530812 0.33513893383103632306 0.043108529929736794095 5.5716306384144349551 6.0331464157729346454 1.5891930470669435316 1.2464301046848178522 0.92876769202889486454 5.24602e-09 6.28242e-06
38143737.166324436665 5842 2.3838219422139714787 0.47669732506470385847 0.57838345428257320613 1.826484492031996254 6.2580726687581575973 1.3233929265817996335 0.86826146093583056462 0.50444285601362193194 2.75394e-09 5.06798e-06
38143737.166324436665 1444 2.0780943357956873641 0.62943907136567300853 0.75811358807561490813 0.79081851083901666399 4.8789535291000154515 3.0292513845347359691 2.9068537832507543861 2.760453163196082027 1.72307e-08 9.33865e-06
38143737.166324436665 5176 3.0798488491843616366 0.18445378042495547133 0.12287736772727819723 0.83754792578341963338 3.129416681036228276 0.25165205488347153207 0.20916008820927445289 0.17086040650715114686 2.68297e-09 5.02406e-06
38143737.166324436665 6001 2.0306058233720234441 0.33742983529313702595 0.20977430481540307317 4.727792263775498327 3.0544546431888051075 3.1179136070354669386 3.1079521018397739951 3.096602916906570524 1.89847e-09 4.47697e-06
38143737.166324436665 6140 1.8725713430919346258 0.35881195566088947002 0.19560814385795499692 3.7254348028886039579 1.9169073729688677066 3.1163239332650061186 3.104809889639156939 3.0916147700784226693 1.67728e-09 4.29587e-06
38143737.166324436665 5534 3.2670901323377505854 0.12035171954811971218 0.13484874007964470222 0.3887301965521066105 2.7330862146044947458 0.27804055088578083499 0.24670919268612154229 0.21731760324889162761 2.18919e-09 4.69474e-06
38143737.166324436665 5929 3.2326067087460792493 0.11651666083281604636 0.21788732588491463438 6.222182618184302072 2.2207253113242995113 2.8300781935900891639 2.7921368269142750052 2.7522430864651687976 3.18574e-09 5.32011e-06
38143737.166324436665 5625 15.379555961689922228 0.35594643668438191719 0.52279910072518476216 0.46500032274540398225 3.0555469189720301237 1.9315423256158843479 1.5673948368936974074 1.2114504593812343014 2.295e-09 4.76918e-06
38143737.166324436665 6775 1.6328358759312531223 0.05790648706913682775 0.32639571601178501981 0.089467389495812635336 5.9605177643292766021 5.0307617150294081654 5.085296051454621491 5.1392227510785053468 6.39874e-09 6.71246e-06
38143737.166324436665 5211 3.2196500785477404349 0.095998700620882143619 0.28397966421523129776 5.3328537902178929642 5.2354523156349372925 5.0583292167538935757 5.147337906460871082 5.2343983182280391375 2.07199e-09 4.60942e-06
38143737.166324436665 6920 2.278616394933076883 0.055230647367576449214 0.095021458146535828226 3.1740396353855730993 5.813806386851513075 3.1242168705357138414 3.1232292191985697727 3.1222150518303566358 4.48089e-09 5.96081e-06
38143737.166324436665 1810 2.0245649731025792128 0.26705537715440330615 0.48288893235921209746 3.3002230925437121556 3.2246860027581667474 3.9386519488225366636 4.1528204876023719905 4.379145711697297827 7.36354e-09 7.03416e-06
38143737.166324436665 5072 3.1030821217448485427 0.034080221454192018149 0.20723978818352004061 3.5252116926000387487 2.7714119231504370511 5.3524384954535362269 5.3795038384665483377 5.406277602395643811 2.73643e-09 5.05722e-06
38143737.166324436665 5231 3.1641714485354888176 0.11749784973998886328 0.23745348152936884834 1.9215715488703695168 2.0332517985489948487 0.91150343429454527833 0.82161613729451654642 0.73557863790553379424 1.89135e-09 4.47137e-06
38143737.166324436665 4786 1.5020299890880017823 0.30097335376195144541 0.24656748117245896879 2.5062839400612526575 2.8705962581403716705 5.512224275640480009 5.7049652333712845831 5.8694574728253714468 8.41208e-09 7.35334e-06
38143737.166324436665 6756 3.2235965993328647983 0.014136116302327089364 0.27340272747156058042 2.6486724514847792555 3.5549011890607173925 0.37373219220448999911 0.36860469660962219551 0.36351125316072313565 2.22448e-09 4.71983e-06
38143737.166324436665 5323 2.8050858763887354108 0.18633117278086056001 0.12710681037266513549 3.969572661284485271 0.74376208526048503966 3.5279232384948673307 3.6054671276672651814 3.6888347685138302978 2.25995e-09 4.74478e-06
38143737.166324436665 5372 1.6032397864735807858 0.26572411847165167131 0.24706170355779485948 2.2442359051251545843 0.90146163154630110093 3.3812107550315468885 3.4551135727284387755 3.5370655024345882822 1.39548e-08 8.70479e-06
38143737.166324436665 5855 2.1237702549380235162 0.31979715957326615428 0.11583824453405631993 1.3194856965107615299 6.1455637184383888894 2.4277417226077435686 2.1834592402764645414 1.9218269105491696536 1.88487e-08 9.62226e-06
38143737.166324436665 6156 2.3124618919731161348 0.48321185920563386462 0.69163993435441672997 2.1144017801622934094 2.4519127194040795104 3.9614794859472950428 4.4108205699732430105 4.8722259561261500593 2.69058e-09 5.02881e-06
38143737.166324436665 1410 1.8863238090222900212 0.20472758231495047365 0.26445182797745342418 0.033874290993721682674 2.5039062971453227568 2.3580607956639605405 2.2007949010942704504 2.0353692109140033573 1.96181e-08 9.75145e-06
38143737.166324436665 5256 1.9168709453546681765 0.31262250559533544259 0.035210918329902592128 5.1415902047562802579 2.4795923296947641745 4.2894820770955259803 4.5999681240296048657 4.9106171775989446715 4.61883e-09 6.02135e-06
38143737.166324436665 6653 1.8391204461160302053 0.66188930545817059592 0.41611634184872492437 2.0183584180904343697 1.1197767282194472926 2.3028642988167642436 1.5824896586250596364 0.92064560404049522457 2.19009e-09 4.69538e-06
38143737.166324436665 6914 2.1494734913123227926 0.055040203543523888441 0.10955277588214362705 0.48239739901196543315 4.6843561583431050366 2.8949442729837970845 2.8811269179897038839 2.8669523810051829038 4.41745e-09 5.93254e-06
38143737.166324436665 5578 2.9082797751568216782 0.13614459961785949083 0.17969563448631967195 2.5548634843054021104 2.3752586241223920815 4.6010477353663539191 4.7378094770999492624 4.8739100906538634916 3.04211e-09 5.23892e-06
38143737.166324436665 5196 3.5661107309535333698 0.14233842252653300386 0.21537516555530694662 5.1760887406187032767 4.0187139294363980468 6.2631035425984640241 6.2657846322572376963 6.2682612918902265164 3.02458e-09 5.22884e-06
38143737.166324436665 6832 1.6642738561493253258 0.18971315883521630563 0.33609796569810224121 0.42454339312995853506 3.9373989213427447176 1.8737491192702362408 1.6861959692729651117 1.4977446216197296547 7.86044e-09 7.18895e-06
38143737.166324436665 4502 1.3722021900195191524 0.16673736594036256409 0.29542957471015174331 3.3080115353984158588 0.73372159476897325092 1.5112224334242314594 1.3448263410894487624 1.1823278994294430522 4.58456e-09 6.00643e-06
38143737.166324436665 6425 2.3007694167554073594 0.18649621853704134722 0.45132950865995691281 1.3177329147282017541 0.30884399898940678719 2.7686652630236210371 2.6935685134310469735 2.6127810503582264978 5.02719e-09 6.19382e-06
38143737.166324436665 6089 1.8548295840433479675 0.28484447509757548911 0.3044039858377064478 2.7807104645458546877 2.9891810751328828921 5.6090237128040154602 5.7717117523933554324 5.9111325134251764268 5.81535e-09 6.50193e-06
38143737.166324436665 6572 3.0230791924052127229 0.11811269137392689521 0.17032170094919032999 1.1051595748301894506 5.8234712876150149796 5.8839490990382996571 5.9276300506719232786 5.9687463713937480847 1.66053e-09 4.28153e-06
38143737.166324436665 6842 3.1600002299504539316 0.036263304170118311476 0.11366758484987468658 4.1044518523710635804 2.5113795371821852065 2.3983131304800382466 2.3734344981570867361 2.3482383272841258481 3.94698e-09 5.71398e-06
38143737.166324436665 5291 1.989494372992295812 0.33430539045912999185 0.68169212597207962112 3.4421171590186294686 5.9687557788737191089 3.1377351857937703095 3.1361314059717053659 3.1343056905297737025 2.6037e-09 4.97409e-06
38143737.166324436665 5063 3.4641413593733774157 0.19062138144349929925 0.39747251509791847734 3.4699911807233214667 1.2714318328166522853 3.4967177029015843459 3.5702096675958863159 3.6494344522793009666 2.23728e-09 4.72886e-06
38143737.166324436665 5818 1.7735029167930196348 0.64487594317145024991 0.26059790356765144548 1.8925648301848663202 1.4450322967722630807 3.4146778677373386124 3.7166122558637679774 4.0673288376271479194 6.74885e-09 6.83272e-06
38143737.166324436665 6055 3.2098837788251461944 0.063858158441918805304 0.073954545206475430508 6.1798222452533115856 3.0079941210610141589 2.9720028570097531961 2.9608631677489136713 2.949384840926169371 3.0525e-09 5.24488e-06
38143737.166324436665 6197 1.9581360319310852081 0.20735226720848684567 0.21935765458426517704 1.9142557584670798487 1.8506057490332226134 2.451772438765001727 2.3068831713127915251 2.1532140968321042962 8.02678e-09 7.23931e-06
38143737.166324436665 5642 2.8995351829262014931 0.24795588034917845355 0.086260355465784324669 2.8035222331716775912 2.4636906500954216526 5.2024915458476197472 5.4115269796810947511 5.6013117209745368896 2.80041e-09 5.09633e-06
38143737.166324436665 6291 1.4220025711375898769 0.15115608217916010059 0.32530253284429316851 3.0070382522009491133 2.039518145501142854 1.3466874156630916914 1.2011795266299585272 1.0602316422616564484 4.97801e-09 6.17355e-06
38143737.166324436665 6390 3.2432327544754149251 0.077517775491274684696 0.31641018262181103138 4.7332428013062459726 4.35785392276868766 4.7074578805015674376 4.7850673987708862711 4.8623805340086061477 2.74624e-09 5.06325e-06
38143737.166324436665 6126 3.017507023555349388 0.23754016671071864764 0.21507596683937812987 6.1419497577693800139 6.2781254220495474883 2.958591617132662055 2.9088518778539316223 2.8540643631171933592 3.04059e-09 5.23805e-06
38143737.166324436665 6104 3.3547352647663672975 0.032014513320494764059 0.17044478901418402828 6.2685554915484491545 5.9116270282059106833 0.53863907070818362044 0.52243549794331878289 0.50646050442357848365 1.75259e-09 4.35923e-06
38143737.166324436665 6732 1.2643390486873959944 0.25530594283301133451 0.16408399868284237466 0.05345954046314151803 3.4235592964806538241 4.3342530929081828361 4.5863213789348273863 4.8396012135217585381 3.70815e-09 5.59632e-06
38143737.166324436665 6286 1.9915958245876277388 0.32225057520862970817 0.78984720590322443634 4.8017999278820546749 2.1508387005172466822 3.7562178553741767395 3.9761056057002166497 4.2148834623563633528 2.66284e-09 5.01147e-06
38143737.166324436665 5405 3.1829649315220174266 0.035154798811723730889 0.12064212453825737259 4.2545494481950161259 5.8748807200105837012 1.0012095632452364669 0.97187598321029144977 0.94284006156680988386 2.93677e-09 5.17774e-06
38143737.166324436665 5098 3.1718389845106393921 0.093025168465484059377 0.11124687891923026872 4.4841171583687096103 0.1815530375973699595 0.45613671473903738551 0.41672622831136679755 0.3790725212384514764 1.90652e-09 4.4833e-06
38143737.166324436665 6952 3.2167446832535468992 0.12862400303147936143 0.12477624774658659101 4.9308998019263565737 1.1863360799600435325 2.2750901602541491187 2.1724557079845832064 2.0664183986233104484 2.57429e-09 4.95529e-06
38143737.166324436665 6667 1.7923176408910919122 0.3516342384635034457 0.073483274061808448452 1.3156567803189818111 5.7077555913610904526 3.7662057479508987967 4.014042482962976166 4.2833613814847026902 1.85586e-09 4.44323e-06
38143737.166324436665 6282 2.7969847002270467051 0.16065995389826973061 0.10792918715147199749 4.9720153613272879412 5.8472064608491436388 0.81567588866159390637 0.70421870592099067299 0.60020125202595508984 2.68214e-09 5.02355e-06
38143737.166324436665 5240 2.0028902913519419648 0.19772289215114149941 0.3568487584856687711 1.1740654622408870367 0.28691536014872298654 1.7162822321012154436 1.5164632594251621356 1.3190321426008904115 1.54708e-09 4.18172e-06
38143737.166324436665 5138 1.9063321745146899477 0.34931947356201448196 0.32401274410524899539 1.5256487746206863765 3.5659271712257152309 1.9013628889648241937 1.5428883547268212872 1.1937049069284582092 2.37553e-09 4.82433e-06
38143737.166324436665 5548 3.1886351519004758615 0.13399957147085081455 0.33538001679372425601 5.5827250231411973402 4.9898357835158613227 3.9131167096434937847 4.011645976060409069 4.1140703333460351132 2.11518e-09 4.64123e-06
38143737.166324436665 5131 3.5393691290733286792 0.11875881264386821401 0.25919757034435292331 1.4202850343485462492 2.9356382675653494019 3.406532864321875298 3.4396417471047935344 3.4745159699451653168 2.25296e-09 4.73989e-06
38143737.166324436665 6295 3.2545133629896279004 0.037389174269237247794 0.21298927131526762535 3.1878851367708946896 0.62049682265897054823 1.2873994296179385177 1.2516797153306407075 1.2161782108392249491 2.30061e-09 4.77307e-06
38143737.166324436665 6356 2.5061071926832148016 0.59928983892041032266 0.20322932390059098018 1.490022965978829772 2.6282533643415044722 2.6769883532515343916 2.2585805159724277047 1.7955364852841000367 5.8318e-09 6.50805e-06
38143737.166324436665 5278 3.1399915287251505269 0.11343510771444843821 0.31031063744926429271 1.0300869069381597409 3.8475424262272399645 1.0535477220256206365 0.95741374774540288772 0.86465722913512299552 3.13887e-09 5.29389e-06
38143737.166324436665 5669 1.3824557057321287257 0.066057301231441628575 0.38556798042105056012 4.9065127729924773448 3.5811065243559103699 0.027329325678213549355 0.025580092292267524873 0.023890524703181623828 5.45549e-09 6.36495e-06
38143737.166324436665 5118 1.2183121091871049746 0.19008120599421632346 0.35778627590310752016 4.488273722433264723 2.2949316095680805105 6.1012065454643167328 6.1329279288214859633 6.1613816817607425236 3.95744e-09 5.71902e-06
38143737.166324436665 5053 3.0060173307336852666 0.09458313286398158104 0.24631872936324955559 1.3333430608974801146 1.1003637338747049856 5.6807031231467011168 5.7323922395112383299 5.7818935681452394704 1.90259e-09 4.48021e-06
38143737.166324436665 5116 2.7125567002861266097 0.23978997142756966476 0.087661593106971510969 1.4049678517198247452 3.7870027989077610364 2.3164957781905290979 2.1222633519858491447 1.9180206109445374629 2.56354e-09 4.94838e-06
38143737.166324436665 6595 3.02848474446944671 0.048153054614999496463 0.24797267106525403002 4.4031200484057038125 1.7798126633902471294 3.4472605442809043375 3.4621003212678971295 3.4772708648595460623 2.5233e-09 4.92235e-06
38143737.166324436665 5290 3.1918363836276775203 0.055260143534267405774 0.10595550035406749168 3.3668600527576320047 0.80649701651558591831 2.871025266870987469 2.8558398048831801219 2.8402630838252487244 2.68653e-09 5.02629e-06
38143737.166324436665 5762 1.7661014463528479368 0.12065490632474486221 0.41275239965771959305 0.090873731940068910862 2.005525494965072042 5.4833052787443810061 5.5666005607553827872 5.6458482987994731417 4.50081e-09 5.96963e-06
38143737.166324436665 6628 3.2948407379094160063 0.12819356578128995872 0.22088776720168137868 5.8370272381611671975 3.9784012413013978282 2.8230915265129428171 2.7801645281224449668 2.7348339434252824098 2.5094e-09 4.9133e-06
38143737.166324436665 5227 2.0449826534091783969 0.34082611536729862101 0.051079573381669615695 3.1964434492432469703 0.91673336048990849978 0.97178056537291301886 0.70927743122396602615 0.48730227917478341482 5.94474e-09 6.54979e-06
38143737.166324436665 5481 2.3528002899107995916 0.20073553460821899619 0.88376196402374118666 2.3924524786721526048 1.7604880584976159152 6.0827256915739402743 6.1194529748559407523 6.1521732180204509177 2.0621e-09 4.60207e-06
38143737.166324436665 5885 3.5044550664346312274 0.091084345660406754175 0.29654651019821132163 6.141376483773467676 4.5976938816509012042 1.878667026993253053 1.7905219255141360257 1.7016274938995188393 2.25928e-09 4.74432e-06
38143737.166324436665 3089 1.4933834088520425709 0.15861256533561668425 0.21346872955939796834 4.1255181686197204272 6.2176497550442304529 4.2138700985561028389 4.3593704236724066803 4.5082018879462237848 1.46985e-09 4.11094e-06
38143737.166324436665 5878 3.2003235449993803208 0.07458350612922311218 0.053361868163931597264 3.0781220478042983224 2.3390065399453359163 1.8351292546206885437 1.7623576718586710932 1.6891384349642937224 1.44428e-09 4.08696e-06
38143737.166324436665 5489 3.2254450198167248232 0.10492117874175033165 0.31301715541640512397 1.0511221172207110275 4.0496004352923975489 6.0802694544781585861 6.1004326784794633554 6.1195007437914776816 1.80848e-09 4.40509e-06
38143737.166324436665 6960 2.9844144130699343798 0.18871799064222724573 0.11274059827598545414 3.7006014767264256982 6.1953476330628243218 2.5818630294417319604 2.4719901595921505155 2.3548577407435096198 2.28045e-09 4.75909e-06
38143737.166324436665 6292 3.3573077095791905577 0.04226366122616199289 0.31468138973068426889 4.2223172845909004991 2.0553947588513983291 3.390038467786768539 3.4006530721414192087 3.4114798572111642017 1.7586e-09 4.36421e-06
38143737.166324436665 6401 1.601475373611616515 0.2676065533577850486 0.21024652326343554187 3.9916319558791522049 1.8251544271347928117 2.5847376513831283873 2.4221857887789419728 2.2458494921735354666 1.93159e-09 4.50286e-06
38143737.166324436665 5479 1.0372674783227300299 0.21175930588752187034 0.33302807377656840071 3.3433519162965517069 5.0260447454837393622 3.1640212144371773206 3.1694006937473657715 3.1752885461273812062 2.12255e-09 4.64661e-06
38143737.166324436665 5417 1.5373546243336866368 0.22511915360151515952 0.13757109438332076889 4.8213496464532905605 4.4014180771934059422 3.0730155654410129529 3.0553837937790677692 3.036000558322084153 1.15634e-08 8.17607e-06
38143737.166324436665 5569 1.9598289331947460479 0.2362241962244613358 0.3393800700271394355 0.031051972946913801443 4.2372291636768775192 4.1210511248113910199 4.3334137722004930637 4.552876506751641017 2.77052e-09 5.07813e-06
38143737.166324436665 6450 2.6915950397706751573 0.14647207400062470239 0.038618790649551620886 0.67331284804229574181 2.1562077600088134233 1.585423117008042837 1.4382799526348031272 1.2930920657027140663 1.74846e-09 4.35581e-06
38143737.166324436665 6969 2.0813552580095850963 0.23964387659491903637 0.064110640156129397593 1.495707221173694812 3.7417939784906573131 0.33202929578016993073 0.26096222998684098782 0.19913163618509532871 2.41679e-08 1.04535e-05
38143737.166324436665 6677 2.1366339312185322896 0.45087157045286607726 0.1300517036636049395 5.375213494182761842 1.9250433503903059407 3.6584409621230724596 3.9532266300871179432 4.2802946525276475143 2.33048e-09 4.79364e-06
38143737.166324436665 5647 2.1019273289529842863 0.43036067878126743613 0.46495909781930033766 0.16611275097165706383 4.0885868941287348832 3.2333919924141625302 3.2869049439705491089 3.3492217881853361128 2.57441e-09 4.95537e-06
38143737.166324436665 5992 1.8130071620496004403 0.18282581484791468607 0.28493204325629789553 5.6711949986628429343 4.5101832255211729006 4.1888508600891958267 4.3558600423577589211 4.527188663680631997 8.41385e-09 7.35386e-06
38143737.166324436665 6761 1.9044438776590253415 0.13602620541387891451 0.032513331035625585297 3.2918023452821283392 1.7834884474138590349 2.7291824282557062276 2.670764546641005488 2.6090597348538229205 4.88068e-09 6.13306e-06
38143737.166324436665 5252 3.1519211438103647005 0.16067853907011600545 0.1685981745617362304 4.3290530129669759773 4.2107299392456356557 3.6982518867735527657 3.7899368327727729344 3.8869653651327786825 2.42859e-09 4.85999e-06
38143737.166324436665 5394 1.8298599861144286827 0.15875668824119673617 0.32306798657537050268 5.6593914764880786095 5.8578051303144178519 0.98548997705649321599 0.85811644149022547889 0.73799917605562981304 4.23442e-09 5.84945e-06
38143737.166324436665 5577 2.1024953004812800827 0.1954746287436128771 0.63920716494077844949 1.4972002605075869219 2.7162179514699995586 2.5449780940603075052 2.4243699899643047502 2.2958856670263654287 6.01747e-09 6.5764e-06
38143737.166324436665 5288 3.1195387972182295755 0.28690937706871033619 0.23990336505565096337 0.38472064176258430335 4.9956319841801049009 2.7857896519248108724 2.6675830889363787435 2.5366211702974035269 2.94866e-09 5.18471e-06
38143737.166324436665 5234 3.100991342836022735 0.12868427559545667083 0.085450761083933637896 1.4508820386928320545 0.49796880426638107098 6.1298355890217219866 6.1483888517575842059 6.1656825534078700812 2.35138e-09 4.80793e-06
38143737.166324436665 6129 1.4047549755711963293 0.050507881407695270903 0.67713498642279512651 4.2575821621199034794 1.4194071808075672259 2.1843381641559016515 2.1424118886022580632 2.0999333426874038366 7.14833e-09 6.96495e-06
38143737.166324436665 5351 2.9575569324677872807 0.20280089666530792814 0.091227527436828464991 2.4905684560224790047 2.0120872953687869433 4.0922233400311469609 4.2690891592668567256 4.4522875678450315462 2.44807e-09 4.87295e-06
38143737.166324436665 6827 3.0984694874801976816 0.17119788502747509962 0.19234846726648521797 5.7176509170618601274 5.4970845114881532467 4.4248640516289761138 4.5939965228007348941 4.7639959876089807977 3.04652e-09 5.24145e-06
38143737.166324436665 6230 1.6223998638173904308 0.25063458652623876732 0.16715232155451029139 5.0320600968084550075 0.42806147136226174732 4.5499260217696999575 4.8051630361201285169 5.0547197869307458618 6.03494e-09 6.58276e-06
38143737.166324436665 6557 2.2671983579945171883 0.24011463867366644731 0.38824800861450325939 0.25051789111961697554 5.7632711163223930839 2.3333317658543872852 2.1415286457864119996 1.9394708407088772084 1.93092e-09 4.50234e-06
38143737.166324436665 1239 1.6705496537332766849 0.29153413128259569875 0.16953302892834015703 1.4585047310858128 4.2980644069305462551 2.6211034711836314059 2.4513100564536856041 2.2656742089941648288 1.31823e-08 8.5411e-06
38143737.166324436665 5775 3.0370869269205460483 0.13851119632790251379 0.13035672423149674559 5.4361742855465671198 0.60639385789759536749 5.3449354988041282155 5.4526490727357401767 5.5549109411006245551 3.02463e-09 5.22886e-06
38143737.166324436665 6935 3.4690382784245032965 0.12849623615326455361 0.44739521425834338775 6.1265132458413633643 4.4001987038616254821 4.2762771695858043941 4.3963631234219517907 4.5184959755583538055 2.603e-09 4.97365e-06
38143737.166324436665 4406 1.380056759226257368 0.13235386726395470536 0.2031611076202928523 5.3577451132074811468 5.3805771756988800547 3.776782650703475408 3.8600698774413593206 3.9471903647441815011 6.27014e-09 6.66718e-06
38143737.166324436665 5158 2.0181969022545809267 0.47190660343415524736 0.64723565298036267457 0.59192727655854315838 5.6113377632187830812 3.0543677591351747758 2.9961358585766344476 2.9277356315433098466 5.85576e-09 6.51695e-06
38143737.166324436665 6164 2.0746190615501314269 0.45649045749580996478 0.4871327881317756292 2.1973250506164108131 1.2343713074555320297 3.034795010418101846 2.9670424592551043474 2.8877659597684326442 5.09634e-09 6.22209e-06
38143737.166324436665 5478 2.1143117752664815079 0.53740991833689877311 0.30470039521947872574 1.1861606840933813789 3.2831198164052852739 2.0522932364059789379 1.4717109173707745295 0.93693696468572251757 2.28234e-09 4.7604e-06
38143737.166324436665 4963 2.1385987220938762476 0.23145801997120421523 0.35071832939922698014 0.86306797314452454728 5.0520349598805136537 4.5887689019152873016 4.8239501695179134444 5.0539693311815092613 2.1769e-09 4.68593e-06
