71162217.659137576818 0 5.3971735275433756485 0.04121138775031771978 0.03438194239031627103 0.94752675525971696846 1.0346249964594713688 2.0120869411689392692 1.9744810095465499256 1.9365821988457241343 0.000954966 0.000356051
71162217.659137576818 1 9.0263240638431145868 0.06692843095359496397 0.031529373346874188522 5.5866500079937368994 3.920263032691715388 2.4108343779919563232 2.3649777160539033893 2.3180696597539198756 0.000285285 0.000238018
71162217.659137576818 5775 3.0460636309121813525 0.16535174911314712287 0.10457387704775540638 4.5955261764693702276 2.8834855864616932841 5.7055195494126884626 5.790460416901518137 5.8686764899274574958 3.02463e-09 5.22886e-06
71162217.659137576818 6920 2.4038211777607481068 0.16894217865584426619 0.19064476769493635122 1.7822028735544277467 2.7892831473479584581 4.5929390767551954156 4.7632096741563962894 4.9319337326564731683 4.48089e-09 5.96081e-06
71162217.659137576818 5134 3.5496002774805472946 0.054639533487279026702 0.38235629369706886083 0.69129146368896232655 0.83128973780732218213 5.1761977852420733015 5.2245011576349895677 5.2721310643118597383 2.31886e-09 4.78566e-06
71162217.659137576818 5278 3.1963408505148929173 0.1083930334959787023 0.35020754611076299057 1.903918392570736362 4.8422150279831610575 0.25453460270330569015 0.22853062442269225785 0.20397455161941213664 3.13887e-09 5.29389e-06
71162217.659137576818 5196 3.5579789471226703768 0.12534045788339329142 0.15213569332520826549 3.4950471745687896608 1.7107708661116085569 1.943592723918931009 1.8237943574304407157 1.7024439445922003866 3.02458e-09 5.22884e-06
71162217.659137576818 5063 3.4832516582063770549 0.0970618135231351431 0.46115166419776237872 0.30958216429769686018 3.8325049117088303419 1.230869709457744321 1.1406704827867020224 1.0524497113214019706 2.23728e-09 4.72886e-06
71162217.659137576818 5846 2.7414635283114519027 0.26033952177695707242 0.13784101439565846214 5.0823471242678559534 4.9373559318137623109 5.5268722549752684614 5.6923095973358943667 5.8373417438343047081 2.37403e-09 4.82332e-06
71162217.659137576818 6960 2.9206085415266693772 0.14368950557894275 0.049388722578506877303 4.6118022129318658742 5.6197497201740969075 2.9113027005846903172 2.8758432936077471531 2.8381057744423388023 2.28045e-09 4.75909e-06
71162217.659137576818 5548 3.1668289102561781867 0.020086016773092595089 0.25113223815235602432 4.3152348783396901055 3.382595793216582436 0.17909585676926659259 0.17555239852947526757 0.17204433407190700134 2.11518e-09 4.64123e-06
71162217.659137576818 6443 3.2223971530690698195 0.2202003677453843733 0.24148399813651527657 5.2737871727863314675 3.9568897745539506339 3.3170840423342307091 3.3607987073110305865 3.4086823219591875223 1.88164e-09 4.46371e-06
71162217.659137576818 5990 3.0937063835954639046 0.061103188260347558736 0.19112921696781723369 6.1666840002813598787 4.0528626705386221474 5.7134526927484952097 5.7456120540283848186 5.776900127206011426 2.30118e-09 4.77347e-06
71162217.659137576818 6883 2.3485724143360284799 0.33251714916974017822 0.15566602228468809366 4.2169625086941655567 0.30425903043079566279 2.9254766781570187284 2.8374121473253990366 2.7378194695024089533 1.23696e-08 8.36184e-06
71162217.659137576818 5098 3.1313665076080656746 0.078445247415764779442 0.058633447358612297839 3.0327453009272291595 5.2690824389333696942 2.3586508525345966092 2.3016607999347336033 2.2432506543818035993 1.90652e-09 4.4833e-06
71162217.659137576818 5929 3.2528536042092408564 0.16539285376405346573 0.18462191583769690939 2.5909583059708900521 4.727569313442034904 4.6213874197066182603 4.7881152744855617343 4.9530341345103270356 3.18574e-09 5.32011e-06
71162217.659137576818 5467 2.9563109948497374724 0.12217603099689233748 0.16643071154744606965 0.58564060960163455416 1.834585604477988463 0.099309635907181087466 0.087850110946642592791 0.077130733546163648962 2.43648e-09 4.86524e-06
71162217.659137576818 6282 2.8553358034631686202 0.11921240532040271176 0.075130406633673985084 1.6013064582207039432 5.314247896003267968 5.3797885812924910454 5.4703401996153067088 5.5569177246802636816 2.68214e-09 5.02355e-06
71162217.659137576818 5694 3.1031141059998037512 0.17908804323067173403 0.27900908528087248195 5.8590292542720510127 1.403355467132992862 4.7166243374553946666 4.8966137154563096345 5.0726713315604339272 1.21025e-09 3.85309e-06
71162217.659137576818 6392 2.9678678767633948077 0.23547740398716887622 0.21635410562521378841 0.87528556503866150607 1.1419903671814566337 0.32227249331441126801 0.25435044743279539015 0.19510037485327327844 2.75286e-09 5.06732e-06
71162217.659137576818 6484 3.1088640290494811147 0.096296747932061513287 0.23118987599154622314 2.8092190951715023672 0.77237736907492970939 5.2069413814914673466 5.289947244016381056 5.3706244942884806548 1.88476e-09 4.46618e-06
71162217.659137576818 923 1.9961579402420968066 0.41235438158700116196 0.26237088997316893035 1.8863436445321850599 4.9056373874121028678 2.2031617657872391014 1.8093417095315358356 1.4086640851315110901 2.53731e-09 4.93145e-06
71162217.659137576818 6739 3.2031055419391196715 0.16839146837010204871 0.18876250513922887553 3.5949781596240284465 4.8215742813965363212 0.1451930631665798721 0.1225549835369394297 0.10196939199579689583 1.84353e-09 4.43337e-06
71162217.659137576818 5885 3.4960234546996700189 0.078412540274525446837 0.31101474370255455248 0.52438584757162221006 0.85806755320766969763 2.5473615095251176399 2.5019220094912459906 2.4551151150636831844 2.25928e-09 4.74432e-06
71162217.659137576818 5405 3.1812582504594959509 0.061936596819105210754 0.15368243153650598676 0.60439366047722042907 0.50966328712332054085 1.6502621573043496639 1.588329047837932384 1.5264019703155442542 2.93677e-09 5.17774e-06
71162217.659137576818 6764 3.290600616400580769 0.015990944591397306118 0.22182901265269797109 4.7761264909953595748 0.44307988305692302955 4.0448299245135430624 4.0574512878905153457 4.0701334802818847081 2.4069e-09 4.84547e-06
71162217.659137576818 6362 3.0024213221891082881 0.24103354765575873975 0.25486347719060215011 2.7302008181753381066 4.7616775831031485922 3.3350571993126640891 3.3884950379947147425 3.4474039886806666644 2.92709e-09 5.17204e-06
71162217.659137576818 6775 1.7569189334217729659 0.2088516591359379504 0.14065283349899904142 0.083627152213205366293 6.1677125966511843203 6.1933028581773603705 6.2104545060213807162 6.2256310661675646756 6.39874e-09 6.71246e-06
71162217.659137576818 6055 3.2198270948849940787 0.069734021932001635791 0.024634788460472498151 4.5506580087207133545 4.86742816265627809 4.5744630946885029843 4.6439246335671606758 4.7134952848598636876 3.0525e-09 5.24488e-06
71162217.659137576818 6498 3.1992721164026165503 0.074224037558819858096 0.1741569921840842583 0.57626332605751617866 0.47184090295982361596 1.0836982120914115946 1.0191616217319732218 0.95594731405248301037 2.50157e-09 4.90818e-06
71162217.659137576818 6313 3.2394003449165573727 0.069913686256357798765 0.39281628567265175489 1.2927477848250665815 1.3705637249852289372 0.049783724530720975532 0.046417993326260086062 0.043173905565298785481 2.33149e-09 4.79433e-06
71162217.659137576818 6300 3.2149804875341958521 0.022814427647359424717 0.19365445821037499674 5.8107074342702933478 5.6762658773145284741 1.638738945928895463 1.6159575328046635878 1.5931663666098210275 3.26125e-09 5.36181e-06
71162217.659137576818 5323 2.8066834938320206483 0.07246562446840061622 0.18600999124266812124 0.96198956972172866564 3.9382399579680278379 3.1729560057413812579 3.1753170041792571077 3.1777603970849663817 2.25995e-09 4.74478e-06
71162217.659137576818 4755 1.8602205047822844008 0.084458266033080431345 0.057676768762228179666 4.0565739441913581942 3.9646311058749610368 4.739638583402141947 4.824069025327860416 4.9080011385607669183 2.45943e-07 2.26531e-05
71162217.659137576818 3800 1.7395009775113756678 0.5391986230709030492 0.60579770933618493078 2.3245083123964240812 2.3069488096145143174 2.9024095678599777237 2.7092204751586881351 2.4832823103354373373 1.79108e-08 9.45995e-06
71162217.659137576818 6104 3.3993767476467668942 0.49028941456561758727 0.24336810528429336786 5.3078956643214683098 3.6981931184473837426 3.375080961342246777 3.5374105324188676036 3.7264479700462445066 1.75259e-09 4.35923e-06
71162217.659137576818 6197 1.7589361382235260134 0.28308031516316178866 0.50021050709713432703 0.9951085414347362601 0.25575725070067395484 2.9164085499300114179 2.8413378167391485363 2.7576129489157401586 8.02678e-09 7.23931e-06
71162217.659137576818 5080 3.1931891895565311934 0.19480583624499944739 0.2351345017001016946 2.3072336200262997252 5.5984541201607367356 3.9403992634992390798 4.0914250096762359021 4.2498640984610114302 2.57476e-09 4.95559e-06
71162217.659137576818 6425 1.7542288238878678275 0.62177298345960374526 0.51760871009243680785 5.3971608606841874334 3.1221727696460099821 3.6196835081409712842 4.0763015698038191914 4.5764720438680770442 8.73342e-09 7.4458e-06
71162217.659137576818 5489 3.2210949259464500827 0.08357380369579021917 0.34850942358388220521 1.9856062897470625472 0.6363715348041559805 4.9408244949137465341 5.0215602222820345801 5.1011714628830464591 1.80848e-09 4.40509e-06
71162217.659137576818 6756 3.1953048824399581385 0.061690001809126253363 0.28442813606741401689 5.8416966058898429637 2.7231165527124199244 5.0783769364586239803 5.1353905917103119805 5.1916432916914718732 2.22448e-09 4.71983e-06
71162217.659137576818 5116 2.7212237758672466192 0.17110054865877111219 0.039255063927376661337 3.3158966508417715424 0.060653373806737090335 6.167030634045321591 6.1854316159147026966 6.2021307009685058276 2.56354e-09 4.94838e-06
71162217.659137576818 6951 2.9978097981755271739 0.041484793447278699163 0.097906093092690049673 0.92379535647026944645 0.65348411194616962128 5.4963489171944956979 5.5253114825721869607 5.5538272484759696468 2.54062e-09 4.9336e-06
71162217.659137576818 6295 3.2563036445748250181 0.055737220256386048323 0.2699463672547984805 2.0563198074464157372 4.9002823748321739927 0.6077844876696295584 0.57664647897925314091 0.54625766777556228337 2.30061e-09 4.77307e-06
71162217.659137576818 5923 2.9969083251062644813 0.069977094976816270333 0.22030163234126717842 0.7565467297124217616 0.63417612574817683324 5.2124592305054724406 5.2729088081960266976 5.3321779291089352881 2.22479e-09 4.72005e-06
71162217.659137576818 5234 3.0321815372415605871 0.13567974803502089176 0.10703097012738897742 1.6587622993868145205 1.844667589373407468 4.373022109134573121 4.5043525913868656119 4.6371068619579443038 2.35138e-09 4.80793e-06
71162217.659137576818 6863 3.1261348083784925578 0.18743389535943297264 0.084067593540236115746 0.99692086787893574584 1.2165415347029879811 3.0826975330439134737 3.0704062928313424763 3.0570748221316348392 2.72515e-09 5.05026e-06
71162217.659137576818 5146 2.758073036013530821 0.12051904637299866441 0.03826766590393574502 5.1086954861417783746 1.6349775462445292895 5.3177855689768591674 5.413864620775525438 5.5059280020352474594 2.55901e-09 4.94547e-06
71162217.659137576818 6969 2.1903993548592217699 0.036390128826691188479 0.22777159204619895627 0.079175304855876621479 4.1626718709909535932 4.1590448472842904692 4.1903113507619771383 4.2218537676504359624 2.41679e-08 1.04535e-05
71162217.659137576818 5047 1.68536192010417607 0.18654208509478473199 0.080460675170626078101 3.4376123510075777823 0.96901390558907685158 4.4715692768542769642 4.6579862934916214101 4.8442523968045501093 1.0218e-08 7.84583e-06
71162217.659137576818 6657 2.3513622602704735698 0.17919971046394625458 0.40068826584352951192 4.2694605393849176522 0.19092610079101052234 3.5599834022089424934 3.639945541990057265 3.7255993143187495775 9.52311e-09 7.66378e-06
71162217.659137576818 1444 1.7725593280501246163 0.54412108462612507331 0.64507519096811716253 5.0893548558875796317 4.713552737841239626 2.0866887670759166618 1.501288192883173167 0.95848100718163642409 1.72307e-08 9.33865e-06
71162217.659137576818 6628 3.2386152660017781812 0.1243703830426640955 0.15998176646255840572 4.6953241123357516429 5.3837104086516669454 1.1743356377339138064 1.0619944651134971547 0.95337822960785079118 2.5094e-09 4.9133e-06
71162217.659137576818 5290 3.1943204730399541447 0.081704873968442587318 0.11773411248598639189 5.2910133630574041064 2.3133325678779241841 5.4076288484561096936 5.4688506710280533341 5.528272100001124123 2.68653e-09 5.02629e-06
71162217.659137576818 2992 1.7904031783855789417 0.25835557185434177008 0.047076944453143539093 3.2393981006432990277 2.1533163941132413832 5.163272648468503867 5.3860859116850612338 5.5879961060370151316 2.26492e-08 1.02298e-05
71162217.659137576818 6827 3.1035338757213621896 0.079655445081076053926 0.15559866555765708429 0.14853128797022654983 5.698255349765378952 1.1964624927088522988 1.1233053095522076426 1.0514930910273030396 3.04652e-09 5.24145e-06
71162217.659137576818 5626 1.3084456080764457209 0.38696878959464736658 0.30338060862154037078 1.0376671630018738934 1.1212986242796347813 5.3209858212471825567 5.6151047910033797805 5.8548243371157564496 7.93289e-09 7.21097e-06
71162217.659137576818 1410 1.6162539547786358707 0.25596257399538002719 0.35158316297131353423 4.7659643779889258042 5.48808843282577552 3.3404280918647137888 3.3993464665243688927 3.4645936846954095145 1.96181e-08 9.75145e-06
71162217.659137576818 6244 3.1831363945223802858 0.094209231600135293072 0.28874193638459577649 5.9321513000641452606 1.5057795730432630421 2.7920719123707451459 2.7582407860383484355 2.723003599669461039 3.08558e-09 5.26376e-06
71162217.659137576818 6327 2.9937692848465307094 0.1811411928520019754 0.21040663054795072373 1.6071920161678672212 4.864916599195299618 4.9464969781352525757 5.1200437166408603318 5.2863409582036631207 2.25041e-09 4.7381e-06
71162217.659137576818 6390 3.0322150735389583609 0.24481632370975792146 0.12203448868727746757 6.062955950457327603 2.6025426961834083883 3.2601490531753816171 3.2936901562292968393 3.3307827063946247037 5.26519e-09 6.29006e-06
71162217.659137576818 4112 2.0761022304702665409 0.52900597250257053172 0.60648770672815410787 5.1875711863054538853 1.2596234694325982861 3.0275639544673467185 2.9366379001127946857 2.8289730913193151807 1.99037e-08 9.79854e-06
71162217.659137576818 5511 3.2185842625210621115 0.1267988148643713342 0.21343224125424115067 0.68850773569750256531 1.9291403927240529104 3.7769142519111595924 3.8565041553812977604 3.9396271932427975315 2.90982e-09 5.16185e-06
71162217.659137576818 6186 3.228989776045017468 0.055297906489566922561 0.20624727138422682682 5.6822812564822227088 2.6541812340396280234 4.3752225072352715074 4.4279171294728891795 4.4809926137563262927 3.14704e-09 5.29848e-06
71162217.659137576818 5195 2.7696734223229273475 0.10393667663999886508 0.15968833906867321848 1.538812833168787586 4.7864008919958065391 2.3454225770811913954 2.2681601510459219462 2.1884887597241373669 2.26107e-09 4.74557e-06
71162217.659137576818 6935 3.4742932454445805135 0.083331522016646022988 0.45352006303856012837 2.5187488612206969663 6.1879721095327955283 2.9301936530956176341 2.9119332014413643606 2.8929631195866507554 2.603e-09 4.97365e-06
71162217.659137576818 6667 1.3804210282403239773 0.084649460873872053868 0.47857697040484437068 0.79395458250507511266 3.4807271507245634012 4.4606429629752319954 4.5436006546227849512 4.6270471651620530551 1.85586e-09 4.44323e-06
71162217.659137576818 6816 3.1245626966272421754 0.21289130173522308187 0.15072930380038765397 0.039082730783040697808 1.935224501364596783 3.0015041009809846351 2.967847441230273553 2.9310444156093757861 1.76213e-09 4.36713e-06
71162217.659137576818 5762 1.3821736035596425829 0.027555707926899989518 0.50602167575846779268 6.2265277984564058045 4.85183132924397853 4.8927099912209124355 4.9197555687194824969 4.9467209364849065167 4.50081e-09 5.96963e-06
71162217.659137576818 6595 3.058020136726160132 0.062044535703319435294 0.19751852630278979306 5.0117661294211126588 4.1801830304969840313 0.86036450986661672236 0.81422709668812842665 0.76910860371247768974 2.5233e-09 4.92235e-06
71162217.659137576818 5950 1.7114555844144310193 0.37859478008308738994 0.20811912411776720133 4.2457028684321933554 4.6298122810959556617 3.1478762395730792711 3.1509518096149857769 3.154495085503410845 1.07677e-08 7.98408e-06
71162217.659137576818 5351 2.9651763287794703494 0.13370721689589851189 0.10844932758269316964 6.0944317188224017556 0.02817706190399843838 1.203754507251651118 1.0814928814721045391 0.96347480774121629921 2.44807e-09 4.87295e-06
71162217.659137576818 2768 1.5634297737061064737 0.062963277824830063412 0.017836880124996203761 0.93413771367436959636 1.8659570123327535729 5.726138672705981314 5.7585883444587109281 5.7901243966241775496 1.06163e-06 3.68842e-05
71162217.659137576818 5194 2.3328062867181955653 0.21310554955381938447 0.022727070882993243017 2.4129924631605339513 4.6072159111429193956 3.1314792110999536412 3.1290355910354699098 3.126359681643161359 4.75382e-09 6.07945e-06
71162217.659137576818 6928 3.2120775920331938735 0.22317693571987287648 0.26719713599001593263 2.710303192106815473 0.29581461852486745645 2.320963957571462899 2.1422810316092490979 1.9545671669068678256 2.08658e-09 4.62021e-06
71162217.659137576818 5914 3.2180742226144403162 0.057276447617453589423 0.019826432646335906407 2.8028543773142668982 0.77671451639750510587 0.25197315301662237541 0.23806772680986326707 0.22456049173897374427 2.63408e-09 4.99337e-06
71162217.659137576818 5072 3.1168896564638211011 0.046446625286775657104 0.17943230099381157761 4.7085447986765425199 0.33479779754177219075 4.1600816805835627576 4.2001266879956435929 4.2406113257884641143 2.73643e-09 5.05722e-06
71162217.659137576818 6154 3.170614419850687149 0.085166985039744277919 0.22632087357438354647 2.719541939544035003 2.1198107446682570298 2.7699358867437209319 2.73767058406897279 2.7041975910367561653 2.04677e-09 4.59064e-06
71162217.659137576818 5312 2.9884276273645928867 0.057585703379971799054 0.13170015611584973136 2.8062173665270933043 2.1881397869119854072 5.8218754157198580046 5.8468826948610317373 5.871217914624335954 2.46345e-09 4.88312e-06
71162217.659137576818 6126 3.0232711845154627284 0.19470053562824812809 0.21633796517670145221 1.5287328722360866706 3.3301489154276855409 0.093008545752652216354 0.076379016306661565161 0.061522435698092126088 3.04059e-09 5.23805e-06
71162217.659137576818 6734 2.4587907778642623668 0.08761131726721475832 0.15605140770789766025 3.1935779063968956493 3.1555539594733752473 6.0120716640085642979 6.0346248707857768068 6.0561780339016841879 1.24231e-08 8.37387e-06
71162217.659137576818 6073 3.2302541782286704475 0.027463681185538671436 0.26385886570294531106 2.5639864280458146695 5.5882819043413762827 3.9943885523779569802 4.0152638457816749451 4.0363200047097320677 2.87152e-09 5.1391e-06
71162217.659137576818 5578 2.8866935571012954931 0.024872665085398541068 0.25781692938858319364 0.55447171960805996527 2.6312996478398948952 3.4310643254334278751 3.4382508629964600999 3.4455217903864427953 3.04211e-09 5.23892e-06
71162217.659137576818 5231 3.1491860645208054059 0.12404838907616762278 0.28785018471862100498 6.0832084619403170578 1.9240988057474144313 6.181057612425504999 6.193012752054267267 6.2041833596815143537 1.89135e-09 4.47137e-06
71162217.659137576818 6029 1.6083828331694864922 0.38231911057929873765 0.55158647471033217524 1.2318827801566412106 4.9423504192788598743 2.436086962297009606 2.1347668430503943249 1.811653916668052533 1.2969e-08 8.49478e-06
71162217.659137576818 6290 1.6772801636824683502 0.2515869629317801226 0.23853254045474725498 5.7718291136175512435 5.6447487437572281266 1.929186108132422639 1.6797914276459837701 1.4296974038416423447 4.66797e-09 6.04263e-06
71162217.659137576818 5160 2.9592143093647025331 0.35730494261579753834 0.15138645630928795893 0.53442447316099273014 2.4479078691231053178 1.9054717119698165728 1.5381130835801040124 1.1809989595445360422 2.48083e-09 4.89458e-06
71162217.659137576818 5717 3.1635720953431936131 0.10627261873538619563 0.23372119041987871046 0.065959096852393511723 6.2582625479144589065 6.1301508321459232675 6.1455837145574223612 6.1601608931298228455 2.31886e-09 4.78566e-06
71162217.659137576818 5643 3.3112672807334999625 0.15038154569821246542 0.018032212262765443672 4.9551513113971310531 2.5502619293331831862 5.416782974165127662 5.526539158294586862 5.6297740717480060368 2.47115e-09 4.88821e-06
71162217.659137576818 6842 3.1954179937331179673 0.093544886909926988627 0.18628954602781450101 1.641081883261659824 0.6858682546739548469 2.9525672300035488149 2.9341017008627461315 2.9148309564573788855 3.94698e-09 5.71398e-06
71162217.659137576818 6572 2.9564298339468191301 0.19492512454412699863 0.19038406149581402205 2.362971143658508133 5.5718781777864387905 0.72453131477079690814 0.60318843925102194614 0.49261304333403710398 1.66053e-09 4.28153e-06
71162217.659137576818 5131 3.5218177636483547488 0.079050212141031431234 0.3041977680461482314 1.1560487718033698457 2.4639356528180820227 2.792844002305543416 2.7647448486479486718 2.7356550583649092978 2.25296e-09 4.73989e-06
71162217.659137576818 5534 3.2445087796783997902 0.13674959387336663164 0.12814017436200975109 0.11827471938978087462 3.0803787451466666525 0.32472665189587751611 0.28357620255134280418 0.2453149238766102469 2.18919e-09 4.69474e-06
71162217.659137576818 6119 3.158757064449270402 0.042349558763702152553 0.18802968907596090409 2.0582932625386458625 4.251678177875115594 4.1245101611510595063 4.16018119773535755 4.19623627659337739 2.96829e-09 5.19619e-06
71162217.659137576818 5525 1.8612405826787399299 0.38621293762293174012 0.35652495411026985384 1.368062849434727335 2.5827882697925339528 5.6621092441508116266 5.8624129766956674104 6.0201676519668234633 2.22151e-09 4.71773e-06
71162217.659137576818 5240 1.796462547376009411 0.18883605439095446643 0.45827368508623073096 1.090160842923701745 5.5694257970277014635 3.2401500847835924546 3.2608630114095240593 3.28333219438656565 1.54708e-09 4.18172e-06
71162217.659137576818 6997 2.9292546511434012224 0.27889562662439792984 0.18654517717778759667 0.15384276806683502836 1.0550620561843082612 1.0798330388504677746 0.84575090668127061999 0.63700609182836487321 2.77488e-09 5.0808e-06
71162217.659137576818 5957 3.2344060348855334652 0.04427925091367868049 0.11623390066869930537 2.3538718277673393864 2.6302461704567217105 5.456375982612771125 5.4884870075262508493 5.5200869966189101135 3.45473e-09 5.46581e-06
71162217.659137576818 6103 3.2905271263410971194 0.091074807846910549314 0.14422894255581505951 2.7182720448260386803 5.0930938900571582906 6.0540641516634030594 6.0739096829020438051 6.0928306002220375959 3.07621e-09 5.25842e-06
71162217.659137576818 6335 3.1150149231170711772 0.076857019840527451837 0.26795505176701928107 2.0984240154490145791 0.51481127475802379578 4.4517243554198859812 4.5268048018020952128 4.6023420809558803768 2.80706e-09 5.10036e-06
71162217.659137576818 5252 3.1374595703632359722 0.19778069952984436708 0.21386642646460726769 0.82443302576958987782 0.68692005611377526808 1.3551268447243471904 1.1646620224095785012 0.98296981983696318785 2.42859e-09 4.85999e-06
71162217.659137576818 5034 2.8511417627005046782 0.22338657030801242764 0.10792190455811867533 4.1596340556167232805 2.0182617152374273672 5.9411217065163706152 6.0096760692618653721 6.0700154376906754194 2.20492e-09 4.70595e-06
71162217.659137576818 6874 3.2799233024897076483 0.11423196521541698067 0.31272115911153575141 1.2844067643745376017 0.94925308295605359543 2.6961976704796679627 2.6441425194671275278 2.5896325946843536947 2.61974e-09 4.98428e-06
71162217.659137576818 5053 3.0518481184618755364 0.15359717013553719767 0.29092130539202865069 0.67654379384703811073 2.5170935359493764594 3.1766128274915383933 3.1824754626455975526 3.1887531973108100836 1.90259e-09 4.48021e-06
71162217.659137576818 3953 0.94568618427106543312 0.16011747610947604792 0.29768787620410686046 5.1024564156706020412 1.5591664010311352406 4.7934387523174279977 4.9526883093577742656 5.1082050948091799469 1.87457e-09 4.45811e-06
71162217.659137576818 6204 1.3608830754768617144 0.12794449522908818428 0.057311856255411311456 3.020037064212761635 2.0645210415015484706 2.0148336491880569632 1.8956688240585093386 1.7744169222279777554 2.26769e-09 4.75019e-06
71162217.659137576818 4189 1.1091449050167128121 0.056117638882470705086 0.057672341888337912141 0.20747854893059661241 2.4847353842102117838 2.1054246053658589588 2.0564080074059867265 2.0067781504716752927 2.51666e-06 4.91804e-05
71162217.659137576818 5324 2.0992874824510967535 0.11413893293857642341 0.11777645836721817307 0.58007643192610003346 4.1913274765580883496 5.6404856453444720543 5.7060886860286128552 5.7683620959926091842 4.64884e-09 6.03437e-06
71162217.659137576818 5185 3.5214361763103241287 0.035526244775035388523 0.27667893046930658318 1.5278074327183517322 5.4401911785935386234 4.7260012698643931728 4.7615231108536617555 4.7970064811863588616 2.64564e-09 5.00066e-06
71162217.659137576818 5451 3.2649643177626135326 0.039281605847624988248 0.054081209954446922417 5.8507211132206258242 5.3514889535597305326 2.5620232675384202459 2.5401430048642597015 2.5179159667529171784 2.58702e-09 4.96345e-06
71162217.659137576818 6192 3.2203160659044169911 0.23305633857057503344 0.36734112475186403435 1.3938763022829763205 5.6657936594130999808 4.237369364891014456 4.4586138533854278165 4.684205755942776328 2.79503e-09 5.09306e-06
71162217.659137576818 5257 3.2324521012139775245 0.16728668699247811746 0.22639530657946110859 2.419112356994019386 5.0991067391059505809 0.17564556570688458215 0.14846224411485883787 0.12371762097141088266 2.20895e-09 4.70882e-06
71162217.659137576818 5853 3.1480302546337761704 0.15714729394154167141 0.15730325074913945049 2.6214932081755941695 0.94550011853195126132 2.8414528420818041532 2.7908923229671747102 2.7369034909275757883 2.34516e-09 4.80368e-06
71162217.659137576818 5962 2.8725001005078709682 0.10185815704719754227 0.18490997822867707989 2.7297871052968112338 0.98900123106463411204 0.75799583884029342329 0.69032525204506778316 0.62546320015002498938 2.88829e-09 5.14909e-06
71162217.659137576818 6233 3.1652022622416073894 0.15087468393469027905 0.240802346669948375 0.91612774174777911185 2.2982716248395456127 3.5527356273789947316 3.6178909217052748204 3.6870658480910338817 2.38928e-09 4.83362e-06
71162217.659137576818 5650 1.919308711115601529 0.32778065712823484246 0.12469408197418679896 3.1034662467091465032 1.6734133908604424956 3.80973484905391091 4.0492644833547686289 4.307579469741336986 1.14639e-08 8.15256e-06
71162217.659137576818 6255 3.2225892453622821954 0.10250792188662853632 0.15508864015664039493 5.1385903901943796868 1.2026739948612796827 4.4683811389375946987 4.5692833119219269378 4.6707433821328354639 2.45838e-09 4.87977e-06
71162217.659137576818 6952 3.251946015115534383 0.11993847070355677376 0.12857804475578540893 5.9922729004616481774 6.1970256436994395344 2.4958325573092241534 2.4197702484215577456 2.3405204636222314285 2.57429e-09 4.95529e-06
71162217.659137576818 5878 3.2744882031344042517 0.11439839540170318455 0.080477272685809883579 1.7039649385685433636 0.85922422374761353581 1.3217301940870793686 1.2121579770733963421 1.1050381074831383543 1.44428e-09 4.08696e-06
71162217.659137576818 6956 3.5036657160748245765 0.22561269669952591088 0.34542587143480135703 4.2883084371430539861 1.6410251709718799429 4.5691097962282416489 4.7980740046699956736 5.0228589924030044855 2.20649e-09 4.70707e-06
71162217.659137576818 2850 1.9119157056598445887 0.27102201204435794057 0.4910164023779849396 1.1359101715452291081 0.52035369283038435118 2.0188379808029144336 1.7555996763150185647 1.4891925173824960282 2.86233e-09 5.13362e-06
71162217.659137576818 1284 2.4325089657043155178 0.33339470878465399251 0.48358587494822341535 5.1954071458005408601 4.2373781649552668682 2.7766163749746710643 2.6309860142681751327 2.4680538202937705172 3.64405e-09 5.56389e-06
71162217.659137576818 6722 2.1807498884753506729 0.34360455806894690811 0.23010126212514606103 1.0164674746176449727 4.973836919328534556 5.1579257828773314998 5.4528781657436473651 5.7065059595847724694 1.78527e-09 4.38616e-06
71162217.659137576818 6089 1.8776045250845387891 0.39673985103236431016 0.27900395288366075519 3.3397200662625752265 1.9621083563740429057 3.9436126875512007572 4.2874974702645989311 4.6489605865521390626 5.81535e-09 6.50193e-06
71162217.659137576818 5211 3.1685742593027397263 0.070325060353517737655 0.32901853319158569366 0.99075428024618183986 5.295220644543097599 2.4665354746093615113 2.4212960468611623988 2.3749091002185154231 2.07199e-09 4.60942e-06
