64657084.18891171366 0 5.3978194983188014788 0.026529680986031443923 0.032833355310030086505 0.20184227741617105645 2.6352624395279984348 0.93903899409100799467 0.91779328157709760827 0.89672174262230552877 0.000954966 0.000356051
64657084.18891171366 1 9.0257740370704038213 0.080446911010302102341 0.035633832163862969034 1.7718716590254575127 0.28266766264985931922 3.0905730225309064885 3.0862915057309789901 3.0818449664329574667 0.000285285 0.000238018
64657084.18891171366 5775 3.0485967325000729033 0.13932770525268517448 0.14019292899691501719 0.75994581408272032785 3.3184534207400604444 2.4397719115337141993 2.3443469460649568603 2.2446671075174164933 3.02463e-09 5.22886e-06
64657084.18891171366 6920 2.3888086325231148166 0.16623589710262434704 0.12633597593378487201 4.7587891756400111376 3.9577207938464460391 3.2240835085639343305 3.2391318716727481863 3.2553206927708751017 4.48089e-09 5.96081e-06
64657084.18891171366 5134 3.5585572615580587374 0.031845355151837881347 0.36649890341923302417 0.78630930707588353457 4.7738898886078491302 4.6927364251369585446 4.7245909839497581828 4.7564339684212040282 2.31886e-09 4.78566e-06
64657084.18891171366 5278 3.2053738224993346684 0.076373341000113004196 0.34316049722849206738 5.139640890250765537 3.3586459202225400489 1.3293649612730096266 1.2558043346681708741 1.1831886491219762991 3.13887e-09 5.29389e-06
64657084.18891171366 5196 3.550287780049774522 0.14072809322960017075 0.14881217517899608671 3.4169716504642244637 4.4780029007768007432 5.4799858398332705889 5.5769179570538875979 5.6682502837232275894 3.02458e-09 5.22884e-06
64657084.18891171366 5063 3.4591811598758988033 0.094224602209284413767 0.47551909291360250354 0.450458100555643004 0.20262665668880644465 3.2374059353087285551 3.2468856815214768297 3.2567885532662201875 2.23728e-09 4.72886e-06
64657084.18891171366 5846 2.8021699186317747809 0.098514119968968680285 0.11566974011752384488 3.8269444387558211318 4.0124906929418591162 2.5414747793731025105 2.4833515070016196624 2.4230878166992098066 2.37403e-09 4.82332e-06
64657084.18891171366 6960 2.9469778400006698682 0.15453290983600689867 0.12940899995337296069 5.3385429979551153323 5.7998056731015195098 2.9483452592147760818 2.9160254094955813109 2.8814626913185077406 2.28045e-09 4.75909e-06
64657084.18891171366 5548 3.1623715781456542828 0.032873755082536759708 0.26979457830019981657 2.1929643176521680381 4.0691758343707338241 5.1806275263197409942 5.2097526439162349376 5.238643527844443426 2.11518e-09 4.64123e-06
64657084.18891171366 6443 3.21851466711900569 0.18414507926448994701 0.26653340719253171276 4.3577467564057723592 0.22149371687232102812 3.5867227904552803075 3.6739558262665239496 3.7674225080020242729 1.88164e-09 4.46371e-06
64657084.18891171366 5990 3.0975143013707997497 0.070764932609930455976 0.23457943225353380945 6.110976108749612834 0.72840740498902145639 1.2992740911988718278 1.2316843460408395394 1.1649494454380409092 2.30118e-09 4.77347e-06
64657084.18891171366 6883 2.3131309563723867484 0.25028396918864415088 0.1998715486736130087 1.0440681220765657411 5.9781998595836496335 2.5478996288525954661 2.3891900669252890133 2.2181473196517242918 1.23696e-08 8.36184e-06
64657084.18891171366 5098 3.1555924063209954689 0.054695766921006160055 0.12315179004236748161 0.87379455682047713072 3.4691744162808264562 6.1110257906019009866 6.120156495842940636 6.1290340343085469854 1.90652e-09 4.4833e-06
64657084.18891171366 5929 3.2732372024725124859 0.12260623591489655526 0.18963037272877816819 1.6765800112277613465 3.6142714191339013752 1.6557920395301435335 1.5326776101301049504 1.4101604391015247764 3.18574e-09 5.32011e-06
64657084.18891171366 5467 2.9601167791514644279 0.10670937415672260284 0.17428605453932713432 0.68290251742452390271 1.2237008272124305641 0.25933860337371694715 0.23324655268019076071 0.20858202796710484384 2.43648e-09 4.86524e-06
64657084.18891171366 6282 2.8460765988479894695 0.06741655511179855953 0.01049894136749124525 5.8565222492889486006 1.1964849798413046411 4.2724874686767329024 4.334425594206472887 4.3970837628471013403 2.68214e-09 5.02355e-06
64657084.18891171366 5694 3.1090255826599566547 0.14264332752726177622 0.33021136972411380128 5.2665563248731270818 4.3979006679966836657 2.81224987640119517 2.7625146640790032571 2.7097274932596380204 1.21025e-09 3.85309e-06
64657084.18891171366 6392 2.9636129274796640942 0.18505977786824864828 0.23427214211883914952 0.070298330446632750768 1.5447539858802445956 4.8836851967038095168 5.0642522610015632267 5.2379738274367495521 2.75286e-09 5.06732e-06
64657084.18891171366 6484 3.1062232085831205097 0.11333891883434016323 0.27079969127602077084 5.6698414107558132713 2.3286101060605450819 2.6198227878866537921 2.5602299271181099272 2.4979883527286386169 1.88476e-09 4.46618e-06
64657084.18891171366 923 2.0152740455485824711 0.4508782348594991829 0.21693383727931250804 5.8726285276959808712 1.6999586036006588685 3.2695811898409647966 3.3491711090196925049 3.4420930307555313021 2.53731e-09 4.93145e-06
64657084.18891171366 6739 3.1789448631217220864 0.086986215798948940403 0.25823092181553086721 5.5599444532802966279 2.1908448055550735489 3.1474114241756110388 3.1479416393427279708 3.1484939098772173338 1.84353e-09 4.43337e-06
64657084.18891171366 5885 3.4890320836235177993 0.056660653028720697755 0.23727234682411085798 3.2369269529604189906 0.66336889624761330442 3.4541751420956199325 3.4720962950981060224 3.4904837792522407369 2.25928e-09 4.74432e-06
64657084.18891171366 5405 3.1905195370644174879 0.052122472154224504248 0.11356129284948948688 1.7402198541137989807 1.1714322736544713344 0.75409968052160980534 0.71906036487964497539 0.68472844135942978472 2.93677e-09 5.17774e-06
64657084.18891171366 6764 3.2764024407390812677 0.054191565031913774275 0.23201983619594312991 3.9522291986601434388 5.1959034811160096368 2.4151253625856767826 2.3783619451061230876 2.3409015066449332387 2.4069e-09 4.84547e-06
64657084.18891171366 6362 3.0031707368025659655 0.19994944863253394374 0.22466215563000146993 2.2700613628215093875 1.7471315972324323873 1.3437963531582683974 1.1519537084654474235 0.96928783756095449053 2.92709e-09 5.17204e-06
64657084.18891171366 6775 1.8359146085713475838 0.39120798389021299579 0.20039707329512901346 4.1428362137546503874 5.6245045729348959185 5.8583494481934357268 5.9997589106400539549 6.1091590406804128222 6.39874e-09 6.71246e-06
64657084.18891171366 6055 3.2373651987369904681 0.062642466273248570419 0.02789986807380860287 4.5683334357486584665 0.13580019222294098524 5.9475974940178986117 5.9676530560439200457 5.9870924221432941792 3.0525e-09 5.24488e-06
64657084.18891171366 6498 3.2217620981120478341 0.046341784198862590038 0.11478050266501259313 4.3965874527032271502 0.54338306961244142723 5.015418474207913313 5.0593614241137618848 5.1029415414426786413 2.50157e-09 4.90818e-06
64657084.18891171366 6313 3.265719981845291997 0.097386103268506996056 0.32982067410474125158 4.390874556256173733 4.8000513054385445244 3.6391941765088042793 3.6878675857233909063 3.7384604355403321385 2.33149e-09 4.79433e-06
64657084.18891171366 6300 3.2252224261632980173 0.035265023829878124062 0.22716385901245608747 0.81227236327039953334 4.8644742216209877483 3.8627403771928796594 3.886342830750114441 3.910245045925209606 3.26125e-09 5.36181e-06
64657084.18891171366 5323 2.8290361157467200925 0.10969094665195067151 0.18309768478259441649 6.0377588162627642276 2.5983226168265649569 4.6042000070165194359 4.7141224182723746594 4.8238132001243094749 2.25995e-09 4.74478e-06
64657084.18891171366 4755 1.8708024151284174952 0.065219110699200166792 0.073990160165691848393 1.8868767262180656807 5.9614477114002868419 6.0698397307659943678 6.0832357452068972492 6.0961895583162464263 2.45943e-07 2.26531e-05
64657084.18891171366 3800 1.8606652039794284725 0.38208416554329704962 0.64250231237558397268 0.9197307649859601808 5.7610386914644271528 2.6625806851116289309 2.4412820975625084685 2.1950459769195860282 1.79108e-08 9.45995e-06
64657084.18891171366 6104 3.3407627439829457039 0.089280662896383755633 0.17693423781137698758 5.4030544324494247377 2.7540381674209006846 4.1884719914371100202 4.2676633639125336472 4.3482595844111724404 1.75259e-09 4.35923e-06
64657084.18891171366 6197 1.6853389402437346511 0.21535122616489585368 0.47071249304394419122 4.2410895509341095533 4.8602550598467058052 4.4660385593134890314 4.6822889429768821401 4.8975426210824002382 8.02678e-09 7.23931e-06
64657084.18891171366 6815 1.7538704799224060782 0.46070575529740637188 0.15953049583712047843 4.0087506521252596059 4.3580964797817731693 4.8699639137749084483 5.3262012273031240639 5.7028089039655904813 3.57143e-09 5.52668e-06
64657084.18891171366 6425 2.4849623258210100651 0.45646322046456838661 0.488670099755757259 1.845792729305786084 5.3048118011150355855 0.88698467712375239635 0.56489638602434566472 0.32053870530832723196 5.02719e-09 6.19382e-06
64657084.18891171366 5489 3.2238424187152836531 0.076797876298010187002 0.35529199967045671515 5.6722664809320884061 3.3563045373057147636 1.2414270297599112602 1.1695748752111312374 1.0988759290322509532 1.80848e-09 4.40509e-06
64657084.18891171366 6756 3.203294738210347159 0.053694068672270521547 0.33904198013481545715 0.5696564553784839724 5.6468867903404440511 2.1252236504822246133 2.0788927594367656582 2.0319817441110306078 2.22448e-09 4.71983e-06
64657084.18891171366 5116 2.7098340970414578344 0.21045351330140826818 0.072348236257361780988 5.1471443582995837218 3.9779645649228396742 1.6452643478309600944 1.4321339379984596718 1.2237004070286836566 2.56354e-09 4.94838e-06
64657084.18891171366 6951 2.9899538701896317683 0.013977525686930463225 0.093407697533290257041 5.9494313322428284962 2.5987319168111500112 2.9914165230677514096 2.9893106597200476138 2.9871903513876234548 2.54062e-09 4.9336e-06
64657084.18891171366 5559 2.2542170278254074489 0.41471068975055885852 0.60445495906239277151 0.53385769757190260076 2.4525977152297095962 4.5078806151000492264 4.9455842824322484574 5.3490699849447675973 5.44342e-09 6.36025e-06
64657084.18891171366 5923 3.004964003214385837 0.035384534358115039832 0.19431379421085179238 5.1297849157150494648 5.7593381946200183918 1.2636926502551950602 1.2301357798692729162 1.196784646934955898 2.22479e-09 4.72005e-06
64657084.18891171366 5234 3.0333473374747152995 0.14897765247529043409 0.077073472049881783241 1.3631546130314977638 5.874841585548732148 5.8009487208615473364 5.8660796057731765529 5.9264328359592068907 2.35138e-09 4.80793e-06
64657084.18891171366 6863 3.1337938150499904388 0.15846330899308319617 0.1029843639803527805 0.012724483686618865905 3.2783026582699585916 0.58093444941755523203 0.49893101044773652264 0.42310835520780126773 2.72515e-09 5.05026e-06
64657084.18891171366 5146 2.7670479383063821821 0.067660126077077664686 0.039524867486376000225 1.4985797302068577519 3.7172945055951820414 3.9472084528092370448 3.9972280590988820137 4.0483106240051416336 2.55901e-09 4.94547e-06
64657084.18891171366 5492 1.7438849755405192443 0.20772555989069257931 0.55337600424677513278 2.4925759264960056782 2.1910669061569993943 1.9372943072362276418 1.73425973883675133 1.5293032481360195884 4.51271e-09 5.97488e-06
64657084.18891171366 5047 1.5017067604931253477 0.12290866079385528997 0.35336242014043300896 0.47652165868223367307 2.4974010386544964746 5.0475773709390399091 5.1616465830133897441 5.272358989305860888 1.0218e-08 7.84583e-06
64657084.18891171366 6657 2.3715500909436468824 0.18846445794397306828 0.31142939884513343163 0.28608096007987260379 2.7694374036871587386 5.5051559146654218679 5.6300017355753233517 5.7445349270896421956 9.52311e-09 7.66378e-06
64657084.18891171366 1444 1.7652197191600447201 0.46426107209605599335 0.73944415558553322487 2.9827257976230132641 4.6068919014954765601 4.5456261011790077831 5.0414715296307246462 5.4808199992295012493 1.72307e-08 9.33865e-06
64657084.18891171366 6628 3.2474643137075660526 0.12125611319598154914 0.15239904313356295029 2.9484213026624974674 1.4960783629312628396 1.5171396546696083174 1.3961528115567953812 1.2767411804846244827 2.5094e-09 4.9133e-06
64657084.18891171366 519 1.9896361560966226989 0.26344518625867319184 0.10344442426291843018 0.6505383509968012401 2.7908105000063483381 2.459739358425612199 2.2716377438672239464 2.0702866246705902142 4.21586e-08 1.25838e-05
64657084.18891171366 2992 1.8497881123088613098 0.071464459784279260601 0.16934224172913112105 0.65514052906275554999 1.528601964569754168 0.20179222673939445354 0.18793649166939094264 0.1745846351140833419 2.26492e-08 1.02298e-05
64657084.18891171366 6827 3.1032250153693952122 0.098695621276120748533 0.15619808042343844012 4.6519262856101004644 1.5947756223859645974 1.5318222523760181009 1.4332303717040433266 1.3354671559144721815 3.04652e-09 5.24145e-06
64657084.18891171366 5626 1.4465518222794968572 0.30122699590632573408 0.41510481859595643739 0.15808060029302758998 5.5073326923983128012 2.084612029689758117 1.7960399286782007255 1.502422008316034896 7.93289e-09 7.21097e-06
64657084.18891171366 5938 2.3215768301126487039 0.38461089884567750685 0.46558874100239899807 2.9198431767100569978 2.5646124513028558667 4.3475215962488533705 4.7445998599024568065 5.129011251256779147 1.88863e-09 4.46923e-06
64657084.18891171366 6244 3.1561557342007122706 0.049851052491104254349 0.3553429017702802728 6.2017843759109672064 0.19224464614974071108 4.6932674777214584694 4.7431538677594415887 4.79298133064163423 3.08558e-09 5.26376e-06
64657084.18891171366 6327 2.9933780013642241613 0.16503983215591067069 0.17965536400394915839 5.0961110537525184938 0.56656978576377547974 0.67494732458324668833 0.57751211222207465834 0.48741006528330171887 2.25041e-09 4.7381e-06
64657084.18891171366 6390 3.0448983800167352953 0.13802510587652122576 0.13547135112529287704 5.6057137636355438559 0.25004863440394065055 5.7023610029198241733 5.7742604095535323694 5.8415115792910867754 5.26519e-09 6.29006e-06
64657084.18891171366 4112 2.0162990548494121867 0.14800387479285531667 0.81823061206480485197 0.80493467503726656709 2.2357327702281475368 3.5173464432832757254 3.5760054524650977115 3.6382969996976037841 1.99037e-08 9.79854e-06
64657084.18891171366 5511 3.2055669957111612156 0.13366922206653944483 0.22448114719060452416 0.20269966324400909286 3.7283650256709490733 4.3817697776475545979 4.5114171501511561857 4.6423960174254190747 2.90982e-09 5.16185e-06
64657084.18891171366 6702 2.1179873633565864388 0.25986974156621761578 0.18065011272696374078 2.6781342755091408492 2.8378913303659603073 1.269540971012885322 1.0277531792276799472 0.80526826734861689516 3.70623e-09 5.59535e-06
64657084.18891171366 5195 2.7558395458418178947 0.12377276048129851049 0.11446192395526395835 4.86300039813747631 5.5429374252747356522 1.8878277448933922233 1.7675827473552072622 1.6461988066214328086 2.26107e-09 4.74557e-06
64657084.18891171366 6935 3.4792790718097172942 0.12480479261035039296 0.39265821852236654221 3.5151446722930814737 1.243198032385272267 4.3341436953215053407 4.4531985136290757055 4.5738345486885023661 2.603e-09 4.97365e-06
64657084.18891171366 6667 1.3801922199524778723 0.21817005857111115841 0.46228323021608624943 1.0755316668745218411 1.2970603914185685479 2.8647236810156888609 2.7972135815473508913 2.723556692384125455 1.85586e-09 4.44323e-06
64657084.18891171366 6816 3.1081113592143494451 0.20105457067459600595 0.13852209956682351444 4.5746889227111457998 4.8357547343582414356 3.3863436061907794539 3.44093134201475781 3.5002199960406268353 1.76213e-09 4.36713e-06
64657084.18891171366 5762 1.369041516294978722 0.13542490055900366364 0.47670616441530616614 6.0848780186424562544 1.547508948719395816 2.1044521423250177605 1.9832680755709328757 1.8592008876343772972 4.50081e-09 5.96963e-06
64657084.18891171366 6595 3.0542246674539894613 0.083890128032282962334 0.26571785616803361707 5.1967048971169873539 4.0893251397335372843 2.0056340844702602588 1.9280820186318756715 1.8494895894540592796 2.5233e-09 4.92235e-06
64657084.18891171366 5950 1.2935924251284092179 0.14949200123488820546 0.22781658608019114687 1.5665413465123811942 5.6161565229365990604 4.2641285837230800126 4.4039465350395250454 4.5463836439791824873 1.07677e-08 7.98408e-06
64657084.18891171366 5351 2.9650752171780849764 0.16756638865288686624 0.092542403139531451139 4.4152680724856256944 4.8073590480668189073 1.108438390286746289 0.96313304506614305645 0.82556365255211128229 2.44807e-09 4.87295e-06
64657084.18891171366 2768 1.5807156992799378248 0.087252849305795049384 0.042485928349729827624 0.22645461700626454138 2.3122963122245558942 5.3225403915636038121 5.39240708779902711 5.4602515295965048381 1.06163e-06 3.68842e-05
64657084.18891171366 5194 2.3377668667401159119 0.14501915559721356708 0.19153105199845835149 0.69899882596420992442 3.8350146321606906064 2.7688970578808298484 2.7119598793684969174 2.6515540384463287538 4.75382e-09 6.07945e-06
64657084.18891171366 6928 3.220119481328013844 0.27347548385158593209 0.23585404234359011455 1.868992740306690159 1.1692203137450467576 2.5043630621209178599 2.3181030918110399064 2.1175028007383716044 2.08658e-09 4.62021e-06
64657084.18891171366 5914 3.2123095554658434025 0.070687688342152776855 0.10756040706016392616 0.29175014169839286193 1.8108353498947411531 0.88481780745945559641 0.83126473368571529576 0.77904177800557683486 2.63408e-09 4.99337e-06
64657084.18891171366 5072 3.121128699648650251 0.1107233703596230967 0.20600008343358228169 4.3156485934788166858 4.9673321573799125161 2.7238734350319133704 2.6764166760728484995 2.6267483769638704239 2.73643e-09 5.05722e-06
64657084.18891171366 6639 0.96762839579326187511 0.23240154761043713139 0.16829567096016734284 4.0698352336296634846 1.0116236279932493414 0.13234400700386919625 0.10450431932179427008 0.080261536589619181248 2.07227e-09 4.60963e-06
64657084.18891171366 5312 3.0009816706176870582 0.11422767249233341247 0.20396836002057844306 6.1933037903755812081 3.7282250501136000587 4.6208127391493905023 4.7354108513106156764 4.849608254433110055 2.46345e-09 4.88312e-06
64657084.18891171366 6126 3.0189745929423823512 0.26941275756479099446 0.19243240180708506837 6.2195839164214907768 4.642838483474948319 3.1907502132038270126 3.2063801536106493195 3.2238225245090941229 3.04059e-09 5.23805e-06
64657084.18891171366 6734 2.1123948208869860466 0.20550416888488107214 0.3115757370376784352 5.9892019010708006377 4.4150615120557006321 2.754441803741410677 2.6677257724659559912 2.573947956555180383 1.24231e-08 8.37387e-06
64657084.18891171366 6073 3.2445209406472268476 0.036093898266210032444 0.22986212483987419897 3.5556481367585690556 5.3340790112867484396 0.78055552274831552229 0.75547197635076634992 0.73072483317129854896 2.87152e-09 5.1391e-06
64657084.18891171366 6692 2.0307505303928259366 0.15889291808955846586 0.32374763888101187881 2.6988948976962374715 2.7904601946444178573 2.8329345781639334589 2.780364039450666791 2.7242074968634697463 1.32225e-08 8.54977e-06
64657084.18891171366 5231 3.1360054379310668971 0.07702074562719050943 0.2340113181004623566 2.5670646370286629434 4.4438138559124231719 5.8014051893451537012 5.8359617895173991897 5.8692704727183997448 1.89135e-09 4.47137e-06
64657084.18891171366 6029 1.6679283162005937857 0.32979356574985885242 0.50858093806901349954 5.0703769530797719867 5.3249097706811374664 2.5295142442322098297 2.3041002141252024948 2.0590744525074669014 1.2969e-08 8.49478e-06
64657084.18891171366 6290 1.7568710983276942805 0.2443428641795423184 0.29770165553542399239 2.8479227217502001146 0.31944088846912666035 5.3708140714371417346 5.5527053007080704461 5.7157375172253894746 4.66797e-09 6.04263e-06
64657084.18891171366 5160 3.0746152404585700424 0.052433224617146445556 0.1617452005874697174 1.3916818803632311496 0.4667036971890514141 4.433592355234567961 4.484391595320820656 4.5354679001755187073 2.48083e-09 4.89458e-06
64657084.18891171366 5717 3.1585192214739086225 0.13984023819260632537 0.25376358727976722207 0.39929026612414830755 3.6930469843884621284 5.9074029112000960851 5.9558040483759748795 6.0007717018613693227 2.31886e-09 4.78566e-06
64657084.18891171366 5643 3.3243998155653220472 0.081734120992653494508 0.064925077645772433232 5.3665567148418968912 1.6237673629368059025 0.33036188366739710487 0.30479552797180797796 0.28026727078495916601 2.47115e-09 4.88821e-06
64657084.18891171366 6842 3.1900336495587167107 0.038963570937911057301 0.19737321743881408587 6.1845361345161515843 0.43523575988899260159 5.7280392688014396541 5.7482480924965280167 5.7681112154545255422 3.94698e-09 5.71398e-06
64657084.18891171366 5372 2.0353115377265660335 0.15969984508491052999 0.33546791538083570172 1.5906456183228134815 3.4934282254167272619 2.9000022805674610105 2.8582991931494503568 2.813659997515939537 1.39548e-08 8.70479e-06
64657084.18891171366 5131 3.5432501383505714543 0.06820998520677898358 0.29604723947900668524 6.257295684194419394 1.381690381455975114 5.4255861560290972179 5.4760924756537168179 5.5253591584210504095 2.25296e-09 4.73989e-06
64657084.18891171366 5534 3.2334715674701435262 0.10255561108174655882 0.07786614604005737128 4.2075857140033807724 2.7443164564407100947 3.5953892453994975575 3.6426416540552222223 3.6919038171730766962 2.18919e-09 4.69474e-06
64657084.18891171366 6119 3.1381653051457676362 0.073272805642807442572 0.12369667606493663092 2.4598264576097212952 5.9060330009765573678 1.4190235100993209283 1.3469268311294435581 1.2754824965613698051 2.96829e-09 5.19619e-06
64657084.18891171366 5525 1.981594429319643913 0.43134022695513246637 0.36760384899698911321 2.2341718222871720378 4.971597936500499415 3.0906208109394448513 3.0607514163718128053 3.0259193074563488501 2.22151e-09 4.71773e-06
64657084.18891171366 5240 1.6802311653865051877 0.30123220518204818497 0.40485298545535586268 1.5285728470950026292 4.0182363828711942233 2.1596235906844998276 1.8809624021333666288 1.5941041260056147966 1.54708e-09 4.18172e-06
64657084.18891171366 6997 2.9135246041923656968 0.021835759422256295625 0.19069428693362672211 1.2793865769984058556 0.35991969786923327934 5.0573905883975189823 5.0778657939345297478 5.098259376927136266 2.77488e-09 5.0808e-06
64657084.18891171366 5667 1.809287695081970293 0.57820750167827927868 0.49744316901188850855 5.6573267531092472638 4.6187823845133975098 3.2278131521976272111 3.3080900403583233249 3.4039159047855345186 3.20823e-09 5.3326e-06
64657084.18891171366 6103 3.2961059937951970866 0.079915359755442741396 0.15857705380575218279 1.1112896268451122328 2.1154132858824752361 0.15599958763808416395 0.14403655536145737459 0.13256558224895167997 3.07621e-09 5.25842e-06
64657084.18891171366 6335 3.0954128457116971695 0.071159112612336233861 0.27175916835239810609 0.6020953852609912671 2.5238546127455170343 5.9893996079903129015 6.0093508686971137678 6.0285940707990581799 2.80706e-09 5.10036e-06
64657084.18891171366 5252 3.130294757363008884 0.17134556797456484967 0.1418806431054539241 3.8819865247959688404 1.0037311836312332591 3.9162964681993774896 4.0448066588210798145 4.1793678833000278416 2.42859e-09 4.85999e-06
64657084.18891171366 5034 2.8653979520490140409 0.21720607279933482059 0.18607443504846588045 5.4110347439066091013 6.1591287438056125936 4.8073452392877253914 5.0230873015183412633 5.2298936146266532532 2.20492e-09 4.70595e-06
64657084.18891171366 6874 3.2806779877962570779 0.095213703469307423011 0.25439240530951107155 4.3977626987744091736 4.0915325715296528841 2.0092570187549858574 1.9211242662850653851 1.8316938229215606881 2.61974e-09 4.98428e-06
64657084.18891171366 5053 3.0398794872477101769 0.1551877395666332593 0.20624361433819249356 3.4827557921109213446 4.0600965260203114582 2.8090447441919033089 2.7540277476861061423 2.6953768616419111481 1.90259e-09 4.48021e-06
64657084.18891171366 3953 0.9448586435481016732 0.040623927712419682923 0.45450670563317902007 0.22288876022608886118 5.3822757938501180064 2.4751098109256304269 2.4495782795755696171 2.4236565791671464964 1.87457e-09 4.45811e-06
64657084.18891171366 6204 1.9398243119927036648 0.22324292282622698602 0.042356232817385840173 1.2550946877955981851 5.436620044062947521 3.9139291528560029576 4.0851826645554094597 4.2659358148697901214 2.26769e-09 4.75019e-06
64657084.18891171366 4189 1.1102101443690071125 0.049320380260285484608 0.052486122897242769303 1.214167785168190461 0.5839233330882158679 4.5740854507294432807 4.6231216448295580079 4.6722456469460977857 2.51666e-06 4.91804e-05
64657084.18891171366 5324 2.0313362411303756971 0.10424108254389159722 0.17169444531169075763 5.5468505346347676266 2.6474579245556264517 3.660736448424350975 3.715047273952965412 3.7716019464140666528 4.64884e-09 6.03437e-06
64657084.18891171366 5185 3.5305899194996510637 0.049357107559020285681 0.27150310710048780605 0.81153989540191695529 2.5854609427040946557 3.173032094120678881 3.1746238303611877818 3.176253857259005553 2.64564e-09 5.00066e-06
64657084.18891171366 5451 3.2791198961167684622 0.075766825144896896016 0.1024511499405713344 6.2801386175736899631 4.0188358984490815118 3.6956002916545793724 3.7368435463567721833 3.7793272563776239004 2.58702e-09 4.96345e-06
64657084.18891171366 6192 3.227054247299474099 0.23514142725725309391 0.28001809687013590189 4.2052224905147745915 1.1639979154237325432 0.010991773160615994284 0.0086497119949177723314 0.0066158317329353833608 2.79503e-09 5.09306e-06
64657084.18891171366 5257 3.219167087872759403 0.12050379071822031607 0.17900875354752920909 2.8542321300360224967 3.9395728702880528083 0.55562075750924566631 0.49496202860146787383 0.43772294042404119585 2.20895e-09 4.70882e-06
64657084.18891171366 5853 3.1385366861415278095 0.13327963996746627906 0.13182978269941669769 2.4385870090202992344 1.6124168695848597466 4.277054316268095846 4.4018085065567040814 4.5287115595313824912 2.34516e-09 4.80368e-06
64657084.18891171366 5962 2.8802036097753398458 0.1148112996325722085 0.23069459863920355192 5.6712884824392970629 2.0838156918475618795 3.0591300827225609282 3.0490640913068252082 3.0384559189906883425 2.88829e-09 5.14909e-06
64657084.18891171366 6233 3.1646038533246745317 0.14027087799159784764 0.16699724881265257115 2.6301132446999262449 5.6427186463996426014 2.6934319584734738307 2.6282291711417999913 2.5593407485545847102 2.38928e-09 4.83362e-06
64657084.18891171366 5650 1.7499609789281134198 0.19095759317705571223 0.10942606106418446832 3.6230327018159771413 4.0588449692707566641 3.0097219423143473094 2.9817052386598903446 2.9513034419420267618 1.14639e-08 8.15256e-06
64657084.18891171366 6255 3.2288144903532307595 0.11853507528255095849 0.16853867216525278416 2.6412845721644107044 0.20613479558824257531 4.7342425323954495653 4.8528748321290562373 4.9702421095790985106 2.45838e-09 4.87977e-06
64657084.18891171366 6952 3.2409317574980236465 0.11861313644119418631 0.088718895333503841605 3.212340318072876677 2.7542818575760192878 2.1024059029635524531 1.9967067007874068629 1.8886901073780371085 2.57429e-09 4.95529e-06
64657084.18891171366 5878 3.2453632224274220341 0.11156789150221728402 0.10247536745570519356 0.015574793765438009821 3.8085978431133447053 3.5595741375152445407 3.6074425731084533986 3.6575568969808842645 1.44428e-09 4.08696e-06
64657084.18891171366 6956 3.4957899923125510533 0.18101002876161809141 0.39322285069880280606 1.5551271855950232759 4.4438931615282974974 4.3774895356865854978 4.5547317565605442979 4.7334968664878882549 2.20649e-09 4.70707e-06
64657084.18891171366 2850 1.7290082075347155133 0.4241252883542590002 0.27759381243107028592 0.77782212913126846932 2.3452258358643263136 4.7893683681877430303 5.2189842532873660375 5.5898400654651902997 2.86233e-09 5.13362e-06
64657084.18891171366 1284 2.4170644516701109694 0.26558135311061098482 0.33431995071616904536 1.8868990219787800111 1.5217352419978311673 4.1381951175206808102 4.3820458175026022474 4.6332674758794398784 3.64405e-09 5.56389e-06
64657084.18891171366 6722 1.489912458066359191 0.30967810872040463233 0.28030642859332338679 4.7172543241212112619 2.851584717095172028 1.5101674279670864731 1.1988277226701222755 0.91032736580606621324 1.78527e-09 4.38616e-06
64657084.18891171366 6089 1.628184452493876222 0.33724267733084067888 0.27025041684637146622 2.8640854724995730152 5.0402402955320910749 3.2602236087661862207 3.3099021795522274303 3.3663957247863622868 5.81535e-09 6.50193e-06
64657084.18891171366 5211 3.1643133303005273049 0.081607261206761844141 0.25295693086873721755 1.6732653543129698548 2.2044206269714226032 1.1521808743634922578 1.078749204144827667 1.0068232096966995837 2.07199e-09 4.60942e-06
64657084.18891171366 6295 3.2628413509989053765 0.050690914274975032439 0.23212355015097718702 1.7962423649678156412 0.66189512912752601625 2.8595922601455243672 2.8451248622465339366 2.8303158197235203097 2.30061e-09 4.77307e-06
64657084.18891171366 6211 1.8443538839008484231 0.20039024589217363514 0.45209615545999415342 3.801994955941858656 3.7216043604292114999 1.2697805514731292931 1.0826214266154998711 0.90563869965064014433 2.33777e-09 4.79863e-06
64657084.18891171366 6969 2.1868812081127493308 0.026877975218886785563 0.15424448421504588502 4.4552872689480791379 4.8609897067993346198 4.1914355383291184154 4.2149081875939042874 4.2385282175354861423 2.41679e-08 1.04535e-05
64657084.18891171366 5578 2.8916112685716921504 0.10963885003592357958 0.23514145113615372851 5.00610940962191453 4.1186717545062601076 1.1831099913034206494 1.0834567371733840879 0.9865818455143552379 3.04211e-09 5.23892e-06
64657084.18891171366 5640 2.2151731860360475146 0.43876430862242432607 0.68557310021985207182 5.9957090009680387155 3.4972000481880094469 4.4787512751327618332 4.9451646293420292722 5.3720954029457947954 5.24602e-09 6.28242e-06
64657084.18891171366 5957 3.2317548084789184948 0.042030200456863196778 0.11789106797460831288 5.1959795670593731387 1.4700053896168787659 4.5579305886190280006 4.5996075665976450253 4.6413707456066992663 3.45473e-09 5.46581e-06
64657084.18891171366 5290 3.2071229127832054928 0.066161032777413350536 0.17698621313926449217 5.7644030282759741723 3.0008503659944496533 1.8136963108581791726 1.7489135119020937648 1.6837992109533761464 2.68653e-09 5.02629e-06
64657084.18891171366 5080 3.1838112801189217826 0.19344545895905340682 0.27123271693928469039 0.97917602185518293201 2.762630009890879812 2.4305349251408250311 2.2931157883055615088 2.1479786337716766376 2.57476e-09 4.95559e-06
64657084.18891171366 1410 1.8183161154126064041 0.15812740198581184958 0.30722786442355370928 3.3757593511228085603 3.2234759406470532284 2.4680230042479149866 2.3622784099968843208 2.2511477779563056068 1.96181e-08 9.75145e-06
64657084.18891171366 6186 3.238878510856450621 0.0049299299504499613511 0.16486175530723584659 2.575985772319520084 2.036255272458590948 1.7955773610360934445 1.7907687917505983322 1.7859576560646361898 3.14704e-09 5.29848e-06
64657084.18891171366 6154 3.1813312428858617764 0.099899706965738660491 0.27327385354088518099 5.8868514277898942311 5.8781363444719758604 4.5458661959060915336 4.6453754655285717234 4.7450509410681096512 2.04677e-09 4.59064e-06
64657084.18891171366 6572 2.9792282896721102858 0.14204267473211068529 0.2254088161508970567 0.19784359714047605738 3.0345496468523802669 3.6056228742074116767 3.673849266282324777 3.7459329512919743443 1.66053e-09 4.28153e-06
