42776180.698151953518 0 5.3982933865573192733 0.029918384783125494264 0.032699331819865652682 0.19122086658926185088 6.0957273149627111408 3.732784227477292216 3.7496724013064053338 3.7667645493643520105 0.000954966 0.000356051
42776180.698151953518 1 9.0459798151519379417 0.080052336974604912379 0.036459464532648033774 1.7627600259979214758 3.4941227991285557231 4.0874780179239182942 4.1540432335056767243 4.2219382356243082555 0.000285285 0.000238018
42776180.698151953518 5775 3.037930906269351361 0.14169303631729601722 0.133951362461204454 0.92185511095574468321 1.2091006300564675069 3.5337695468571799218 3.5920165898260068005 3.6537022602958773021 3.02463e-09 5.22886e-06
42776180.698151953518 5394 1.7212129708218200097 0.067709695046270834684 0.41899714333174237213 0.45892693617663721239 0.18456870492607385659 1.1760531127770244009 1.1143035684418514109 1.0535270742074045458 4.23442e-09 5.84945e-06
42776180.698151953518 5134 3.5402997469500543382 0.027719113948995569713 0.32596604887581026588 4.4560291176256656698 1.2599386302974195928 4.9770296141973284776 5.0036906180280773526 5.0302419494805343803 2.31886e-09 4.78566e-06
42776180.698151953518 5931 2.672863163309449952 0.60486089978485269025 0.82596240095318262942 0.12358345735272448229 4.2721325813878028299 1.695559073683576834 1.0245008344371677733 0.50767443444497650784 2.66585e-09 5.01336e-06
42776180.698151953518 5740 0.94513314447783103311 0.10152103234310741464 0.14455032946961118845 3.4004949612987442897 2.5304346122356529136 1.8572008365826921938 1.7582196035871642259 1.6584764469862680603 3.09097e-09 5.26682e-06
42776180.698151953518 5588 2.784694855445531303 0.22345194036760682166 0.13524092164556197893 3.8903493599376326451 1.4686601749500267644 2.3766717855583192609 2.2064358965711767802 2.026625873488187235 2.40685e-09 4.84544e-06
42776180.698151953518 5846 2.8170781630751244862 0.12624891197410237353 0.15553650998799589678 5.934830806854174412 2.5811656661263362444 2.1684869842226444092 2.05993719368290229 1.9484926251425678245 2.37403e-09 4.82332e-06
42776180.698151953518 6171 1.757547798342414147 0.13041215994021554403 0.22710236968075714348 4.8798457272552830943 3.653848238581632657 6.0567306081776495219 6.0843711368315540611 6.1101284512233506874 2.39216e-09 4.83556e-06
42776180.698151953518 5921 2.121347431519728044 0.4726635221444424606 0.65048345031710608222 4.5992384730423898631 5.4306874692955062756 2.9159470879402755727 2.7673340894845046556 2.5945365694957387426 2.32801e-09 4.79194e-06
42776180.698151953518 6443 3.2052843996792459436 0.21101351248509411795 0.30286624461624805926 0.86379984814297805507 5.736156354670840507 0.50953988186263565741 0.41438330989691385398 0.32942388669428046555 1.88164e-09 4.46371e-06
42776180.698151953518 5990 3.1160752798651172313 0.085577853175112739148 0.13077708619258007761 3.1484356530596091517 3.1999301857472213229 3.0608251494036724516 3.0535993520629616249 3.0460787880621569279 2.30118e-09 4.77347e-06
42776180.698151953518 6883 2.3455987480095008557 0.2548943185555783697 0.53522138955136322469 1.7861892728491763904 0.64524149431210175987 4.5611808558796944624 4.8210272982669000186 5.0744189280419291777 1.23696e-08 8.36184e-06
42776180.698151953518 5478 2.0403346922280372056 0.42834290564636617882 0.3425137547944446248 2.7342248768077972443 5.6702441540492483085 3.3114943095597788592 3.4091950277836384764 3.5224574204565968216 2.28234e-09 4.7604e-06
42776180.698151953518 6793 1.2152540056325453754 0.31908015048158905325 0.40115598537057445272 6.2692104689779082349 2.7482165182943782966 2.8102837070613602144 2.6843377787100246579 2.5434681484495360593 2.0508e-09 4.59365e-06
42776180.698151953518 5467 2.9776356345526107106 0.12449237890149564278 0.11103830909092037016 3.5319780615181541883 0.032027629373515588418 6.1297013342160884264 6.1476965062490958047 6.1645122705579682432 2.43648e-09 4.86524e-06
42776180.698151953518 2413 2.1923057674353039204 0.70861901818299788403 0.51924743937184780762 5.9216288515142636584 0.433414126765373664 4.0213731619295991493 4.8427744492427091672 5.5453786029950116188 6.11801e-08 1.42469e-05
42776180.698151953518 5694 3.1188192392534799247 0.06749091956729984243 0.32478243737716089301 1.0490281866783048859 1.8970831772602909648 3.2422786702651746893 3.2493065277676631553 3.2565621868082894608 1.21025e-09 3.85309e-06
42776180.698151953518 6392 2.9792212436504201811 0.17797542018671813624 0.19166024828868330476 5.1768079115276712798 4.6059817673096956625 3.7879987257112763821 3.9042632647715072025 4.0272184276273739201 2.75286e-09 5.06732e-06
42776180.698151953518 6484 3.1159234780987214997 0.11587096668064124361 0.26442337115714920071 5.1465666486815075942 0.52459613909489810624 3.9700364970161623468 4.0591534758480767309 4.1511691077066812383 1.88476e-09 4.46618e-06
42776180.698151953518 923 1.8263268102235179491 0.19951413332493625474 0.25870407869777872767 1.3586433114446552217 4.6444827795599969988 2.9771611270289755069 2.9405331863724981645 2.9006887041221998125 2.53731e-09 4.93145e-06
42776180.698151953518 6739 3.1709023674486229716 0.080586666514717408827 0.20952748768592552309 2.2073847824101178183 6.2736877559170354246 0.40936575554927923104 0.37838731679890352799 0.34861680140920642268 1.84353e-09 4.43337e-06
42776180.698151953518 5885 3.4973929534644461192 0.032093647512081456552 0.30384637691933230608 0.71125124847887288837 1.5225134962589184084 0.72232591427264492001 0.70135563914516019235 0.68064708647947402831 2.25928e-09 4.74432e-06
42776180.698151953518 6655 1.382808647243667366 0.22686140851525804507 0.13600726237951821229 5.9157283310552157829 3.545024497622757842 6.06844273177049498 6.112472537845443199 6.151012843001666397 6.32791e-09 6.6876e-06
42776180.698151953518 6764 3.2694130082201673382 0.017651977479873456195 0.28053517618511530918 1.3423072964947166952 4.9646861607725663035 4.7265298657165644158 4.7441787924735301374 4.7618218512295813483 2.4069e-09 4.84547e-06
42776180.698151953518 6362 3.0215848477800846261 0.091199911476788853015 0.23330088256836548077 1.3530358132137250138 2.0685368068956715426 1.5132752355756922125 1.4223378192191336034 1.3321410829803899123 2.92709e-09 5.17204e-06
42776180.698151953518 6809 1.6561658284469185087 0.14771749719899382458 0.4545422091964805289 2.0708175726148292384 3.8250217191961262131 3.4827910851689631855 3.5362198322586428922 3.5930118993790731707 1.72631e-09 4.33733e-06
42776180.698151953518 5569 2.1446280133612800611 0.44581215823166558954 0.19124706823619466722 2.8006681937610218291 0.27480964283104042378 2.4696740583556064941 2.114499070278241355 1.7329734299262438135 2.77052e-09 5.07813e-06
42776180.698151953518 6498 3.1918318030185006684 0.034250635474284585325 0.081708947638129622582 3.380575048412363337 4.9148090678401317177 5.4242409364722572462 5.449893057633222071 5.4752436390150753809 2.50157e-09 4.90818e-06
42776180.698151953518 6313 3.2489737222937407068 0.092714222864238485244 0.33024935067339272754 4.3852718122668399303 2.68524145093646327 5.4580810106054462594 5.524227744953407182 5.5880304721229920872 2.33149e-09 4.79433e-06
42776180.698151953518 6300 3.2698629795870610693 0.080488947831717075343 0.20481905333341776654 4.0746546204235691846 3.9541706102769373921 3.3353509712716711277 3.3515131239330417934 3.3682855812551020236 3.26125e-09 5.36181e-06
42776180.698151953518 5204 1.5883287473115250688 0.16054814234762243563 0.40485778810651651405 0.19720760063742076573 0.68880459360496537613 1.8707307657647449517 1.7129016790437070483 1.5539718596510194715 5.21728e-09 6.27092e-06
42776180.698151953518 4755 1.7237069944102818564 0.10579144986649623161 0.11032288730022510315 0.35448105630368270669 3.9362093491853626936 3.3206743049451392658 3.3406115576793760091 3.3615273414914526029 2.39615e-07 2.24572e-05
42776180.698151953518 3800 1.2899158340232350639 0.12536173799375519011 0.26890398827683636984 0.65802649336198215657 4.2607126482457724492 1.9953662038160084879 1.8777659492775788941 1.7582644163965126527 1.79108e-08 9.45995e-06
42776180.698151953518 5861 2.3176429741001154383 0.34171230109007860731 0.22219891624712248546 4.9526913633461866482 5.8060462286572347423 3.5039673215025279873 3.6532135111996075771 3.8205128466000681797 1.95257e-09 4.51911e-06
42776180.698151953518 6719 1.0739366997481161192 0.13945729460610858941 0.073178616916198688247 4.4515688804907664888 5.6459047466182816777 3.385717391858662495 3.4220578998826871597 3.4606600619959517751 2.09817e-09 4.62875e-06
42776180.698151953518 6815 2.184299565829093126 0.14701916784492685686 0.29818037611947190157 0.80862555603831465234 1.6703061094686864063 4.5836120261658299668 4.7313458550927043333 4.8783386070968566273 3.57143e-09 5.52668e-06
42776180.698151953518 5480 1.9783202938080490796 0.48056217934881079179 0.79153221195406919808 0.16759928427402051576 2.2572434365260329869 2.9519207612727003109 2.8231275376445106318 2.6726590864204751163 1.6026e-09 4.23115e-06
42776180.698151953518 5093 1.7993200034679468491 0.41390867932818842245 0.36429862353788494689 2.0545548312752028863 0.52023491550863365518 6.1077516249931385062 6.1700658390340636927 6.2167871785953066066 2.98948e-09 5.20853e-06
42776180.698151953518 1517 1.8219539691118349367 0.3748850193774933004 0.58926711523499997192 2.4762271422459503079 2.6091278306895540062 3.1091270405070341454 3.0934498806853811814 3.075408847247584454 2.17631e-09 4.68551e-06
42776180.698151953518 5116 2.7085402960436812947 0.23323970656473094754 0.13812685446225458907 5.6121605470508448832 1.3260659135335088887 6.2460045657501463978 6.2538667207071050314 6.2607039995837912016 2.56354e-09 4.94838e-06
42776180.698151953518 6951 2.9804686677515888071 0.043799566397791256378 0.099981922358768376968 0.7478255163879893308 5.9385785858122384084 2.013112567918984297 1.9731395448603539222 1.9328375501710952644 2.54062e-09 4.9336e-06
42776180.698151953518 5559 2.2545109101894871273 0.23938001975617517747 0.26867342680275113631 5.9345595201379213179 0.6710718971798054211 5.2009478976794305538 5.4031810124235661874 5.5876811555211238769 5.44342e-09 6.36025e-06
42776180.698151953518 5923 3.0306091015258576071 0.049267025096322719646 0.17924303758210535786 4.8405468554084540855 1.9093395470008451831 3.4735743155178830932 3.4900239967158430687 3.5068449332506963501 2.22479e-09 4.72005e-06
42776180.698151953518 5234 3.0575618312486900763 0.20471332207557874083 0.046173716307276756188 2.3921414993204748178 2.9746324779706712071 2.9809073765709368509 2.9440429742800811042 2.9038644515992695361 2.35138e-09 4.80793e-06
42776180.698151953518 6863 3.1309785019092526426 0.13276015984131936398 0.077706940392712933741 1.2605787966117774079 4.5336324033248862619 5.0459507243001517907 5.1691033688906973254 5.2882564486518290892 2.72515e-09 5.05026e-06
42776180.698151953518 5146 2.7685682194244978227 0.12663272292294580623 0.070195332113987846112 3.5432178205778916968 3.6567627586637168058 2.2721784939753915111 2.1709778271266109151 2.0664763102822591989 2.55901e-09 4.94547e-06
42776180.698151953518 5492 1.9630401199409528434 0.26655095302341436092 0.35549078239848175276 5.1809979120668714359 4.7928193915696555294 2.8502561574867235628 2.7606912097066955702 2.6615989050766279966 4.51271e-09 5.97488e-06
42776180.698151953518 5047 1.5748155945489095142 0.20787469764379082338 0.34007763664032730766 0.60952021989232629817 4.8843269667296533854 3.2390547133845770666 3.2618936809578968905 3.2868409446904167659 1.0218e-08 7.84583e-06
42776180.698151953518 6657 2.3820413369009374449 0.24789367164167316893 0.38308896807223752345 1.9015603986351423682 4.7643970984093106935 4.3724213994756242485 4.6189802399455670567 4.8657932376492247784 9.52311e-09 7.66378e-06
42776180.698151953518 6413 2.7565944127322787871 0.24703152262811622908 0.19306845756684090643 6.0784275519698658385 1.7839524611577985969 1.7629594634207403914 1.5119382402252552478 1.2653344865676365849 2.71272e-09 5.04257e-06
42776180.698151953518 6628 3.2690255051895955596 0.12866173084773316337 0.21887076951594686136 0.7165369792933706794 4.7342744353064549756 3.0889272807592083048 3.0816571676657420475 3.0739503803758521094 2.5094e-09 4.9133e-06
42776180.698151953518 519 1.8583692711952430887 0.23403606533578810711 0.10549001615178146829 0.40840504714311998136 0.34922436037877874204 2.701971184683807703 2.5889328148280457143 2.4660748907327616486 3.92741e-08 1.229e-05
42776180.698151953518 2992 1.7645440766582345393 0.073304330882456497642 0.19172915380124272433 1.505364015313898296 5.170412217143551814 1.4029581331003464495 1.331058505738087927 1.2598506595064724589 2.26492e-08 1.02298e-05
42776180.698151953518 5788 1.7849029974211381155 0.29710769805005898814 0.27614709126948200346 2.1374035849702530676 5.4593576839904862652 3.0106812072439237404 2.9639700735895972983 2.9114740965920851146 1.43499e-08 8.78617e-06
42776180.698151953518 5626 1.2266628116122868519 0.12239560253882365848 0.12036535047691762634 5.1005451332307698564 0.16970650660085564998 4.6081301327764290221 4.7309520165877492204 4.8533265318074088057 7.93289e-09 7.21097e-06
42776180.698151953518 753 1.4893898541463177487 0.20577534635045621747 0.193093803675011777 3.3642758600307538508 3.8176261931814621242 3.4689452577320234461 3.543097009873721781 3.6235147364775519563 1.27811e-08 8.45356e-06
42776180.698151953518 6244 3.1879672197823687441 0.070522460542236570236 0.35053118346289618978 5.5942943364564401421 2.9553867045400070701 1.3367033857699637256 1.2686031573343756751 1.2012763469024445584 3.08558e-09 5.26376e-06
42776180.698151953518 5020 1.7278653899543763295 0.36077487250007767017 0.4639257254779051709 0.87248262976153401205 2.1663820437462835145 4.405245614818872113 4.7780285887296951586 5.1380265304794665582 4.40916e-09 5.92883e-06
42776180.698151953518 6161 1.7968649395000222402 0.45655423548323392779 0.28632644477445823306 2.1682204984625466082 2.4220923657458151013 0.36785249436713185478 0.22629029395005326175 0.12385598365682420896 2.19638e-09 4.69987e-06
42776180.698151953518 5647 2.0271100750633719301 0.44296357218869958361 0.47174089334247915062 1.9068394368172771891 1.2952992141400783144 3.3495839000998066659 3.4744549025033499845 3.6191930308974242791 2.57441e-09 4.95537e-06
42776180.698151953518 6451 1.9469524640186977038 0.27075759136268845451 0.14428055098819239643 0.8558397204073376896 5.1607623594026028613 3.7823242154140483962 3.9672386036134117404 4.1662416271872180218 2.57122e-09 4.95332e-06
42776180.698151953518 6702 1.9670360702441063161 0.17794017672913889361 0.15197034741957643478 5.018735791554813197 3.365654722419786804 2.5002756186687440376 2.3847859433748208602 2.2626116263605058343 3.70623e-09 5.59535e-06
42776180.698151953518 5195 2.7666263892098310606 0.091766160522486470152 0.10243401160986764786 0.64514352324065160627 0.39759720821184085793 3.3562594378462788924 3.3767696963419497891 3.3981526027790041056 2.26107e-09 4.74557e-06
42776180.698151953518 5437 2.1708439069046558956 0.19192724611036271476 0.50612198911001593515 2.1242450976228455239 0.21296595108370244831 1.3662300199457533267 1.1807356051401738384 1.0032247874754971484 4.54448e-09 5.98887e-06
42776180.698151953518 6270 2.1219868881498342716 0.53074023748320608984 0.3076400397578871182 2.4084328502410250472 2.718320459526915478 1.2358076562932212017 0.74982404544366376697 0.38811926328700335764 2.07589e-09 4.61231e-06
42776180.698151953518 6816 3.1035321246742766377 0.10650986134459257404 0.21355341925187104613 0.44225028559770618308 6.1143917282063551255 2.0232140482189557851 1.9249293672280487488 1.82502871084415208 1.76213e-09 4.36713e-06
42776180.698151953518 6040 2.1654655176613575307 0.46477357985636247317 0.81048797946608142073 4.7875166985395889441 4.0884998179920319927 4.7649630665059667933 5.2417589974647151863 5.6429168686349084894 4.48499e-09 5.96262e-06
42776180.698151953518 6595 3.030579730575837516 0.083212913807148292111 0.28798663202553387297 6.1240046297510160045 2.4527878832708989165 3.3707354577729971012 3.3904698999737274967 3.4109665681918222013 2.5233e-09 4.92235e-06
42776180.698151953518 5950 1.433788749848014854 0.25064817525957922006 0.29982891154719776283 2.0908171719360995056 5.5493481937026034601 4.3496215389344676794 4.5977488627887614925 4.8467517872602199347 1.07677e-08 7.98408e-06
42776180.698151953518 5351 2.9712269033465488199 0.16764532855501801389 0.11393179131311531593 1.4172555015690815328 6.0924083872731946698 2.8858264442973524666 2.8393216043363498358 2.7894154242464743731 2.44807e-09 4.87295e-06
42776180.698151953518 2768 1.6201680771429640693 0.056814543595103801643 0.019628679668293371602 1.880070539241200489 3.5535185918839218289 2.1549066489473154284 2.1067272927164499841 2.0578785110695774208 1.05906e-06 3.68544e-05
42776180.698151953518 5194 1.627449168751816222 0.26361002970328700767 0.19376516836360885288 3.4358726895244555699 3.5796954984712874293 5.1169793461721182481 5.3502299538137183532 5.5620098357523497512 4.75382e-09 6.07945e-06
42776180.698151953518 5310 3.4809499082183266161 0.12051009604585638524 0.36978952986784552337 0.91554355129360043275 4.8610205766474638978 4.6214036600452974568 4.7423719812025337816 4.862827913202832697 2.51895e-09 4.91953e-06
42776180.698151953518 5888 1.1720024033851996759 0.24529595613823701461 0.41079941929985575033 2.0659187756266037539 0.11349716467951552479 4.6268437718159471927 4.8764003593376843426 5.1184045066832553061 2.79797e-09 5.09485e-06
42776180.698151953518 5964 2.1187271909687641624 0.49115669192235422713 0.59278083447021179264 0.53885503140020463153 1.8748119026472553905 3.800730302484937706 4.2010191281459992041 4.6293445797779044781 2.1711e-09 4.68177e-06
42776180.698151953518 6639 1.3679646409160921561 0.14973558658663890797 0.27026902664314861324 1.5393199395815873043 4.2018470920785535583 0.71941428424070785752 0.62557489125118592721 0.53789521329187217624 2.07227e-09 4.60963e-06
42776180.698151953518 5312 3.0029008677429867014 0.085014877557528331642 0.13807288767829217768 4.2701488859655665209 1.3518600585216924426 4.3710324470180923484 4.4524030800081959569 4.5345609138206990352 2.46345e-09 4.88312e-06
42776180.698151953518 5289 1.84460500214603762 0.40237045034921303799 0.16419171607081850528 4.6784063255808812087 1.6614780113191107702 3.1527630504122510224 3.158703751066441523 3.1655884150928770282 2.13423e-09 4.65511e-06
42776180.698151953518 6734 2.0266605587560722057 0.083367437884876660625 0.20875154408566679032 3.3187050096051624593 4.5956086517047216589 2.4289646994436262517 2.3725954734746497188 2.3146205105245525324 1.24231e-08 8.37387e-06
42776180.698151953518 6073 3.2484413060336474466 0.082475639456031576979 0.25376779108432456766 4.630747641352646049 1.9446240602978510648 0.20390538676891242775 0.18782673642574809758 0.17242653065959262504 2.87152e-09 5.1391e-06
42776180.698151953518 6692 1.7812668331517680365 0.26283233921797505284 0.31706797808047310072 6.2427581285883499973 2.9745499893564257832 0.23152327914002093778 0.17721980840280843195 0.13088414621323402054 1.32225e-08 8.54977e-06
42776180.698151953518 6028 1.6865405521223355567 0.34358203320574304263 0.23092698372722023081 5.8068887695933941728 6.1278603462135645685 2.7620947095092733825 2.6052779983989640122 2.4297173525742890021 2.1303e-09 4.65226e-06
42776180.698151953518 5030 1.1569230207795777599 0.38084365670063702325 0.19591401372682248905 6.1959302087256560299 4.0253370699453476789 2.1421137315251295163 1.7735484756011492546 1.4005059825459098555 2.14686e-09 4.66428e-06
42776180.698151953518 6521 2.9572483833246527851 0.097314084537663894658 0.18082784505903057304 0.66977770683334880708 1.6315423530011161635 2.4005711767074746632 2.3322925023207186079 2.2618561346479557628 2.953e-09 5.18726e-06
42776180.698151953518 2010 1.4777528935807104915 0.38520117785041574354 0.2342063050018684256 0.91812986892926684579 4.0871689913492366131 2.3681354839482380292 2.044256657409265987 1.7014292203108416501 1.54172e-08 8.99881e-06
42776180.698151953518 5717 3.1611869946188706493 0.13581656672253109019 0.27385445797170493432 0.077692784437785905594 0.50092558987084301325 0.25837080853707244943 0.22566757579404694845 0.19527765994578216713 2.31886e-09 4.78566e-06
42776180.698151953518 5479 1.2374728731571680296 0.32014275571856659619 0.257767315746052883 6.2713068473699147276 2.776627666345080403 4.0692407843373903376 4.3590776672383801937 4.6594458845656347989 2.12255e-09 4.64661e-06
42776180.698151953518 6005 3.0260728767056921384 0.27293209208720148329 0.56527678453999086194 1.2361475374187986809 4.3913414964478025837 4.4328802045752295768 4.7091972139747877435 4.9821279158326818859 3.36675e-09 5.41902e-06
42776180.698151953518 5540 1.8521002966329445094 0.44168492533319858584 0.23814536400051666831 3.8548983784335932867 3.2514332606898852518 1.3200725398572321634 0.89992931762508210358 0.55396503715166123261 2.31531e-09 4.78321e-06
42776180.698151953518 733 2.1512125235371630794 0.3719246514808387527 0.31522367074376411722 2.1287134321512444224 1.9844494718117260401 2.2473851831451789884 1.9085658727421208614 1.5576563969164478607 4.51209e-08 1.28719e-05
42776180.698151953518 4406 1.8571137172049825281 0.49442797157865714386 0.24816294735845173536 1.3577289366817417715 2.9938023296830889031 3.4668706016255823599 3.6915273369517205282 3.949930991025929039 6.27014e-09 6.66718e-06
42776180.698151953518 6119 3.1150927955732097274 0.071025457982903855703 0.12743142618942926436 2.8560204288247836857 2.7068017243683790696 6.2443431288759736475 6.2470099499569746726 6.2495787609040078792 2.96829e-09 5.19619e-06
42776180.698151953518 5525 1.8568494002630266948 0.4266834332801836549 0.17181257272525646274 0.086493528378647932531 4.682595169435377791 3.095254585007495951 3.0685142798826183785 3.0373606947975879677 2.22151e-09 4.71773e-06
42776180.698151953518 5178 1.8962899515760553992 0.22818965211549219196 0.11649906040432750354 0.99699712550052055349 4.4185376683570130041 3.536879788439005079 3.6364780767054987187 3.7448523762312486696 9.33283e-09 7.61239e-06
42776180.698151953518 6997 2.9013542034870809516 0.1037923315679733921 0.18462981079945051111 4.2441945135991065996 1.9382188391275951833 1.1803441993204941696 1.0860427043694800275 0.99420830958060180116 2.77488e-09 5.0808e-06
42776180.698151953518 5667 2.1010658651765612426 0.49918745430020300402 0.63884659131357413031 3.9551561442064091523 3.953665008853608942 3.6236995422285089852 3.9459019597608149255 4.3054925127720089506 3.20823e-09 5.3326e-06
42776180.698151953518 6103 3.2965740082711301184 0.041810376164448201375 0.16831395963132600446 0.66419481928978352236 1.8355597879563567698 0.029380096948383352395 0.028176505129201282612 0.02699859072592632539 3.07621e-09 5.25842e-06
42776180.698151953518 6333 1.2797475090909133932 0.30083302726043192887 0.15909179790390290399 3.7368992261072442318 3.8172131525397570151 3.514127559176793536 3.6448022309192857904 3.7898758698109107357 1.94245e-09 4.51128e-06
42776180.698151953518 5252 3.1628618154799625906 0.18764159270832189708 0.16958197942434813377 4.6353481867934043237 3.2415843326427769 4.2597351911561176507 4.4368798411693806116 4.6174448722845617965 2.42859e-09 4.85999e-06
42776180.698151953518 5316 3.4845040985793649391 0.10269726857353657368 0.23951745466881566027 1.0502674620784815396 5.2538183907371616144 2.3354176836183238031 2.258402136784826375 2.179040995093512123 2.96988e-09 5.19713e-06
42776180.698151953518 6874 3.2731578329350443646 0.091276932547347214286 0.28456931448979599919 5.6436782969901475582 0.62952723316289072031 2.9043971430929871325 2.8819053168241901552 2.8584673735229473301 2.61974e-09 4.98428e-06
42776180.698151953518 6823 1.9887329493989678308 0.1858477080380368518 0.17728135457646851392 2.897217202965854721 0.042692156820365860515 2.2402409429862304435 2.0844603648149417907 1.9225963121805749179 1.69817e-09 4.31364e-06
42776180.698151953518 3953 1.371934793812310982 0.21183602961362790751 0.32028771960308899391 4.9827849564143331662 3.0028227847570279074 2.8340725699214992517 2.7618704689010327158 2.6833508055037977869 1.87457e-09 4.45811e-06
42776180.698151953518 6204 1.621434108524006934 0.26599709295299134304 0.31966360112105735025 5.1749700558831275288 0.51571740451563108376 3.489790740118027923 3.5955993039163032243 3.7122575983894279261 2.26769e-09 4.75019e-06
42776180.698151953518 4189 1.1119632104595911226 0.065263236696587692554 0.039572837805636099096 1.5094309184472300966 4.1487610906986098769 5.0281869430838428414 5.089645962053095829 5.1503197954178441265 2.41004e-06 4.84758e-05
42776180.698151953518 5324 1.9506042955920059878 0.0709847818090077326 0.32617745169045830878 3.9197061568088051864 0.1682716451994349105 2.2057462403782137628 2.1473086297765746622 2.0877971963263015631 4.64884e-09 6.03437e-06
42776180.698151953518 5185 3.5308822603229055304 0.038546585630777313591 0.22363999177895468873 2.1311082548752637855 3.5384021428624179428 4.6831993177651467519 4.7217607285958589358 4.7603056214721837236 2.64564e-09 5.00066e-06
42776180.698151953518 5451 3.2775236817932626998 0.04374134071327515777 0.090249136232668475399 0.18384111708492031911 2.9359017312546273892 3.1091242093893729503 3.1076718024486229552 3.1061883434637200807 2.58702e-09 4.96345e-06
42776180.698151953518 6192 3.2254801550963914103 0.18828072566858852777 0.28514459486581633652 3.8722758450322953827 5.2469045292397478164 4.5580698853163621465 4.7480002887204610929 4.9361616414655093976 2.79503e-09 5.09306e-06
42776180.698151953518 5992 1.5457009089563842341 0.027168039061248511201 0.36999361960486004675 0.58024870511666526429 0.23896855737879449388 3.7258433769458583207 3.7410028553064411661 3.7563298565123122152 8.41385e-09 7.35386e-06
42776180.698151953518 5853 3.130837313172948555 0.17862439062999307948 0.12495846738403937337 3.2752907256211938325 2.0310155203713673444 3.5869041733021713725 3.6712782328511339713 3.7615303553870713671 2.34516e-09 4.80368e-06
42776180.698151953518 5360 1.6765623258844091215 0.19687440342275863703 0.11554954125860524006 0.088819055194629140115 5.2128676849217630007 1.9560765013049470351 1.7652618909445365603 1.5720983563736083966 3.7029e-08 1.20512e-05
42776180.698151953518 6233 3.1301749484287384462 0.11744671720750488042 0.25588959035133368447 0.42759062024195582108 3.9654604506714719037 4.0856869054621398618 4.1844817269290164319 4.2859396160782665675 2.38928e-09 4.83362e-06
42776180.698151953518 5650 1.9311856161428806455 0.1128029323037279541 0.37078731168445194788 5.9131341480932082533 2.6065005070281537236 2.4530421315270296567 2.377885779669628441 2.299870867688956988 1.14639e-08 8.15256e-06
42776180.698151953518 6255 3.2558356793018239372 0.11713929068096648467 0.24173847839063533627 5.6900083785536859082 1.9131757724593536629 2.1854453109864291349 2.0861276327716198331 1.9842012809503277726 2.45838e-09 4.87977e-06
42776180.698151953518 5459 3.0478983308547111797 0.19078938694606301096 0.23634504252738874897 0.0046646038927757255479 3.5439482369650976423 4.201258550789122026 4.377052545824619223 4.5572148965454069014 2.51526e-09 4.91712e-06
42776180.698151953518 5708 3.1446236451542008972 0.1926992020445298659 0.20572669813501601177 1.4276514662208996675 4.333731495571223391 2.556165574529911666 2.4393326037215810054 2.3148595905019111463 1.65544e-09 4.27716e-06
42776180.698151953518 6956 3.5023164578944308012 0.13436092291720655445 0.44432063299108204291 0.23131817799229020816 4.3856745323705261796 0.65097326429728641362 0.57339102320370560761 0.5005023929360523649 2.20649e-09 4.70707e-06
42776180.698151953518 2850 1.6232232075320138787 0.31402767590260011188 0.38996074823476378768 6.1363772183161096052 0.45335000077763298876 2.4539192405765013483 2.2213994112214487942 1.9715217249438850011 2.86233e-09 5.13362e-06
42776180.698151953518 1284 2.3406156821259944678 0.2520967951193410217 0.44951987069214099924 1.4799936340557668935 3.4093000298420839123 4.6968441657140136414 4.9521631036909283807 5.1970478233329018281 3.64405e-09 5.56389e-06
42776180.698151953518 6722 1.6173162977488830805 0.099859014300661755326 0.50192321904744297001 1.3483802675502594148 1.0123147915466088609 0.72307882951786262016 0.65925472241081417568 0.59808828826295545866 1.78527e-09 4.38616e-06
42776180.698151953518 5002 1.1725010957647445942 0.39116297745829115007 0.58802032214329402748 0.10141758129706804348 4.8692594881046105115 2.8153971847620549163 2.6539908254385631281 2.4707276256495358524 2.79003e-09 5.09002e-06
42776180.698151953518 6473 1.8518471696881331212 0.41829508635274792461 0.19511534698204041627 1.3289681947852987065 4.4534782767542768767 3.7417234750705619106 4.0417130002093788477 4.3694060872357667336 5.43469e-09 6.35685e-06
42776180.698151953518 5815 1.1547130308746023086 0.52130811395898091209 0.43198910250942529343 1.8558039971285698044 4.3558518171310627309 2.8290986290350037535 2.5940324103453358262 2.3226364228200235829 2.67562e-09 5.01947e-06
42776180.698151953518 6211 1.8288679600055655072 0.31776829764997033267 0.5334466654284706344 0.29152730860039860472 3.5254445041928668125 2.0814341213866054403 1.7746031818819212322 1.4634116798129435111 2.33777e-09 4.79863e-06
42776180.698151953518 6969 2.12571248740217289 0.056087980260422366785 0.11127807260375588427 5.1702027578704088384 1.6267458248727677539 4.1808131171757736411 4.2298880165769006112 4.2795728391604912488 2.41679e-08 1.04535e-05
42776180.698151953518 6225 1.9681798663370706493 0.25829917288417136856 0.13642137806717052895 3.6567781251215549787 2.9655331407388425546 3.9519177026803120611 4.1604845518301329932 4.3804334152819146553 2.38341e-09 4.82966e-06
42776180.698151953518 6450 2.6797696826403520909 0.22578135074697405771 0.12202925204741074672 1.4456894917203275686 1.222333400756862698 2.1956777157537876732 1.9975160141606558284 1.7919808556923215725 1.74846e-09 4.35581e-06
42776180.698151953518 6886 2.7009962637117861384 0.45996882190733190399 0.63635952986504584761 1.7743366408175735849 1.9980286277303731524 6.2498927152920291661 6.2629359840742999666 6.2722494048654615639 2.88448e-09 5.14682e-06
42776180.698151953518 5290 3.1909056667038209198 0.021447235576713297167 0.1513624679339586887 0.81606890599859693847 0.69508368509417306491 4.4881230041037838419 4.5090847851399242785 4.5300903103261624949 2.68653e-09 5.02629e-06
42776180.698151953518 5080 3.2281984809179946616 0.14947827907078731213 0.29458650308343009572 0.65563557517763071392 3.3722883497137612352 2.954222953359730397 2.9239911897656520878 2.8917205823574825274 2.57476e-09 4.95559e-06
42776180.698151953518 6155 2.4268763427381312425 0.47745931624699550211 0.27939433896683474323 0.89603343993909079224 2.7150939456383151871 2.5842952105038690114 2.244823208696962169 1.8717772356786008814 3.03729e-09 5.23615e-06
42776180.698151953518 6186 3.2438188124057769635 0.017529709258806088629 0.21904311633084547206 5.2679361008142864264 0.39023466831020681145 4.2027833680077444356 4.2181522930990276166 4.233584240477096472 3.14704e-09 5.29848e-06
42776180.698151953518 6417 2.2075307125961627364 0.24862583597642834432 0.72932177747144621982 4.5405381746725659298 6.1196112266061941654 2.917537249498762808 2.8535555817350704011 2.7829282636019541108 1.63097e-09 4.25597e-06
42776180.698151953518 6237 1.0915802699740961845 0.071693793904008970563 0.25765993726109420736 0.034940010985062323889 4.9103861863092976847 1.6989098693111730487 1.6274144874123697146 1.5558355742052476511 1.89473e-09 4.47403e-06
42776180.698151953518 6029 2.0800944208266995972 0.093562654313104981485 0.26977690191984304846 1.9070672315524117568 1.6295753714907952325 3.9193318138872847989 3.9873738227273811674 4.0574044749378304076 1.2969e-08 8.49478e-06
42776180.698151953518 6023 1.6981828271399170838 0.10401810087595925181 0.45476796717279061033 4.4650727846186555325 0.27886086155386841101 2.5924539227839074051 2.5354947289745384253 2.4762392805714763533 5.48103e-09 6.37486e-06
42776180.698151953518 5643 3.2972153328795728022 0.069059935868651792235 0.044680038343063152584 2.6897606897506571855 2.3645231546585332438 2.5586185337047777644 2.5194287753313076017 2.4791809946509943963 2.47115e-09 4.88821e-06
42776180.698151953518 6335 3.1173006710849686662 0.084416703295895609283 0.23749301546392814766 1.0299747957401648168 0.15823382504067820542 1.7692039816821647502 1.6856472617329518737 1.60178670597724504 2.80706e-09 5.10036e-06
42776180.698151953518 6290 2.0011992430581448943 0.30339072042426518117 0.42141336120982736402 2.5272385793416938249 0.20191648007784168684 6.0430424543958380923 6.1072315162506072284 6.1603392370922769317 4.66797e-09 6.04263e-06
42776180.698151953518 5878 3.2029742154274103427 0.076854735273678906338 0.036982114451047515269 2.4910859149586221939 3.3616620611328627 3.9224987824507491219 3.9781869495511803514 4.035241263139682566 1.44428e-09 4.08696e-06
42776180.698151953518 5257 3.2052937982545484097 0.13306981041301685353 0.14659816898054534029 2.9731761270768166661 2.7132592532707766608 5.1001612239877553989 5.220705186386555674 5.3369503499167993965 2.20895e-09 4.70882e-06
42776180.698151953518 6327 3.0047015221699528986 0.1618910795443253281 0.14628829968618575763 1.879799513620018514 2.8634203470253738466 2.2205019148948967889 2.0842215182991425948 1.9432034942244571507 2.25041e-09 4.7381e-06
42776180.698151953518 5048 1.8019198174949841995 0.64303589443933484304 0.43746246493563323288 5.1753806456793958191 5.743788969908002251 2.7837006106904316205 2.4012427392148225636 1.967485274432746456 1.54672e-09 4.18139e-06
42776180.698151953518 5673 1.6621648549390324323 0.4282604655647545 0.52722545699437417532 3.3317024658575231655 5.8026173958997970814 0.47782751153587410542 0.30580077329663396535 0.17687000770358490831 2.67237e-09 5.01744e-06
42776180.698151953518 6129 1.4833958450257220818 0.38028981070952172505 0.60121843022021537184 2.8780094798897035702 4.6812252029876164627 3.1741303244251506399 3.1901472409537281472 3.208604801365549708 7.14833e-09 6.96495e-06
42776180.698151953518 5034 2.8839781542650380075 0.24096416697436015553 0.18620894628828191242 1.0558071007005245256 6.1983237018981132138 1.2901527154218193072 1.0638231210910060742 0.85316788012801902941 2.20492e-09 4.70595e-06
42776180.698151953518 5227 1.4224816484223317126 0.24591303838361155965 0.10499669273113397538 2.9874552300867089905 0.09426781086316345093 2.6763398918343774824 2.5503821135773230289 2.4133184235872175982 5.94474e-09 6.54979e-06
42776180.698151953518 4112 2.0005497137433576604 0.27316862232723060355 0.80423086771187468624 2.2590814188487122749 1.5082377406019140675 1.0145426983132515009 0.79513905328224099289 0.6001073173656498172 1.99037e-08 9.79854e-06
42776180.698151953518 5288 3.1122620963667082528 0.24642889838468459707 0.20603333298272202834 4.2009103302300898619 4.0783568459353212177 3.8655756622199963779 4.0480034776225499726 4.2420159186725170386 2.94866e-09 5.18471e-06
42776180.698151953518 5938 1.6999026917696136163 0.27204402361420770839 0.078735642123058613429 3.1251666776735373965 3.145077568324494699 1.5333570811988352922 1.2594347915020838169 1.000471368396188776 1.88863e-09 4.46923e-06
42776180.698151953518 5446 1.3058943468293140455 0.41428082262068283148 0.12347381368467470752 5.3270151419388547254 5.5156459699801310137 3.4345748486388019138 3.5923519488353177209 3.7728330221008761214 5.46354e-08 1.37196e-05
42776180.698151953518 5914 3.2057332449375093297 0.083302021777934803781 0.1166444407499550584 1.4180781141091087783 4.4153593959230201804 5.730410276889153387 5.7727154499309332181 5.8134157563634714094 2.63408e-09 4.99337e-06
42776180.698151953518 6154 3.1416110741114899874 0.082615271826331923566 0.21338926910073313659 2.3425864325504188734 0.0096180248149526983981 0.3392787043395786295 0.31277255892234095969 0.28735201645479246935 2.04677e-09 4.59064e-06
42776180.698151953518 5511 3.1805249640611545914 0.096515842846869800975 0.25174870990590031417 6.2550657627892158885 3.599656690881239296 3.6839230677121070912 3.7360009759536194629 3.7900516488822453276 2.90982e-09 5.16185e-06
42776180.698151953518 5957 3.2178307024204122477 0.040073392004107033504 0.1388495640213988358 0.0010109841192204674105 4.4554376008070111226 0.50728665384272808581 0.48814681436710971596 0.4693527960786197939 3.45473e-09 5.46581e-06
42776180.698151953518 5962 2.905009618596006149 0.20165926354747962246 0.16314849850224219519 1.5631898315724159776 5.1281756847246615649 0.69913678950696656056 0.57764528819960647699 0.46752868454175694479 2.88829e-09 5.14909e-06
42776180.698151953518 5160 3.0454015778638523493 0.080710052691233824529 0.24238964727487744 6.0041630182554381889 2.1982970786796127705 2.8043752668505397274 2.7765687690927371989 2.747757572007487159 2.48083e-09 4.89458e-06
42776180.698151953518 6827 3.0937560348835826396 0.10104549818475008771 0.18930826335766301471 0.96633961889346875473 2.3195690866063114477 5.7193180400532597218 5.771226820868384344 5.8207275521120536155 3.04652e-09 5.24145e-06
42776180.698151953518 5481 2.2902467830701982443 0.5373509110939376221 0.59578270515691500453 3.0647106282334801719 1.508673393807071994 3.8303244780060956565 4.2996653734962562154 4.7918958783171046178 2.0621e-09 4.60207e-06
42776180.698151953518 6752 2.1626283669608294957 0.38046651516591689646 0.63334548675441215693 1.7868294032542784144 3.960296239351198011 2.4567733474968354024 2.1636254565505836922 1.848080477435287472 4.12549e-09 5.79885e-06
42776180.698151953518 5597 1.4172750699561538212 0.23986859133128782262 0.3610079043148683442 6.0968413339289817543 3.920828160219268721 5.3253271945022246925 5.5108738808414070576 5.6782524508608549496 4.51539e-09 5.97606e-06
42776180.698151953518 6928 3.2121904272447450168 0.086170024658810365215 0.1822325418727985813 3.3061001312885669456 2.1542760781574088469 1.7109881643141611196 1.6250387722901646903 1.5389954831242331768 2.08658e-09 4.62021e-06
42776180.698151953518 3089 1.7701008808616995882 0.26854296324187038048 0.11959114692435157679 3.4373988421239993762 0.2391911174353558156 3.3562075208189523501 3.4234317547676282878 3.498119637598680054 1.46985e-09 4.11094e-06
42776180.698151953518 5640 1.019958813788521157 0.31284062297181564061 0.1122113104470363748 0.2829537380983569439 2.6719504044203885584 4.2339624364143126911 4.5391559609047655854 4.8473141878918264425 5.24602e-09 6.28242e-06
42776180.698151953518 5762 1.5701890375206741801 0.063795745549975302335 0.4171553269075510828 4.9459228711251839172 6.1234326541265398092 0.89394730205748840213 0.84515039525107604756 0.79742665281869529181 4.50081e-09 5.96963e-06
42776180.698151953518 1444 1.9581967360830989655 0.42798311527719140601 0.85509492562114364222 0.85113524872286960843 4.5968918432394394458 0.99841240598762970304 0.66462188722442472333 0.40065835966870899654 1.72307e-08 9.33865e-06
42776180.698151953518 5176 3.0800266041992436783 0.15308471793738420708 0.15249919411244983181 5.9161652287135853001 3.4081905266958707479 2.5451804431678204388 2.4528672000123226127 2.3555736446926460737 2.68297e-09 5.02406e-06
42776180.698151953518 6001 2.0873309038491418832 0.32722417755624449986 0.36746644872380340718 3.9740446398862934174 5.7329731503909044932 1.1654212639317229616 0.87745174148764848443 0.62577945363965881143 1.89847e-09 4.47697e-06
42776180.698151953518 6140 1.9376118835818600949 0.2926532545468478741 0.23816072239423591306 0.033179443296136160169 1.0363310382052710601 4.9944238754291792048 5.2685883019397525828 5.5171293036075113037 1.67728e-09 4.29587e-06
42776180.698151953518 5534 3.2495293619615197578 0.12282319931919363776 0.1469325271617829276 0.58506292711265128759 4.0839259195616222087 5.9923394549766868522 6.0257198127953879307 6.0569943341476486509 2.18919e-09 4.69474e-06
42776180.698151953518 5929 3.2508686641436441711 0.15466187956538315906 0.22948450921676741276 0.59217067003183831986 5.3984348452802910501 4.8743387694676707511 5.0257085472623410638 5.1728408156186400646 3.18574e-09 5.32011e-06
42776180.698151953518 6935 3.4818078917906238878 0.074711164026320719955 0.40899559305507621199 1.8304686904142495329 1.5294778083584903428 5.1542489242233555657 5.2207898048532603852 5.2860518051117200145 2.603e-09 4.97365e-06
42776180.698151953518 6775 1.6579226202763301945 0.11808772615282432661 0.38623747484997261736 1.4179193398749119215 2.7878645524983487469 1.121459385158220412 1.0174921334967683695 0.91702394492805672233 6.39874e-09 6.71246e-06
42776180.698151953518 5211 3.222482518795063644 0.09925716331775684409 0.30276978982319863176 0.6041289180803441905 0.33340117228518711956 0.20212496246581584947 0.1830785192381355897 0.1650080080267944671 2.07199e-09 4.60942e-06
42776180.698151953518 6920 2.3437719009949193882 0.057877966958094731464 0.21397876000559087895 1.5123871481054960153 1.9391956394951050946 0.55647321971934948781 0.52661336064504826737 0.4975234064625655428 4.48089e-09 5.96081e-06
42776180.698151953518 1810 2.1033550072778774975 0.39243718026226753759 0.646582810291048804 1.3211501036353225924 2.8037435684514293577 0.98795480618369435621 0.68351084783260396271 0.43567927975930215156 7.36354e-09 7.03416e-06
42776180.698151953518 5072 3.0898136336703245775 0.042400806668138855959 0.22770341184900255715 1.275592367174068098 3.3920522822576937294 1.3786828181286476802 1.3372172297963100807 1.2959678506663241393 2.73643e-09 5.05722e-06
42776180.698151953518 5231 3.1829079847786458934 0.095203548850849417651 0.30672375446650940178 6.2476114393762278709 1.4453339710992327838 0.38276853567907825893 0.34864375346570702918 0.31611998660854545573 1.89135e-09 4.47137e-06
42776180.698151953518 4786 2.0942534353551236492 0.45633521580682384622 0.3106348088835578225 0.043255827503228656827 1.5572677785930855165 3.556775431489794137 3.8055333954417269737 4.0867386727243646405 8.41208e-09 7.35334e-06
42776180.698151953518 6756 3.2091566309626742282 0.063556694113739820029 0.34980281186555622908 0.49761240209126239575 0.58851017554212714522 1.3879588367324340314 1.3257780804017711418 1.2641196404882497628 2.22448e-09 4.71983e-06
42776180.698151953518 5323 2.8273717330332805986 0.11836187147694245125 0.14103096222820160621 5.1804733134634002312 2.8000523066531357586 5.3110320951681488921 5.4059070059025460253 5.4969275091162845825 2.25995e-09 4.74478e-06
42776180.698151953518 5372 1.6063726133326028389 0.26727729374070580137 0.26912808927852693852 1.0589424981762083355 5.3660574209516465061 5.421230976365792209 5.6104974418272970382 5.7770353973604660069 1.39548e-08 8.70479e-06
42776180.698151953518 5855 2.1088598724839835441 0.28579481692626751421 0.42186386325992120128 5.7541229882190396694 4.2101340540667528956 0.23869608390123617236 0.1782737960763077778 0.12759351748449754282 1.88487e-08 9.62226e-06
42776180.698151953518 6960 2.9843351149756593976 0.14402884751028233179 0.085319248970553457356 3.9895183422096214265 5.2062205409548640844 0.47734437402380625048 0.41486652754370711982 0.35681313914976769963 2.28045e-09 4.75909e-06
42776180.698151953518 1410 1.9588322232941228762 0.19229338948270779941 0.31284375458426350036 1.7916994618714301435 2.5707214081292346641 4.4726471398449252348 4.6650522258712721069 4.8571302131122919832 1.96181e-08 9.75145e-06
42776180.698151953518 5053 3.01560670236469619 0.13466475976339503662 0.25286961388245893234 4.5945379128184784534 5.4967497505919808987 4.2796473150720784062 4.4058753734972180283 4.534263588489718444 1.90259e-09 4.48021e-06
42776180.698151953518 5489 3.2170667372962240549 0.046283284419388136255 0.37225033752376318619 6.0316760071793931175 3.7691123810274942407 0.93007046902056633719 0.89345792407807134161 0.85739197292618385404 1.80848e-09 4.40509e-06
42776180.698151953518 6914 1.8827631821895276509 0.32272987011183174033 0.22283608272409335949 4.0203617683745136446 2.590443007954770227 2.8301657819211083478 2.7096617125580162444 2.5745588614799288507 4.41745e-09 5.93254e-06
42776180.698151953518 5578 2.896756060865032012 0.038025811466568304464 0.25987756805428702256 0.13037010496746243016 2.256409181416984655 2.9482501595595578259 2.9408022458599267779 2.9332182289273589504 3.04211e-09 5.23892e-06
42776180.698151953518 5196 3.5770754229470442809 0.15443171459190271899 0.15386400775192043966 3.7092508087309110643 2.6366680218669520386 2.9567797657664867117 2.9258719225837483968 2.8928155808823348139 3.02458e-09 5.22884e-06
42776180.698151953518 6832 1.6265064129640094404 0.2324847921138050999 0.30738524767476393951 2.8386911916475527917 2.4763030923260291871 3.5521600024587831612 3.657541126827625444 3.7722398417025209127 7.86044e-09 7.18895e-06
42776180.698151953518 4502 1.3211321277094016935 0.11181442025763849157 0.19541812456000176579 5.103299027986121672 4.3370590136584414864 6.0335342432322489614 6.0598167565960636693 6.0845854104908365656 4.58456e-09 6.00643e-06
42776180.698151953518 6425 2.4276573531854221955 0.47587152350803380019 0.55913528475037921339 2.1835870501152689904 2.1396608417496083554 3.0889820574628639172 3.0533462843606735682 3.0114068330520931127 5.02719e-09 6.19382e-06
42776180.698151953518 6089 1.821270015696653477 0.33627229353912557741 0.24607332998197770091 3.9059408874104546427 1.7343423843692977737 5.2216617337271467036 5.4987351708979081977 5.7362900608802389613 5.81535e-09 6.50193e-06
42776180.698151953518 6572 3.0047030658358675481 0.19681217633745409779 0.17408273424907216853 5.0021469463430925373 1.8750443664338234395 2.1279766296165512074 1.9503941580342445405 1.7675923058113089947 1.66053e-09 4.28153e-06
42776180.698151953518 6842 3.1579982506019379507 0.033848557793646691372 0.15545273010327601004 0.56649331072641562201 3.1300449294132564049 4.3576928390078535358 4.3896285609498946201 4.4217292965717982511 3.94698e-09 5.71398e-06
42776180.698151953518 5291 1.8774896697977645488 0.35970415099240682366 0.69849352536976883066 0.99568405816168503719 2.5418208315576764633 3.8887358686977786526 4.1795504104386509425 4.4893882730729970376 2.6037e-09 4.97409e-06
42776180.698151953518 5063 3.4776275232922411185 0.11219542579446381558 0.41300371229147470054 1.4531780533833777991 1.4913262584425699409 3.7206558683996968639 3.7852701203157970156 3.8526032039882216473 2.23728e-09 4.72886e-06
42776180.698151953518 6557 2.1040499001144468139 0.27955213594467975824 0.2829287348060820495 1.0441616439600127642 2.1259030700446968076 3.4501446362612964158 3.550303098878579533 3.6614044753476169269 1.93092e-09 4.50234e-06
42776180.698151953518 6055 3.2089753887408880573 0.075073080513548079429 0.068497216909270880469 5.6129081258380386643 6.2024327045068705644 1.7247028306799871977 1.6500164682639513192 1.5751788375508368745 3.0525e-09 5.24488e-06
42776180.698151953518 6197 1.9622161684118246683 0.079927272326181506013 0.29271758038306255889 4.1358194673191981394 5.7348589349104424073 1.7080566218421890934 1.6283597238047633482 1.5485648362111119614 8.02678e-09 7.23931e-06
42776180.698151953518 5642 2.9012753780315958529 0.21614510456777633052 0.078030402421372699329 2.0380910173123574225 5.6503785286943060129 3.6438783769430940218 3.7602146130647260414 3.885559980265715474 2.80041e-09 5.09633e-06
42776180.698151953518 6291 1.1329661870728071627 0.11288119074824407018 0.36968852163521681575 5.8219281347595268628 1.7961304700611804286 0.51631263965978535513 0.46304338790905896772 0.41262239852372034621 4.97801e-09 6.17355e-06
42776180.698151953518 6390 3.2190052611419015527 0.12893468104796340645 0.33564315214984391522 5.6871772851435045126 1.3051039002508042497 4.9256845197342009612 5.0503531102782055484 5.1719941688665773682 2.74624e-09 5.06325e-06
42776180.698151953518 6126 3.0329001284382988146 0.24912483954935527031 0.17950907921084299779 1.391934177345222956 4.034450674024116168 3.8378318022352040373 4.0171398366330484109 4.2084413385415730957 3.04059e-09 5.23805e-06
42776180.698151953518 6104 3.3247032567315661922 0.082729089902054547823 0.18273365667327598483 0.3277767718148052456 5.7839649780348887376 1.8340418784596115298 1.7531975247002584695 1.6718408300311136117 1.75259e-09 4.35923e-06
42776180.698151953518 6732 1.5666488056391894013 0.38877709792034431668 0.18540627706128520735 3.9122654097164613063 3.038429456694875519 3.3214852522913895783 3.411832155803129929 3.5156209662839317254 3.70815e-09 5.59632e-06
42776180.698151953518 6286 1.9117948660900427882 0.641768063393429955 0.63516255699348200814 0.68474348123673445254 1.2145971426138846283 2.9109463133779209798 2.6554341531283709443 2.355578972337121435 2.66284e-09 5.01147e-06
42776180.698151953518 5405 3.1927915707725804673 0.059229980598645058654 0.14603466997061351207 1.0526220806547257336 5.8710263289183322044 2.5659675164577540052 2.5328769653536435946 2.4990084152016542873 2.93677e-09 5.17774e-06
42776180.698151953518 5098 3.1752270264527466814 0.070177852310816093984 0.13362112872198514402 0.56104443338474574432 0.41691045076272459369 4.8072493314199915559 4.8769376924179423938 4.9461676089671122725 1.90652e-09 4.4833e-06
42776180.698151953518 6952 3.2256858782792585671 0.1352096211948698723 0.16266175425131265686 6.0340234467134754581 0.2176647718293319711 4.397959211695194881 4.5297135626443818524 4.6626734570959307291 2.57429e-09 4.95529e-06
42776180.698151953518 6667 1.7261357579525995476 0.2910308455506890879 0.049008015620976903837 4.6464748277819474254 4.8809928758446083918 2.9126756581609911656 2.8337797162637832216 2.7456046180933220136 1.85586e-09 4.44323e-06
42776180.698151953518 6282 2.8182659733403983005 0.13331095839506901246 0.10381435813983835859 5.2584209941394668419 1.5802894670443186076 3.5406240532369448459 3.5960576258485819068 3.6545786911758932902 2.68214e-09 5.02355e-06
42776180.698151953518 5240 1.7899329629312850098 0.32445767815184611838 0.37592136563404404681 0.32181081647487308484 4.2649776689478695602 3.451959974730413272 3.5728820046663014587 3.7085190813804826959 1.54708e-09 4.18172e-06
42776180.698151953518 5138 1.6702905815919730781 0.52182470180645468272 0.29174248414294851051 0.008653313669052396101 5.1433376568730180267 1.8240311586142960998 1.2534050760005197578 0.75764405048338556714 2.37553e-09 4.82433e-06
42776180.698151953518 5548 3.1846937201631182468 0.051638655623449845888 0.34185066637963845704 0.5851674811442600932 5.9365719328359869422 1.2670020791999092591 1.2180830712883254918 1.1696233487834921672 2.11518e-09 4.64123e-06
42776180.698151953518 5131 3.5470815048272212877 0.065812203599262486531 0.26465504723563820777 4.9260405394713533411 5.5942791681104298007 5.4837267007522836337 5.5298952732981678793 5.5749136075564402759 2.25296e-09 4.73989e-06
42776180.698151953518 6295 3.2554172973570052463 0.025076778732915375181 0.25997731584687827633 5.4917154117885917941 3.3609411842594210107 2.1868365002021055155 2.1662176176115766069 2.1454562443510445391 2.30061e-09 4.77307e-06
42776180.698151953518 6761 2.1271714355341142522 0.34289787656503961655 0.24077689897175327816 1.7827785791306860474 1.8469579968948821591 2.8348125636019707585 2.7065509251499308974 2.5620372174499759232 4.88068e-09 6.13306e-06
42776180.698151953518 5278 3.1584160608899631839 0.11301227934602027514 0.28327372626586316828 2.4472997933971072371 5.4716483511333038336 1.9247327108611549384 1.8163596076919767963 1.7067376352781189475 3.13887e-09 5.29389e-06
42776180.698151953518 5669 0.98017503161084995611 0.36465712098022290411 0.30590960442154896404 4.5092655933490979336 1.5247937952076877632 1.2302481970613925455 0.89847323888804675462 0.61317391383628228052 5.45549e-09 6.36495e-06
