48098562.628336757421 0 5.4021536674720946891 0.053104361203966790606 0.039276900433833937532 0.66848439638689294284 3.8829175312644288454 3.7873287340830548153 3.8199992411057852593 3.8533250546245483292 0.000954966 0.000356051
48098562.628336757421 1 9.0310734725924195487 0.028580878068413830689 0.011446520022080410375 4.4039085364825751867 1.5493171329287533933 2.3626394063176974214 2.3423505539021798327 2.3218629845056191208 0.000285285 0.000238018
48098562.628336757421 5775 3.0420012489840471126 0.10136350983105149592 0.066025937595758213416 3.1877222175477020194 5.4654585679649620999 2.2436706381894997442 2.1616432077376463994 2.0774639338428761981 3.02463e-09 5.22886e-06
48098562.628336757421 5394 2.0547587005736263066 0.23871143912086201233 0.33099494323747141733 1.9933520172404395332 0.98331202190365640803 3.7256910351864909181 3.8739966561434791004 4.0336132339639947375 4.23442e-09 5.84945e-06
48098562.628336757421 5134 3.5473674034670126254 0.039225317711328609727 0.3087727167442689824 2.8442499363112068167 0.6832660309294672496 1.2120273427512795461 1.1755408066078458784 1.1393398311849158855 2.31886e-09 4.78566e-06
48098562.628336757421 5278 3.1724873741152790352 0.084039436608969994569 0.30042944853209763156 5.1790935152780619433 5.7846224886754606942 4.2278339826587139072 4.3037841871419537654 4.3809051672584748971 3.13887e-09 5.29389e-06
48098562.628336757421 5740 0.95963930584774936872 0.23491326207297136275 0.24929551331668151071 3.5931599273266052741 1.716545149677075166 3.0063427534693003551 2.9699227483870980215 2.9297929984464752273 3.09097e-09 5.26682e-06
48098562.628336757421 5588 2.8109546712426487503 0.33383287483013063257 0.22879477884977827973 1.2636427432909362878 2.7718955411714043535 4.5631757098281466867 4.9084855940266258756 5.2359204258343527982 2.40685e-09 4.84544e-06
48098562.628336757421 5846 2.8207695763279256873 0.081773238291524524834 0.17551855604322363913 0.60316913555847184725 1.1815250947764899259 2.2595306228792986225 2.1946243363889434974 2.1282532272976837362 2.37403e-09 4.82332e-06
48098562.628336757421 6171 2.1349918579958155895 0.16999194699460612457 0.24799904157674182437 4.0425544614143422706 2.3511371310299957749 2.3868411476266260252 2.2618839118369731267 2.1308960610902141219 2.39216e-09 4.83556e-06
48098562.628336757421 5548 3.1785659287437093568 0.1351901271026351159 0.27870889638339968464 2.4670193020746098433 1.8642245087827979955 3.6685693574505293668 3.7411002176593601831 3.8173793515167191437 2.11518e-09 4.64123e-06
48098562.628336757421 6443 3.2260172027839137954 0.18965505428214682326 0.32966227777146300815 0.45118762843408377616 2.7138456246061446464 0.15767842263876807873 0.13022173781004586779 0.10559426921660139409 1.88164e-09 4.46371e-06
48098562.628336757421 5990 3.0981208402001216839 0.029754709748743748271 0.20081057541585881077 5.9909058685310583314 1.8196836034092611634 1.0032044636079724409 0.97831024191981275084 0.95362707510424449264 2.30118e-09 4.77347e-06
48098562.628336757421 6883 2.3676518659209735418 0.25255313233652276761 0.47529453336232740934 3.5035621426630005892 3.4230489388487685964 2.0019620504888222534 1.7567585879439002738 1.5085597769502241405 1.23696e-08 8.36184e-06
48098562.628336757421 5098 3.1743535789085495225 0.087668169570432039062 0.10274447438173640867 5.8332210990542874285 4.7788186581014331367 1.1295496191290732568 1.0516271322414587619 0.97551084914122687675 1.90652e-09 4.4833e-06
48098562.628336757421 6793 1.331656208428715793 0.43375217968873019947 0.32774464000527048224 0.77175703053469846271 1.8775581734890507413 2.4157582120430998174 2.0545151873571176893 1.6705267442496416486 2.0508e-09 4.59365e-06
48098562.628336757421 5467 2.9636932414617391807 0.21023826491784691761 0.205088514122552662 1.3036309683697591133 2.9468905927650732579 0.90768418521965954504 0.75074146900582705566 0.60732089876708839071 2.43648e-09 4.86524e-06
48098562.628336757421 6282 2.8280009532413115103 0.10946554191775093035 0.090671565693109829054 0.39404320307303825066 4.7831790533650471176 5.9583497313003830342 5.9916552556745186209 6.0231176285266441184 2.68214e-09 5.02355e-06
48098562.628336757421 5694 3.1145456018645716334 0.051817768964636197471 0.26600137058912903809 2.9858855481364980911 1.1769911287987180337 5.8108560584984516595 5.8339136171937990838 5.856418572439810788 1.21025e-09 3.85309e-06
48098562.628336757421 6392 2.9878584852504399549 0.19979809033146456176 0.14082679559579006079 3.0342325072024651789 2.6592054591580591705 2.6238583618928190688 2.5144765886589808268 2.3972326692131593617 2.75286e-09 5.06732e-06
48098562.628336757421 6484 3.1221310291557755612 0.082346696622300555313 0.2785262833564844942 0.25028766325758838862 1.5905962085940268391 4.512641972215564401 4.5941106251983701014 4.6758819873787000887 1.88476e-09 4.46618e-06
48098562.628336757421 923 1.8456691944450127618 0.07346166300995345122 0.13091838919180251444 3.1868031460683221567 1.100896291570211849 4.3769303220802999732 4.4472134380834091871 4.5181073595793970199 2.53731e-09 4.93145e-06
48098562.628336757421 6739 3.1592061501699690851 0.042297755134966030788 0.28150679718884119573 0.8230086359149263453 3.7320014299452424211 0.60755859879440199389 0.58381510069908770788 0.56050010729241672713 1.84353e-09 4.43337e-06
48098562.628336757421 5885 3.4979783077760844279 0.091191426490735028043 0.30666665205057036525 6.232644710706507496 4.9993174481827535871 3.070408285903719392 3.063598489688410087 3.0564932993248490334 2.25928e-09 4.74432e-06
48098562.628336757421 6655 1.5300645160024808344 0.23299970303498981905 0.16118205471756300029 3.3547056780848349966 4.6212010488022103871 2.94778497130295003 2.8963294657959832712 2.8397544246904273813 6.32791e-09 6.6876e-06
48098562.628336757421 6764 3.2623374123209476494 0.044627763503541285905 0.31502311958381140622 1.4078312884479762257 2.8796673060062749627 6.0015093549019677965 6.013659814309300522 6.0255430314479703213 2.4069e-09 4.84547e-06
48098562.628336757421 6362 3.0152061738303919114 0.13042840920981513264 0.303530865100083036 0.82518783360134462246 3.3007646236480012725 4.2370826656834470469 4.3570054330947129984 4.479283775668726264 2.92709e-09 5.17204e-06
48098562.628336757421 6809 1.6761681141360480485 0.13067917261162517728 0.43013707133657552717 2.2933404868390754316 4.6514493299126611348 3.695691249776126952 3.7687963981672703007 3.8454897838519528364 1.72631e-09 4.33733e-06
48098562.628336757421 6055 3.219465231364708746 0.054501043731417536664 0.059771662265367835054 6.1052482920330621852 0.21273388538944962289 3.3276569296621882899 3.3380244753894610099 3.3486614997564680962 3.0525e-09 5.24488e-06
48098562.628336757421 6498 3.1838993836535069981 0.082906875675730087871 0.11005088354594082245 4.8293359137489808575 0.33547515001580469063 2.2469604258501938432 2.1804795539548385008 2.1125100560355845047 2.50157e-09 4.90818e-06
48098562.628336757421 6313 3.2497481667360665902 0.13203865782012805252 0.32261274516748611463 5.0832861253408161417 4.6792647587772950857 3.6625193632648134212 3.7325209817719975369 3.8060839655579496998 2.33149e-09 4.79433e-06
48098562.628336757421 6300 3.2629668896489412155 0.10922224855337661631 0.2281409160720343221 5.5268578978339659713 4.7537865160359196182 0.88319213566327126053 0.80142515254620438903 0.72296553866172785785 3.26125e-09 5.36181e-06
48098562.628336757421 5204 1.6828458345394046169 0.23812959657581822537 0.46739036030967034963 3.5292279608895329446 6.0383192115611787898 3.4552507873929694249 3.5394237514972064496 3.6316798571315374033 5.21728e-09 6.27092e-06
48098562.628336757421 4755 1.9057061797342280673 0.044778373837050758355 0.093229475179120821493 0.097903457983432001788 3.7552472833241692385 3.7773193990832694134 3.8044070659938435952 3.8319608913555036622 2.39615e-07 2.24572e-05
48098562.628336757421 3800 1.4474769975146892786 0.3336631756092891532 0.18256421474405473693 0.11509218960315237279 3.2350059044868322289 3.0081947833742792575 2.9531488322538357316 2.8906435451125060965 1.79108e-08 9.45995e-06
48098562.628336757421 6104 3.3439220255059747267 0.01366828671584577673 0.10916825373248814635 3.1603495690548322195 4.3606009676847374834 3.9649395449740709729 3.9750113847615766716 3.9851291190425084388 1.75259e-09 4.35923e-06
48098562.628336757421 6197 1.8447998620020877869 0.036149273613463220323 0.34646115786848052931 2.3856683820256616713 3.0019503506804299242 6.1007473473860560631 6.1071933322585465476 6.1135225233394789868 8.02678e-09 7.23931e-06
48098562.628336757421 6815 2.204186274032541526 0.1129583100640021015 0.25288790619649825775 1.1050805877622422724 1.0134189128115747014 3.0296270541595262671 3.0162102466801830047 3.0020843415116682529 3.57143e-09 5.52668e-06
48098562.628336757421 6425 2.3882101307957777081 0.195529555036863395 0.50866258031565314557 0.70488905963609460592 3.6472501171062203795 2.914751853231631884 2.8656328877761163554 2.8123568493056012585 5.02719e-09 6.19382e-06
48098562.628336757421 5489 3.2069021885098165647 0.053548525557083954951 0.25833471056537321564 3.9911105553604677709 1.2497629798950737889 2.9204157984472161047 2.9083445905367133477 2.8959674461747391128 1.80848e-09 4.40509e-06
48098562.628336757421 6557 2.1117135490894733962 0.27922852499834210915 0.24710404386786299913 2.4304196868482721428 2.066668151109885887 2.9073173563785168483 2.8305829429019517818 2.7451334123256896369 1.93092e-09 4.50234e-06
48098562.628336757421 5116 2.718792121975693199 0.259526007420678273 0.13706635894545401988 1.0296181476605277272 3.722798143194471443 1.0990648066148158701 0.87807070351104332673 0.67836331482081280164 2.56354e-09 4.94838e-06
48098562.628336757421 6951 2.9697904026472587979 0.032913490970898157117 0.13045957302826463597 0.84252965883784514123 3.6939826716916090987 2.4875558365469050415 2.4672615630117169516 2.4467112035767790701 2.54062e-09 4.9336e-06
48098562.628336757421 5559 2.0885815267562493069 0.23815791764141944209 0.096207471932238802781 5.9800631293568775604 0.22509924028336886215 1.43519694383552876 1.2007085980355647337 0.97867501503953424624 5.44342e-09 6.36025e-06
48098562.628336757421 5923 3.026090082667066028 0.055142106876454044517 0.21279555232592700653 0.054596510469361723972 3.8248081057662783877 4.5956442022413437343 4.6506155260109105498 4.7056524563116948201 2.22479e-09 4.72005e-06
48098562.628336757421 5234 3.0251341980605466198 0.16914193991200815459 0.093505047361181370391 5.6059116164909381652 3.0217007466842056296 0.37116511813195607328 0.31393217325410893714 0.26170097154801713613 2.35138e-09 4.80793e-06
48098562.628336757421 6863 3.1375349049905882914 0.16923308069084927463 0.12226511591093308651 0.84642384463300190944 3.3820362586223176038 3.5219714541902491511 3.5906713948762547517 3.6641415345790382396 2.72515e-09 5.05026e-06
48098562.628336757421 5146 2.7773308240257059687 0.11082655100841837248 0.05693529331547481781 2.4543653064506569805 2.6427324565733893991 2.0133257896345133631 1.9105067207604213841 1.806013773500152908 2.55901e-09 4.94547e-06
48098562.628336757421 5492 1.8569475428644539594 0.18417070913432079249 0.39377628422767019245 4.7137062153144100307 4.0288407313023455458 4.7834800432220445643 4.967038760706874001 5.1452702550282944927 4.51271e-09 5.97488e-06
48098562.628336757421 5047 1.6174872265640776181 0.32080887754677900325 0.2275723841871196973 1.6560524031383352384 4.8911228151197470027 3.6948505105510474067 3.895551939365041072 4.115155360656054917 1.0218e-08 7.84583e-06
48098562.628336757421 6657 2.3752705087769707681 0.14283366193061250438 0.23632823779221590055 6.0604594661025341651 2.7939997832207970063 3.3107255811981639582 3.3367311453168881918 3.3644269351788618216 9.52311e-09 7.66378e-06
48098562.628336757421 6413 2.7468231537681804255 0.26086810747235794627 0.12756139554310949591 4.7903195394686557407 4.5147320577921581375 3.9505211073037114211 4.1611877488057569252 4.3834202561916777441 2.71272e-09 5.04257e-06
48098562.628336757421 6628 3.253643193075340001 0.14307425003762175297 0.18386084278735917441 5.3509274906272716876 5.6066588498242397876 2.0668927109090926564 1.9361201216544003945 1.8024876083745129396 2.5094e-09 4.9133e-06
48098562.628336757421 519 1.4609210015181102182 0.13562523966699116529 0.16362010030382365122 3.1272573684464082255 1.8701602593257502516 4.8536048050323046255 4.9870237120901403927 5.1175663037986982573 3.92741e-08 1.229e-05
48098562.628336757421 2992 1.8281269346480173432 0.35307968948755458216 0.12017630175977155049 3.9262706133101459294 2.6950942483086484103 2.9938746160810758568 2.9283809970412444379 2.8536693634388949903 2.26492e-08 1.02298e-05
48098562.628336757421 4502 1.542669213929317884 0.1112836079027844649 0.13591691646746054123 5.4908301116502551409 0.29412570286331157776 3.8647168106849232316 3.9417740019255549377 4.0216180348648666865 4.58456e-09 6.00643e-06
48098562.628336757421 5626 1.4198790669890271054 0.17436840050179319705 0.19137025720663569661 0.36900459688289266591 5.339260298365438473 0.63021718224489542415 0.53360335953691162558 0.44491278080596619038 7.93289e-09 7.21097e-06
48098562.628336757421 753 1.5724155333419984615 0.25677240236709347743 0.10727963732864255475 3.962992058445861332 4.000707775583190795 1.8122738633035726519 1.5520066825901210894 1.2952796057314523992 1.27811e-08 8.45356e-06
48098562.628336757421 6244 3.1684218270637223291 0.12325646587012185906 0.32682263004297962272 1.7823024867180072839 1.7863055472395390488 1.6049446566713125861 1.4811850740041780927 1.3584231626501208634 3.08558e-09 5.26376e-06
48098562.628336757421 5020 1.4711116500074592484 0.2742854820541038019 0.47566783804300322158 2.0758450825938719042 2.1893466979557358876 4.6222514217983370344 4.9024661978843191434 5.1718117021263934063 4.40916e-09 5.92883e-06
48098562.628336757421 6161 1.8133138964898412038 0.4069745241549662107 0.28715283370975541732 3.5871757449326358014 5.5127937498153745111 2.2730449281550022533 1.9009434341370965438 1.5159477058279018369 2.19638e-09 4.69987e-06
48098562.628336757421 6914 1.859231081547072284 0.25315682408233647349 0.20849846914900360684 2.6973386168523996176 3.9379645105853091636 2.4361992677957426956 2.2517556361782484764 2.0550605927403577944 4.41745e-09 5.93254e-06
48098562.628336757421 6451 1.5322441342470001224 0.41374293325978178659 0.15583493723992100644 0.12854393537328515085 4.6801586171214504262 6.2452816751246977844 6.2587751776666253889 6.2688736933086470771 2.57122e-09 4.95332e-06
48098562.628336757421 6702 2.206835369864164953 0.31408365162462315023 0.33782216551386662351 0.60096259804820062467 6.0316611577121195253 4.5480607938893564679 4.8717074825597901366 5.1818134623344453971 3.70623e-09 5.59535e-06
48098562.628336757421 5195 2.7639652757044963494 0.13352281139567698243 0.17628438383087860486 0.80469739757659852764 4.0664491582553576876 3.1676654114376616711 3.1714132245585209269 3.1753943609219659194 2.26107e-09 4.74557e-06
48098562.628336757421 5437 2.1328407970315890196 0.44437202109438223019 0.5451913691813567997 2.773893322568993014 3.7638424966600054766 5.4555760063635521107 5.7513252266461964979 5.9766828786680283869 4.54448e-09 5.98887e-06
48098562.628336757421 6667 1.7351719047889575531 0.14711991633192442186 0.10158779056945031749 2.660283938976354623 1.1073594774844481847 1.8058967139750008446 1.6597798672337884529 1.5132420196104643395 1.85586e-09 4.44323e-06
48098562.628336757421 6816 3.1095674057061559736 0.024140049524286028015 0.20606595894732485097 0.78808200491894231376 1.7450375360467269559 4.5507249806194156605 4.5745989928685641956 4.5985102422745187667 1.76213e-09 4.36713e-06
48098562.628336757421 5291 1.7844294495983543669 0.3218720549289582622 0.67874521029142287354 2.1938585695831869238 2.7635596924287715304 2.2551063022742030562 1.9709083114332530684 1.6744585549148358616 2.6037e-09 4.97409e-06
48098562.628336757421 6595 3.0366552976417335863 0.10382148164988326544 0.20914141459028412484 5.0515543178700799132 4.5205027465579492585 4.406312694310266842 4.5070734446766582693 4.6087143329201127884 2.5233e-09 4.92235e-06
48098562.628336757421 5950 1.3234996879909168843 0.23785045107885258164 0.35063804052200941985 6.0724813712056810999 2.3548377659087034175 0.28046424061493385738 0.22062605043231212076 0.16857472897104155973 1.07677e-08 7.98408e-06
48098562.628336757421 5351 2.9573339875671518229 0.18860587571744061308 0.08932413292869685606 2.5815043249749045629 1.0940780069033222421 2.6707638066831487222 2.5765030815159151167 2.4755062447419651228 2.44807e-09 4.87295e-06
48098562.628336757421 2768 1.6000778294402784319 0.077798635512090777433 0.0035275307547796967179 5.6144641164207778061 5.2174083367959305235 0.32065870236125471049 0.29697672756429421836 0.27421046477215599291 1.05906e-06 3.68544e-05
48098562.628336757421 5194 1.4819579849610067246 0.43129479781702967367 0.16055366312217950187 1.084527491253630016 3.6861721228227648517 1.8582853794995768393 1.4016553993567135716 0.97651528909460805217 4.75382e-09 6.07945e-06
48098562.628336757421 5310 3.4875817523363572548 0.07093576621818542538 0.31799728983698716256 3.0300180428677814248 0.7386544881543499752 4.8543184824951275402 4.9242495966528609941 4.9935993354797032495 2.51895e-09 4.91953e-06
48098562.628336757421 5888 1.0878242217191265162 0.31751153226513495476 0.41611729544507458645 4.2500866216969050981 0.78830094891371194077 1.2463163315198821923 0.95472331284998246392 0.69558503994803200232 2.79797e-09 5.09485e-06
48098562.628336757421 5964 2.1783311183406901534 0.48387894805118092378 0.61358570210684182378 0.11968274810544626829 4.1251636282025838653 4.5711682975135499163 5.089466006664219222 5.5393499703490638453 2.1711e-09 4.68177e-06
48098562.628336757421 6639 1.3462911911341590709 0.11755408312188904418 0.29588820121633135907 4.4636884784751647004 1.2686825757580926233 1.0184521721976673714 0.92112194097150745797 0.82751588001926279503 2.07227e-09 4.60963e-06
48098562.628336757421 5312 3.0155496329739150951 0.024711352332758174111 0.20377374633277922644 1.2723402151703908647 1.0642853901648026138 3.9893497803701030158 4.0080333676628558948 4.0268641342350015577 2.46345e-09 4.88312e-06
48098562.628336757421 6126 3.0318167364728805246 0.21826733402693862529 0.20499473047444388696 6.134220666122778276 0.021266897028117841273 0.44135193610944400966 0.35560127120981127602 0.27961060785548758068 3.04059e-09 5.23805e-06
48098562.628336757421 6734 2.0989242405215606802 0.080720685480521275901 0.32175684476614280216 1.7431817545267642711 3.9974102538175650956 0.49744588489077873339 0.46019239334926326235 0.42434268269501529414 1.24231e-08 8.37387e-06
48098562.628336757421 6073 3.2505044754793783746 0.035154457703868546847 0.21068155926731060856 3.1823031524565696948 6.0359258387294651982 3.6575976212163876511 3.675217535674954572 3.6930991173013558715 2.87152e-09 5.1391e-06
48098562.628336757421 6692 2.0390802388030708769 0.22477041490677368563 0.15153349886688427528 5.341478023689915311 1.9849938008032093073 2.6005078281834581588 2.4707375037671690521 2.3310076166356425986 1.32225e-08 8.54977e-06
48098562.628336757421 6028 1.4200212930627884589 0.4588835124975534363 0.40024822401384063664 0.34883632524496616112 0.03812914537410496546 2.7462405962097515832 2.506131315496455958 2.2337615291106462934 2.1303e-09 4.65226e-06
48098562.628336757421 5030 1.3597986489166786761 0.35200244965585431034 0.27600481292304190895 2.7304943325528632236 6.0254387449053954384 0.85816172953499114673 0.61347891320831704487 0.41082565675714172171 2.14686e-09 4.66428e-06
48098562.628336757421 6521 2.955020736360082001 0.081331824627291812724 0.095265406430543222993 3.7341906835248974694 1.6742050134437216347 0.70902238728732647211 0.657582074056433874 0.60787166278347415371 2.953e-09 5.18726e-06
48098562.628336757421 2010 1.6775383311922977825 0.35579708158673428731 0.089338249774306530138 5.6814814141405474146 5.034935855511576186 3.9743423508553972212 4.282427408733891383 4.6058404692388439372 1.54172e-08 8.99881e-06
48098562.628336757421 5717 3.1567067518431142226 0.18806473762068032229 0.22154591462521985856 2.2986586456027024994 1.8509374591996363701 0.93139969331995065005 0.78753515764614345773 0.65426942878438421047 2.31886e-09 4.78566e-06
48098562.628336757421 6832 1.6088011169977662895 0.13985129972838855617 0.30933411309889080609 2.2581237038569992315 6.1929662166149173075 1.2600335690749029371 1.1292251921888314392 1.0027882419270586212 7.86044e-09 7.18895e-06
48098562.628336757421 6842 3.1767100251386124476 0.10655554678613406161 0.089146831312646071521 3.8125875543455447492 0.77256353319711079664 2.8267759422629668009 2.7919201991876483326 2.7554153235806810862 3.94698e-09 5.71398e-06
48098562.628336757421 5540 1.7328065077615655287 0.49226669872584150056 0.14103587164560504874 4.8895348429877945051 4.901754882781625966 0.56146404036211261523 0.33326842498766767742 0.1722315655639398424 2.31531e-09 4.78321e-06
48098562.628336757421 5131 3.5372018842566625985 0.076431901383456984922 0.26537373235961003726 2.0698826402814907155 4.6078763443055938964 4.961536974213989204 5.0349908308450972427 5.1074798971225234823 2.25296e-09 4.73989e-06
48098562.628336757421 4406 1.7495123801167573596 0.42880469736647947032 0.40395797039349695678 4.153854791015149317 4.0832946945883206169 2.5111314536237432371 2.1892344857430727778 1.8398508726140276881 6.27014e-09 6.66718e-06
48098562.628336757421 6119 3.1319001669635251339 0.11542495669012275972 0.11388102414446350796 3.4004246225574608076 0.67727820395813576049 5.278519180154138013 5.3732472571593605792 5.4643713033106644517 2.96829e-09 5.19619e-06
48098562.628336757421 5525 1.5748201071499599024 0.26212500122561949167 0.28135650377012949575 4.3146780222339202737 2.3615019456566530565 2.8584124716712349112 2.7729705221331313325 2.6785188986628112318 2.22151e-09 4.71773e-06
48098562.628336757421 5240 1.8579505056288561082 0.46697210106554143394 0.4459922415012498309 6.1013649014738096099 0.14570257763338589907 0.75146576234263995353 0.46689618060172227709 0.25670417345188883962 1.54708e-09 4.18172e-06
48098562.628336757421 6997 2.8882501959432582694 0.033420461081541841253 0.26930202834367183984 1.0688247752564297155 3.4455909188119631104 6.1083360164121627278 6.1140572671511641545 6.1196826958924139817 2.77488e-09 5.0808e-06
48098562.628336757421 5667 2.0857851172958379316 0.33017653998203483345 0.77742595459475660746 4.7699300381661844384 5.8464654085619613966 5.2807483990381118844 5.5415739586570218478 5.7646006061149437372 3.20823e-09 5.3326e-06
48098562.628336757421 6103 3.2929076790587785695 0.050917662603463587079 0.17580601138762302904 0.37209187053435166526 1.8886495076807314764 0.014290109149349670276 0.013580127958982396094 0.012888680838677637336 3.07621e-09 5.25842e-06
48098562.628336757421 6333 1.3294826507938914961 0.34103800737291090073 0.37278766712570282627 0.0512948964928353901 5.9484682600665381713 1.5709187964696185169 1.222890575078092068 0.90228457574454545842 1.94245e-09 4.51128e-06
48098562.628336757421 5252 3.165752710452267138 0.17477888195062452059 0.21297212443473859111 0.94450496473876688341 1.8354235957295712556 1.3557680729502119554 1.1872637241930810159 1.0251827850881183313 2.42859e-09 4.85999e-06
48098562.628336757421 5316 3.4851931597489782533 0.10285177713701434965 0.19589466459011037336 4.8594183577983116606 1.3735056422115050623 6.0328791276053594927 6.0572067455097773347 6.0802517302573138025 2.96988e-09 5.19713e-06
48098562.628336757421 6874 3.2926778743955700257 0.089023281931038270032 0.20268182893954778123 3.937821591597426174 6.2141195878624388982 5.7216470481339074539 5.7674093750793380408 5.8113165469597296564 2.61974e-09 4.98428e-06
48098562.628336757421 6823 2.038780515754368583 0.40766730768851122679 0.83274301192768573898 3.744626499291158428 6.241287455446870247 2.570887055436343438 2.2921672020460257535 1.986049376809081668 1.69817e-09 4.31364e-06
48098562.628336757421 3953 1.0187093721157389759 0.2581813740829344006 0.32908518404267456114 6.0128283584538930739 6.2064442582450052299 0.15018615970166954154 0.11540965271546137216 0.08567913142094801815 1.87457e-09 4.45811e-06
48098562.628336757421 6204 1.6915350912892090918 0.19416355177620769901 0.32908224110547101837 2.4936629343330283248 5.1188826648338636716 4.6566267027612928686 4.8527944066785106969 5.0450472610320975519 2.26769e-09 4.75019e-06
48098562.628336757421 4189 1.1067660247868655876 0.064690400664106889606 0.031375701122506392815 5.8345762442948148063 5.2905088806494493525 1.8692865578418995653 1.8068171401645933827 1.7439202067604309132 2.43052e-06 4.86127e-05
48098562.628336757421 5324 1.8812211952313036001 0.16346281140318413838 0.36814576143996835533 5.1540853491351406035 5.2386786048978848385 5.7557229495622079796 5.8330205649181223748 5.9041455013725032686 4.64884e-09 6.03437e-06
48098562.628336757421 5185 3.5398304451532816017 0.066230384985780862972 0.21211991758709419775 2.9569526341676857228 1.3680559872955913026 0.93595687356411683133 0.88361304618107239239 0.83241458093267006735 2.64564e-09 5.00066e-06
48098562.628336757421 5451 3.2551919272087634916 0.040649309402265042246 0.070117179788058051071 1.5019354294850773002 0.79496001000896165944 6.2577161512496486395 6.2587311396917018058 6.2597250856408548358 2.58702e-09 4.96345e-06
48098562.628336757421 6192 3.2056913309737833373 0.17762728810188402329 0.37067085308772945718 6.1175252964321602533 2.8373501425917679875 5.988777376355057136 6.0366240700524453899 6.0799776764689630326 2.79503e-09 5.09306e-06
48098562.628336757421 5992 1.7196296044696077754 0.07361150770083887962 0.26878829514320590199 5.9323884925817047531 1.4872685689239852902 1.8448623787513609429 1.7732176170549363015 1.7011090598497764503 8.41385e-09 7.35386e-06
48098562.628336757421 5853 3.1377263775859032258 0.11348299447778718851 0.20247574667703382989 0.96953808265880925266 0.080193973003512025732 2.6486723134950644898 2.5919689138403367856 2.5326892081877385721 2.34516e-09 4.80368e-06
48098562.628336757421 5360 1.463370053118790759 0.29457805590629748682 0.18889947962035302798 4.3970709946368264909 5.9098002859669369613 3.5551344717669626228 3.6953385452900708863 3.8502503751639389762 3.7029e-08 1.20512e-05
48098562.628336757421 6233 3.1526908962481869914 0.085835633282332901572 0.22866696352718762775 2.0433025103401125655 4.6341678615540828901 0.33345930869587231404 0.3064127672964884197 0.28052126920319120362 2.38928e-09 4.83362e-06
48098562.628336757421 5650 1.8836391322573557972 0.11824960735440007142 0.35858221627969083523 1.7087090260516677453 1.46397683216124741 0.35336829620876536451 0.31447313469722759649 0.27789669985480675019 1.14639e-08 8.15256e-06
48098562.628336757421 6255 3.2357246338117144902 0.11899731500682560192 0.20861610684765197199 2.154421632540310938 1.0862003057576685716 3.2426063081995901705 3.2554094379696398853 3.2689241067979439848 2.45838e-09 4.87977e-06
48098562.628336757421 6952 3.2173367911254513452 0.099566559669175172531 0.094060160658309133197 4.9266737490139522748 1.9292410059229863073 3.0004140278913764561 2.9856393380241512681 2.9701744692298395201 2.57429e-09 4.95529e-06
48098562.628336757421 5708 3.1301746696921961544 0.29493154965583229243 0.24549840289903210322 5.2202962617559780512 0.15692941458030776336 5.2343844406329980146 5.4763787074118273068 5.6893433646490594313 1.65544e-09 4.27716e-06
48098562.628336757421 6956 3.5047549335015748539 0.16852600295118336238 0.38450973947599015323 2.8742076300033314595 2.3240171685209332075 1.6729111865757033684 1.5029919403523823718 1.334853182662944171 2.20649e-09 4.70707e-06
48098562.628336757421 2850 1.6453389225020802478 0.15297094614170658744 0.38990503577066332186 3.4548625275972040249 6.2450363468486553842 3.0412856683286326742 3.0245996746098904318 3.0067439460178411181 2.86233e-09 5.13362e-06
48098562.628336757421 1284 2.3572223081719694271 0.31210296874988180393 0.42799315376661450916 4.3844869135706776575 4.501220856944877724 5.7098871559577801804 5.8626340040109372609 5.9900543417488254505 3.64405e-09 5.56389e-06
48098562.628336757421 6722 1.5083006346135479081 0.090128689420360577622 0.49279560924981602454 1.5201893797314494083 3.1614513454949744187 4.542130518058672628 4.631763355368531343 4.7215992630568974775 1.78527e-09 4.38616e-06
48098562.628336757421 6089 1.8962022420992417082 0.37509748936935999319 0.30920242601649355896 1.1954205458681246288 3.2211534588313841532 3.7117821568515676489 3.9618008453932143098 4.236105080713221227 5.81535e-09 6.50193e-06
48098562.628336757421 6473 2.1060816693943116285 0.50126219765068635859 0.56003464199456542971 1.8524093679487061426 0.78404128245834958655 3.8838019902153710916 4.3292802607893303701 4.794204489191619345 5.43469e-09 6.35685e-06
48098562.628336757421 6295 3.2647945007691925312 0.050761895371214227346 0.20454997207509725832 3.0261847452473902287 2.1309062557789566483 4.8590160243426137043 4.9090693908163371972 4.9588526312240741589 2.30061e-09 4.77307e-06
48098562.628336757421 6211 1.8481286142753883261 0.18045510717442936333 0.50337201629770200739 6.080777044796626285 4.3262540892258982694 4.8730545878969859785 5.0496233053788275313 5.2199139855329068638 2.33777e-09 4.79863e-06
48098562.628336757421 6969 2.1646480610885845408 0.0014032132257504857393 0.076430536784473396272 3.921682685291802084 1.9758242677897104311 6.2411501920856666814 6.2412091176692054972 6.2412680019175921231 2.41679e-08 1.04535e-05
48098562.628336757421 5578 2.8950850083376704625 0.1213579248192625526 0.2540370852156884629 1.6411633154926144051 3.0857271254141722672 4.1791838921429231846 4.2873284682599468454 4.3978872101892321211 3.04211e-09 5.23892e-06
48098562.628336757421 6450 2.5858221998947836795 0.22649590862156337989 0.091334355472873621218 2.0720583714471372261 0.28370530684724898363 3.186956644420224638 3.1987101800713562127 3.2116400330356649206 1.74846e-09 4.35581e-06
48098562.628336757421 6886 2.68690507677278001 0.22051612738628914578 0.69679695477830949635 3.6275518685571261912 0.43790170671223277443 2.0295099447145270588 1.8196897343597095986 1.6059686782988507048 2.88448e-09 5.14682e-06
48098562.628336757421 5290 3.1915739757694656653 0.083570122214826361717 0.1462935669737606692 1.8548967146557815422 2.6341302804222750389 3.0493026887643628342 3.0412519402133746382 3.0328805186580649611 2.68653e-09 5.02629e-06
48098562.628336757421 5080 3.2086300683678166124 0.19819188220167985315 0.28797803089896256701 0.11032430908454990415 5.170404634722054027 2.0685600784803983565 1.8843691153949275741 1.6958415481990520846 2.57476e-09 4.95559e-06
48098562.628336757421 6155 1.7007159594906164912 0.48975625899415659026 0.37626772588423856858 1.3988860547949970581 1.3709860507503350835 3.5400949565501313998 3.8060931120354077883 4.1081091247330174809 3.03729e-09 5.23615e-06
48098562.628336757421 6186 3.2355271349677252601 0.04578455196484553652 0.1695222033399369499 2.3943155598608756307 2.9089964561492078765 6.24582370896035588 6.2474965043885584137 6.2491301533890597497 3.14704e-09 5.29848e-06
48098562.628336757421 6417 2.0259606708632493799 0.54234527146066946468 0.65492710331558900982 4.4820227697338150818 4.9354771556414220868 3.0776790232026480787 3.0243554755121158095 2.9609179996946721758 1.63097e-09 4.25597e-06
48098562.628336757421 6572 3.0026956569787097706 0.18319594204154704409 0.22591241720078286681 0.70840681287945661548 2.9145595115163471789 2.9655371133986903054 2.929943062848176627 2.8914585479020034064 1.66053e-09 4.28153e-06
48098562.628336757421 6029 1.909468797414948682 0.29753174053247788411 0.25406988307060029975 0.31484234949743572507 5.8709461567284240147 2.2588971089026039785 2.0000342317717993978 1.7294936243367764472 1.2969e-08 8.49478e-06
48098562.628336757421 5063 3.4967558433576302335 0.11062602665955914572 0.3719516990102214038 3.4564096510275583718 5.5446861637657320898 0.039192358630027894495 0.035072825888182751486 0.031193653927519295749 2.23728e-09 4.72886e-06
48098562.628336757421 5643 3.2917814823082802711 0.064076234412886345915 0.096506130826966338154 1.7140282607664634185 4.6955698015841731419 2.8316225899423450585 2.8114415875146985258 2.7906689732554919026 2.47115e-09 4.88821e-06
48098562.628336757421 6335 3.1108337004754327282 0.0091284923909151806376 0.2379927688146873388 1.8309614504573410443 4.7410504307727379114 0.35476838530693349805 0.35161084303523687522 0.34846689400575886486 2.80706e-09 5.10036e-06
48098562.628336757421 6290 1.9812780719013698416 0.41231349998921096311 0.25154391657997365872 6.2452243663426152409 1.6037813466244676963 2.2082710577899291593 1.8155511580004792815 1.4155259349460851404 4.66797e-09 6.04263e-06
48098562.628336757421 5878 3.2367366295380204377 0.073595662438499048763 0.027131610162646500883 3.8990215202041511589 6.2689659255900584967 5.8769578877909198766 5.905123155142192104 5.9322887980735625746 1.44428e-09 4.08696e-06
48098562.628336757421 5257 3.1918160726766591218 0.12549638586186584455 0.23313433981767028857 0.67804899283966157952 2.2453277183919500004 4.9651661777547797527 5.0851204940596499426 5.2019998100396538376 2.20895e-09 4.70882e-06
48098562.628336757421 6327 3.0001009708575008261 0.21674648166911486546 0.1790260283380591122 2.0249868635848988774 3.3503487477413269602 0.60039630712159941517 0.48687448996064897067 0.38546621227215771555 2.25041e-09 4.7381e-06
48098562.628336757421 5405 3.1838744821438691446 0.025426032714735879309 0.14742330148124321854 1.4522231841618298276 5.0186577059530499412 3.1163608577078703021 3.1157110174889064425 3.1150530236289633024 2.93677e-09 5.17774e-06
48098562.628336757421 5673 1.8600604147747432648 0.080864210805002834093 0.45800981338437390944 1.5732762703178930774 2.6422833837446244587 6.0190879702729525036 6.0394350400503880039 6.0589511097583903521 2.67237e-09 5.01744e-06
48098562.628336757421 6129 1.4821350002909783328 0.27728645451939021305 0.67431663928637908256 4.3794073589154329795 0.15562700002744442318 4.4437192999976673491 4.7251672277746266104 5.0024310444359079142 7.14833e-09 6.96495e-06
48098562.628336757421 5034 2.8776899567209950348 0.17116990496510958719 0.18957026036234686517 1.4983442982054284709 5.0829357312996013007 1.8937794334569626464 1.7260468911145354642 1.5569356778152312337 2.20492e-09 4.70595e-06
48098562.628336757421 5227 1.9899576072757827472 0.51015681220022646158 0.32607508667278045644 0.79206371370138339838 1.1647297842075947649 3.2831768391516797934 3.3893316460714673077 3.5144285297388933031 5.94474e-09 6.54979e-06
48098562.628336757421 4112 2.0621364311835277405 0.39456766941673016014 0.78067367249076080604 3.5319707685024668287 1.9278428279267227907 4.8036701538949628798 5.2003873828608604413 5.5488983890616294659 1.99037e-08 9.79854e-06
48098562.628336757421 5288 3.0906649392473175553 0.26719686791315788721 0.28349829641030926952 1.7595848505877291768 2.9145662488636321363 1.9732265713710219757 1.7102534579322750119 1.4456506430470237312 2.94866e-09 5.18471e-06
48098562.628336757421 5938 1.8065634672689241391 0.22724967310862753678 0.24785286849433285639 2.3906045756457472429 2.7132621351067740534 3.5263724975762147373 3.6230520799817145239 3.7282853103765245528 1.88863e-09 4.46923e-06
48098562.628336757421 5446 1.8441818050566098908 0.3303783110310734572 0.23032360525639561377 2.4429999927845837959 5.2101795660858574166 5.7491141921584754115 5.8997798925408613258 6.0233680756628764641 5.46354e-08 1.37196e-05
48098562.628336757421 5914 3.1922158184978863815 0.043676791584330680596 0.1554535708669166072 0.3989220920633817502 5.7029531116614480268 6.2463355783911849173 6.2479110608338910282 6.2494514072583449149 2.63408e-09 4.99337e-06
48098562.628336757421 6154 3.1506139669565373929 0.086190254069450855656 0.2928878376882860235 1.182032015388493118 5.2265558742312148155 1.9995995815764335823 1.9196735369544408734 1.8386756317743480071 2.04677e-09 4.59064e-06
48098562.628336757421 5511 3.189120827324341878 0.084751867515509463069 0.25717061485139330879 0.4477747523898642501 0.3614960231739081653 5.4527786932109645335 5.5136919874248491169 5.5726599127803417844 2.90982e-09 5.16185e-06
48098562.628336757421 5957 3.237467580041390125 0.079221034714253027453 0.13054153950446653609 1.4291692187120581536 3.1718770170705967715 4.5416111587209959666 4.6202927868071963502 4.6991780940408744982 3.45473e-09 5.46581e-06
48098562.628336757421 5962 2.8940273200969666156 0.25192166993979175915 0.14659566252159897393 4.0931789349725304916 0.43025884811477688174 3.0868534311779671775 3.0707914478250266654 3.0529699878149636483 2.88829e-09 5.14909e-06
48098562.628336757421 5160 3.0453689469395257561 0.10731437985162260718 0.23740657237679055336 1.3675345993641168096 2.0672510704921149838 6.0048338440936062099 6.0329494200571396334 6.0595239489052987736 2.48083e-09 4.89458e-06
48098562.628336757421 6827 3.1046182986653492186 0.15152231790905004716 0.17419965998089204096 5.6389126147313985982 4.2104086147031907217 4.5153396151320244201 4.6667659033646931022 4.8181305544121624251 3.04652e-09 5.24145e-06
48098562.628336757421 5481 2.2569677621215400443 0.36957992850017301611 0.87518610738900914914 0.30496454043212073426 2.2793681478557892284 6.1590998736883069142 6.1989405449187273689 6.2300389025437743484 2.0621e-09 4.60207e-06
48098562.628336757421 5196 3.5631583501532189118 0.094441232770334809787 0.20837691978264419324 1.9804738219616828676 0.16784152126257717574 0.93860199776838904029 0.86435400914933724348 0.79251482153916708029 3.02458e-09 5.22884e-06
48098562.628336757421 5597 1.5020816523166709011 0.53154879647030461864 0.31711202160126661376 1.4258050631013505782 2.1198165906419181859 2.5822797964834274254 2.183707800290549006 1.7489132922793804159 4.51539e-09 5.97606e-06
48098562.628336757421 6928 3.2225934548963945936 0.093045562242574458844 0.22828939455995225782 2.1324406547725263117 1.8629421996489319291 4.0545423836346952129 4.1304590614626519596 4.208189645266651624 2.08658e-09 4.62021e-06
48098562.628336757421 3089 1.9701741004397697044 0.5334542500201894244 0.64572816720584447214 2.9001808465711822471 0.67660132773712833298 2.8490542252057013961 2.6196016923277527511 2.3536176977485410156 1.46985e-09 4.11094e-06
48098562.628336757421 5640 1.006153445006525482 0.18181712523217485877 0.3301720961219557493 3.6160642328873611184 2.8723232585666433891 5.0815501333469272893 5.2466919037126098502 5.403168052304423874 5.24602e-09 6.28242e-06
48098562.628336757421 5762 1.5124221104379291791 0.07884595366017276008 0.44077605257751656387 2.9832722842636365534 1.306241772765390774 1.3424863932935195976 1.2662849400116102938 1.1910664075214438817 4.50081e-09 5.96963e-06
48098562.628336757421 1444 1.8915641401803473531 0.54981072901854810553 0.73438711598155925753 1.4638421248235877759 4.837434367530994983 2.6046132665460595135 2.1975896805949761692 1.7522910822688155807 1.72307e-08 9.33865e-06
48098562.628336757421 5176 3.1015957421345734524 0.2043345738670045153 0.15030901614127745169 1.1251274283308516644 2.6550547391571641676 2.3398483368951117356 2.1803126883838133132 2.0127736664444726422 2.68297e-09 5.02406e-06
48098562.628336757421 5642 2.900150217133541819 0.25189742126855674265 0.1532456000129491791 1.0422920826579264997 2.6732178897031273479 4.1007987893503914378 4.3260875593254191074 4.5594223793555803681 2.80041e-09 5.09633e-06
48098562.628336757421 6140 1.7691126328888426844 0.3107392499075590786 0.29415263796876894853 0.7220321029799585677 5.6538734607060474602 1.5554271298784974054 1.2402520649161035138 0.94633442354518360062 1.67728e-09 4.29587e-06
48098562.628336757421 5534 3.2586027569951721006 0.085953422257507919313 0.12406412272531451568 1.9521411570339139985 0.11109366904360536144 3.5783921489495460477 3.616295840689122354 3.6555829559117327676 2.18919e-09 4.69474e-06
48098562.628336757421 5929 3.242752300050646852 0.13846395929181776197 0.19449349267399779206 2.1011034230922756016 3.9268539690546298004 5.5205299946744803563 5.6119830451312910924 5.698097644151418173 3.18574e-09 5.32011e-06
48098562.628336757421 6935 3.4925843378846295195 0.11567624229560934113 0.40956772379637951254 2.8299087942755742908 1.1406494245800045118 4.7285668117290322598 4.8443789779790327188 4.959049063566753901 2.603e-09 4.97365e-06
48098562.628336757421 6775 1.7594544213235405739 0.17301563975351105795 0.35273616108294103544 5.1880977943011732378 2.7509956747414889833 3.0456320883286043255 3.0273425173200321225 3.0076184323920784891 6.39874e-09 6.71246e-06
48098562.628336757421 5211 3.1852562303237648145 0.084595391169283620791 0.29601175237149879305 1.7190605434400236806 4.1568612767930606111 5.2819279162139034511 5.3516751748690012391 5.4195648234148379174 2.07199e-09 4.60942e-06
48098562.628336757421 6920 2.3309189179321521124 0.043137140406769032552 0.16235947489567265078 3.0254056587857922622 4.794526081433879483 0.67970026300544195141 0.65302269833292236889 0.62681300498165293256 4.48089e-09 5.96081e-06
48098562.628336757421 6390 3.2306029259036765922 0.15262944653003543416 0.3073216414321687795 5.4763050218413660275 4.8896959756754272419 0.40343679283520228473 0.34715377918031553595 0.29522576762603175426 2.74624e-09 5.06325e-06
48098562.628336757421 5072 3.1231657226046998233 0.11522839973897153198 0.25620187939212951678 1.3193352406521938747 3.3459678954618947699 4.1210661958968533014 4.2201637951167558782 4.321712676231537209 2.73643e-09 5.05722e-06
48098562.628336757421 5231 3.1606424790381404399 0.090823458221348060682 0.2600719913286382301 5.3238083163292975186 6.1536072138624282601 0.90327913043488561318 0.83378852057081220828 0.7665353073823311103 1.89135e-09 4.47137e-06
48098562.628336757421 6291 1.2561091906523096373 0.25729378473643277347 0.37131347333050107595 5.1746016660468781012 6.2332565211212020984 4.197000929710219097 4.4392120983944884927 4.6869650848271646737 4.97801e-09 6.17355e-06
48098562.628336757421 6756 3.2093767554692509414 0.10232132806522861723 0.36029417962030457767 0.78618664687352368681 4.1474392384013754054 5.4594333342137586484 5.5321369098816930432 5.6019615454788702635 2.22448e-09 4.71983e-06
48098562.628336757421 5323 2.8264083091793867908 0.12446304334926061586 0.15095462028873621319 1.4220809290610092468 1.9953771328961591447 1.0419207669809580352 0.93743487054421603677 0.83711236013291112634 2.25995e-09 4.74478e-06
48098562.628336757421 5372 1.6741245470554573238 0.23976654341179709506 0.29439674319446318407 1.2809884317252102637 0.23974009244794541873 2.5720970865320702536 2.4261826827600150303 2.2689133505520500123 1.39548e-08 8.70479e-06
48098562.628336757421 6286 1.9110512674485697904 0.19223717341674070869 0.86487274827503768382 4.1520291433460183583 1.4850083063049248633 4.1036523063964915892 4.2717962614080171591 4.4456746005818157386 2.66284e-09 5.01147e-06
48098562.628336757421 6960 2.9780429395200025411 0.17328287002785991433 0.15515279307366386385 1.2816595052513317654 4.4075655149645429631 2.9927564892492535265 2.9644202854572734296 2.933879714428272667 2.28045e-09 4.75909e-06
48098562.628336757421 1410 1.86089355967342307 0.17306460985966282129 0.29132084855739748264 2.8568464985257850941 2.6001055949704228176 1.5861349568899567597 1.4119832051088416769 1.2410964957993910751 1.96181e-08 9.75145e-06
48098562.628336757421 5053 3.0423178008829991903 0.1822195406901274406 0.18892884169505097525 4.5408318243258678493 1.3299652358359768112 2.4145620247111301282 2.2836118633846695936 2.1457584785173402508 1.90259e-09 4.48021e-06
