87326488.70636549592 0 5.3984820418410039977 0.018135193609688116806 0.015024481931650113947 1.00989737777125832 4.355939459177294637 4.5117341163382169711 4.5295386224178297851 4.5473714914412157739 0.000954966 0.000356051
87326488.70636549592 1 9.0482022314020706943 0.086642609811342502502 0.058721943496136901064 0.33131200704579044647 5.0263671103156042363 4.0369743348085815882 4.106583331064909359 4.1778073346382536002 0.000285285 0.000238018
87326488.70636549592 5775 3.0522585830409885155 0.13501996730847398709 0.10312506806025853456 1.7617218936540681717 0.65933462385675001283 0.83718790460409608922 0.74088948670519005901 0.64975850200710127957 3.02463e-09 5.22886e-06
87326488.70636549592 6920 2.4266697941014268025 0.12798473950715183456 0.31954410386240833519 2.8933897076767340906 0.043899520847475018148 1.694656750106539489 1.5662841948962278327 1.438300758228912235 4.48089e-09 5.96081e-06
87326488.70636549592 5134 3.5363089255785573606 0.040037462852911202826 0.34986600473951273704 0.69984769503616583997 6.0191785040681473617 1.8546332508784355575 1.8159703070736250563 1.7771301601322693209 2.31886e-09 4.78566e-06
87326488.70636549592 5278 3.2059201166546316131 0.048441557123228534687 0.27861839562150680916 5.6030235284557763364 0.81657132082719940946 1.6239341004154324022 1.575479606506223762 1.527038580618996999 3.13887e-09 5.29389e-06
87326488.70636549592 5451 3.3030951053852737331 0.059421773614546542774 0.03999336926520171559 4.3520330965514038013 3.5805495393330963871 0.125821906069152889 0.11857237171165670164 0.11154308939740917306 2.58702e-09 4.96345e-06
87326488.70636549592 5063 3.4668940097040206183 0.12073394992249747437 0.43163412782920579369 2.4414965735467246688 4.7479691503993652901 3.5219717309681111139 3.5696343604282945172 3.61974981362791004 2.23728e-09 4.72886e-06
87326488.70636549592 5878 3.2324242860529310839 0.102602306288351805 0.074441357257181262064 2.8334004241459904705 4.317647764861449744 4.0296563619379739407 4.1121014551467762743 4.1967661318204454446 1.44428e-09 4.08696e-06
87326488.70636549592 6255 3.1998814063413090203 0.10634073663328816317 0.18247395809526045785 3.8848062767120969951 0.52536136271383948593 5.6856346116543452496 5.7430850459183631074 5.7977677904923989871 2.45838e-09 4.87977e-06
87326488.70636549592 5548 3.180561594204913245 0.10306136121447094511 0.30762474750028817594 4.0396072594576217796 4.1245156976583459141 4.9649640645468027245 5.0636662443524560473 5.1604340579790903831 2.11518e-09 4.64123e-06
87326488.70636549592 6443 3.203964468976371549 0.20163035251057426223 0.28973481226013653167 1.8781183739020912427 2.6645049722900755462 0.16619546940588900141 0.13557233922505929069 0.10832050085853323074 1.88164e-09 4.46371e-06
87326488.70636549592 5990 3.0821906227690427649 0.052456358175414524725 0.14885480194096875617 4.7945217092257186309 0.55655511274515412357 5.8682250801321504952 5.8888905027886089272 5.9090419904703663789 2.30118e-09 4.77347e-06
87326488.70636549592 1284 2.5693685334411555665 0.67939653433346458566 0.56462347164489379292 2.0348127287614601322 4.3388279016223538775 0.46490937045050423349 0.20613732771283505008 0.067078077378458528246 3.64405e-09 5.56389e-06
87326488.70636549592 5098 3.1219334231007844771 0.064463498826256016017 0.08308112697814239167 2.9032287486459056325 1.7558209963781903351 3.4787915501155302067 3.5008107662836494001 3.5234724167834352571 1.90652e-09 4.4833e-06
87326488.70636549592 5929 3.2480795773707380469 0.13484652279774866912 0.19042874371100373954 0.86161269317278033064 3.6828080972723347131 4.8925287464477849042 5.0240142000947844991 5.1523660457733928553 3.18574e-09 5.32011e-06
87326488.70636549592 5467 2.9464540923479161094 0.12011493030487804812 0.17760459048566712426 2.5667827520683115239 1.1664276725893607534 2.4122655379432713652 2.3282032912611358988 2.2409253842437779625 2.43648e-09 4.86524e-06
87326488.70636549592 6282 2.8409746881578841204 0.11755027588505319314 0.060853251624094488459 4.7103087177086990778 6.1457539809596175573 3.1434393632917267958 3.1436708526646226503 3.1439151453633664701 2.68214e-09 5.02355e-06
87326488.70636549592 5694 3.1154208886866836536 0.18624671057266756202 0.29347024900039331285 0.87960020186145115861 1.0467555496914240365 2.1597141499584662228 1.9952451508575321792 1.8255248827480154983 1.21025e-09 3.85309e-06
87326488.70636549592 6392 2.9688974950622264437 0.17293489745502349519 0.16569903069538954865 5.2303046702964133274 2.2104189446170598998 0.23178703093086966414 0.19489236180481531169 0.16140162775893757141 2.75286e-09 5.06732e-06
87326488.70636549592 6484 3.1131156915361195558 0.11015054996787866648 0.23872304322479637184 3.9754093907509897576 0.52499076252366394524 2.2309054562568828572 2.140630382795786435 2.0478846648014896736 1.88476e-09 4.46618e-06
87326488.70636549592 923 2.0321771933351917561 0.34113827427054926877 0.2275992020949028638 3.1418769294931463421 5.2305131128175919031 0.87187094214731186703 0.63117546747730168821 0.42987176381758296362 2.53731e-09 4.93145e-06
87326488.70636549592 6739 3.2094981212767561551 0.17829992708946734714 0.22412877859148400139 5.7472489648497120385 2.9279216029640453556 5.0432108067653196315 5.2080088966048183607 5.3648547175338237025 1.84353e-09 4.43337e-06
87326488.70636549592 5885 3.5122803889721603277 0.068214475753627587529 0.27521524912529760076 6.1224110120321979522 5.3317651916635382392 0.10192201956254454132 0.095201714284256583332 0.088717384596525630802 2.25928e-09 4.74432e-06
87326488.70636549592 5405 3.1679174882547047609 0.067931962306533019702 0.13541070423094170305 3.0611497165050787217 0.55196411262454558866 6.1699437538766011002 6.1773777105524203535 6.1845520243437173136 2.93677e-09 5.17774e-06
87326488.70636549592 6764 3.2876146839792492749 0.019244380161447496164 0.2787718522554825662 2.3083153588064675432 1.6014892982719524106 5.198991643522223427 5.2159272223295340964 5.2327830044314715963 2.4069e-09 4.84547e-06
87326488.70636549592 6362 3.0054598727194292707 0.01652359175924443882 0.2480480491353823369 0.29554243470519619974 3.494668012118804068 4.4862300666533307947 4.5023635240771202604 4.5185240199502949565 2.92709e-09 5.17204e-06
87326488.70636549592 6775 1.6278760410383747992 0.14409130308877129978 0.22162896171877838336 1.9214376803579322761 3.0252885853472859523 3.3586433237882933334 3.3922070479367834039 3.4279415768148546739 6.39874e-09 6.71246e-06
87326488.70636549592 6055 3.2409488315790264679 0.086553057718787629327 0.063761902889173840969 1.869514243695336031 2.382961112549012217 4.0454230766044183554 4.1154050520260607726 4.1869874480485762547 3.0525e-09 5.24488e-06
87326488.70636549592 6498 3.2326119996724242966 0.036942045981291589396 0.12855124277840654368 0.49599065990667812187 1.9723830365858894265 2.5965285819689989388 2.5770616237973231755 2.5572969025378058383 2.50157e-09 4.90818e-06
87326488.70636549592 6313 3.2456090972316364862 0.073388333990822576802 0.33191546078791939189 6.1562903429154536283 4.7315782790894802545 2.973799510974477478 2.9610654463251289137 2.9478887002626597003 2.33149e-09 4.79433e-06
87326488.70636549592 6300 3.2468897318798437546 0.059008536159581695402 0.19207500199930915841 5.9568206325033807857 1.3852910434316252353 1.9231317931808304955 1.8671438293530795427 1.8107075047249456823 3.26125e-09 5.36181e-06
87326488.70636549592 5323 2.8308963976223036063 0.16146258789299045011 0.13997983045877751551 4.3378760400670763886 4.700090843782769312 2.5410358445094747282 2.4426695790888581783 2.3387855776233936744 2.25995e-09 4.74478e-06
87326488.70636549592 4755 1.8601211188952802011 0.031302803847825709516 0.086465996382482646077 0.70906210116477386141 5.0988050133875431058 6.1912000327785925435 6.1940319271617685359 6.1968189824320329961 2.45943e-07 2.26531e-05
87326488.70636549592 3800 1.8187652993410707847 0.16272583625684083897 0.40471677435403075052 3.8658423817985019255 3.5372633986365924486 3.5804882646435900462 3.6556403333200080397 3.7356535754416833051 2.3176e-08 1.03085e-05
87326488.70636549592 6956 3.5207971686274679435 0.16074323474658208655 0.42661558198422783184 1.9978378465428965338 0.85170169453096644663 1.8231305392773484719 1.6635688472655099091 1.5035168541860375324 2.20649e-09 4.70707e-06
87326488.70636549592 6197 2.017702331943355798 0.33892254187198850301 0.31932942538197911508 4.1341355922416660462 1.5480183500459905321 3.1878574681370870358 3.2074225202957817871 3.2297176349940652784 8.02678e-09 7.23931e-06
87326488.70636549592 5080 3.2132196425126111627 0.13349053521616688345 0.20068050923732674851 4.1880127077043765027 5.038294609879040209 1.1568606164075136977 1.0374603758303577727 0.92250956169177067423 2.57476e-09 4.95559e-06
87326488.70636549592 6233 3.1548787261748723054 0.15713123192074757162 0.19992807343670307429 0.46160839071043252568 3.7032288491881586445 4.6056252523334775262 4.7638430646552691883 4.9207663382046833433 2.38928e-09 4.83362e-06
87326488.70636549592 5489 3.2184875735876996572 0.14435548141784979026 0.31728888300693797175 4.1795465014271293569 4.3596962201625419908 6.2190844492680206201 6.2277524115667644011 6.2357503564084257874 1.80848e-09 4.40509e-06
87326488.70636549592 6756 3.1738659322638858029 0.071214717431760291011 0.28029163792975431146 5.7111787607584361126 5.3593073381981328751 4.7522618633881297256 4.8233793239783624429 4.8941558495847381494 2.22448e-09 4.71983e-06
87326488.70636549592 5116 2.760837640833781137 0.19630173134519973699 0.07177970510271734772 4.5911130783260425403 0.39270495681889144857 3.6961210429483104534 3.8099787959037052509 3.9316309445599770811 2.56354e-09 4.94838e-06
87326488.70636549592 6951 2.9752049480420841299 0.018343048113965181728 0.011696787412880453941 3.0155310005232900394 2.9722906001881983507 3.1688920365766164444 3.169397404041894184 3.1699073622028453023 2.54062e-09 4.9336e-06
87326488.70636549592 6295 3.2620886596781399902 0.034465591176834897702 0.25753176337557848186 2.6230015407269964278 0.44226815368417049523 1.2984000757815814531 1.2653516930013801733 1.2324813990011784792 2.30061e-09 4.77307e-06
87326488.70636549592 5923 3.0039150583629896651 0.050190945116540285065 0.19583344722128034898 3.7395612246376028764 4.1586794135011704299 4.9116977832467147991 4.9606728184376640556 5.009324687329783643 2.22479e-09 4.72005e-06
87326488.70636549592 5234 3.0338195019494764715 0.1768632600908561503 0.072600847352267336432 4.170882978464593549 3.4190121706993372719 1.6643889160216185363 1.4858852775586779416 1.3096592164817943971 2.35138e-09 4.80793e-06
87326488.70636549592 6863 3.1331559157987509678 0.16645434872238204504 0.057375700517307663684 1.8184944719404929625 3.2142287756718541658 4.0793305068558840532 4.2212839438261013925 4.3680654294584408959 2.72515e-09 5.05026e-06
87326488.70636549592 5146 2.7803167493747751315 0.077545556640111701352 0.06968798285099564449 0.33315963679762250482 2.7380472463333020983 0.095392513388323954548 0.088270649203911200065 0.081434538149286514463 2.55901e-09 4.94547e-06
87326488.70636549592 6969 1.880130319670277661 0.39107213056878536994 0.28191455728749220677 5.3319244001582468684 5.8248936587111170837 3.8009772421517546981 4.0961982026994938622 4.4153466303501271994 2.41679e-08 1.04535e-05
87326488.70636549592 5853 3.1275566343662375424 0.20917629623256797644 0.1566024611269160316 0.25635098931136279798 1.3269125379954536115 3.6733697397538032092 3.7912425264050222395 3.9177748656988553577 2.34516e-09 4.80368e-06
87326488.70636549592 6657 2.2405429851693687837 0.21279098019787820451 0.26720816736608832276 6.0096172022074965113 4.1134750479216624086 6.0386704989893846829 6.0858449253041708715 6.1275651565036248769 9.52311e-09 7.66378e-06
87326488.70636549592 5962 2.834711468555993541 0.1493836707454813395 0.2257177762977612967 3.078391882490525866 3.046345199606719234 1.0411030557501137483 0.91636550961650953262 0.79784532348140690949 2.88829e-09 5.14909e-06
87326488.70636549592 6628 3.2296884390600362202 0.13153166365302357277 0.20812839297742971589 3.2516841047136266774 5.4259707311107465699 2.014102643759347 1.8914410660139615583 1.7666132546073920473 2.5094e-09 4.9133e-06
87326488.70636549592 5290 3.2168931535750071582 0.057050493639412350189 0.1397011483993351455 0.31088060686630425433 4.1901506895198270541 2.8938154231099639802 2.879414065426706415 2.8646274157804341165 2.68653e-09 5.02629e-06
87326488.70636549592 2992 2.2128398202969328246 0.29343657020761204635 0.56600244626883799981 1.9257622921638124502 6.132599722506624218 3.7331148097875765934 3.9236455574655493272 4.1304412752066825831 2.26492e-08 1.02298e-05
87326488.70636549592 6827 3.0966161354986825316 0.12740492910985032338 0.14029304089810276657 6.0157481170608102516 6.2286350744386806966 4.7706897341580747351 4.8977531322893010923 5.0229755131643187838 3.04652e-09 5.24145e-06
87326488.70636549592 5324 2.0484439075954608001 0.21507480197483044848 0.15564107604043059263 3.2606103032281557041 3.0917960104299067048 4.0552579943417095265 4.2393055702860422684 4.4307581944538272367 4.64884e-09 6.03437e-06
87326488.70636549592 1410 1.0229437776558170103 0.12959034048698786501 0.21798163815993693015 1.3839492796400092445 2.8905841412677903968 6.0937223263521094196 6.1167583998663337397 6.1382262956103526008 1.96181e-08 9.75145e-06
87326488.70636549592 6244 3.1812379417427920636 0.070535262121148092906 0.27562270873233940538 5.404196546123390732 4.834001761208320147 3.0164163122240474912 3.0072789566576569875 2.9978335641370348341 3.08558e-09 5.26376e-06
87326488.70636549592 6327 3.006930974692112013 0.16942693852786261388 0.1758092451216320129 1.2557949677066992944 4.9682050075580432846 1.0844391287617838326 0.93960837155347221028 0.80282541926595796244 2.25041e-09 4.7381e-06
87326488.70636549592 5650 1.7871539901611213086 0.49738323143542889637 0.28963553978171929781 0.22013583534123243313 2.2071319984095181255 3.096915752359838514 3.0645044116232447173 3.0261999770172578472 1.14639e-08 8.15256e-06
87326488.70636549592 4112 1.9252265170796569738 0.31446933912873736849 0.87206488839823159687 2.0748707557961538761 4.4029094634043808298 4.3217797177105792272 4.6370192936105762982 4.9505958698357268588 1.99037e-08 9.79854e-06
87326488.70636549592 5511 3.2214213421762734058 0.10481053806280317409 0.1638107271964607814 4.3186199470861721394 0.28977275295951748779 3.5941022230997377029 3.6423245725899504599 3.6926407296236187783 2.90982e-09 5.16185e-06
87326488.70636549592 6186 3.2442914580488846354 0.020853392827462235992 0.22234136830073158997 2.5152550554453432241 5.3838038872985469752 3.3387595792820605745 3.3428872377667544491 3.3470566222258448796 3.14704e-09 5.29848e-06
87326488.70636549592 5195 2.7436465255515352091 0.1079162699146030413 0.076750026682157371227 5.5825728465755624086 4.6903437742365792218 1.4363690380297216009 1.3299859226904453546 1.2251835745078154538 2.26107e-09 4.74557e-06
87326488.70636549592 6935 3.4311658371183320071 0.14924913143564214058 0.3630143581784133211 2.3313730417319433741 4.0713859629705257959 4.0162855877363341506 4.1371314362598283765 4.2623592502994673836 2.603e-09 4.97365e-06
87326488.70636549592 6667 1.4146850155378321023 0.045418858680864523936 0.40685900694696530699 1.8920028709949743284 5.0421902619210277052 2.5306045322632111372 2.5040425232770622266 2.4770079186523683568 1.85586e-09 4.44323e-06
87326488.70636549592 6816 3.141506951393378877 0.15718362245887881889 0.12211682053825542726 3.3430026250205808758 3.2578948704374401935 2.7918848251299497321 2.7333605413247368254 2.6709606332690891684 1.76213e-09 4.36713e-06
87326488.70636549592 5762 1.1515900500715863242 0.27731425745502918945 0.40865878289527279854 5.9763993259539098801 0.93091161476177552991 0.70263042302792688698 0.53801769117309927726 0.39591223200101294255 4.50081e-09 5.96963e-06
87326488.70636549592 6595 3.0441858905318643913 0.075020449759368973419 0.22933323524192236742 0.47718368578704994931 1.2169885575548697876 0.52912480693027208467 0.49239788332387529612 0.45693269607078229599 2.5233e-09 4.92235e-06
87326488.70636549592 5950 1.8976855652688491283 0.34586426142345699786 0.18884097231880286882 2.8139563044642788014 4.7199263728165288256 5.7326959071959890935 5.8943837141320027939 6.0254938432160329853 1.07677e-08 7.98408e-06
87326488.70636549592 5351 2.9802163783106023764 0.14653346531506267203 0.11078130780103474795 0.62505364649748451633 3.6416248393733274824 4.5640365132688431871 4.7110853117139495083 4.8576186525084077417 2.44807e-09 4.87295e-06
87326488.70636549592 2768 1.57006709415761736 0.077011957331800218185 0.063592046935775123351 0.46093222380207032884 5.8991010641953227633 5.2236150900730144997 5.2896110315363635834 5.3541456503886060148 1.06163e-06 3.68842e-05
87326488.70636549592 5194 2.1215849540354980718 0.54760645722971235116 0.64957569922122437855 0.26277332258053270886 5.7333960673320758517 2.4665975967273938707 1.9901644120906292201 1.4900100105310754017 4.75382e-09 6.07945e-06
87326488.70636549592 6928 3.2141878463897688434 0.25300108764677942119 0.27959494551745761592 1.8870278309702215314 3.6987180027321775455 5.4963217351506807873 5.662899320312622109 5.8099607300435076596 2.08658e-09 4.62021e-06
87326488.70636549592 5914 3.2001594970520068628 0.075148869362535036798 0.069941912905959940927 2.4552847788442986321 3.0976077999948250508 0.8640639748596766756 0.80821278526670947695 0.75387611447793878572 2.63408e-09 4.99337e-06
87326488.70636549592 5072 3.1241016548291877797 0.092510306654608465138 0.23216974172271426236 2.1313752543667168204 1.8878153422822021579 3.6968315764976136251 3.7476958877529171765 3.8003961548043792007 2.73643e-09 5.05722e-06
87326488.70636549592 6154 3.168736100386402299 0.1106244317099129848 0.23109866216575267184 1.4281650234881499983 1.0304003061840527611 2.1185023632338753075 2.0210280555951318782 1.9214277595704545298 2.04677e-09 4.59064e-06
87326488.70636549592 5312 2.9845130717574690493 0.10220696810347922046 0.16699545214850206043 3.3791596966079371356 2.658137719506273644 0.041404949103779467579 0.03736975928565679228 0.033551198404487725391 2.46345e-09 4.88312e-06
87326488.70636549592 6126 3.0173272602784813046 0.25727282617286906241 0.17105130500752183109 2.1707175548163797352 1.585958807165410045 1.5750401492993111319 1.314700570922357814 1.065818359551063077 3.04059e-09 5.23805e-06
87326488.70636549592 6952 3.2882980101198744372 0.11373611330651928197 0.10369056535260229301 4.240884118011750914 3.7877426530055258169 0.60428065790552365488 0.54237594455012339001 0.48366850120168708438 2.57429e-09 4.95529e-06
87326488.70636549592 6073 3.2043782253940107374 0.038362393515787178433 0.25734871350490717834 5.3380033872238232817 5.4981209749432995437 2.5080299299056050266 2.4849544341504632428 2.4615358190195393284 2.87152e-09 5.1391e-06
87326488.70636549592 5578 2.9095661932887297851 0.17696337881515047941 0.21653773023353839466 4.4702327871158509254 1.1037332639198773609 0.56599135776006470611 0.47709438337815135434 0.39583280643264240339 3.04211e-09 5.23892e-06
87326488.70636549592 5231 3.1577260650160217104 0.11507386911440634081 0.28880780854199045171 2.0824984285824013064 1.9521644858438065295 4.1109677323867179766 4.209301276762404953 4.3101172698906884406 1.89135e-09 4.47137e-06
87326488.70636549592 6029 1.7348290022841630353 0.24862122964784583168 0.59370448520632768119 1.1503491074615668222 0.046791763386605920993 3.7476115889908405698 3.9078058497274321681 4.0802027110254215359 1.2969e-08 8.49478e-06
87326488.70636549592 6192 3.2138804117517731918 0.2022311022196335295 0.31387209079319589033 0.2276694537071219937 0.76750290805717547027 0.0048441245235670091912 0.0039460279321635672103 0.0031480204250370590058 2.79503e-09 5.09306e-06
87326488.70636549592 5211 3.120644064258694339 0.081192782145433406438 0.25954986866886209373 5.0803618962875409792 1.9571422831149516419 4.7370519457752342518 4.818228196512163386 4.8989666446900885788 2.07199e-09 4.60942e-06
87326488.70636549592 5717 3.1344107502823197464 0.058667470775433570862 0.16249090109323241493 4.1717760814448432427 6.2444381624709848211 2.5215966856660441131 2.4866480161429946882 2.4509127598967284101 2.31886e-09 4.78566e-06
87326488.70636549592 5643 3.3373770358440340011 0.068843207925074381692 0.070120482726362759474 1.2713225673511672209 3.8233048952514105956 5.1198964050627768785 5.1823042935069754122 5.2436853547102355577 2.47115e-09 4.88821e-06
87326488.70636549592 6842 3.2008144966402176657 0.054033037448654772095 0.13589691353919319816 4.7559303685688041341 1.5442725134994326197 3.3701230624698932381 3.382704139645587027 3.3956062622286959929 3.94698e-09 5.71398e-06
87326488.70636549592 6572 2.9518990186081470739 0.11413651810888661431 0.17617655664727996379 6.2660891058286640742 3.4191485509843322355 0.31557527119797840198 0.2818730563191657601 0.25012538188557170704 1.66053e-09 4.28153e-06
87326488.70636549592 5131 3.5312351427638621892 0.092651505768385461481 0.28525712067143660366 1.5669643403361872558 2.9682945876825028719 3.0482712724831224627 3.039199574678902227 3.029729270320660639 2.25296e-09 4.73989e-06
87326488.70636549592 5534 3.247281870443150531 0.11925822323920774737 0.1204840649394411517 2.1054143265774936111 0.24036727554641137972 4.6144787467085404131 4.7341487005477294048 4.8533786913858794065 2.18919e-09 4.69474e-06
87326488.70636549592 6119 3.1401571723324317453 0.11822681226614034644 0.20642172154089302727 3.2252019011431691808 3.012559525915699421 1.7134457131043867584 1.5951472536580058037 1.4769554919966980666 2.96829e-09 5.19619e-06
87326488.70636549592 5257 3.215867966052417426 0.12842086589224530058 0.22592038350419546555 0.61839321937427782494 1.9821894120105916226 2.5291251360179338725 2.4509014942700999562 2.3690884024470681979 2.20895e-09 4.70882e-06
87326488.70636549592 5240 1.6159708346479786378 0.26974631647299679438 0.31449414684729920522 2.51042982350003685 1.4122683369513104878 4.7702933092374593116 5.0408455966000493831 5.2961716362746322773 1.54708e-09 4.18172e-06
87326488.70636549592 2850 1.7481910139449954311 0.24040108712107752242 0.52892893583965649995 3.0623154526151386001 1.9688022559118618648 3.3369692509821784476 3.3907598927516882092 3.4500420799308875175 2.86233e-09 5.13362e-06
87326488.70636549592 5957 3.2290661569871659253 0.048146867739146538556 0.11546223507492474336 0.73273491609736651764 1.6340132767663972935 5.8011415837157001008 5.8230074235458628706 5.8443898082740250999 3.45473e-09 5.46581e-06
87326488.70636549592 6103 3.2869591140040257393 0.071053440687485924787 0.17943300945878970509 0.63926613536170084906 5.9441631186912937679 0.33104980091397706587 0.3086791680509055058 0.28709309737820543074 3.07621e-09 5.25842e-06
87326488.70636549592 6335 3.0910565876587154932 0.090302618763264383417 0.23143983301122697527 6.2799880128102181231 2.1953255888097475967 1.112431798051412013 1.0329192471225865368 0.95536751908987760373 2.80706e-09 5.10036e-06
87326488.70636549592 5252 3.1199070015858225702 0.11465803984731078036 0.19083508918820490941 0.26862929002935692635 2.692200054283127475 2.94862086076473906 2.9252405736181490425 2.9006271405261663254 2.42859e-09 4.85999e-06
87326488.70636549592 5034 2.834403277309398117 0.21323622678195697233 0.13931437059341830742 3.2501088786632386096 1.5266777983926818063 2.0694741692799274446 1.8703843451416810595 1.6666460529053293005 2.20492e-09 4.70595e-06
87326488.70636549592 6874 3.2760088997667460298 0.08360282048627414031 0.28082665350590668707 1.0165131059604703978 2.0673710894289478723 5.8145497229452045573 5.8510104095341084474 5.8860271768784269142 2.61974e-09 4.98428e-06
87326488.70636549592 5185 3.5293168969103407839 0.029453887804466012679 0.25216753089071158866 2.0035466465320506124 4.7773372153289752617 1.6743252842997411456 1.6449801775021264394 1.6156072984978397944 2.64564e-09 5.00066e-06
87326488.70636549592 3953 0.96566087859835392226 0.14299359398437366808 0.40165788644234506899 6.0119566314209587077 0.19093897485619260035 3.0597038594138523671 3.047040070018476321 3.0335397931166521168 1.87457e-09 4.45811e-06
87326488.70636549592 4189 1.1088498720186414914 0.054262582976309849114 0.049322441955002294112 6.0866687043191278761 5.3711553735723054359 2.483128962948353724 2.4491751160574875001 2.41453389195855328 2.51666e-06 4.91804e-05
