39622176.591375768185 0 5.3971806490296820868 0.023647740709494276257 0.025736461198988747762 0.060042422646768366101 2.0315864603351490025 0.2011022848706444377 0.19643212210620242253 0.19181676143547748969 0.000954966 0.000356051
39622176.591375768185 1 9.0456518030869812463 0.089261168150423383927 0.049186418745118705431 1.3733386849025486232 1.3614649668533098659 4.7093483275813046163 4.798740181420575901 4.8876687670218617043 0.000285285 0.000238018
39622176.591375768185 5775 3.0374449394803559876 0.12990013221531876431 0.11659250340006178936 4.7363472774986545843 0.097442767411842851066 6.2776535065680061365 6.2783309548506140985 6.278961533383391469 3.02463e-09 5.22886e-06
39622176.591375768185 6617 2.7918443113093647234 0.41102693640094112304 0.034884164855811757022 0.98675573927266491125 4.7067586498998323918 3.252366311027810486 3.3128061966208903755 3.3828362564983658345 3.93262e-09 5.70704e-06
39622176.591375768185 5134 3.5318675418347083017 0.028486025492291788819 0.31335826310918679649 3.4119919317412374937 0.99086376345200277704 0.6556004800948599387 0.63842524562729019433 0.62144952294626398803 2.31886e-09 4.78566e-06
39622176.591375768185 5931 2.7437983659216413912 0.55316102021951363277 0.88313873641836904138 4.7480011420583991821 5.214094463160408921 2.3093726745211013984 1.7633095650248453712 1.2203673721729391133 2.66585e-09 5.01336e-06
39622176.591375768185 5740 1.0140513284072047995 0.16730349599053204179 0.078493533513471755447 0.81964438149907070663 0.71510847757253914736 3.5661957725646575845 3.6413431374262987816 3.7215160689859421161 3.09097e-09 5.26682e-06
39622176.591375768185 5588 2.7686735474037877935 0.25657218997846442665 0.15575409488161023885 4.5707387703559581027 1.2142609322564548169 3.4626018021594520135 3.5564990705051657827 3.6599244207780419202 2.40685e-09 4.84544e-06
39622176.591375768185 5846 2.8226473406517751386 0.14469198394397408958 0.14591167963428125498 5.4738849530119679798 0.56264972244462374551 2.8495242150369235468 2.8045143470527924556 2.7566601888635613449 2.37403e-09 4.82332e-06
39622176.591375768185 6171 1.7492022443571324519 0.18473236963838388092 0.27322134639022854774 5.1308066823774316489 1.1665651819750981755 3.4116916426694530173 3.4663021896886929696 3.5252380067358095594 2.39216e-09 4.83556e-06
39622176.591375768185 5921 2.0118133245661478092 0.58282885308742982122 0.57113313595039250092 1.6064413832358901413 5.153591654445213166 0.99645161573993012993 0.54468188626436908617 0.24269142605527205259 2.32801e-09 4.79194e-06
39622176.591375768185 6443 3.196233332380515435 0.22375430120153275149 0.24100329103222609128 2.1813507791896498134 5.2334654426223297108 2.3920167725144936277 2.2240398755071102421 2.0463528565576858398 1.88164e-09 4.46371e-06
39622176.591375768185 5990 3.1095138497718575188 0.060947669110806360071 0.17378761723083999136 1.0844260863597248168 5.7431199814541091797 0.4671783588937867826 0.44043387975997455586 0.41444993940932411958 2.30118e-09 4.77347e-06
39622176.591375768185 6883 2.3573695071291753678 0.38243028352182600882 0.17554550394803053459 3.7429890593491235151 0.16508049768892790743 3.2295130160008893583 3.2730310056998801471 3.3231524040062931924 1.23696e-08 8.36184e-06
39622176.591375768185 5478 2.1071587091659274016 0.31538192356346306244 0.2044916009029176529 0.41084135321848286315 0.35267319650035278134 2.2400794126551932806 1.9597819370606035516 1.6679608587915095708 2.28234e-09 4.7604e-06
39622176.591375768185 6793 1.399488322682769903 0.29545381500519446449 0.41021430828398147694 4.8869601016545178851 0.97247902306864197897 2.9628251049244691551 2.8997242049640949979 2.8289579623692797661 2.0508e-09 4.59365e-06
39622176.591375768185 5467 2.9765899645865778744 0.12953874046968794076 0.12099288359150413286 3.044156682884642251 0.42466576306898029536 1.0263992702366389054 0.91884814857761654139 0.8158773792027707028 2.43648e-09 4.86524e-06
39622176.591375768185 2413 1.7347330882201730251 0.33087722498605109944 0.60452070151817893784 5.6153880832212843544 2.9089190927001076226 5.4260284286932503051 5.6565828762183052447 5.8506079685565941517 6.11801e-08 1.42469e-05
39622176.591375768185 5694 3.1144536446107622396 0.1375282089831819099 0.28066516941426467024 3.5622364941049000642 1.8081557561913712551 1.2928559886373727217 1.16263097721714459 1.0364006297778607379 1.21025e-09 3.85309e-06
39622176.591375768185 6392 2.9717021598263295701 0.21563975680861216522 0.21630859106197719566 5.8714981177702005866 2.3258961678264040707 2.2260863137176221116 2.0412822714272524927 1.8490721827736964489 2.75286e-09 5.06732e-06
39622176.591375768185 6484 3.1221010164926759067 0.13910052967731434403 0.27032721553008864923 5.5036522734414763391 1.0621190474579917939 0.95944534629232591794 0.84950866858104057133 0.74505028509406578952 1.88476e-09 4.46618e-06
39622176.591375768185 923 1.7563710019404590312 0.24620085045090064901 0.26452437911585452435 1.4640382776552840483 0.40937910069622840403 4.0654380662242122213 4.2803884257761879439 4.5039707938756166072 2.53731e-09 4.93145e-06
39622176.591375768185 6739 3.1781799629165781162 0.067551598539634549745 0.20153343740543819274 1.9898151149243841207 0.28340262370327667929 2.6577892024583378294 2.625363832182248558 2.5920200989331996233 1.84353e-09 4.43337e-06
39622176.591375768185 5448 1.4617273170611020383 0.38682891139904040934 0.10358791625897015298 1.2315573450531449584 2.2436009394115425941 0.41740788147830021337 0.27981044669111021506 0.17297856302000391704 2.56033e-09 4.94632e-06
39622176.591375768185 6655 1.6912346792532539919 0.20050281533993635774 0.20927076970519264965 1.6385427454318157725 0.64425143382809402226 2.9350753673827574275 2.8889778680821023293 2.838864874368535407 6.32791e-09 6.6876e-06
39622176.591375768185 6764 3.2625721587275671176 0.017229500118116029134 0.29626449689692568867 4.7974807336482996334 4.5216352454977251085 4.0651766342777593266 4.0789943553790211084 4.09288172756365487 2.4069e-09 4.84547e-06
39622176.591375768185 6362 3.0379909371092641557 0.09849572001680033384 0.25678580898420833023 5.3626021248687436582 3.4257978153014412293 0.34119456193146097123 0.30962759107716564255 0.27961555536378845943 2.92709e-09 5.17204e-06
39622176.591375768185 6809 1.6761885233930526873 0.16549332345062120475 0.37173520936562648442 5.6982157477570432036 3.5671774188175122688 2.1856985030805073933 2.0429499819917316117 1.8955631406696635821 1.72631e-09 4.33733e-06
39622176.591375768185 5328 1.4101645869204404438 0.45228408325147623215 0.52375370224151707177 4.4021425353198759822 0.57497202512669576269 2.4561643334096321389 2.0889510932400310317 1.6960362784362836841 2.1043e-09 4.63325e-06
39622176.591375768185 6498 3.2154346370995541271 0.06130518719413739076 0.12032227691741341491 0.82718207411789312911 2.5861164193657297794 4.3582385478326521877 4.4163959315282310669 4.4750351370870120604 2.50157e-09 4.90818e-06
39622176.591375768185 6313 3.250845721900204488 0.095144063464752751114 0.32636324716272357982 4.016958016330565151 1.8464381398862081962 4.1904814940343309004 4.2751087821997293403 4.3613004349737725107 2.33149e-09 4.79433e-06
39622176.591375768185 6300 3.2690673873739450883 0.071785641624748292022 0.22666751913630991955 3.6033691650316499455 3.1542945892738267766 2.7076284223715116894 2.6763894890593808995 2.644186135444432928 3.26125e-09 5.36181e-06
39622176.591375768185 5204 1.3124935064038161237 0.18860802382920721643 0.40842443621885543559 2.9029013602605213684 3.2678375458966857359 2.0660656198624431923 1.8911337878977043658 1.71212040323036363 5.21728e-09 6.27092e-06
39622176.591375768185 4755 1.9953687784563642893 0.13052066780289550696 0.054436360281028182972 1.0707048154167762011 6.2301394187317216122 1.2609665298843837355 1.1387248417006787804 1.0201989895383147822 2.39615e-07 2.24572e-05
39622176.591375768185 3800 1.1605441769799704765 0.15548429617098583067 0.22051258245210700326 3.3578296004516245965 4.8638071155596076522 0.92557466468028970485 0.80634438731735347261 0.69412176164441730108 1.79108e-08 9.45995e-06
39622176.591375768185 5861 2.2740035016095392351 0.22013324633645034445 0.55511917185528814045 2.140519550286617001 3.0226188717643656112 3.7758835712747460533 3.9207257055962934089 4.0754051554266075286 1.95257e-09 4.51911e-06
39622176.591375768185 6719 1.8848867207391932777 0.31347231748727694134 0.11365405005830525598 4.4862653362672428869 4.5157641699391799506 3.7799129299722222797 3.9990532908523910294 4.2360958367244130329 2.09817e-09 4.62875e-06
39622176.591375768185 6815 2.1532513100245926907 0.10097745464874434418 0.35503128580084764021 1.1328399200690009163 4.286339701155545967 6.1794071910900729705 6.1893916790858671817 6.1988488405078747689 3.57143e-09 5.52668e-06
39622176.591375768185 5480 2.0628259140086142587 0.30248408485868116813 0.83980309027897448448 4.9661787959833247896 3.3932683587552636695 0.36102031446743543253 0.26552990440437412856 0.18615183783444871901 1.6026e-09 4.23115e-06
39622176.591375768185 5093 2.002603132834320121 0.45807044827512466423 0.10316516611670033254 2.8271530363915533535 2.2739678544090646817 4.8491422498253138329 5.3061242224332847428 5.6857990028031668572 2.98948e-09 5.20853e-06
39622176.591375768185 1517 1.8905513701413811933 0.26006719719192766815 0.60153200476893919912 2.3139043811376183157 3.1516935024430048351 2.0261578222103642233 1.7751453027546975072 1.5204892446362900937 2.17631e-09 4.68551e-06
39622176.591375768185 6526 1.6574676323337693695 0.4710288375220597068 0.29914860234839313335 5.8781278082832528753 3.6924570519639132726 4.7134738224613572655 5.2038024364650716791 5.6190929094760697637 1.74858e-09 4.35591e-06
39622176.591375768185 6951 2.9888062838857183401 0.024449895347703837212 0.093981510832023690272 4.8192164646192541255 2.0080699586542185564 2.6128433220163271855 2.6003761773372060517 2.5877801048675097562 2.54062e-09 4.9336e-06
39622176.591375768185 5559 2.2075929422558875359 0.27017463322310925067 0.29337767926404362262 3.2806324743766248631 1.4764106986790428433 4.1532590543561731522 4.4036944977065104467 4.6610982509305936006 5.44342e-09 6.36025e-06
39622176.591375768185 5923 3.0325477478910296547 0.033889269068099685256 0.19425149334816316227 5.7491649989263065024 3.0558324449745706275 0.71827064249960104192 0.69624426855356491561 0.67450970410342159234 2.22479e-09 4.72005e-06
39622176.591375768185 6402 2.9322490870795769879 0.24188335554698575658 0.25213152097864904855 0.43260082257272253203 0.91232764910529806635 5.2488384388671009972 5.4467692278126875749 5.6263062314934648711 2.16272e-09 4.67574e-06
39622176.591375768185 6863 3.1345000919984409293 0.1332379047432857011 0.08748375266311525511 4.9583721432994165568 2.3694355480055229179 4.8819010231781181375 5.0121602556503228598 5.1394562903771214835 2.72515e-09 5.05026e-06
39622176.591375768185 5146 2.7717702935009973508 0.079427084058877731043 0.092289525870831071175 0.89291071880875583222 5.4683720052721795923 3.2145270537543142453 3.2205634950695913865 3.2268294012159506323 2.55901e-09 4.94547e-06
39622176.591375768185 5492 1.9369745186887270538 0.337976522130004009 0.35858741354750961472 5.364510383523540149 3.6382961764908201552 0.87690674518700184592 0.63718242529604363078 0.43610900216528303286 4.51271e-09 5.97488e-06
39622176.591375768185 5047 1.4524269016484399053 0.10262633868111210866 0.2660111286523881291 5.8081140757877092184 5.7013423134824599003 1.9943695446441971342 1.8986117906406714262 1.8014505128949125368 1.0218e-08 7.84583e-06
39622176.591375768185 6657 2.3952406174634339742 0.16896660647326852689 0.10841741534042965978 4.5268240999674445035 3.1743458209547932292 5.6497464954952878458 5.7439498464012892498 5.8307108346204028493 9.52311e-09 7.66378e-06
39622176.591375768185 6413 2.7428298072090604443 0.21926724993771651295 0.13932153488952367382 3.7944039301464185243 3.0165096247628437887 2.8115215537331379458 2.731183144824229192 2.6436988310231024357 2.71272e-09 5.04257e-06
39622176.591375768185 5928 2.0999282974870041585 0.53794465291405368923 0.45230148048927548698 5.7677783987314121816 3.8759717966256590493 2.4486196423393402632 1.9766474821891801827 1.4824018523691369076 1.85148e-09 4.43973e-06
39622176.591375768185 519 1.8942382950341145609 0.026840899223389075995 0.20356478005625516792 1.8425135415774094305 0.51869808592528421354 4.7175724172148330027 4.7444143124174544823 4.7712414485102980777 3.92741e-08 1.229e-05
39622176.591375768185 2992 2.084526909754042201 0.3255429370551959356 0.062069436194225960368 5.7338673488287481561 3.4335462718443761077 2.8948428904439476028 2.7973464838049459935 2.6874799192281577653 2.26492e-08 1.02298e-05
39622176.591375768185 5788 1.7551300827542064553 0.35471460435643864528 0.1151798763542971199 2.8254227112558711887 5.8371837043554801738 4.6622980941697997892 5.0277431026375580814 5.3649655260913675647 1.43499e-08 8.78617e-06
39622176.591375768185 5626 1.2085817080039593652 0.09992874050318725776 0.28055007408066340302 5.2824908258659792892 4.0041456205526664291 0.59021568310810990088 0.53670208877953995419 0.48560806870762823761 7.93289e-09 7.21097e-06
39622176.591375768185 753 1.5918194565051528855 0.16824565326174295565 0.20920436593091853994 6.2454335396785101153 5.7611285629390671659 2.2662505761957323358 2.1288986870989750066 1.9861823626063013215 1.27811e-08 8.45356e-06
39622176.591375768185 6244 3.2044522685519352123 0.085309783902400779243 0.31965445808602965805 1.1393386172387769406 0.25837952419432036466 1.2410993499767417614 1.161382623981147999 1.0831233210251665078 3.08558e-09 5.26376e-06
39622176.591375768185 5020 1.6198166585190909572 0.4735625901165910201 0.57635786078900475005 1.5998060011495423005 3.0625882678193647735 2.9906362961003449819 2.8898905877995857416 2.7719485211188690243 4.40916e-09 5.92883e-06
39622176.591375768185 6161 2.0690372937331145131 0.24325487885010302347 0.22647021171270725892 6.2062387307848654316 4.0916963175396086072 3.9717617938518681164 4.1699482758386512415 4.378284226701741666 2.19638e-09 4.69987e-06
39622176.591375768185 61 1.6815468566631055491 0.18750458472830552892 0.08954255087212965869 0.9296300785538393896 1.7558361193782656695 4.226208013253371476 4.4007584476932342099 4.5792318546111809852 2.97121e-07 2.41265e-05
39622176.591375768185 6451 1.6118137704301545021 0.30363429146730563923 0.11633186241558093887 1.8622073705573267688 5.0330542205600892203 1.7011940112850529871 1.3890557957581231019 1.0904221800551510135 2.57122e-09 4.95332e-06
39622176.591375768185 6702 1.7582671194330716791 0.1017298259691793022 0.16722563586055547158 4.1012312284692029607 1.4558031301251392886 6.2521238571603126033 6.255137810172058721 6.2579907030833910042 3.70623e-09 5.59535e-06
39622176.591375768185 5195 2.7622240799651720522 0.044160571156806160964 0.10146547330516335339 0.032682316687186539761 0.049001543965449687046 5.8273498698860004552 5.8464205327022664704 5.865100903212110417 2.26107e-09 4.74557e-06
39622176.591375768185 5437 2.2095017803513457011 0.33491901468786777762 0.19828510318184650041 5.2587330734119372977 1.5085689932740935504 3.5701204692633292659 3.7396796290019005404 3.9282599847393475656 4.54448e-09 5.98887e-06
39622176.591375768185 6270 1.9342146161596065479 0.28581093305685356665 0.30126323678566946374 2.2265070939993161225 5.9481792185935349337 3.831981925240388609 4.0406834544368130935 4.2644052258714628678 2.07589e-09 4.61231e-06
39622176.591375768185 6816 3.091533214513456862 0.092277692625201676591 0.18171948313201080616 4.8099585067852475007 1.438379051410457965 4.3358196260736558969 4.4232467753390576348 4.5116939112542562285 1.76213e-09 4.36713e-06
39622176.591375768185 6040 2.4701840659045619653 0.16816150308242880373 0.89211254177581134073 5.9063065696689802664 2.3250786168115737951 2.6916055641828449119 2.6118996682062713965 2.5269329707341858793 4.48499e-09 5.96262e-06
39622176.591375768185 6230 1.7840867379519405045 0.26637693514948596052 0.026187617340667778548 1.7233560790803739149 6.1270723283715957663 1.2006158898860128659 0.96070126844448000547 0.7423804483145088895 6.03494e-09 6.58276e-06
39622176.591375768185 5950 1.6352399598606899289 0.37028227077247971577 0.23441123062468383065 3.4256530741664930062 4.1758151658125992611 3.4397823988250197935 3.5777054293505745619 3.7341198007703764183 6.81029e-09 6.85339e-06
39622176.591375768185 6726 2.2587366641106374487 0.58786576276785362793 0.41045310345120933349 4.802932821714773759 2.8560751669846924372 1.8906670170357242622 1.2287393284270677896 0.67493057566294356597 2.92983e-09 5.17366e-06
39622176.591375768185 2768 1.530346660592555974 0.075720250913425213302 0.016780214538723470241 4.9001391934865754507 2.3131998649352034647 0.71877014245145520732 0.6702345179319765256 0.62319938555862464113 7.47811e-07 3.28182e-05
39622176.591375768185 5194 1.7572980258922243912 0.22247651054150380245 0.18278636258121622182 2.2078739878203927915 2.5782499331124117958 4.3354688432296875078 4.5531507359454419515 4.7728125534253447171 4.75382e-09 6.07945e-06
39622176.591375768185 5310 3.4881220347740176102 0.070493367818261057356 0.34695038280394679964 4.5523408575387325214 2.9807239175345929816 3.5363366204421562422 3.564392327069481059 3.5933168275652271895 2.51895e-09 4.91953e-06
39622176.591375768185 5888 1.4328347310235693968 0.10502117851538921023 0.44054860901083253699 1.5724576736149540324 1.633063184564799375 1.4221721682826442557 1.3189184300349872103 1.2172110777659863601 2.79797e-09 5.09485e-06
39622176.591375768185 5964 2.0071589452957256938 0.34545053856800989056 0.6932919525271622474 6.2124708985327963262 0.064461668855192930105 2.484911141975952642 2.2329008714482783127 1.9604439794554229248 2.1711e-09 4.68177e-06
39622176.591375768185 6639 1.4126362702931116733 0.19895853359288642737 0.27043000293092528397 1.5730519031775891392 5.1556066735180934302 1.4426914259697407594 1.2465285438311080046 1.0579388783242347216 2.07227e-09 4.60963e-06
39622176.591375768185 5312 3.0034631466980719061 0.086138272791488751379 0.15432566926701643539 4.1272702790970283715 2.2421951866864127112 5.4689245462175311019 5.5298583564668213342 5.588782902366550509 2.46345e-09 4.88312e-06
39622176.591375768185 5289 2.1176304669926118152 0.093371191011182172459 0.25304747953045858555 1.8643044581782695079 5.0053224383832173316 5.6092869743748483558 5.6656071055241614687 5.7196748523268787778 2.13423e-09 4.65511e-06
39622176.591375768185 6734 2.1070999720329686156 0.19884637469942106902 0.06567232711570969439 2.3732768428583002063 1.6173969259407394716 1.4373585875342236307 1.2415449836746048629 1.053379706532528326 1.24231e-08 8.37387e-06
39622176.591375768185 6073 3.2460763930398131016 0.045361775633386239304 0.23185907475577419157 3.3018662929440605325 0.44711054468841898712 1.7262666471851844108 1.6812783927763605973 1.6361931850728219651 2.87152e-09 5.1391e-06
39622176.591375768185 6692 1.8234468247064958835 0.42135445808678667623 0.24689232407989916696 4.3586125839267637616 4.8578226341284711509 2.4453786998184758872 2.1073590694501254106 1.7452172041393763102 1.32225e-08 8.54977e-06
39622176.591375768185 6028 1.8549856499220795936 0.47253207623550957939 0.18853084823416174642 3.7977026279128152098 4.2252233644902714715 0.22103610179303229133 0.13263702010295672085 0.0701453818983565347 2.1303e-09 4.65226e-06
39622176.591375768185 5030 1.0720964403047790192 0.43638991224722223361 0.263166855447465875 3.5176626717659171817 4.6694864508638609379 1.9493584661995915219 1.4910602965674235598 1.0560568969085077917 2.14686e-09 4.66428e-06
39622176.591375768185 6521 2.9673967809958776698 0.086890431255385300324 0.1809835776456698575 5.2326661536374245998 4.1838451860493597323 5.1601687100948385734 5.2371514952917816998 5.3123502062562728554 2.953e-09 5.18726e-06
39622176.591375768185 2010 1.584721806007070688 0.13094634564482304784 0.21650559080057146799 0.31705205339992575952 1.5935315734097059703 0.040441707214496649958 0.035452386998636432891 0.03081099889096110267 1.54172e-08 8.99881e-06
39622176.591375768185 5717 3.1628654031561707072 0.13207162809659672709 0.23942421586147641377 0.82591112431779201142 1.6606174815978242965 0.68465588638837970858 0.60490734923931765987 0.5298000807277915003 2.31886e-09 4.78566e-06
39622176.591375768185 6164 2.0425688583252297192 0.47397176080726965974 0.50749357490283131256 1.7240614726924861078 5.1178718503997853162 2.5082995335588336161 2.1382060952214665406 1.7385076425267378397 5.09634e-09 6.22209e-06
39622176.591375768185 6005 3.0456000898211903483 0.18397565634691598335 0.83469768830383184177 5.3104000906356452205 4.2424297636930203836 1.3604227556280381606 1.1828714413785326176 1.0125659117517562535 3.36675e-09 5.41902e-06
39622176.591375768185 5540 1.7649201983772682123 0.4523239772294129768 0.27105616542026922389 2.0874447007214258498 1.9613364505524482073 3.8448065395140189615 4.2185914449971280149 4.6168804752585925755 2.31531e-09 4.78321e-06
39622176.591375768185 733 1.9555140521605021142 0.34989790960884714632 0.19890549462514675594 2.8629594337496793166 2.3871572738351218845 4.2134218411266477489 4.5572806162325081303 4.9029779299539999471 4.51209e-08 1.28719e-05
39622176.591375768185 4406 1.6943779085184671462 0.43904974074186131627 0.23006675919118485529 6.2556903126224323586 4.6048556584701589856 2.6313424585966544988 2.3501964201482161698 2.0378848358075636327 6.27014e-09 6.66718e-06
39622176.591375768185 6119 3.1144731107680732052 0.09664495940795089779 0.18373188818388572208 4.7385981649846584673 3.4249287158213457261 0.02033839600133377154 0.0184593137021651435 0.016675415392195257897 2.96829e-09 5.19619e-06
39622176.591375768185 5525 1.6006148035474017099 0.28145431725026087699 0.1865922205782957477 4.7805266733157072423 2.2191758471453493229 0.38891549093112132152 0.29284278823786735746 0.21159392087456535547 2.22151e-09 4.71773e-06
39622176.591375768185 5178 1.788703452084023926 0.15465200799587655589 0.051863077143256330892 5.4252306168415600496 3.8442857092548976539 4.9980279997596461783 5.1438507310740586576 5.2843297203811960827 9.33283e-09 7.61239e-06
39622176.591375768185 6997 2.9212265538707677948 0.15947071102632473516 0.17723419527711761767 2.9278378454069087233 4.5388401596215004474 4.9669017352076307859 5.1188599034572686008 5.2653372330672292279 2.77488e-09 5.0808e-06
39622176.591375768185 5667 2.0213649479582080914 0.55388541649676359402 0.40801927895983286509 2.0394022695523270627 4.7246604074752021063 3.2891697099827923445 3.4157888081748120079 3.5657661393884940715 3.20823e-09 5.3326e-06
39622176.591375768185 6103 3.2897685148913540232 0.061166333073485720795 0.16713004489004698594 6.0807447550002908798 4.0774685584333179023 1.4389897627074903497 1.378558755949869985 1.3185191561538749383 3.07621e-09 5.25842e-06
39622176.591375768185 6333 1.217068341845266799 0.26849711262992087546 0.28727667234887999115 5.5299986450413696204 1.2447726510468903882 2.7694391353743754713 2.6555841532811639283 2.5301690668117657879 1.94245e-09 4.51128e-06
39622176.591375768185 6480 1.7094044128728220766 0.085407548570523697529 0.10363055311213248411 0.30392739405921226359 3.8220801755846869341 0.72818850050289474218 0.67302020599811729351 0.61978137181056180971 9.59462e-09 7.68292e-06
39622176.591375768185 5316 3.4726580233822663679 0.11858508248344894198 0.22484006451686527894 5.0848840370242145426 1.368750582503062585 1.4696229923371817438 1.3520694508311312809 1.2363097182093043536 2.96988e-09 5.19713e-06
39622176.591375768185 6874 3.2665256084482279242 0.089461678961529192411 0.22044028329311510239 2.9550965762842027473 4.1918772849919943013 2.0784258090295528731 1.9983862056183725464 1.9169789568276449643 2.61974e-09 4.98428e-06
39622176.591375768185 6823 1.9580182145362532431 0.38486733786243271238 0.11659975217954736404 0.39585646881721636703 4.268781712585635546 3.3989908337308305519 3.525177136101993014 3.6692125294080173425 1.69817e-09 4.31364e-06
39622176.591375768185 3953 1.3095639583893587954 0.16685608077915686787 0.31352856989921112918 2.2721427131505276265 5.3266883812929330944 1.9068787779537335059 1.7440855371482439917 1.579728466546844734 1.87457e-09 4.45811e-06
39622176.591375768185 6204 1.5785975980613229375 0.25389143243987438714 0.32554543486335779656 5.9192855924346119423 2.0716640210756023244 2.9118943999438262615 2.8447026935346770848 2.7704273522227738091 2.26769e-09 4.75019e-06
39622176.591375768185 4189 1.1104069308327739751 0.052239948050471121666 0.036827016703564655065 6.2187203100912684661 2.6115951422129186632 1.4176209178251126808 1.3661739141225766048 1.3150238074079216855 2.40401e-06 4.84353e-05
39622176.591375768185 5324 1.9204744278679044545 0.13989415547726374855 0.34142327076498318883 3.9463574653909967438 4.7950069651222895217 3.6490850507614944753 3.7218476579194703646 3.7985428408921269039 4.64884e-09 6.03437e-06
39622176.591375768185 5185 3.5408298146890171409 0.027929836892544794569 0.26285178469739522988 0.56749904315361077156 2.1973881440453717495 5.6228010709639502096 5.6397497718327782579 5.6565062087677464575 2.64564e-09 5.00066e-06
39622176.591375768185 5451 3.2692684623190091386 0.068657244532982136809 0.059114691975356688236 1.1131081633038935053 2.1865463044060589048 5.0877732686483119195 5.1509083477795201134 5.213069335225702261 2.58702e-09 4.96345e-06
39622176.591375768185 6192 3.2133634644350337339 0.23139865205009205185 0.34149997652659164205 5.8868983044366487434 1.0097702349619246398 3.3408238523735787062 3.3932705450562856697 3.4508955986798941495 2.79503e-09 5.09306e-06
39622176.591375768185 6170 2.2104389843231269097 0.32851356977543350046 0.5685987914057740733 2.3847449132318496723 6.1792422373338986574 3.1675320968462550297 3.178076549080657287 3.1900593450821728148 6.44558e-10 3.12323e-06
39622176.591375768185 5853 3.1287258086838196647 0.1415151765346956414 0.17036408335332300923 4.2478784502985842408 1.0515783048396591948 1.8591857029120240075 1.7202376198979740796 1.5802997126898410407 2.34516e-09 4.80368e-06
39622176.591375768185 5360 1.5905685508472788836 0.33287352940790976286 0.12730460219696729252 1.5490415731809270561 0.86297275123157435317 1.3269737433013271133 1.0103429318359025135 0.72839433001941178425 3.7029e-08 1.20512e-05
39622176.591375768185 6233 3.1191105473135292137 0.14043230022639824339 0.19186172693861744398 3.6919808563075480201 1.7285967502733714518 4.1847749045937483459 4.3110379467264143827 4.4403106588769016838 2.38928e-09 4.83362e-06
39622176.591375768185 5650 2.0920062557785592539 0.21135639728162017303 0.33246228881613026918 3.5494320746001521982 5.8556795344167795747 5.1842361971300316981 5.3653297946966107546 5.5332103116444528723 1.14639e-08 8.15256e-06
39622176.591375768185 6255 3.2460012710859134089 0.12697659265872440759 0.21160980434499590541 4.5834518017681098456 2.453004098093740204 4.0012744191651794523 4.1019753480840073223 4.2060213637399455067 2.45838e-09 4.87977e-06
39622176.591375768185 5459 3.0236442649591128706 0.20945719004480362058 0.17697083615071307339 2.0644732063807622602 3.3145926231392537353 1.7705947558957357835 1.5593341729650163074 1.349890742114015163 2.51526e-09 4.91712e-06
39622176.591375768185 5708 3.1522757469353752668 0.18880216134239827253 0.22364392699784041429 0.50578140766868984191 1.0744100161989298403 3.565837282322454449 3.651662172787469629 3.7438425469931591039 1.65544e-09 4.27716e-06
39622176.591375768185 6956 3.4899031722881037609 0.14986058418751049826 0.38270698119974677631 3.6869807458144685519 2.1484153805850754182 2.5050387835688474603 2.4097448970528696499 2.3096012515259340958 2.20649e-09 4.70707e-06
39622176.591375768185 2850 1.5899386164868545279 0.2289570352436698375 0.32102300225391139366 3.2492548459395136362 4.3534694357548522348 2.9699501071594900381 2.9252097676229578127 2.8760530880650572172 2.86233e-09 5.13362e-06
39622176.591375768185 1284 2.2600050401451161619 0.19437183426685356036 0.27395164194655874379 2.8571902667542654619 4.3693700076226278384 3.3043828937922521405 3.3395945162157407715 3.377829521769008192 3.64405e-09 5.56389e-06
39622176.591375768185 6722 1.7733496156941885857 0.27270341273156412099 0.43582783663410790131 5.1387083946597638118 3.5532345070512132423 3.0447627030094150946 3.0135769093741004987 2.9787618528699986165 1.78527e-09 4.38616e-06
39622176.591375768185 5002 1.1443539293665447865 0.2511750758209576051 0.63013017053500008924 6.1413835322735739197 1.9063583200716038846 4.6105448865262284031 4.8664222467783737613 5.1146234884440637813 2.79003e-09 5.09002e-06
39622176.591375768185 6473 1.8309573600331396914 0.2481917992439426901 0.089741509429674112819 4.4162633087854583636 3.8870210517579018017 3.4663391248785404564 3.5576405971188584942 3.6579469898976384457 5.43469e-09 6.35685e-06
39622176.591375768185 5815 1.2036790732748221533 0.42850897573634777471 0.48924598396416063562 0.46414811356098673034 6.2083119684838576902 2.1620874134487522156 1.74100138851052888 1.3186843446061990992 2.67562e-09 5.01947e-06
39622176.591375768185 6211 1.787776043601256859 0.11742219026577406515 0.46261920599125733178 5.2391774066435878865 6.1824842408824158824 5.8587094602927169973 5.9047561847606013785 5.9481391273670887188 2.33777e-09 4.79863e-06
39622176.591375768185 2928 1.6485254100841777447 0.53634231716261382417 0.55940776358279598046 2.161246859964447431 6.2665172082949878174 3.5267081281620362709 3.8236809573512910987 4.1617994458275022751 9.69793e-09 7.71039e-06
39622176.591375768185 6225 1.8914133128802659289 0.13105141121077831801 0.13063640242183269247 2.4532642585073229924 0.089916699321823403968 2.1324895342999012904 2.0171747369252552851 1.8989642068289824817 2.38341e-09 4.82966e-06
39622176.591375768185 5873 2.3580474116679974728 0.53280151087750649008 0.5889746565343435547 2.9837704556908697384 0.75270743010595275724 1.9404557232376224984 1.3567778123595319872 0.83613199690906070405 6.23622e-09 6.65514e-06
39622176.591375768185 6886 2.7943290396925459795 0.13928353651329042351 0.47697822665471700798 1.9928263826847312234 4.2705999795292024501 3.6638852783533404356 3.738184027257464237 3.8164371307959652491 2.88448e-09 5.14682e-06
39622176.591375768185 3400 1.2558114317260373749 0.35260528388410561362 0.17948430063866502304 4.4052226734122177376 2.2246584074229378558 0.29361269253510369204 0.20389258235355817162 0.13249607510089428386 2.20416e-09 4.70541e-06
39622176.591375768185 5080 3.2116290794350326188 0.18139746001124418262 0.23863903104534950339 2.7766164825701928898 6.2155297415835084607 4.9627349707369994292 5.1355897449669312138 5.30098416144054152 2.57476e-09 4.95559e-06
39622176.591375768185 6155 2.3402014450249053468 0.3337151482441942929 0.19294737489075153292 3.2957024249883604128 2.5485442246055654003 3.4952128354493745555 3.6368066522258453155 3.7953947491216637466 3.03729e-09 5.23615e-06
39622176.591375768185 6186 3.237786696589321167 0.018113953773361054361 0.2137989811106608129 5.1951687907494381591 4.7052803197091046528 3.0501788798108386835 3.0485101329653496727 3.04682647425253883 3.14704e-09 5.29848e-06
39622176.591375768185 6417 2.2089377848302649276 0.32910947242921800848 0.72366277846372339955 5.4618820209140013233 3.5709943976123414977 3.6635993098877772667 3.8607872462050663032 4.0775976383228300648 1.63097e-09 4.25597e-06
39622176.591375768185 6237 0.89994833383279504435 0.28458080845743732867 0.21375642448130063866 4.7950241292942923366 2.3059977865630596483 4.0974875725680863781 4.3551293343379171574 4.6217413304866914459 1.89473e-09 4.47403e-06
39622176.591375768185 6029 2.060127897240500161 0.14168335208450685836 0.15444346402400657703 0.4819493315284634205 5.537494809022875053 3.449319434175116772 3.4955834935136778086 3.5446971707546359731 1.2969e-08 8.49478e-06
39622176.591375768185 6023 1.7031897306034839978 0.11330046283151873343 0.50428242539671008782 0.93396166902925692455 2.1524269038170782409 4.0805221654294934197 4.1753573272632209523 4.2727086011422272804 5.48103e-09 6.37486e-06
39622176.591375768185 5643 3.3067604111649897547 0.048407866085609513318 0.055362011155794872697 2.2579396052114550919 1.8146127132419305195 5.8093736663436805756 5.8310071593867327522 5.8521578053713403378 2.47115e-09 4.88821e-06
39622176.591375768185 6335 3.1262354085949315419 0.058900022305255692046 0.22154376050174290347 1.0586384250635580972 2.7628148683626916338 1.9664384402793282369 1.9114300942248023674 1.8559142832593087391 2.80706e-09 5.10036e-06
39622176.591375768185 6290 1.9514430085148239957 0.43105547099119567722 0.26916939352707963673 5.4434028714387041603 2.1787445455669502969 5.8101288077120774034 5.9815270591095286434 6.1095953570884304895 4.66797e-09 6.04263e-06
39622176.591375768185 5215 3.131331810045973274 0.38529794758442276192 0.26862797114940434318 4.9968234530044810526 2.417328273850507081 0.46877680298508933587 0.31547182844173810023 0.19592734166265640683 2.09099e-09 4.62347e-06
39622176.591375768185 5257 3.2002810413472633222 0.14102685780312618213 0.19350905326533085482 5.0991183389691689953 3.4431683478155248324 1.0720085643491223948 0.95176818891399039835 0.83690988585389181065 2.20895e-09 4.70882e-06
39622176.591375768185 6327 3.0173455709176217887 0.17324939561275004563 0.15969434057590534137 3.6781073608988648083 2.8555672227964676857 1.5460208707004152728 1.3723197359114864824 1.2024715559509877583 2.25041e-09 4.7381e-06
39622176.591375768185 5048 1.8097647641092899917 0.13516079123891824865 0.38770563207860908594 5.4642212911019862887 4.8631400975250702601 4.5173018354522298523 4.6520820391728765486 4.7869971199184035981 1.54672e-09 4.18139e-06
39622176.591375768185 5673 1.6731070794548696945 0.54860708663875967783 0.42438627727446331939 6.100242200131614112 4.8014403085827952467 2.1222220501176871643 1.5361198644335256613 0.98784258297201488208 2.67237e-09 5.01744e-06
39622176.591375768185 3324 1.4171432862530020103 0.64173890938211930468 0.21516654162238027514 0.69974836259594519472 0.42017694150035522771 2.452574473181821979 1.8316027990341046117 1.2115660007476489746 2.73553e-08 1.08943e-05
39622176.591375768185 5034 2.8524064056901279329 0.19238487258687528292 0.19634879949711322999 5.5315616538317637918 2.6935230408269812408 5.9791059053175317217 6.0323091864690017161 6.0800692598456720361 2.20492e-09 4.70595e-06
39622176.591375768185 6957 1.7247552634428755525 0.59357071729110411074 0.40827338915675082109 0.83900243734438761933 2.8586957822595686629 1.0137559783934770863 0.54679591277021510898 0.23816704491935053456 6.68595e-09 6.81142e-06
39622176.591375768185 4112 1.9893610726940504918 0.28879486022682743229 0.80148048005633565349 3.4445168435636817073 5.1943284217140943682 5.2335302024810355093 5.4708086763526591056 5.6804517417519813094 1.99037e-08 9.79854e-06
39622176.591375768185 5344 2.0221791166527163242 0.41606678031267152473 0.42320652568993749609 1.0484021915463181962 2.5976235743395017508 5.0430215874733210768 5.4233531599367896803 5.7386207057234805973 5.14004e-09 6.23982e-06
39622176.591375768185 5938 1.691704352601165473 0.34726668774472607693 0.14386431749945913228 5.5775992922083093006 2.8859073596244368964 2.5662900904263139523 2.3377661834240073269 2.0877283480167454499 1.88863e-09 4.46923e-06
39622176.591375768185 5446 1.4784493585764166834 0.38107348919886724348 0.22713978480094854095 4.7031652836785031724 0.14698282940091159099 2.5288389219396680829 2.2587130838468576499 1.9643069850787160391 4.99881e-08 1.3319e-05
39622176.591375768185 5914 3.2057537594980640705 0.079540815639360551437 0.14113933748258788992 0.16785680627005145071 2.3481705718556509233 4.0041531447956719703 4.0662506920839769364 4.1297572654225680466 2.63408e-09 4.99337e-06
39622176.591375768185 6154 3.1489131404382613155 0.11358837236698089701 0.20458685265730736091 2.7723098210920236184 4.5226345398198484204 1.6320428011608192342 1.5180249307434463546 1.4045946832748379407 2.04677e-09 4.59064e-06
39622176.591375768185 5511 3.1670086740744438636 0.11735296473396764072 0.21542438324085555479 0.46833269178918873754 4.9913793358343436779 2.1025103345804549981 1.9979804556785181191 1.891173297893681271 2.90982e-09 5.16185e-06
39622176.591375768185 5957 3.204152772442711683 0.038558658299303133488 0.13630882016224174502 6.1963317948432665716 4.3464782487024455904 6.2121042250719282762 6.2147920185804776949 6.2174271165630781155 3.45473e-09 5.46581e-06
39622176.591375768185 5962 2.9157780095381879981 0.16050147643769557826 0.15795982529492313962 1.4729674676580075676 2.4012203787589427861 5.4259244949689477977 5.5418009624864277285 5.650189143955182125 2.88829e-09 5.14909e-06
39622176.591375768185 5160 3.0295210282685500758 0.064693036533413211808 0.18021933992389080337 2.0133817587927285153 3.0023048620763397309 5.2038750284938952717 5.2600961309693996526 5.3153259169040243393 2.48083e-09 4.89458e-06
39622176.591375768185 6827 3.0913248120328224999 0.13873472122312027754 0.17523511093912047532 0.80071741877718749514 0.90980791891843493246 0.21936359332030075375 0.19096140756285148732 0.16462915322282750674 3.04652e-09 5.24145e-06
39622176.591375768185 1399 1.2713295122967236406 0.070889894373212705703 0.25580877800341966788 4.7100204265693452754 0.48182829799640014556 4.4898963558062519041 4.5596440718789228441 4.6297086065184256398 4.64728e-09 6.03369e-06
39622176.591375768185 6752 2.1972474540860553738 0.29820764298728441588 0.4911078235714473883 0.012411371433610617065 2.7944969028934445454 6.1822098387864556912 6.2089145862663661646 6.2310423265078762611 4.12549e-09 5.79885e-06
39622176.591375768185 5597 1.5788231406098123255 0.18300191359295220339 0.44444304906657772225 1.841465200733790164 3.4403771339049282751 4.5301243951325762538 4.7141936460264748376 4.8971952616175373763 2.41109e-09 4.84828e-06
39622176.591375768185 6928 3.2042456692191927381 0.11467925911850639087 0.20524355732565435773 3.6891603244406083739 4.5082362233199182455 3.1278612939827663553 3.1261850032570648317 3.1244181352418949338 2.08658e-09 4.62021e-06
39622176.591375768185 6056 1.7401460345239623262 0.67341009600083101549 0.20498349366365667401 3.4017632937997195341 5.0033809035402523335 3.6328676689240082531 4.1739290915876425814 4.752051315857291236 5.38932e-09 6.33911e-06
39622176.591375768185 5640 1.5268962880739151977 0.3631399604094051603 0.16231356015201103826 1.7537591873762570227 1.9439942382574992852 0.010765902657211688653 0.0073587569459907008554 0.004686522357611401686 5.24602e-09 6.28242e-06
39622176.591375768185 5842 2.3541247547741743773 0.65271434522592008953 0.35491477074551530668 1.713578834547592189 5.0397679426843158268 5.0605384298007933808 5.6614432238996839075 6.0416180794624070316 2.75394e-09 5.06798e-06
39622176.591375768185 1444 2.0759698865955287239 0.39440824771174204377 0.82329934208529331752 4.4576693983714301694 4.5160075553353298261 4.7362049556393976957 5.1395959862225133463 5.4985573923860702195 1.72307e-08 9.33865e-06
39622176.591375768185 5176 3.0774940002923769633 0.17445539172905641379 0.1486795961324230142 6.2739211655980042792 0.26314450378064435654 4.3413178992728260752 4.5101479926415635191 4.6810477918862654079 2.68297e-09 5.02406e-06
39622176.591375768185 6001 1.9944233910724793457 0.39778271199037040784 0.2294297637256135225 3.9027118509661700152 5.8167444785758686265 2.4089576879921668073 2.0837552673743964249 1.7371687013121701604 1.89847e-09 4.47697e-06
39622176.591375768185 6140 1.8536573376787550682 0.27800339823312181231 0.17752604949836969794 4.1227340414525013301 0.45349345352963171818 3.6550622035592339465 3.8136602730828736973 3.9867466632039958441 1.67728e-09 4.29587e-06
39622176.591375768185 5534 3.2639332433382142185 0.13882761725344239245 0.088680141414379326514 3.5472015612443326127 3.9640602813906253843 3.7823960044070115138 3.8706785012485056541 3.9631638152456916124 2.18919e-09 4.69474e-06
39622176.591375768185 5929 3.2314132840506486488 0.14826922498750111368 0.22487108975127426125 6.0645516783218811341 4.3061583411272170707 1.3215403063280080076 1.1799009568879594845 1.0428159345801908398 3.18574e-09 5.32011e-06
39622176.591375768185 6935 3.4891373281869451084 0.048693355956096799619 0.44374223634798937166 0.42633091061370542718 0.22491378142941273466 2.1204748464343703418 2.0784004111448992624 2.0358467209212940396 2.603e-09 4.97365e-06
39622176.591375768185 6775 1.652901411934111664 0.12172541974586024993 0.32381422747619276192 3.2396117050940187454 6.1615750188495823636 5.7065288487138801088 5.7698777265939895642 5.8296523626481500102 6.39874e-09 6.71246e-06
39622176.591375768185 5211 3.2162288762692505806 0.081052211983414959584 0.23879899615117869405 2.2418146843088284648 0.00011741542604725045749 0.68779603172054204485 0.63783412205156486685 0.58957103123237031284 2.07199e-09 4.60942e-06
39622176.591375768185 6920 2.2960769818227482197 0.015017170919150772679 0.23028680174212737275 1.210555893205199629 4.6422449133704830615 0.16353217180811113751 0.1611051570583784398 0.15869626543133960594 4.48089e-09 5.96081e-06
39622176.591375768185 1810 2.0127409188514757687 0.37987303379753445398 0.41019190777037539686 4.6771950826587715966 1.8565335225608292635 4.0961519781583728417 4.4557577796775333923 4.8231901788752251647 7.36354e-09 7.03416e-06
39622176.591375768185 5072 3.0930147005315031805 0.066315520782299700042 0.25989380313556237345 5.3264290725321989939 3.6135945127623143591 2.7371447073979000564 2.7101993578529226525 2.6824703945225989443 2.73643e-09 5.05722e-06
39622176.591375768185 5231 3.1693840149937093642 0.079329860737399227055 0.283583903848104113 5.1945926722243935814 1.175619800192661657 1.1563021552472980691 1.0847511329992900464 1.0146086865182013526 1.89135e-09 4.47137e-06
39622176.591375768185 4786 1.756468712535349086 0.42746471680341108224 0.23083420936140469637 0.12940620224529614246 5.1416851990035130626 2.4016783527988225799 2.0426801849496856178 1.661931576759194007 8.41208e-09 7.35334e-06
39622176.591375768185 6756 3.2182835318287361659 0.050500959830538864892 0.28746583334783337715 1.8312686073494974792 3.899897123485960293 4.6697095720415688902 4.7202404857847213293 4.7707398890287109339 2.22448e-09 4.71983e-06
39622176.591375768185 5323 2.800567743577728308 0.099054045545129199013 0.14576799424098962898 4.8100232902456223627 4.7290185352486808767 3.5816195649494484421 3.6258991183072573072 3.6720181563408247349 2.25995e-09 4.74478e-06
39622176.591375768185 5372 1.570694663201289476 0.26785119493246628553 0.21682450265862096561 5.3998027305478375482 1.0075545765169753309 2.9197171845172453786 2.8504885149406522515 2.7736125208007003096 1.39548e-08 8.70479e-06
39622176.591375768185 5855 2.15334188941015503 0.38447524063386145921 0.40644369856024997745 3.4496645257353137914 5.3996120984882027827 2.1162366418070113205 1.739380405011134334 1.3603557438189199935 1.88487e-08 9.62226e-06
39622176.591375768185 6156 2.1725224755633552043 0.31253127904231753353 0.59269833976562658062 2.3631560179479427219 3.2716867276761103511 3.3186518571074579143 3.3856658239343420114 3.4611912167032454768 2.69058e-09 5.02881e-06
39622176.591375768185 1410 1.9176772859809674276 0.10524368748986429045 0.32041031634498307046 2.1240174538188161257 5.9099022399247820303 4.003388594993118943 4.0862948138120724906 4.1715761354863456489 1.96181e-08 9.75145e-06
39622176.591375768185 5256 1.9954266121853565519 0.16741307219715292898 0.082112320963660695439 3.7098913602201135653 1.9548083625738164049 2.9916316097883615122 2.9641535556035374377 2.9346035643269750004 4.61883e-09 6.02135e-06
39622176.591375768185 5158 2.1324392674637335787 0.38339407782653017742 0.30546134266017888059 4.4769316256658271413 5.0158615159315127485 3.5921815604358116047 3.8029543579993556612 4.0384319407758546561 5.85576e-09 6.51695e-06
39622176.591375768185 6914 1.9290749900952663953 0.36849245062321689392 0.21220996428131863598 4.8047357678775526324 5.524624907624276382 4.9328909790457871054 5.2868883972434037588 5.5962247029259373221 4.41745e-09 5.93254e-06
39622176.591375768185 5578 2.9104483712585529354 0.085422034886590766933 0.23168072418792887146 0.33042333305551097045 0.9690716717932615909 0.5964991713058366285 0.55007746805808610535 0.50542281992431903337 3.04211e-09 5.23892e-06
39622176.591375768185 5196 3.5945730802553947925 0.14054109912027942797 0.16070462743306479503 3.4399990708205576695 4.4953702701588102997 0.70746157091605299527 0.62039837431941535772 0.53869349331262095237 3.02458e-09 5.22884e-06
39622176.591375768185 6832 1.6376974708999132435 0.23465960140417999047 0.31480689755628893378 2.5075303433005471376 5.902834853644835178 3.8273321306096539374 3.9929400195918201 4.1694436883537333571 7.86044e-09 7.18895e-06
39622176.591375768185 4502 1.3075887972951936167 0.17803027417647143693 0.30462572701797652197 1.8034108870147185222 0.89787289365043576606 1.9502923448632043524 1.7782907882442864356 1.6040792369952392438 4.58456e-09 6.00643e-06
39622176.591375768185 6425 2.3004469892492047656 0.2672441895202838924 0.38019507042862843438 0.75190642085539538542 3.6991909069022077539 1.8895844008865392283 1.6212102247924666809 1.3543055720699039846 5.02719e-09 6.19382e-06
39622176.591375768185 6089 1.8526405987934639885 0.36183052320659803147 0.24831735740913143951 3.8795405820463151336 5.5267673113411257546 3.1991330256133685417 3.225621883503276166 3.2559904559650170164 5.81535e-09 6.50193e-06
39622176.591375768185 6572 3.0134118186458418442 0.16832301464805166091 0.15679534613147397271 4.0559519974946685039 2.1325943996554865834 3.9125643366633249265 4.0381818790125034724 4.1696761859919746485 1.66053e-09 4.28153e-06
39622176.591375768185 6842 3.1626161140634114766 0.060735634445724821784 0.12248110518833529858 4.5425022307995295279 1.5843319121598122834 3.8137660803621429295 3.8525377773441418228 3.8921708293042707183 3.94698e-09 5.71398e-06
39622176.591375768185 5291 2.040684710948606817 0.55339959925540438412 0.44758087442813726531 4.8813483495170029158 1.2375835087775688415 1.9229612335699435288 1.3102066046496294582 0.77549076976692243868 2.6037e-09 4.97409e-06
39622176.591375768185 5063 3.4768230203009968804 0.10817128575143337976 0.4034513458403860553 2.7602274458537725543 3.6979268348362404062 2.1568986355527099974 2.0637872707491680124 1.9684968812452385833 2.23728e-09 4.72886e-06
39622176.591375768185 6557 2.2250471471577704108 0.29145745951664014939 0.15391049666688969011 1.463854984162857864 2.6871703074586292814 0.72581794607174077161 0.54836198455695195353 0.39642810216515617094 1.93092e-09 4.50234e-06
39622176.591375768185 6055 3.220171473681756602 0.050865721509628009089 0.03032428119689998397 4.4267706410608029799 0.3410534267282036569 5.0842329979042260035 5.1312100946287024783 5.177679441404984928 3.0525e-09 5.24488e-06
39622176.591375768185 6197 1.9503143618810323545 0.19219301233528451878 0.3188563407543960615 0.18950871520506232248 2.3232791986783070115 4.7737743071862057676 4.9656737658684484416 5.1517347692474073639 8.02678e-09 7.23931e-06
39622176.591375768185 5642 2.8957348618368885518 0.18788506639402538512 0.11707793850047647222 0.54014669345355714736 3.8358654424609897049 4.076809627429907934 4.2381097723165881419 4.405256486488243084 2.80041e-09 5.09633e-06
39622176.591375768185 6291 1.4238597141628828169 0.2755318465312229792 0.31158894550600479967 2.961467480647631767 4.6758043815194865189 1.0574251185462946179 0.82946306343977971309 0.62623934267576542023 4.97801e-09 6.17355e-06
39622176.591375768185 6390 3.228789927719001529 0.095481653182082321107 0.32504218073228330343 0.25413851635942175111 1.806710433069246724 2.7498739620982766141 2.7116517996759994524 2.6718534196286873872 2.74624e-09 5.06325e-06
39622176.591375768185 6126 3.0517622283125613869 0.25988912107764433612 0.17774360349997300745 5.1845847990379798631 4.2368535389058301632 5.6781151250524573015 5.8135696795974025619 5.9311808270505776974 3.04059e-09 5.23805e-06
39622176.591375768185 6104 3.3362680812970118005 0.06776063285065955788 0.15805825197560260942 4.9615891702597378909 1.3020469267116505652 3.9978448097086158874 4.0502424264528906761 4.1036834977668608104 1.75259e-09 4.35923e-06
39622176.591375768185 6732 1.4658457507130990827 0.26706576873731419086 0.15334516123628322282 0.2640076119165084001 3.1672513808324995743 4.7980474542010629335 5.0643536302619889256 5.315047526596026195 3.70815e-09 5.59632e-06
39622176.591375768185 6286 1.972731305760493159 0.15637633075708992636 0.89496845427437943243 0.15571252657037626399 3.0542472483774920633 1.5850340704089793675 1.4278538150124004957 1.2730723503899992188 2.66284e-09 5.01147e-06
39622176.591375768185 5405 3.1857239813097746328 0.028599361481862744377 0.12145452443445281521 1.5686323794799643672 1.3330553385782066833 1.1983039241653927753 1.171799887485651448 1.145446967666269078 2.93677e-09 5.17774e-06
39622176.591375768185 5098 3.1713823262707183659 0.061838609380835650453 0.088310058337086702607 2.0843920867767939953 0.66089720773312909952 5.5734103995835209133 5.6128166528616736386 5.6512354289728063961 1.90652e-09 4.4833e-06
39622176.591375768185 6952 3.227786122673520719 0.13330467552212371674 0.14608644783223928565 0.39051468667685368397 0.26538211377702836113 3.4328961387859346921 3.4739824674950510186 3.5174801785064948589 2.57429e-09 4.95529e-06
39622176.591375768185 6667 1.7300056507216341473 0.18289791939769173279 0.015925995400257679513 5.9068850052054360233 4.1898084864699374208 1.3220480637852887185 1.1476838699526188403 0.98091473355827363267 1.85586e-09 4.44323e-06
39622176.591375768185 6282 2.7922495519817136511 0.071369840624394331741 0.097376304729982363084 5.5997623436543317865 5.5615936747362493264 5.5209683482478704164 5.5690616065565610171 5.6158056745889997075 2.68214e-09 5.02355e-06
39622176.591375768185 5240 1.9310231142440781316 0.24124100013171173584 0.33797784732356689341 0.39320086584088209669 4.0562215566328445604 5.7924663979882851095 5.896517941264012741 5.9874908695502515599 1.54708e-09 4.18172e-06
39622176.591375768185 5138 1.7606207765943551191 0.28915013724006549678 0.29415256123385835618 3.1271622312181159842 2.8006623807870036913 4.6490173840865809396 4.944500814276477918 5.2258967467948131969 2.37553e-09 4.82433e-06
39622176.591375768185 5548 3.1886214517338347108 0.091964859319340869215 0.28263939031503598764 3.389579390775054879 1.187723472953273518 1.7594490324238367673 1.668198287354349274 1.5766693250894190381 2.11518e-09 4.64123e-06
39622176.591375768185 5131 3.552238029539311448 0.060536431585880672024 0.26845160862553690828 0.8227894317682908909 4.9364060293496807574 5.8465660258735212551 5.871503120769750339 5.8957268665778839178 2.25296e-09 4.73989e-06
39622176.591375768185 6295 3.2562061639687329695 0.029748358593822292473 0.23339858020764731039 4.3816306173229184751 4.1384118268889782399 3.4182792453045780512 3.4265253654848821796 3.4348874171834329339 2.30061e-09 4.77307e-06
39622176.591375768185 4963 2.127594022961211806 0.23034140416442758226 0.29950973868588198767 5.3958784669494583852 0.42345283224282703749 5.2822981480372197538 5.4667043689859990963 5.6345634856871624763 2.1769e-09 4.68593e-06
39622176.591375768185 5278 3.1427583561579881533 0.081587853271259072607 0.32880420211089855798 0.74276347723208568929 6.2045254179602205014 3.3807665630985814786 3.4009266869568013369 3.4218488240615787532 3.13887e-09 5.29389e-06
39622176.591375768185 5669 1.3580363388580962702 0.15232388180260661437 0.39181555224244862812 4.9367172972326862634 1.4064253087426989985 2.4890202460349697411 2.3900322344471427449 2.2860285845424113127 5.45549e-09 6.36495e-06
39622176.591375768185 5118 1.3303558470709078154 0.10261537795175020016 0.38687505372940844683 1.5366079088411292997 2.2885144960844949757 6.0816214489854347747 6.101230597241567466 6.119799091974062577 3.95744e-09 5.71902e-06
39622176.591375768185 5053 3.006755570754798601 0.23503858986309980605 0.28128213746517261029 5.7440614989938296731 1.4405746707891025071 3.3559174559721616227 3.4132846071647535702 3.4763599649947045656 1.90259e-09 4.48021e-06
39622176.591375768185 5116 2.6986580817609588934 0.1767511808614534996 0.11730581467859944877 6.1478533797173700037 5.8743847493889687073 2.2677546297614377124 2.1231148648045086169 1.972644753127039241 2.56354e-09 4.94838e-06
39622176.591375768185 6595 3.0257684533863340448 0.093035865762066807805 0.23187076027500883035 4.1383709707405866851 1.1981224934412599836 5.7953836956149009652 5.8373483933251693045 5.8774666808383164707 2.5233e-09 4.92235e-06
39622176.591375768185 5290 3.188946217710472375 0.019109848531237230013 0.11079588055365195698 4.0012350268319440971 2.5958208855558839723 2.881927518281689693 2.8769747532749714303 2.8719767541740921502 2.68653e-09 5.02629e-06
39622176.591375768185 5762 1.7038465265493960565 0.080046037832038771653 0.43396865141352908291 0.2587042592142499986 6.1545236644842526985 1.2598597284520263173 1.1844901628905366575 1.1103429496849808178 4.50081e-09 5.96963e-06
39622176.591375768185 6628 3.2786403997004680555 0.11189564632237095076 0.17341546601087007295 2.1596057773559640403 4.1953694316047744906 4.4714343665019296026 4.5818072222725589882 4.6927502237734719515 2.5094e-09 4.9133e-06
39622176.591375768185 5227 2.0290250324016207983 0.055923880321627698897 0.11095508296759787337 2.5368834711376133662 4.5696339768473608345 2.9653963394256890318 2.9553081339378302062 2.944950528974041859 5.94474e-09 6.54979e-06
39622176.591375768185 5481 2.3785095643857951941 0.098210260630595569431 0.80653944421978085444 3.8119976291663286716 2.9122316955417075768 1.5753820820951558446 1.4769921140649804325 1.3792136240427832483 2.0621e-09 4.60207e-06
39622176.591375768185 5885 3.5037411305741597012 0.039811337847203552565 0.30261655160579087331 6.1797773636768313921 5.3396298588718762446 2.3916457260920553907 2.3640998999133007175 2.3361724544194704123 2.25928e-09 4.74432e-06
39622176.591375768185 3089 1.6425294321109724649 0.23093374700322508164 0.032804558197032415712 3.9273948610845423879 1.8519031620068351351 2.7547555064088760091 2.6557830785481573166 2.5479544732822274611 1.46985e-09 4.11094e-06
39622176.591375768185 5878 3.1861552954770195889 0.072096950186910951919 0.04623928971657541992 3.7685366682216927536 4.7963859286911194602 1.9692737066152252723 1.9018192628539309919 1.8336364291774829294 1.44428e-09 4.08696e-06
39622176.591375768185 5489 3.2247585036129562397 0.05135749675838149203 0.33903202306774654629 4.793104439583480314 4.1264013601316449353 2.6540901226235318333 2.6294593598521989186 2.6042922371652297286 1.80848e-09 4.40509e-06
39622176.591375768185 6960 2.9832826641612082419 0.16479468853372949977 0.13349442248307683001 5.3874280991269625218 4.2799365549292032185 2.1257251340244875948 1.978515660997704817 1.827229599875895838 2.28045e-09 4.75909e-06
39622176.591375768185 6292 3.3741594650711204117 0.02682971461173095859 0.3492828106701715285 5.3182727794219628592 4.2556993117960963957 2.826997579287853668 2.8185868659505537437 2.8100706225994911414 1.7586e-09 4.36421e-06
39622176.591375768185 6401 1.6266512272696065367 0.34782968994724972056 0.20710524217110637402 6.0159040146317774855 4.929032686862102608 2.6940825688453720055 2.5092467043900326118 2.3036658873983566487 1.93159e-09 4.50286e-06
39622176.591375768185 5479 1.1185589483736617655 0.27184053879732950065 0.28686732844782680818 3.9897348029485222298 5.8706175613533320146 3.3098481046765573232 3.3635707142667148339 3.4234190129128547753 2.12255e-09 4.64661e-06
39622176.591375768185 5417 1.1990704374874743277 0.12787051154567069533 0.068773460875228675793 1.6167144457521858136 1.6718628843981995225 5.7457285261082775563 5.8080063068366936108 5.8665067619913937591 1.15634e-08 8.17607e-06
39622176.591375768185 5569 1.9589305289074059324 0.23663277348196845584 0.41959476027101888507 5.6850071389896257301 1.6469785227088198365 0.59735975162428989194 0.4746884483816591338 0.36653275007195196267 2.77052e-09 5.07813e-06
39622176.591375768185 6450 2.6636255235590384771 0.22445341820349923312 0.14090322548680941916 3.7721927295491983756 0.62383599573708015118 3.2056819566607024363 3.222105788016237149 3.2401577182890344275 1.74846e-09 4.35581e-06
39622176.591375768185 6969 2.193974427768513813 0.098788163058462399868 0.047932952638057253758 0.68698067681139018958 1.944231563545955277 4.5812347107907402943 4.6799741757873718484 4.7787104440625114421 2.41679e-08 1.04535e-05
39622176.591375768185 5351 2.9570142333313413907 0.16346127664106491206 0.14483767138784134354 6.0942701687327938131 1.3664583779064174429 2.2400213401815407543 2.1042161588127332728 1.9634640359902884033 2.44807e-09 4.87295e-06
39622176.591375768185 5647 2.0482695946544291488 0.38251929436071158142 0.36012767036716536451 4.2275535442033866929 1.5636672194106298051 2.7893027331488426945 2.621018309524143497 2.4307614433072055604 2.57441e-09 4.95537e-06
39622176.591375768185 5992 1.8000000275125673799 0.13570280179460811332 0.31792608000652655686 2.316883169237257345 4.582071832345872231 2.30009855670740615 2.1937062717503770237 2.0834905957798950382 8.41385e-09 7.35386e-06
39622176.591375768185 6761 2.0165632339177159693 0.34255153908518631845 0.1420214071495932151 1.3477077118306721726 3.0895283995514581932 2.1453231508693826335 1.8202101374156711699 1.4882580744132645201 4.88068e-09 6.13306e-06
39622176.591375768185 5252 3.1544113211794706508 0.20240518379369484836 0.17445425737729536309 4.5601704999487129299 3.7611396511891745931 0.87121768507103858337 0.72466525039144358278 0.59049392137867295904 2.42859e-09 4.85999e-06
39622176.591375768185 5394 1.7835404833625085885 0.16155836890194086308 0.35755570691942339945 0.48149535993302217118 0.9463128801670441792 3.8539745973504593302 3.9671231038549099601 4.0858535801726141301 4.23442e-09 5.84945e-06
39622176.591375768185 5577 2.0926633229817683812 0.32645968740217073956 0.53446698950496007718 4.4636095012138383709 5.2424420490381340443 3.707099075038383873 3.9158890785948838875 4.1441540187360308423 6.01747e-09 6.5764e-06
39622176.591375768185 5288 3.1128356544968558417 0.23452730961497070261 0.19626346454113977047 2.6704320964068397615 1.3953833390986303264 3.6923191034138946875 3.8305991886688590675 3.9797047716453000099 2.94866e-09 5.18471e-06
39622176.591375768185 5234 3.0990961937860075359 0.16790987012725624994 0.12452638227045553787 6.1632804555037505878 3.6453931290528447384 4.8834766420882331772 5.0473851583935447351 5.2059611818172726316 2.35138e-09 4.80793e-06
39622176.591375768185 6129 1.4789632769081093588 0.18801509282280789992 0.66963804853081509982 2.8401799821090931708 0.54058011966523167313 4.4953249858374793035 4.6838826565006446145 4.8718213629769353545 7.14833e-09 6.96495e-06
