93831622.176591381431 0 5.397542049237674 0.026470901613885232384 0.038136206068125524937 0.44828643839807774674 4.3606306246033410545 2.0685893516344942 2.0451800174258063514 2.0216321806165313824 0.000954966 0.000356051
93831622.176591381431 1 9.0407341772361000665 0.080951651510778641074 0.015842748907045636764 2.5188359145632337466 3.2247386735044600847 2.1618426204578540251 2.0929842713057116299 2.0228210498559691111 0.000285285 0.000238018
93831622.176591381431 5775 3.0680326296517015372 0.090815557995073903363 0.15314062406932013594 0.12832904662344310487 4.5507602363192383166 3.4735971046541402885 3.5045895176061647724 3.5368360700611050085 3.02463e-09 5.22886e-06
93831622.176591381431 6920 2.4217816722429312826 0.24943651205875952415 0.4288638454672806799 2.378972908826274768 2.1529864160206808599 4.7335582114630483375 4.9849334751174039226 5.2251630561390811636 4.48089e-09 5.96081e-06
93831622.176591381431 5134 3.536198518779642086 0.055192567093504958653 0.3541589615371111277 1.5860380741875033106 1.8316478989290700952 0.42347805356792833642 0.4013386146775688168 0.37977758652722770627 2.31886e-09 4.78566e-06
93831622.176591381431 5278 3.2027927144645058632 0.071587304446659075219 0.31811205472911485703 1.2732771590108753479 2.4792030552700641266 2.2487015582708265171 2.1916031846273633654 2.1333733997718482556 3.13887e-09 5.29389e-06
93831622.176591381431 5451 3.3213731171478162452 0.08134308296514904113 0.090611514087786518279 0.8810550722456050865 5.3823942765649954723 6.1855958049345263206 6.1932252208840230523 6.2005329855989073096 2.58702e-09 4.96345e-06
93831622.176591381431 5063 3.4801939022947370184 0.08581286751250292999 0.39311877867103339756 2.5713696504619312222 5.1476633187706415384 5.0231207839210645361 5.103869280255478813 5.1831899970582320236 2.23728e-09 4.72886e-06
93831622.176591381431 5878 3.2301886585491268455 0.11086178982409869431 0.035607483009016560604 4.2825798020032461721 6.1652847727278103918 0.29347660179891310595 0.26293520549314780554 0.23412045324291580473 1.44428e-09 4.08696e-06
93831622.176591381431 6255 3.2186033722860831752 0.12298452374106220997 0.14394304787134737378 4.0877986319544801219 5.9532040428729002812 5.363679408885323241 5.4582499762380232156 5.5485825884511710271 2.45838e-09 4.87977e-06
93831622.176591381431 5548 3.1828721260213206357 0.060584414535227358589 0.30763301718328611711 5.0998052678744052457 5.5573730349467282963 1.9856200405913946305 1.929451193625087102 1.8727217755289793377 2.11518e-09 4.64123e-06
93831622.176591381431 6443 3.1908512311423260499 0.23951294218510632561 0.29839604540189784698 6.0961410447215200747 4.1134103191421962364 4.5246010711713608998 4.7677166389001488511 5.0068630820947745974 1.88164e-09 4.46371e-06
93831622.176591381431 5990 3.095774478691155629 0.097760139232403633902 0.16238625755818983376 5.2366270665034191367 5.4518681783013764885 5.2041660619327831938 5.288544573404219129 5.3705226374431784819 2.30118e-09 4.77347e-06
93831622.176591381431 4189 1.105106654698123414 0.047260097534365365368 0.059069953402020883293 0.17204390937072372436 4.7886935972288640073 2.5640328204344191576 2.537695058874878562 2.5108581761812014399 2.51666e-06 4.91804e-05
93831622.176591381431 5098 3.1188272381299073643 0.074307768509078123143 0.05091081697744008483 4.6438238901039969875 5.9447975056140869299 0.030822702878085191797 0.028611750386864642781 0.02648596512957950358 1.90652e-09 4.4833e-06
93831622.176591381431 5929 3.2521409651912733807 0.13139059703399735834 0.19548356708067829435 1.4631313436277817441 5.1352838742689304041 5.0604454889434196119 5.1816165800866338387 5.2988061964998269815 3.18574e-09 5.32011e-06
93831622.176591381431 5467 2.9798569624818398438 0.1266318297323227593 0.17439094838895025097 5.4131040903307985346 6.1643270207615996625 4.6541884449892192421 4.7814159698751579342 4.9077462364347486101 2.43648e-09 4.86524e-06
93831622.176591381431 6282 2.8287975209153986 0.1065665294849984096 0.10023644993922785351 5.8989362416524446786 6.273095356404000178 2.005028198024503272 1.9059271633196430695 1.805289219034567072 2.68214e-09 5.02355e-06
93831622.176591381431 5694 3.1215929404475382114 0.15768792808233761393 0.32773990786040119172 6.1613311374753010341 1.4157614549810815241 2.4058387629433362065 2.2928060849817448741 2.1744646051455149838 1.21025e-09 3.85309e-06
93831622.176591381431 6392 2.9699374934020337236 0.14052068771771009104 0.21954793084765172884 1.0207522180777670595 5.7998939397033675291 1.415940496580914143 1.2781308336763990141 1.1435853288926491889 2.75286e-09 5.06732e-06
93831622.176591381431 6484 3.1273326908805536561 0.12638427950111114084 0.21696197537019401569 4.6811090861964785859 5.383730625762420452 3.5293156099902067702 3.5802742814399466376 3.6339555360120292526 1.88476e-09 4.46618e-06
93831622.176591381431 923 2.0052978886751366971 0.30995395033039846444 0.4001631618420786185 2.0419336466279371933 3.0786946672848785056 2.0476598628401716518 1.7454443310123519684 1.440205473562333971 2.53731e-09 4.93145e-06
93831622.176591381431 6739 3.1736376946896465157 0.16228007007396977324 0.17765378648414348328 3.6014792584336534631 0.052414876750720464094 1.1023693951965292115 0.9620192744749477276 0.82889314490185872497 1.84353e-09 4.43337e-06
93831622.176591381431 5885 3.5050444319680176264 0.068299023473286660235 0.23078559647562524315 3.5825955289436728357 1.8213220499936007002 6.1343357433082870145 6.1441446301717945744 6.1536104044912560695 2.25928e-09 4.74432e-06
93831622.176591381431 5405 3.171547120959958832 0.036206945292109007917 0.14396804109977778818 1.6141486966224052324 5.6618457233939176731 1.2106233393846288493 1.1769466111743003278 1.1435117205757239223 2.93677e-09 5.17774e-06
93831622.176591381431 6764 3.2741236502667545594 0.015486012697867356305 0.29845434623529765172 1.0835038462139154891 4.0511692840932136406 1.3441726542192296012 1.3291082008125951752 1.3140722841334648852 2.4069e-09 4.84547e-06
93831622.176591381431 6362 2.9979449947365379714 0.079410349926175016755 0.20583051249240200131 3.4858934245189860945 5.3472045127485836602 4.0541492373474667943 4.1186142037557544882 4.184432251397381286 2.92709e-09 5.17204e-06
93831622.176591381431 6775 1.5474870736242154479 0.094635629587503850013 0.23798468551879531363 1.9215957501862130918 5.8615758361314247438 5.5713569309607864355 5.631148320518198247 5.6885738603966009563 6.39874e-09 6.71246e-06
93831622.176591381431 6055 3.2550872338048097987 0.092371168590993465997 0.082565509373752510314 6.1633334840860500847 4.3274565393982715733 1.5141838657134847335 1.4220697098557337767 1.3307182664785695003 3.0525e-09 5.24488e-06
93831622.176591381431 6498 3.2305955474374830061 0.059047339202943860403 0.15467404371089116255 1.1462958469390682748 3.8281324722796559179 2.1670122259157600375 2.1172950183424585902 2.0668479605903660179 2.50157e-09 4.90818e-06
93831622.176591381431 6313 3.2529711692757334873 0.071780637017990978066 0.38172879577331031431 1.040133048005963845 1.3206739328218561891 3.1666479840794075074 3.1685157039391547151 3.1704480241833623566 2.33149e-09 4.79433e-06
93831622.176591381431 6300 3.232925542016776177 0.10864005078393054737 0.1808437072934630796 2.1382564369113308267 1.2230786303294578499 0.39773552838369324869 0.35755479459850897372 0.31953243657700991509 3.26125e-09 5.36181e-06
93831622.176591381431 5323 2.8311792625485230346 0.11429178276433735184 0.19946660043556113662 6.0393704413385354002 1.1891819046316933761 2.2628686164398228442 2.1712945466002242512 2.0769976316136689043 2.25995e-09 4.74478e-06
93831622.176591381431 4755 1.8604697183845959607 0.077533840749757609867 0.064966890476053584802 0.30305906292032674942 2.9904915058824399487 4.6157386419627961516 4.6932787481377600258 4.7707984316012019832 2.45943e-07 2.26531e-05
93831622.176591381431 3800 2.1136870337181776769 0.20289488078160591855 0.63880789200406440376 3.253453363155762279 0.19424156768493530678 5.8459379926966734686 5.9253368601408249461 5.9964027780445450233 2.3176e-08 1.03085e-05
93831622.176591381431 6956 3.5105703224437028176 0.15000879341550513169 0.40928883214605088492 4.8607316354104632694 5.5634568422133412469 4.2775175379925141073 4.4185944691066723067 4.5621756753362001646 2.20649e-09 4.70707e-06
93831622.176591381431 6197 2.093372046797505881 0.52266575566274142695 0.44204609339685041469 1.9866211208996860105 1.9612106339840686964 3.91999443737769937 4.4059961321052467653 4.9043201751736456018 8.02678e-09 7.23931e-06
93831622.176591381431 5080 3.2311839308218734956 0.14246637754491331407 0.18401290027787661763 2.2275313072558122762 1.7887408902159098734 2.2390427749137868929 2.1215639066579603522 2.0001650201138305718 2.57476e-09 4.95559e-06
93831622.176591381431 6233 3.1559789537508051716 0.16978108210711889692 0.18504706374027377058 5.2244083430021781567 5.4832116903044969547 0.58361199034202226876 0.49570494291747352333 0.41494825526811818239 2.38928e-09 4.83362e-06
93831622.176591381431 5489 3.2196531297122974458 0.10190948880263549225 0.33458807919671146314 5.4885195029570086334 1.7258885018120451171 3.1740508800810856016 3.1775451491558199812 3.181208260335888216 1.80848e-09 4.40509e-06
93831622.176591381431 6756 3.182692152195778057 0.072905056966094908266 0.30335909172605463047 5.3602908471099217635 0.18266749746860425074 4.8780145835365003038 4.9495565220256150241 5.0204207740005175609 2.22448e-09 4.71983e-06
93831622.176591381431 5116 2.7355879066543948852 0.17600400689609732585 0.043125337247975632782 4.6454990069332477987 2.7874761896241198045 4.0446852110856141849 4.1918071145290234369 4.3444958557063761972 2.56354e-09 4.94838e-06
93831622.176591381431 6951 2.9750446185184942216 0.025761584236394612785 0.056504765482462387949 0.58468659158114333341 3.3212708464812314979 3.0536267107688654932 3.0513336889082633974 3.0490116308300057035 2.54062e-09 4.9336e-06
93831622.176591381431 6295 3.27324340698454197 0.03561876146989829961 0.2446944164511882791 5.3743294359687769912 0.87602984675644379742 1.9782477643191815897 1.945304995665894543 1.9121550606445381071 2.30061e-09 4.77307e-06
93831622.176591381431 5923 2.9973642404521303462 0.071870256474168711658 0.24848301425580673896 0.21001936979669727501 4.0273966805802459135 1.9542062060701372861 1.8865830497647153585 1.818266608939941964 2.22479e-09 4.72005e-06
93831622.176591381431 5234 3.0141800998733483397 0.16753780476783636244 0.1350723869638392749 0.2557723029082760724 0.72463866255104725234 2.9489237365882816633 2.9137022780459909121 2.8758516434067975531 2.35138e-09 4.80793e-06
93831622.176591381431 6863 3.1668517191410461287 0.16264648208209928071 0.091911811358018319362 0.49735804762787777511 3.6533710776949175347 2.678546439044278582 2.5996697099208843085 2.5157791973508967232 2.72515e-09 5.05026e-06
93831622.176591381431 5146 2.7954505518453127699 0.084352709195880518078 0.022662976527251302988 1.3755411335256431116 1.9452019480658271355 4.7845789474074660319 4.8685566889845617311 4.9518828751610852734 2.55901e-09 4.94547e-06
93831622.176591381431 6969 2.2585791695033741178 0.31288810874245881477 0.17865593874726734547 6.24831640016373413 6.1511050908867357379 1.9016623965862753387 1.5841256881431986514 1.2712653746975082214 2.41679e-08 1.04535e-05
93831622.176591381431 5853 3.1435685427924000557 0.19373700116845629648 0.21996742660213561282 0.25699017334875634555 2.6679450520459533358 3.4163615307499752838 3.4749272689339032461 3.5383172229910790918 2.34516e-09 4.80368e-06
93831622.176591381431 6657 2.2440762187395475458 0.2170512382311062527 0.25602325705510703413 0.9684281443920812471 0.031765799439559865014 3.6277422000681438519 3.7412939893052095108 3.8637968290933013549 9.52311e-09 7.66378e-06
93831622.176591381431 5962 2.8331577793865743153 0.26028477301592306548 0.19600232854547930406 2.7861780448362956086 6.199995887656000626 3.7223435246338492099 3.8853821123438061491 4.06161610639367332 2.88829e-09 5.14909e-06
93831622.176591381431 6628 3.2542247984638135172 0.086456927973896410822 0.26581522997435141908 0.82288423685287936937 0.55879230773512900132 1.3232744129731734972 1.2402247554247547434 1.1584488670387027565 2.5094e-09 4.9133e-06
93831622.176591381431 5290 3.2173524406566444966 0.038954058623077575385 0.16944932400054082966 1.5805122975453691492 0.59156102336055060853 4.0694871994683499139 4.1010423016487695946 4.1329408378169976146 2.68653e-09 5.02629e-06
93831622.176591381431 5185 3.5348229659376588785 0.029845324260405016459 0.20089036311732375029 3.9430789465354307843 1.4329964311691565371 3.3437416519415017468 3.3498241022851114046 3.3559940224952047316 2.64564e-09 5.00066e-06
93831622.176591381431 6827 3.0875817145625328308 0.11516118603807018461 0.13150458706328155278 2.2876653668032171929 0.38079020685411379965 2.613035712249165865 2.5517271421307263779 2.4876688169389393757 3.04652e-09 5.24145e-06
93831622.176591381431 5324 2.0058241297367618294 0.1895814836305483031 0.14975023357005412539 3.0600836899338328401 2.8740798678474375194 4.0553318240171254416 4.2158689283765262701 4.3825576176225213842 4.64884e-09 6.03437e-06
93831622.176591381431 1410 1.6557670468738558966 0.43438957454861937268 0.26185992123585338787 4.751191944551742985 1.3661540832684455626 3.3382583226032123136 3.4532455329913238629 3.5864434123510720021 1.96181e-08 9.75145e-06
93831622.176591381431 6244 3.1789424259394842842 0.111864102452988598 0.34697388512978122321 6.2237215794742883901 4.3550181399172185337 0.43110496635634631968 0.38649438232840338525 0.34432791274799828818 3.08558e-09 5.26376e-06
93831622.176591381431 6327 3.0209042677177815328 0.16235941096837019915 0.18012855169792749144 5.2533173807288227053 0.22000718763665089162 2.2910377731500410903 2.1613687702504247312 2.026509462217613855 2.25041e-09 4.7381e-06
93831622.176591381431 6874 3.270388248736413761 0.093124189854855807247 0.33786638288427434107 0.48080092187269057868 3.4402121839152277616 0.29930121483384503067 0.27295965384922299402 0.24785498400710218037 2.61974e-09 4.98428e-06
93831622.176591381431 4112 1.7586331080030208618 0.40560100393812642539 0.83019012861037788653 0.44186949937272218536 4.3728648056995274018 2.0444416191345191613 1.632839554200413712 1.228018952435980804 1.99037e-08 9.79854e-06
93831622.176591381431 5511 3.2325858763918673411 0.066260588801352035548 0.17010970526136706682 1.9631262417837274104 5.6924628051739087908 1.0243715526463688104 0.96867165939660393459 0.91406405030349258123 2.90982e-09 5.16185e-06
93831622.176591381431 6186 3.2469773480178831804 0.023929505299457972528 0.17016032297727740064 4.2775357711288659601 3.0277367750198327379 5.0748899366643671627 5.0971720566932088303 5.1193518336587215956 3.14704e-09 5.29848e-06
93831622.176591381431 5195 2.7401857581227293537 0.058579674986627534861 0.075931650601576736181 6.2216411162491382925 2.6804951217777257533 6.0093613148479114727 6.0247802659109090939 6.0397496500622720461 2.26107e-09 4.74557e-06
93831622.176591381431 3953 1.169442307382791757 0.059631961251237368404 0.39332061522274724963 0.73773871068238172644 1.0292405685910923641 2.7369419544839370673 2.7127824699591873703 2.6879881561075231744 1.87457e-09 4.45811e-06
93831622.176591381431 6667 1.58120789972853526 0.14500535662105912271 0.35111886820580351376 2.3334568140634202038 1.7492042808647392249 4.6130686341523121641 4.7589228308894098163 4.9037712185938531206 1.85586e-09 4.44323e-06
93831622.176591381431 6816 3.130514833278098763 0.16187652631238372281 0.13306294737814908236 5.795928566021179229 4.7265596477445059875 1.2472476690160461121 1.0969362101728139525 0.95289629880740078782 1.76213e-09 4.36713e-06
93831622.176591381431 5762 1.0787299210014753559 0.3557818853071482712 0.27948435562287388123 2.4301933160078417195 0.59724260482089208679 2.1923439746823341068 1.8605338495571235313 1.5195813451399582394 4.50081e-09 5.96963e-06
93831622.176591381431 6595 3.0279926061494908396 0.045207582570714069381 0.19149234938746761969 4.2456906893518207013 3.7171840710440071653 3.464632970750840979 3.4793059186455450593 3.4942845647025317923 2.5233e-09 4.92235e-06
93831622.176591381431 5950 1.836321858342791824 0.25255664651671094756 0.26634776542814253553 0.8984262112790748489 6.0955718888156456003 1.4053171148082324038 1.1586082391156802274 0.92720411188398710323 1.07677e-08 7.98408e-06
93831622.176591381431 5351 2.9697339550711183698 0.12514532713511436479 0.11434548706944523688 5.243447653001395814 2.6285686954092462031 6.0088445403877681628 6.0409381232269927509 6.0709585849377027955 2.44807e-09 4.87295e-06
93831622.176591381431 2768 1.5678811754390149513 0.073924711557787861627 0.018016296483145257529 1.9242960998334273093 3.1117711315020168961 2.9183401101267589794 2.9013372499970806473 2.8837468129956165264 1.06163e-06 3.68842e-05
93831622.176591381431 5034 2.8313944340331533844 0.18549950470594847585 0.17811996583051176168 5.9292417741536356246 0.19062517854202670753 6.013652916264137005 6.0593504148854888669 6.1005258272841977885 2.20492e-09 4.70595e-06
93831622.176591381431 6928 3.182436315216153222 0.24063584724613817922 0.27339492964140221787 2.6708311651704703671 3.0332192549104504131 1.9729338537768283945 1.737998826927214413 1.5007188397298061311 2.08658e-09 4.62021e-06
93831622.176591381431 5914 3.2179561025861476153 0.059813351753097772356 0.056341108066219440509 5.2706195903918500179 0.67663420566861187666 1.9954137298215719465 1.9401961144013297744 1.884417518722692364 2.63408e-09 4.99337e-06
93831622.176591381431 5072 3.1055631720973053689 0.088232602657925179868 0.25811146593517120262 0.46341803776476947485 1.9174020086620440217 1.7288044287956512157 1.6409458030058823308 1.5529302054062892324 2.73643e-09 5.05722e-06
93831622.176591381431 6154 3.1551686846819397836 0.13286594998883274887 0.26227084465074490538 5.954979191861021981 4.9137486000611820813 0.28438284346106246225 0.24919678489961194501 0.21642863568771114613 2.04677e-09 4.59064e-06
93831622.176591381431 5312 2.9991191933534180336 0.088563192133204113321 0.12031417267519924075 4.6876377868746059718 0.50072822082950396716 1.2944733036073843291 1.2101730099038185973 1.1273064623630173475 2.46345e-09 4.88312e-06
93831622.176591381431 6126 3.0360580020672869317 0.24355634302083301046 0.12688791630069473637 4.2487927376861751583 3.9879206423906423673 2.2261186651586863938 2.0148755834018978739 1.7949425923400328386 3.04059e-09 5.23805e-06
93831622.176591381431 6952 3.2990577585992912901 0.15466028794342781549 0.13522297501790339624 1.3081828296837849646 4.0858827933673813604 1.3878435370995301223 1.2372644608126153187 1.0911271968329165905 2.57429e-09 4.95529e-06
93831622.176591381431 6073 3.2238121209214334328 0.016855833193906530343 0.3000355685598742328 5.7498279874936306655 4.0667611031983694758 0.17989880468870800279 0.17690738457685209473 0.17394099270353216569 2.87152e-09 5.1391e-06
93831622.176591381431 5578 2.8945052468624083986 0.23523190189327955468 0.25873695487948511484 5.1490880767125029038 5.6185523258457417128 4.5827866020911898204 4.8219232462895469382 5.0557454310707115042 3.04211e-09 5.23892e-06
93831622.176591381431 5231 3.1490821092457714769 0.11861633590926128068 0.27223840058090387206 4.7511123911335984005 1.4270246002703927957 2.0311377405647266237 1.921705744439345942 1.8103178302594800098 1.89135e-09 4.47137e-06
93831622.176591381431 6029 1.7708661302696857565 0.28997951851392639311 0.5287786488427033138 0.85382337735701507864 2.2631166540426104206 0.52878218194710369104 0.39643153694768418216 0.28446200709845570476 1.2969e-08 8.49478e-06
93831622.176591381431 6192 3.2288779018168334289 0.23967541282510088085 0.3020115919145248129 1.7512265386418965907 1.6656353111995594318 4.0566233877915021111 4.2640872768093815992 4.4800790448059437665 2.79503e-09 5.09306e-06
93831622.176591381431 5211 3.1125869057723720701 0.10577694535167554701 0.2462384577574903699 2.4416880545589041418 1.78020223745742312 4.3684636348298147013 4.4700571563114239737 4.572743410795146346 2.07199e-09 4.60942e-06
93831622.176591381431 5717 3.1298435270886439952 0.10078058431523220784 0.20837524174995467052 0.62046242447649102569 1.0313479242166245786 2.5272691389139838591 2.4665412834520572538 2.4035597250106026657 2.31886e-09 4.78566e-06
93831622.176591381431 5643 3.3108738490697429135 0.066096033755613306515 0.087042934962879875416 6.142795716913227011 2.804981050617251892 4.1539764905431404429 4.2110794432504823348 4.2690426233821288093 2.47115e-09 4.88821e-06
93831622.176591381431 6842 3.1919725947902009011 0.054451062985432417685 0.11293345290239477363 2.3256238888540856635 0.3213752478686898173 6.2585731120078573753 6.2598785739431992425 6.2611475354512355906 3.94698e-09 5.71398e-06
93831622.176591381431 6572 2.9603543343401237387 0.10626779257298481218 0.19799024930365802244 5.5607691587244678644 2.2619317197223121063 2.5878139846007117697 2.5291247897659427935 2.4680326586118632726 1.66053e-09 4.28153e-06
93831622.176591381431 5131 3.5413684143966555062 0.070456873688414398127 0.2185761819309495757 3.6002093136728858802 3.9481734013540163986 4.2015874590361139695 4.264186536338431921 4.3276842100241612599 2.25296e-09 4.73989e-06
93831622.176591381431 5534 3.2293509874590697883 0.11404456907216174721 0.079239137900362646705 4.4818795531890742723 2.6653047445944078042 4.3800691904770143736 4.4901726393731067333 4.601413010053266639 2.18919e-09 4.69474e-06
93831622.176591381431 6119 3.1367809255328915619 0.11792069052425689646 0.17311201011223045776 4.4346747905241361565 4.2541604380204827152 2.8072707574980824141 2.7661493008625108736 2.7229095481927978462 2.96829e-09 5.19619e-06
93831622.176591381431 5257 3.2268909326286685513 0.15294359558382727982 0.22007083088207429755 1.967720577705076801 1.7753507085758410966 3.8935465950558634241 4.0047762760866341125 4.1210005359959653859 2.20895e-09 4.70882e-06
93831622.176591381431 5240 1.6900917579688019554 0.23287034855876920236 0.34860757470832320903 4.6409340019600335836 3.6031637952007318226 3.3519389349434489667 3.407660212250052556 3.4688910046709229285 1.54708e-09 4.18172e-06
93831622.176591381431 2850 1.6955647301226137724 0.32952394917194588464 0.5393970205220462999 1.8027682156309301487 1.9453756395024512926 2.0962265237610258062 1.7784163222736346643 1.4559691372426881717 2.86233e-09 5.13362e-06
93831622.176591381431 5957 3.2150261370455570642 0.045526922509424513907 0.1133222441533703051 5.6180317343359114091 2.6572871726230409273 1.8355322278106853684 1.7913122423012843853 1.7468877664483937195 3.45473e-09 5.46581e-06
93831622.176591381431 6103 3.2886329502983731032 0.067202932494985809231 0.18249827911308549866 1.4797232731624563318 4.6211821570071371923 0.30743594627429732258 0.2877094008062802688 0.26864013026528771322 3.07621e-09 5.25842e-06
93831622.176591381431 6335 3.1015931276916157699 0.078462190712132590109 0.19601112372139056772 2.6177700949076547765 2.0059440168030628904 6.0116011512608036327 6.0319122165776590805 6.0514208416101515908 2.80706e-09 5.10036e-06
93831622.176591381431 5252 3.1237739958402404028 0.13019272037665785557 0.18312380367911615386 1.753316653235021283 1.9061625787643630137 3.0266358960524173405 3.0105972007021528647 2.9935912802693604995 2.42859e-09 4.85999e-06
