95901437.371663242579 0 5.3996919338062383531 0.049053098056002462923 0.037737784701689321143 0.78209989929919032647 3.0795485855067616932 2.570886313859127803 2.5438130690371689724 2.5162055687432185458 0.000954966 0.000356051
95901437.371663242579 1 8.9794434859184715236 0.042101806080221688966 0.01811201864864522143 5.1038095320962719725 0.10168242008247997676 4.5574619005880432354 4.5992075137926331507 4.6410399446140342405 0.000285285 0.000238018
95901437.371663242579 5775 3.0639365636524042991 0.10111387048025886892 0.14245852681875750823 0.10615716757012048921 4.1628102650180887068 2.1397580547880195034 2.0520134079596603627 1.9623828129277260945 3.02463e-09 5.22886e-06
95901437.371663242579 5252 3.1168843570925237607 0.098131848897626994255 0.13037879049788103636 3.9477719367044143972 4.463429917702979921 0.015896515289899985912 0.014406147201241763928 0.012992494239643801596 2.42859e-09 4.85999e-06
95901437.371663242579 5134 3.5269853910572432909 0.097633524155395237654 0.33485315240257368385 5.481740537767046284 4.6535182027040686847 3.1725690058377784553 3.1757559654465410404 3.179090801192743232 2.31886e-09 4.78566e-06
95901437.371663242579 5278 3.2049650751539155991 0.013263572103689027365 0.3423646776013462012 0.83980834006783811052 0.36456586089197678957 5.8833182267120909259 5.8884505441166137274 5.8935512280034867416 3.13887e-09 5.29389e-06
95901437.371663242579 5451 3.3183217719860187422 0.1150252612500905075 0.048409134327120094399 5.8548976016409408629 4.0026795822976470873 3.5718016501365013049 3.6225870595838580712 3.6758047596958847159 2.58702e-09 4.96345e-06
95901437.371663242579 5063 3.4507095727426468912 0.16517161331400265212 0.44554369555510986434 1.8552922244078313696 1.7984431254880788309 2.0087861550610228711 1.8529811848491239967 1.6943422166858566058 2.23728e-09 4.72886e-06
95901437.371663242579 5878 3.2250155175121362205 0.09102553996032398953 0.047490212460493230751 5.3098922921368414407 3.3364557252779674101 3.1417529260831975613 3.1417682439266356731 3.141784227131776408 1.44428e-09 4.08696e-06
95901437.371663242579 6255 3.2230377998156463093 0.14406777372511431201 0.14305527029599424127 3.7343328185395576746 0.0011107552760577879027 3.0027371763387415982 2.9811445118049042513 2.9581281566239945313 2.45838e-09 4.87977e-06
95901437.371663242579 5548 3.1808310275709419379 0.033486319380129164758 0.27871695026956466723 5.0513787397240257349 3.3289781153407531633 0.19967264013637622821 0.193136137403732977 0.18670885157322142378 2.11518e-09 4.64123e-06
95901437.371663242579 6443 3.1908954534190159258 0.1550783496113322113 0.25271310316578093902 2.6695447467516730811 4.2128355908359411686 3.9503361493085598077 4.0694896781872964553 4.1936083317112249347 1.88164e-09 4.46371e-06
95901437.371663242579 5990 3.0905081498278788033 0.10832550647778557695 0.1555902883872604392 2.1588244525406690144 1.9691582585593261356 3.3498819401507033966 3.3736082536857701086 3.3985165752774668668 2.30118e-09 4.77347e-06
95901437.371663242579 4189 1.1050122004266296205 0.05751932330792200454 0.032137063886392328027 5.3687804298657049173 5.3960314743299147011 1.2394705256614417799 1.1855525393941019896 1.1322489885608373328 2.51666e-06 4.91804e-05
95901437.371663242579 5098 3.1209168420479129757 0.091848188204070105312 0.023139876690130626452 3.7658999172606093531 6.1627417600524569963 3.4827015819535076524 3.5148860227599194594 3.548381584070932071 1.90652e-09 4.4833e-06
95901437.371663242579 5929 3.2500088204038091177 0.14260044911001915069 0.16429846265043451803 2.6143925909837855137 2.226610058785029711 5.5392818903132123864 5.6314146963553906033 5.7179154173435877695 3.18574e-09 5.32011e-06
95901437.371663242579 5467 3.0033270290812588144 0.080967870467049243843 0.11396372189577054501 3.3618676141086112352 3.943656585516183366 3.5014776818410742187 3.5311633039383649724 3.5619141943497876213 2.43648e-09 4.86524e-06
95901437.371663242579 6282 2.8278230990783104204 0.1251095543391625986 0.020576482218583949657 2.1597049123879235033 0.32369198378357860735 0.056882449524754540027 0.050163029978554686539 0.043889787350533497612 2.68214e-09 5.02355e-06
95901437.371663242579 5694 3.1203268475452419217 0.13346365381250627213 0.32905662939307200876 1.537545596419638283 3.8949748015377210208 5.6678651667872408382 5.7412003492520966574 5.8100459058839595272 1.21025e-09 3.85309e-06
95901437.371663242579 6392 2.974911446087459943 0.16862806972823884966 0.21242030679901000023 0.18781409338619009519 4.9029515871277622452 3.0931715567120838806 3.0841888477378773814 3.0745142700784513501 2.75286e-09 5.06732e-06
95901437.371663242579 6484 3.1229512426249863566 0.072540227023989239941 0.2592262605193759728 6.0273831925610048543 5.6798754984951358438 5.0487851459457466774 5.1165117145604064319 5.1832086596470041684 1.88476e-09 4.46618e-06
95901437.371663242579 923 1.9768072597552048819 0.24177672514238787715 0.38541827127052830093 5.7527426735958844262 0.31062792768220348627 4.5718567881529281749 4.8178561406648281462 5.0582894316171396198 2.53731e-09 4.93145e-06
95901437.371663242579 6739 3.1952216117370153547 0.14422409250070933329 0.22802206074925310264 6.1062967124186444678 1.0632936062960487433 2.5355273838260443675 2.4477642309601113091 2.3555350632395977151 1.84353e-09 4.43337e-06
95901437.371663242579 5885 3.5083467786921742615 0.050385331574975510127 0.308655527256850859 0.12423015937166585754 2.5778347232548366463 3.4154982717247199808 3.429474811795397482 3.4437803247952634145 2.25928e-09 4.74432e-06
95901437.371663242579 5405 3.1708857025653420791 0.047832627774888940297 0.18697451429312025861 0.60791550754414380719 1.6811810027605857965 2.5011061001438470441 2.471948208370998934 2.4422581492256565383 2.93677e-09 5.17774e-06
95901437.371663242579 6764 3.2825611802221685842 0.027756308682366125778 0.31174399754852966105 1.1808402097584043133 1.9543626334153534341 2.2952411706301263372 2.2742591162753753586 2.2530919660888830691 2.4069e-09 4.84547e-06
95901437.371663242579 6362 2.9986769624594011852 0.11356994223820142398 0.25716630688177211095 2.4882989252445733008 1.4586764960559428506 1.1354547388936280239 1.0346529686091701095 0.93701857735071514277 2.92709e-09 5.17204e-06
95901437.371663242579 6775 1.6687735399801315594 0.11457780701705043425 0.25714703757851942179 2.4026226374570849309 6.1029637004351569018 1.6667652950269455925 1.5518308960683193654 1.4372736945396993313 6.39874e-09 6.71246e-06
95901437.371663242579 6055 3.2555826106674361498 0.053028827061957474476 0.053813089127418153867 6.063926383937156217 0.65208784829133126237 4.0751790887227610227 4.1185088147427153515 4.1624578156995672984 3.0525e-09 5.24488e-06
95901437.371663242579 6498 3.2310373602721829123 0.072063119391905808286 0.13913334498968740749 1.8464987976335076603 2.1720355161709301584 1.2066470809431031341 1.1401016579741412027 1.0746196349884589161 2.50157e-09 4.90818e-06
95901437.371663242579 6313 3.2608568676978229028 0.041773258406553458177 0.33698637044120877126 5.6294702962205187546 1.2010609337023152587 4.3868927963411197268 4.4267510045782891837 4.4668316976815471975 2.33149e-09 4.79433e-06
95901437.371663242579 6300 3.2242014653925150647 0.063709081151475416283 0.22425438777077905117 1.8070201858679240114 4.8283049747143893526 5.6894692226273368973 5.7242250023416483273 5.7580102481470385456 3.26125e-09 5.36181e-06
95901437.371663242579 6103 3.278903175620099919 0.037318793167417957379 0.11394978893065385583 3.2960275564287448979 4.2197978830485407542 4.4044989427931016124 4.4402737871119173363 4.4762194185760293408 3.07621e-09 5.25842e-06
95901437.371663242579 4755 1.7995756445762007836 0.067482833810294948207 0.013604605039373914369 4.9206606202709481934 5.7116033082783133068 5.0264213490516009841 5.089992250218043246 5.1527209834218918871 2.45943e-07 2.26531e-05
95901437.371663242579 6335 3.101173372984919574 0.033400006673632645637 0.22004926836510468879 5.4195812075131764018 5.9291716579365152384 5.9797196983294123029 5.9895466469615810112 5.9992138463063948706 2.80706e-09 5.10036e-06
95901437.371663242579 6956 3.4999860157124991211 0.22446876877962237962 0.36239503464651584563 4.1607459071362544734 1.119618737283645693 3.8432826434784583824 4.0036626155404491101 4.1740773876293966183 2.20649e-09 4.70707e-06
95901437.371663242579 6197 1.91810378984033858 0.52418844762526817238 0.51079679784810039234 1.4510145889152754606 2.5708187499824748379 3.4548621458031112397 3.6925372190542802286 3.9669458146184841674 8.02678e-09 7.23931e-06
95901437.371663242579 5080 3.236887811259769876 0.12400844786704322276 0.16425693403769753287 4.2438507983905466858 4.3556456628501702966 4.3440695985079722519 4.4627325422033710112 4.5828964011862423078 2.57476e-09 4.95559e-06
95901437.371663242579 6233 3.1635622542926840062 0.18749156810833528253 0.2091712777217270558 1.8189600817864040039 2.4364196840626566321 0.91874017928763862528 0.7767819969101673605 0.64535264635874323158 2.38928e-09 4.83362e-06
95901437.371663242579 5489 3.2156884956272779874 0.080654734675036587888 0.27853790036987674528 3.2121762793992316709 4.405999020393760901 3.3333280340593312019 3.3493582149122951286 3.3659951921667086161 1.80848e-09 4.40509e-06
95901437.371663242579 6756 3.1803458263862309785 0.06709209524665843416 0.23655492806398353833 3.8206776537353563938 1.5081178511699147027 5.4295075351281587572 5.4790286850204665825 5.5273514869855810971 2.22448e-09 4.71983e-06
95901437.371663242579 5116 2.7199901412208191687 0.17374705245993316005 0.062255510444731862463 5.6086024910198775117 6.0252040081620528156 3.138132400834666047 3.1374684662255716283 3.1367519028585779672 2.56354e-09 4.94838e-06
95901437.371663242579 6951 2.9851491760973876133 0.054315645423697302141 0.039985022765008905454 1.084885891970929217 2.7381004208958539259 2.4993582079771927695 2.4660785982267228178 2.4321151033176331424 2.54062e-09 4.9336e-06
95901437.371663242579 6295 3.2768003411437645056 0.010674618197061206196 0.27383545092579614222 1.008867293886470673 4.9115084546032852231 1.3803768598121468614 1.3699055616437052496 1.3594456183306440344 2.30061e-09 4.77307e-06
95901437.371663242579 5923 2.994818388371122353 0.045795370725424638936 0.17724623377442744188 5.6447719738851738214 5.0006844505293432945 0.93618219339285968505 0.89978227374863617438 0.86391572635575009098 2.22479e-09 4.72005e-06
95901437.371663242579 5234 3.0098807625640264796 0.12596607558960584705 0.12811016301526662042 0.12894525961245026369 0.30753861442612390187 3.1584213091518504868 3.1606931641227582475 3.1630990341813975952 2.35138e-09 4.80793e-06
95901437.371663242579 6863 2.9719271173847743306 0.10521048270308347439 0.1476444350567759356 0.62521846205615150271 1.2050306645332817812 2.4757697955742328233 2.4078053836204644789 2.3373472887437483081 4.9851e-09 6.17648e-06
95901437.371663242579 5146 2.8108152931850778344 0.16883068492102323854 0.092833717750304578509 2.4255822018772730253 1.4000248115612865529 3.9017131973739935802 4.0264124060393005067 4.157053729430864486 2.55901e-09 4.94547e-06
95901437.371663242579 6969 2.2431817392241528708 0.22269369571135030905 0.35979879996655239616 5.7644478960632001829 3.0477070128514327507 2.6949487079958887037 2.5866124398032033227 2.4692692337601180874 2.41679e-08 1.04535e-05
95901437.371663242579 5853 3.1396983734235326402 0.24501371165041474498 0.1587236997961788687 5.784349531460720506 4.734345349139533532 3.0953236018323280199 3.0821828852360289019 3.0676352386115777193 2.34516e-09 4.80368e-06
95901437.371663242579 6657 2.2323087274954636072 0.23348742907553332593 0.303139885866954506 4.9423249831996738379 1.3806030465503287274 2.6720283311009800364 2.5523935169739377926 2.422645632609505828 9.52311e-09 7.66378e-06
95901437.371663242579 5962 2.8329476417401098232 0.15844581295832696477 0.2658748947177184685 0.97914958472859758842 5.0305600329770570056 0.11361738016055908385 0.096866970351323883337 0.081542795737116188781 2.88829e-09 5.14909e-06
95901437.371663242579 6628 3.2500754158744182831 0.13256332238513202082 0.25745339335823075322 1.0930989967282689346 1.7890063723134912443 4.6934090936034085217 4.8265075762949880556 4.9582086454055529501 2.5094e-09 4.9133e-06
95901437.371663242579 5290 3.2241022406892927421 0.069427755151849152027 0.11808433410381316553 4.9020967491935909521 4.0959628842959308059 2.4977607447283785014 2.454848929707784233 2.4108301762341093344 2.68653e-09 5.02629e-06
95901437.371663242579 5185 3.5405394612131422249 0.057611144073301048807 0.2709890150774673101 1.6119796153950680662 2.4312921784664580649 5.3893448291087793223 5.4334846361248674285 5.4767553766459000641 2.64564e-09 5.00066e-06
95901437.371663242579 6827 3.091373070828686842 0.13305267800257361555 0.095628108550516385811 3.7671482888966787428 0.50211196443342287488 2.7893103621139880843 2.7401209108082404953 2.6881274521441267389 3.04652e-09 5.24145e-06
95901437.371663242579 5324 2.0200692314164347962 0.085699402420236964195 0.16807830546676319483 0.54060446210994594907 6.2802136026708144101 1.4687677275433070889 1.3837798980578457364 1.2995748071937172075 4.64884e-09 6.03437e-06
95901437.371663242579 1410 1.5427839912236238629 0.58747723550984698448 0.28585014477945364098 2.0492151287685929084 1.1028022782356818876 3.29753587467987197 3.4457589966120392155 3.6217071889434859777 1.96181e-08 9.75145e-06
95901437.371663242579 6244 3.1812559745035153824 0.028403231401295688657 0.25524240164662181929 4.795579256761203446 3.1419027046383996016 5.6947046154996492362 5.7102899108928655281 5.7256863772676851454 3.08558e-09 5.26376e-06
95901437.371663242579 6327 3.0236348615969736997 0.11640387482661880558 0.14585926258228487651 3.1517547239686596328 2.8734112962436144656 5.7977380094523107701 5.8495493564649239104 5.8984591210957697527 2.25041e-09 4.7381e-06
95901437.371663242579 6874 3.271743293538110553 0.1109471515694758631 0.24623540018045680933 4.8682119407442865366 4.4615018001946769033 2.5825288756374744636 2.5205984990722067884 2.4560445652559765861 2.61974e-09 4.98428e-06
95901437.371663242579 4112 1.8970733744830192702 0.25481944104202586265 0.84137015701652762001 4.5229038108880903479 0.83893323016964937988 1.4462831507527000863 1.1946008048243481614 0.9576011242289821368 1.99037e-08 9.79854e-06
95901437.371663242579 5511 3.2234621293105014672 0.065049425742817301721 0.15443767309126935072 2.7114558209731831617 4.8432270478212826603 3.8723300367000228484 3.9168638753662339269 3.9623926069785664339 2.90982e-09 5.16185e-06
95901437.371663242579 6186 3.2437090261732923757 0.088698767039479223251 0.2513977110820947436 1.5424790658641724939 1.8742252129162839669 0.41647591383662690978 0.38193030628658003467 0.34887117732604994158 3.14704e-09 5.29848e-06
95901437.371663242579 5195 2.7491177596550961937 0.090615049152702825674 0.053839265554142173853 2.4085654759753571952 6.1352301936016964135 4.3901003757474370559 4.477428141514994131 4.5655534025527515496 2.26107e-09 4.74557e-06
95901437.371663242579 3953 1.3091451606593327295 0.17138620692107361942 0.31376384781487792752 0.031640557035138058839 1.5444818528491022214 5.3074293752104546584 5.4436055956035636072 5.571179065733789848 1.87457e-09 4.45811e-06
95901437.371663242579 6667 1.8893534114397843027 0.52289536155305704757 0.37658019479383925132 0.27749886615262586709 3.858465571253282711 2.7301492178997670557 2.4278809827562413126 2.0855706381042242725 1.85586e-09 4.44323e-06
95901437.371663242579 6816 3.1270344194146737493 0.16151960600602838225 0.14225640000910616534 6.2132981552457104968 5.0955580024597191269 1.2527191319201789188 1.102400285616515152 0.95827738265978767984 1.76213e-09 4.36713e-06
95901437.371663242579 5762 1.0581643494513370829 0.40173517753490917137 0.24029686628972379836 3.3420454943900614886 5.8586678371002118837 2.7393984570234568565 2.5366717037945152313 2.308206091230528223 4.50081e-09 5.96963e-06
95901437.371663242579 6595 3.0354927121592258921 0.031639065312981697053 0.28245090663939764752 1.4853775065455434579 1.0556990082438879597 5.8636137859580763632 5.8763219732912013171 5.888842521805818464 2.5233e-09 4.92235e-06
95901437.371663242579 5950 1.8272413515221059832 0.37279865159664349328 0.25397216223747576258 3.2430518966698795857 3.6070452961889682975 3.5763641831600865295 3.7732652860093351954 3.9934011995802545236 1.07677e-08 7.98408e-06
95901437.371663242579 5351 2.9760443400146510129 0.091713153106254635683 0.16426621631936816348 1.1919292931410829794 5.7165039960041159617 5.02852055482330762 5.1145893963787765202 5.1989840125204489496 2.44807e-09 4.87295e-06
95901437.371663242579 2768 1.5770148936384236205 0.015853752321997122143 0.053142786261695836025 0.19487087616556908465 1.5404166190532686542 2.6128327093454855046 2.6047794958324099746 2.5966718868433971146 1.06163e-06 3.68842e-05
95901437.371663242579 5034 2.8299775092490770945 0.29454880095449248456 0.20569516568829307457 0.80180708211780826744 2.5138829243154030557 0.21662892447473464097 0.16020038554855278723 0.11321513032778303398 2.20492e-09 4.70595e-06
95901437.371663242579 6928 3.1822394707119694424 0.1971022721122947241 0.25465505240969810163 4.1902669415370912276 2.7107437134864187378 3.7314748038686706977 3.8520390429044168989 3.9805836713849243047 2.08658e-09 4.62021e-06
95901437.371663242579 5914 3.2129218235247769542 0.029381205957576365939 0.10636563072367086202 1.32360398668742274 0.53277445168837345157 2.0777985303172861187 2.0519246468571177289 2.0258789915616315369 2.63408e-09 4.99337e-06
95901437.371663242579 5072 3.0995297957197189831 0.10531489320933706821 0.24497488940182357564 1.7736797356607865161 2.6949403154309332642 5.9065124623913867197 5.9435359288580285053 5.9786222723339692564 2.73643e-09 5.05722e-06
95901437.371663242579 6154 3.1587598063203197185 0.12170478520157766711 0.28822103695258394218 1.0823737773114971983 3.5859818250377397675 1.2070022333372196766 1.0953826993013344726 0.98717455151378008527 2.04677e-09 4.59064e-06
95901437.371663242579 5312 3.0005418715006215713 0.13194232584237114425 0.16813670148175258179 5.9337593543301192511 4.4701254395776501838 5.9309456679302652304 5.9739821281324996249 6.0141321383480512708 2.46345e-09 4.88312e-06
95901437.371663242579 6126 3.0353971156196628556 0.1901202071769391988 0.1401201677358757669 3.3467888838050026123 3.5382179278467860151 5.3301340398321555014 5.4780401711030206613 5.6151037660729397061 3.04059e-09 5.23805e-06
95901437.371663242579 6952 3.3169131148034591838 0.13933093129895623985 0.073603060971399167367 3.2995041014175332528 5.7533176760422470863 4.1251658236018187154 4.246280030345330303 4.3707476586604805391 2.57429e-09 4.95529e-06
95901437.371663242579 6073 3.2040283563448359594 0.056055334965138751968 0.30219506452904015825 2.0109410703309671398 2.7709795740247278317 3.0614934750660967033 3.0568756542559767375 3.0521324928231114981 2.87152e-09 5.1391e-06
95901437.371663242579 5578 2.8925070423478382864 0.2320741737318629816 0.29335688140665294732 1.8540779733696854947 0.41637009644420047705 5.5736529224652171521 5.7141454371506616994 5.8391924477564494111 3.04211e-09 5.23892e-06
95901437.371663242579 5231 3.1510101155464531608 0.08419926684740959566 0.2504563105126562661 4.7211738581223050559 0.91831480934735332244 5.2140478352454868727 5.2865020952663179798 5.3572020549844312498 1.89135e-09 4.47137e-06
95901437.371663242579 6029 1.7999458499055696059 0.25423401714381449468 0.51785542113085947236 2.7530143447573447446 3.852360099142599914 5.5494789654682827873 5.7070786345171784504 5.8455759632750190491 1.2969e-08 8.49478e-06
95901437.371663242579 6192 3.2272773295150609663 0.18546306118972688548 0.34804426442161057187 0.70100514130879443275 1.2542113713652238705 0.83666218674166992209 0.70614413571018275206 0.58579626653439620387 2.79503e-09 5.09306e-06
95901437.371663242579 5211 3.1228975291144380755 0.029280414411590294232 0.33241018952621553817 0.66341179263419591816 4.2053888300039847792 1.0927825272243800736 1.0669540004781856712 1.0413121466592076825 2.07199e-09 4.60942e-06
95901437.371663242579 5717 3.1395494753657389175 0.20967934088300713147 0.1692038959592536973 5.7771915743852186864 4.4662450390346153384 2.3832824830818664097 2.2256342830888851125 2.0593278208830798626 2.31886e-09 4.78566e-06
95901437.371663242579 5643 3.2899887188055068066 0.085257613993648756479 0.041291437886067358654 1.9981129067498368812 0.025963858290643789667 3.0039783882399238024 2.9917439862673109729 2.9790160051832867971 2.47115e-09 4.88821e-06
95901437.371663242579 6842 3.1936424300732695336 0.065026964580835594498 0.13222385155953708669 5.5696032384517470959 5.676048825657137975 0.91679187865146616332 0.86614226281289485865 0.81660240074515111353 3.94698e-09 5.71398e-06
95901437.371663242579 6572 2.9586294637001664398 0.16251212143041471325 0.22165532251400721364 1.4668550053172362269 2.6941445101280367957 1.6536270795544478762 1.4898446315455906586 1.3278647047347063026 1.66053e-09 4.28153e-06
95901437.371663242579 5131 3.5322186489303737389 0.13193971036917287454 0.22811362182796632303 3.6125719765681099105 6.1049002695342799996 2.066344098557083786 1.946118525973465907 1.8233631967768575421 2.25296e-09 4.73989e-06
95901437.371663242579 5534 3.2222033591664933638 0.16073237825495104159 0.15197426228058444342 0.41612800362482454952 3.5773565798989062081 0.80076680715454473525 0.69092590080240345873 0.58849903097026146082 2.18919e-09 4.69474e-06
95901437.371663242579 6119 3.1433304872942420261 0.10483047709917682477 0.13262743139726168584 3.889623944904643249 5.2752571894804374253 2.9245011830772873473 2.9006354754269114693 2.8756195416662335695 2.96829e-09 5.19619e-06
95901437.371663242579 5257 3.2157774562926424444 0.15382735986638301773 0.27255171595271532325 0.023465647762485827149 3.2966936480390787167 0.487535981596105783 0.41970851796132946365 0.35702474767524877697 2.20895e-09 4.70882e-06
95901437.371663242579 5240 1.6913924859311764148 0.26840650771247420714 0.34081146147230040322 4.4108036864519073461 3.9429813855283413204 2.1715604475420016151 1.9283290309580134458 1.6768957082953190874 1.54708e-09 4.18172e-06
95901437.371663242579 2850 1.7205812902055725999 0.2020668735581525044 0.58391101782442278445 5.429320637734359245 0.28748072926426915252 1.3197051201689087296 1.1274217458423652083 0.9448928906145704909 2.86233e-09 5.13362e-06
95901437.371663242579 5957 3.2104304709439888121 0.04682974924608201972 0.064128929747924182103 4.6505526502849328097 1.0274848261385689518 1.683437734014892273 1.6367647663234337063 1.5900368778004529968 3.45473e-09 5.46581e-06
