34595482.546201229095 0 5.3981540225065858252 0.034429496776261302171 0.016444079402366293396 0.085582321274264447353 0.98211267177285099805 0.47950488473783875465 0.46385587989139803744 0.44845212754579061309 0.000954961 0.000356051
34595482.546201229095 1 8.9941265884804728614 0.083825592025660505824 0.059302903409461926731 0.96198555468354307596 5.4555302756826655752 4.5012289197233892324 4.5840187669815364302 4.6671546296896879724 0.000285285 0.000238018
34595482.546201229095 6992 2.3421517935034965596 0.3443181527878917958 0.30746219051826051416 0.099726733352571539371 0.9624222459871345503 5.172633503772831709 5.4654758285301587861 5.716683904027890506 1.98059e-09 4.54062e-06
34595482.546201229095 6617 2.7531374161885011631 0.18845050709167474046 0.047631001482381037093 0.021595506921358854219 0.43534522376249545905 3.0279167422814294852 3.0040983916102628193 2.9782690904803943432 3.93262e-09 5.70704e-06
34595482.546201229095 6751 1.3824983180786678538 0.2583785139042582002 0.32275471132273086949 1.4797509861668760589 3.676537108770578488 3.7672170654230030529 3.9390656189762740524 4.1239595266352182534 2.66624e-09 5.0136e-06
34595482.546201229095 5931 2.6834709257394235848 0.22463543364599808383 0.87385800569335303489 5.7574631638321331906 4.9114656181951321656 0.82115713467565487615 0.66689906109074004181 0.52795026949992540644 2.66585e-09 5.01336e-06
34595482.546201229095 5740 1.6646417644286291004 0.19402789258601996214 0.17395576033495491197 4.6537025429448748426 3.2413324752666663464 4.1749986677095272114 4.351698005025015803 4.5332408211796080266 3.09097e-09 5.26682e-06
34595482.546201229095 5588 2.6866778976512173394 0.14920464568735983257 0.12361663561519968535 0.36320309862954563984 0.46710754960221406717 1.7066663054848976167 1.5567598741860595446 1.4075699265563659246 2.40685e-09 4.84544e-06
34595482.546201229095 6582 1.6413806543278761652 0.4075504612327616738 0.16800512451457907948 3.5085149742049464017 4.5673436392200432721 3.1782035578765013284 3.1980148564489474516 3.2209975526161205295 1.86721e-09 4.45227e-06
34595482.546201229095 6171 1.8354017450347710483 0.084936170731812060675 0.19779546636361752809 3.6240527993578539601 5.6621352454719007241 1.6623391340111060011 1.5773259053098329652 1.4923915452152070049 2.39216e-09 4.83556e-06
34595482.546201229095 5921 1.5953211405879903495 0.14577420263333179529 0.32579385888133211013 5.4453989227083079427 3.8172070746675892394 0.47901604307624695567 0.41561282705472324395 0.35675639613993337385 2.32801e-09 4.79194e-06
34595482.546201229095 6443 3.1946475249756050019 0.16719132138521730635 0.29265364339335403487 5.529321722446788101 0.42111402972617079099 3.8824158727991018303 4.0034315132862072772 4.1303365847228912244 1.88164e-09 4.46371e-06
34595482.546201229095 5990 3.1180430126439553362 0.10456204901215486458 0.17962367497790493465 3.5248469125461330265 3.3500007770685651387 2.5411601112147570447 2.4792617399985519278 2.4149606190665551253 2.30118e-09 4.77347e-06
34595482.546201229095 6883 2.3277112754643987103 0.24969322700522522673 0.026059454609196858882 3.4426666585946339438 3.4532418097496329068 6.2577138585379197266 6.2634483247841448161 6.2683761956545041016 1.23696e-08 8.36184e-06
34595482.546201229095 6035 1.8017464094866448843 0.08565853108739888977 0.10113552172010292773 0.73605205136354823203 4.4879565569004178371 0.96701502815958750858 0.89807892531715283191 0.83108270654957805412 1.91047e-08 9.66563e-06
34595482.546201229095 6793 1.4553095830255979859 0.20875386765046388682 0.22278807096709324354 0.81656619605430391662 4.5387093228263202249 3.2392589887396328052 3.2622561925786075498 3.2873840935524998308 2.0508e-09 4.59365e-06
34595482.546201229095 5467 2.9710474905528339029 0.17246646634694726141 0.14236526056525836137 2.1275478214600953564 6.2630774063311003275 0.30896145266841318344 0.26017254680516987975 0.21580601476130850669 2.43648e-09 4.86524e-06
34595482.546201229095 2413 1.9473806155735065015 0.33040069210886202633 0.5430418821724445344 2.5230538319350310772 5.5887323971577673731 2.1933691114790589971 1.8891866277987821032 1.5753916942271048995 6.11801e-08 1.42469e-05
34595482.546201229095 5694 3.1182863209198043997 0.029572651731994022833 0.32694101981710771421 5.3484655324701009249 2.6428715626287755391 3.8992599741970463967 3.9198076400032468847 3.9405679168147691449 1.21025e-09 3.85309e-06
34595482.546201229095 6054 2.3160334016988382011 0.46554693157889981414 0.064971091996981908401 3.5985648149736655377 6.1496083009961060029 3.8207717282391366886 4.2002313410676048733 4.606043557846267511 1.3494e-08 8.60789e-06
34595482.546201229095 6484 3.1347591495273485762 0.097892619771461727995 0.25987743681709485344 4.985061342200062029 5.7009363446759708793 4.8197051209384458303 4.9166827602719669343 5.0125396544192692971 1.88476e-09 4.46618e-06
34595482.546201229095 923 1.766154531567102115 0.048722921726912338247 0.20065985775355699161 4.5603970667942625994 2.0234439985402969953 4.2037263747389879143 4.2468109788217853762 4.2903479412774592205 2.53731e-09 4.93145e-06
34595482.546201229095 6411 1.6084290175068547413 0.32046921813199408247 0.020609530731170493112 2.0131913091402027227 2.2749812918017142671 2.8137779952686061691 2.6884046339258622638 2.5480923264714210319 5.10394e-08 1.34117e-05
34595482.546201229095 5448 2.0175173454874024692 0.21887500784051394653 0.12002831268056443625 2.2646875606120575597 5.4729040290072896724 1.9523289148721787445 1.7386688565919479199 1.5228706914838625597 2.56033e-09 4.94632e-06
34595482.546201229095 6528 1.819941528532648789 0.11488438410641163556 0.28357455044572188463 6.2672165870889298134 5.4676867513209259641 6.2173322684680254469 6.2245048826948137233 6.2312424788692153399 2.31313e-09 4.78172e-06
34595482.546201229095 6764 3.2657292422707864255 0.020958351148862276736 0.26851595465405475593 1.3797346339322589248 1.1730118676708156666 2.1082365463856285182 2.0901342530666169317 2.0719393032562938295 2.4069e-09 4.84547e-06
34595482.546201229095 5259 1.8490574907290486806 0.15666672510972728949 0.097104102520957275013 6.2675400546302535432 2.5252018209511208902 3.7340786659837421624 3.8281978452068368135 3.927511277196165107 2.21606e-09 4.71387e-06
34595482.546201229095 6809 1.6944497664648130453 0.08917972037874662139 0.30268215681227911285 0.48282646560186259777 2.9491525633798150174 3.9108254905988104611 3.9750206010531439205 4.0410350391435398976 1.72631e-09 4.33733e-06
34595482.546201229095 5328 1.6632581178952337009 0.57998474745452688328 0.48568507973786562149 1.5892867598498854331 1.8915085815660594992 2.9660929831193909578 2.803586685001800749 2.6112599450227413911 2.1043e-09 4.63325e-06
34595482.546201229095 6498 3.2422912737637092917 0.044119709181406896459 0.12573301284450374982 4.8663234027640607238 4.6767334465316485748 4.5633670217745638809 4.6071555075726413619 4.6510311494356226802 2.50157e-09 4.90818e-06
34595482.546201229095 5668 1.4893235084822573633 0.2477308043817628147 0.13180419987107039326 3.8296488275995588246 1.479378960520803199 4.7926047522127479539 5.0396799895203052699 5.2742604254752549764 5.17696e-09 6.25473e-06
34595482.546201229095 6300 3.2651916564462228898 0.067698196908052746257 0.24030665079667654083 3.2959156243062901481 3.4265545389342140226 4.4611054033872576952 4.5272864668417520662 4.5938282017496971932 3.26125e-09 5.36181e-06
34595482.546201229095 5204 1.561333829097624859 0.28042517157220053781 0.3663106997318066882 1.1063425556992358967 3.5628461674292464245 2.7527703973351660416 2.6278918422066119831 2.4900898586982984639 5.21728e-09 6.27092e-06
34595482.546201229095 4755 1.9169541163154542041 0.11040563682795451195 0.043426960339679056278 0.46700235006817780725 4.9501991347348184291 2.2313995747808617054 2.1409397149508779812 2.0479976454373014505 2.39615e-07 2.24572e-05
34595482.546201229095 3800 1.623845798951139674 0.083914896328672453074 0.057602282133228467631 2.6814963548590644571 1.0566960811267862574 3.4629417470152081826 3.4905939048792555823 3.5192893957772013458 1.79108e-08 9.45995e-06
34595482.546201229095 5861 1.7589925353479896053 0.15607390913844826352 0.0576478309269538719 1.3681920413693755556 3.3268291327289229997 4.4695447700655037693 4.6245951083860559194 4.7800679133447578906 1.95257e-09 4.51911e-06
34595482.546201229095 6719 1.6497274478222716532 0.17729154068013630585 0.29118179167553775999 6.0281020898664863239 5.9986500256541361864 6.2370801205870121109 6.2446415609384668954 6.251473349225927123 2.09817e-09 4.62875e-06
34595482.546201229095 6815 1.9490252933875200636 0.59225521669098191158 0.13694670335780431691 4.7681040417712523549 1.5012868411700015514 3.4794632811376127179 3.7917727227921749211 4.1502824227371437615 3.57143e-09 5.52668e-06
34595482.546201229095 5480 2.0165023114354538869 0.63835818773402352999 0.18511984903694780891 6.1846929639189838213 1.810436977259074931 2.9700070825722120205 2.7794903557473022992 2.5533577211156335274 1.6026e-09 4.23115e-06
34595482.546201229095 5093 1.8827338993631570485 0.050565319236804913416 0.09626521268661039632 5.438599044705306973 4.0226268538765221905 0.46858811762292290615 0.44624217475800947996 0.42441925758453108442 2.98948e-09 5.20853e-06
34595482.546201229095 6676 1.4277580680411168235 0.23225439323892607679 0.11604118954118677887 2.9768411757075954327 3.9055721646448091633 2.719971177057472822 2.6121122839730372966 2.4948040895095644487 2.23147e-09 4.72477e-06
34595482.546201229095 6526 1.2556302829178931368 0.35750965108957771799 0.17467031922997799942 1.0908669305088478652 2.1881401001078062407 3.467854312000259398 3.6112628085196334382 3.7730688813575548046 1.74858e-09 4.35591e-06
34595482.546201229095 6951 3.0016426996847380693 0.027511630720254559579 0.09519607961589365841 5.6316892394561248736 2.7528246918198777671 0.36763738316021538077 0.35787295441614436209 0.34823610495214202265 2.54062e-09 4.9336e-06
34595482.546201229095 6202 1.7587398014160615656 0.31761188649126531613 0.2689882826374895286 2.9640516087511903365 3.6586755127043177893 2.821788556405503634 2.700663722160106861 2.5651134059102176366 4.75227e-09 6.07879e-06
34595482.546201229095 6083 1.6408052869900744408 0.14666934061158551361 0.12386744022771202511 2.104580566203681613 4.8642436252725378409 3.2576130305766159978 3.2760323209782322706 3.2956911541985265401 4.91269e-09 6.14644e-06
34595482.546201229095 6402 2.9659853542444265528 0.23497632547638983014 0.23172362957913400505 1.5078376801260129358 0.55719864142192399026 3.2863963222142320575 3.325376108965843347 3.3683181762270115733 2.16272e-09 4.67574e-06
34595482.546201229095 6242 1.9929752054014373552 0.38748953137542219149 0.42946180730532973469 1.2384924100339660402 5.9151989704038436813 6.0075508519722635725 6.0993993160495856287 6.1702142310411396409 2.33848e-09 4.79912e-06
34595482.546201229095 5146 2.783646870944534335 0.063470305613352179241 0.14011244050130494676 4.3770321096512541104 2.8953684123591680866 3.5550641760321286533 3.5813550272381013961 3.6083758888344235061 2.55901e-09 4.94547e-06
34595482.546201229095 5492 1.967018012810578087 0.24376329363428508867 0.23840472666840709093 4.3065778646193271229 6.0308693619698878763 5.3018841115434263145 5.4937751299002091088 5.6668319562556632718 4.51271e-09 5.97488e-06
34595482.546201229095 5047 1.700826025395035801 0.12829357802652077702 0.29801354750443165287 1.9061494607959581504 5.5129682117487277537 3.1376299611455773508 3.137084319053839554 3.1365059306445846055 8.23744e-09 7.3021e-06
34595482.546201229095 6657 2.393282501551361019 0.17611620356350590755 0.22297303746957083947 1.2064053824979492635 0.56587606256466194132 3.1856919845662292623 3.1942785109669173949 3.203553052048552896 9.52311e-09 7.66378e-06
34595482.546201229095 6413 2.7276336083759011863 0.17978422924639164693 0.13471903075518934512 2.2840717214302626026 4.4326948514801642887 2.0473051940435911256 1.8796441633459182174 1.7083665300591399649 2.71272e-09 5.04257e-06
34595482.546201229095 5928 1.8961033522136567786 0.16498572096850958046 0.13332985332261579337 0.34470183339379434351 1.0125928727659057049 4.4104999515937581833 4.572770552162896962 4.7361508251017525595 1.85148e-09 4.43973e-06
34595482.546201229095 5018 1.3666963744771718492 0.4503554388208888537 0.22954347807158378969 4.5580478219024351816 0.6510871706048326768 4.4939878869287888108 4.9743288776109961802 5.4093224448255483594 1.65949e-09 4.28064e-06
34595482.546201229095 6118 1.2748387401119620765 0.43710353623132303102 0.31404757563998225711 5.8928071619609756482 0.22012013053074558355 3.8377145185558352303 4.1923767087474619331 4.5717008757122190588 8.21375e-09 7.29509e-06
34595482.546201229095 5788 1.3184618726489938378 0.25992831867081939157 0.30978215754987048491 1.5157491538018643684 5.6049404570335630282 2.475443373086652521 2.2935485354067961516 2.0986053843709533417 1.43499e-08 8.78617e-06
34595482.546201229095 5626 1.099053715867873704 0.19859442897159793051 0.20943599211022537188 1.6040807633952842703 2.5902540039388690651 0.23120278225756446533 0.18933186101910182142 0.15195584582204357815 7.93289e-09 7.21097e-06
34595482.546201229095 753 1.4544408032860671742 0.39940836556429964999 0.094712550509046145031 4.7217077866482100035 3.1841184033054181768 2.0117640333702162536 1.6038409844192440534 1.2046506658745710361 1.27811e-08 8.45356e-06
34595482.546201229095 1124 1.531134191779936371 0.29702882010654635403 0.26686001652912433313 0.64405535256254609067 0.28084208976175589756 3.9111493998216073642 4.1473953885232752725 4.3982635630887632061 1.32419e-08 8.55396e-06
34595482.546201229095 5020 1.7356436456672770241 0.25921705425229413233 0.30321073472468745846 3.08545970083140908 1.3626732304939350726 5.650593715930805061 5.7912966074748393197 5.9137226213378362161 4.40916e-09 5.92883e-06
34595482.546201229095 6161 2.0015612920464396218 0.3399484685320271482 0.23070139153953816979 1.3430723962054305076 4.753234753360752407 0.55981889572199150518 0.39815817564715422217 0.26635293042993524182 2.19638e-09 4.69987e-06
34595482.546201229095 61 1.850984331259488247 0.052438847451698196445 0.0658367377724877606 1.9094191521184467053 0.94895984447223835634 0.92142929950254648386 0.88029328225951808395 0.8398668265102909869 2.97121e-07 2.41265e-05
34595482.546201229095 6451 1.6297385978160652265 0.47414562100332319217 0.18397811908788511137 6.1324154313536807237 1.5264208029396517663 3.4063498863986554355 3.5803126018720643486 3.7817206469825008774 2.57122e-09 4.95332e-06
34595482.546201229095 6702 1.8756844013517703917 0.31850609843649546615 0.19854331166890068494 4.5843396692659990066 2.3011514790258402741 3.4123944355655368987 3.5161410534835666475 3.632667234010056756 3.70623e-09 5.59535e-06
34595482.546201229095 5132 1.5027439619314162389 0.27938898235158554639 0.28391733553681142155 3.2190914232261742534 2.7390983389402707715 0.69184262295693110811 0.52833534474029564265 0.38749637428665412164 4.5221e-09 5.97902e-06
34595482.546201229095 5470 1.2334559761457402072 0.29953892424331285405 0.055623237476889852982 3.1332257450708294044 2.7860413543448596663 2.713838449784136575 2.5663161953126802928 2.4033470198441566623 2.3944e-09 4.83707e-06
34595482.546201229095 6270 1.9556422189379947252 0.21352604799543131731 0.17412997333018967461 3.9778351727487923917 5.2896324044531679576 0.85779251380619303546 0.70547435188544072027 0.56702512391194503927 2.07589e-09 4.61231e-06
34595482.546201229095 2778 1.926554067515618307 0.53446700416729508998 0.57731096788691238508 5.5126434639655244041 0.081369932440291309339 3.0517292035015475271 2.978694120988115035 2.8920147732995848955 1.15158e-08 8.16485e-06
34595482.546201229095 6040 2.2967094631956106454 0.53785142346645131717 0.3442516590441190294 5.745702322645107607 0.96308987894547581909 3.8355262774754934618 4.307798399262756206 4.8022256559582912061 4.48499e-09 5.96262e-06
34595482.546201229095 5518 2.1603820411283316538 0.041943850870424126409 0.14749985658137887423 6.1252567602322729456 5.1518441202699820636 2.6273349041052598274 2.6063108185841930009 2.5849159534615968603 1.73658e-09 4.34592e-06
34595482.546201229095 5950 1.4963404501452617357 0.10032895275716537109 0.20927014464527499138 0.7594933174595197567 4.5350586663115795005 4.3779114304912880584 4.4744398855906393209 4.5719419133136156574 6.81029e-09 6.85339e-06
34595482.546201229095 6726 2.0800739320957668532 0.50696910995198962713 0.40224420742189420652 5.3734307563208165703 3.1074262389537961049 0.71134152482683432606 0.41872179035519957457 0.21259169843234651531 2.92983e-09 5.17366e-06
34595482.546201229095 2768 1.4983811585989181836 0.028217912533630845617 0.014787804486194221915 2.5791947771599486039 5.6201934957256680647 4.1568475083081395383 4.1810052743448462564 4.2053321267938548189 7.28036e-07 3.25263e-05
34595482.546201229095 5194 1.9194036205394113814 0.27171422463678540637 0.052128545790585754938 6.1635209493820122262 2.8196887836749735534 2.7482847736375810577 2.6267415938356046823 2.4929480907432037817 4.75382e-09 6.07945e-06
34595482.546201229095 5310 3.483619900695313909 0.040671368445921923795 0.36126012612333113783 6.1223721003974587163 3.0402847060642845811 3.9211290922613830645 3.950148748569198176 3.9795659772006568566 2.51895e-09 4.91953e-06
34595482.546201229095 5888 1.5831962751457242522 0.10693990791261680229 0.40770430641624172408 1.7902687804961050499 2.2391385101497864873 3.1975530353303502906 3.2038908126723191216 3.210548663529815272 2.79797e-09 5.09485e-06
34595482.546201229095 5964 2.1772450908466862707 0.23102415037758133876 0.53677928350188641726 5.41398754112590197 5.2826481965006957253 2.5560475750252145133 2.4128691221627192043 2.2590260050323642815 2.1711e-09 4.68177e-06
34595482.546201229095 6639 1.3957126801090242729 0.45794802490812519524 0.33875761906351692376 1.5967888879014835446 3.2526259189182860077 2.6424238097570023065 2.3496689886261936664 2.0237446683246305135 2.07227e-09 4.60963e-06
34595482.546201229095 5312 3.014572286007833668 0.097494000943219513711 0.18822823988118070337 5.1445217312171358515 3.3573192125139099673 1.7000511080405773523 1.6026024894015471478 1.505157798325758689 2.46345e-09 4.88312e-06
34595482.546201229095 5289 1.9136532242244630453 0.10539769434254092628 0.10427780448265000501 5.3680932485133032728 0.0067575216865060671115 5.9968432932325193008 6.0252532577090072152 6.0521382656816520296 2.13423e-09 4.65511e-06
34595482.546201229095 6734 2.1005957741806455807 0.11066539395708700766 0.1465829451748874579 2.6477822971271764985 0.33402952665607432703 4.6285579871716260314 4.7395767849515832992 4.8502012807867034283 1.24231e-08 8.37387e-06
34595482.546201229095 6073 3.2446590819793237337 0.041284492724479052161 0.23918681699766736193 2.64945475219326676 2.856426313086641855 0.94068889068074590387 0.90772243915930794778 0.8751859715009724372 2.87152e-09 5.1391e-06
34595482.546201229095 5364 2.6222594048598186767 0.10862084363653319585 0.068749637008806999128 4.5452210586197008269 4.3546384296661599933 2.562411039217622033 2.4999543053939432546 2.4349437798907409558 2.91675e-09 5.16594e-06
34595482.546201229095 6028 1.7460183484343212434 0.2896052756357079816 0.023631833026194929565 0.62723614770616231695 4.8819074850821850831 3.8582761811981387545 4.0762263625921253407 4.3091794926115269959 2.1303e-09 4.65226e-06
34595482.546201229095 6691 1.7490980006091421117 0.44069244416930875019 0.27548759351497931203 5.7406494091049147244 1.2706454267794240476 2.5954330362023587675 2.2967035516557294805 1.9671107739253896884 1.99622e-09 4.55253e-06
34595482.546201229095 6521 2.974023224548248745 0.080921002478583248241 0.1683472531694023 6.2725548806880668806 3.4366952181791154963 3.470653301418717529 3.4978891593576273422 3.5261148692529316051 2.953e-09 5.18726e-06
34595482.546201229095 2010 1.8217145237683147752 0.2709695787210046336 0.17435001871960065234 4.3602760736184444923 3.9272448203968037816 2.6734002432127810245 2.5315152798690006009 2.376268441328793557 1.54172e-08 8.99881e-06
34595482.546201229095 5455 1.9193009665552778209 0.46216905879764547116 0.45833095769328530134 6.2375066665901135465 2.4924999104062259825 3.7249737773008111397 4.0609830216445814699 4.4285147135766100845 1.18753e-08 8.24895e-06
34595482.546201229095 6780 1.9419307563602019595 0.33962334789279546854 0.34799634101631943262 1.305161675939746857 0.0037630543918596667287 4.1909617050592586907 4.5204449954808127998 4.8538312424297291869 3.2776e-09 5.37076e-06
34595482.546201229095 6017 1.8601599200425038561 0.26259761613006715741 0.18333821189647472871 1.6289326515614854785 2.7663490629715097313 1.4468159733156091828 1.1873574483226652099 0.94382872663361339072 1.07446e-08 7.97837e-06
34595482.546201229095 5540 1.9997557801043492898 0.49336569134930247094 0.36643966082404061391 1.4249834628546362847 1.2537362770027926651 3.2373184337434697255 3.3056970971953569816 3.3862976936627116054 2.31531e-09 4.78321e-06
34595482.546201229095 733 1.7908533580447287825 0.11386538964794420958 0.054252517755740525818 2.6053798716378229194 4.9079285800026823949 5.2729299459556626672 5.366764436030562635 5.4571084495014314797 4.51209e-08 1.28719e-05
34595482.546201229095 5469 1.1987007172603891814 0.27796832103259860869 0.25728942794387288373 5.0954398516273746722 3.5401247822842214497 4.9867648610650920915 5.2481189213527343895 5.4871428371890944575 2.51139e-09 4.9146e-06
34595482.546201229095 93 0.96565417339181303102 0.020406104023337819087 0.043603601046270805408 5.0810833807603144052 2.1866410108449683136 4.5749578483248996008 4.5952012608968670904 4.6154674070784178497 9.80253e-07 3.59167e-05
34595482.546201229095 5525 1.4882729264680079062 0.21708275871065493834 0.061171128507869820812 5.0824407578610388825 3.2127034916260912567 5.1356495682178380235 5.3267326898681508496 5.504122283681428307 2.22151e-09 4.71773e-06
34595482.546201229095 5178 1.700041294752497878 0.08676842681616048214 0.13113718654549785803 2.707438192489946438 1.9579916158143324534 5.7138586026556907882 5.7590580704637357456 5.8024819883155167588 9.33283e-09 7.61239e-06
34595482.546201229095 3770 1.4829738939882857185 0.21774546843339964708 0.13220344572267753169 2.5346060707715420968 4.0994513699943215812 3.7616063353679134451 3.9020476840746347591 4.0521290086723382728 1.55823e-09 4.19174e-06
34595482.546201229095 5667 1.9677258145174598702 0.27730882709342397074 0.23276168037240901887 0.42701690548508153267 0.16224546520006533079 5.5948793205680527052 5.7565114677212090299 5.8959037210852214272 3.20823e-09 5.3326e-06
34595482.546201229095 6103 3.3146858685286586521 0.0892076020220760324 0.15398784965104375666 5.7845139167970209826 1.0331158599746308457 1.1068306037837156719 1.0285016945607070582 0.95209300414445563465 3.07621e-09 5.25842e-06
34595482.546201229095 5181 1.3302752761088512123 0.3079429545379862021 0.029651995977704227042 4.3999503144994589476 1.5315678487557127241 4.3127456252492173405 4.6200646464224641718 4.9266961135218556578 5.47157e-09 6.37119e-06
34595482.546201229095 5623 0.74222291485490676788 0.1769098408733987271 0.20199297056919879312 1.8839651637925525218 4.5780005593166208655 3.4562948303632872182 3.5165841817057286178 3.5813800019330246371 2.3084e-09 4.77845e-06
34595482.546201229095 5316 3.4776399726570113025 0.079793458062347721871 0.21378433256462905931 1.566814784239222158 2.8941554111082457013 3.8318851746199396047 3.8843816389125493949 3.9383495344919325909 2.96988e-09 5.19713e-06
34595482.546201229095 6874 3.2677744995879569601 0.093119464319226782911 0.26129903524515435409 0.49740629655637691453 1.441308746347464087 0.97586442842805931619 0.90058147392507059692 0.82760484601779515934 2.61974e-09 4.98428e-06
34595482.546201229095 6823 1.9534015340552948192 0.28594467607197476822 0.2427825334503402599 3.4596445643783138024 3.7845151797297971186 2.7972268211155064677 2.6830469895959487836 2.5564751581427844762 1.69817e-09 4.31364e-06
34595482.546201229095 3953 1.4939797395771152733 0.14072186987230661526 0.36702725333405256114 3.9954898133470879706 3.5417607908887833723 5.1313390515904124811 5.2567564499270069689 5.3771376820332967839 1.87457e-09 4.45811e-06
34595482.546201229095 5767 1.5778673256034290162 0.38301232371747701011 0.36931515061870268113 6.0823988006187752475 6.2722580641333314233 3.3628673757771476716 3.4712222351991077751 3.5952004804010395667 4.97944e-09 6.17415e-06
34595482.546201229095 4189 1.1939062306229466515 0.094232454010551414125 0.036434194418588035369 0.28981575596158853925 5.3257537747278558271 0.98012149401815396033 0.90372798134645926371 0.82969530818658021598 1.37678e-06 4.02228e-05
34595482.546201229095 5324 1.8431500510200848897 0.056812633103004869795 0.27251398156983430709 4.2309166714747039606 1.5944218525012749943 1.3748959344653077785 1.3194460650150190428 1.2644186281006859485 4.64884e-09 6.03437e-06
34595482.546201229095 6836 1.8516282279117244336 0.41145334626585278182 0.16456519104779163132 4.2708181788184074179 2.4423311995162144683 3.9610021755322049053 4.3256969741399329266 4.7067692874715003626 4.61039e-09 6.01768e-06
34595482.546201229095 5451 3.2631069713732050452 0.08004529713434742344 0.074939757284034957951 5.0039205567936404506 2.0522581938955481995 2.1785489282657661825 2.1112150276936278992 2.0425767187438848005 2.58702e-09 4.96345e-06
34595482.546201229095 5538 1.6271075656583187108 0.21873761535984753701 0.15575132195414245762 4.5456535038263616855 5.8196406302527305954 2.4492166073046264252 2.2950093092267538353 2.131170222288818028 2.97954e-09 5.20275e-06
34595482.546201229095 6532 1.5023846307729415983 0.34968919126447373102 0.13312288788555223795 1.9917669990930979562 0.0077327716344358582781 3.1259225686005009948 3.1190181507935204053 3.1111247616299655405 5.62757e-09 6.43118e-06
34595482.546201229095 5853 3.114055555066654879 0.14163815181358413442 0.17937417851013973125 3.7691450625004261354 1.9118017019943183143 3.9671367653830871269 4.0769519947032026863 4.1909441369463111826 2.34516e-09 4.80368e-06
34595482.546201229095 5360 1.4737123684600041962 0.16225716026462602692 0.19599117455622827588 1.7629418129826126549 5.9091400535172180497 5.5327294919737752821 5.6377471745362202071 5.735352724689593451 3.7029e-08 1.20512e-05
34595482.546201229095 6233 3.1207337638685626047 0.11427766487839320642 0.19547316406666101485 3.2631913240332242054 2.1610583505977403185 3.4742277449125920086 3.5138056232340399987 3.5553658680651074597 2.38928e-09 4.83362e-06
34595482.546201229095 5382 2.1273777608853992049 0.37210752084817905194 0.3307016436160127304 3.570285945935711247 2.5425056135211607788 3.2912560219520354821 3.3623473418518399214 3.4438262592958990282 2.55203e-09 4.94097e-06
34595482.546201229095 6255 3.2545390885464544617 0.094099253478775790605 0.20985030769316284638 5.2667433066814304254 3.7872473714304328851 6.2048171348436778061 6.2118688283308607367 6.2185739686080827582 2.45838e-09 4.87977e-06
34595482.546201229095 117 0.99767736039692112016 0.13728580514006741287 0.080814821440786444029 1.7554630748468957879 0.36523757305463755429 2.2415964183665582077 2.1288253123216955842 2.0123657033785207204 1.39228e-08 8.69812e-06
34595482.546201229095 5708 3.1676813572244770789 0.14207872090178744195 0.1851085888157526782 2.8476878210355884846 2.7884939170194504854 2.6693065087227556553 2.5999585928454194139 2.5267117762354169841 1.65544e-09 4.27716e-06
34595482.546201229095 6956 3.484025231769863673 0.10625790437483294271 0.41587260679072929337 0.90003153394678181431 3.8376858071941852835 3.8731385847724566496 3.9472274709063150944 4.0238681623771919149 2.20649e-09 4.70707e-06
34595482.546201229095 2850 1.5469718953549838059 0.30133914134231709614 0.44940687145501173605 0.80108261015134174521 2.9754712287988303032 2.2410664472616983467 1.9752564355300454846 1.6982308456723107515 2.86233e-09 5.13362e-06
34595482.546201229095 1284 2.4026547113561562696 0.23332669023294866362 0.097023089304235823893 0.38021320700164296102 4.9170202216044334165 4.058501121647587695 4.2601641144396698024 4.4700361371794183896 3.64405e-09 5.56389e-06
34595482.546201229095 6722 1.6938961675248511707 0.24225955983218719347 0.18549213047854481995 0.29779244201343757492 0.052763562736264313369 5.608381729966064988 5.7483324921987737355 5.8718156820778428795 1.78527e-09 4.38616e-06
34595482.546201229095 5002 1.1824452446890467705 0.46595744066638705716 0.25220768216221667313 4.1670147544300419895 1.1513488027733826957 2.9401030843431388284 2.8097089419972975932 2.6578885809868486589 2.79003e-09 5.09002e-06
34595482.546201229095 6473 1.8606812537120391848 0.10721584814377260741 0.29399453853267387693 3.4702282974790303882 5.3850301752463165528 4.6238510264631518254 4.7313635152224104985 4.8385600633250049896 5.43469e-09 6.35685e-06
34595482.546201229095 5815 1.4083649531293427337 0.30416367652167708435 0.41050329867258611438 6.0613674604649183664 3.8931799386599146295 1.6133413813623385114 1.3025296828555426032 1.0092453969395309699 2.67562e-09 5.01947e-06
34595482.546201229095 6211 1.8055121771409738951 0.21522792680445390623 0.3341890831941342066 5.7352033752137980827 1.2425949119679620125 5.3105636467470889173 5.4797268904360549868 5.6346396224478088044 2.33777e-09 4.79863e-06
34595482.546201229095 2174 1.2650258145986938985 0.22557860078545993732 0.074745672448691999334 4.0538063047074164302 2.6361311278190742158 2.4359729505274470007 2.2740111395182727172 2.1019471819733905882 2.03153e-09 4.57921e-06
34595482.546201229095 6225 2.0197565580884280223 0.35720597274176579816 0.26208567112049835357 1.0708266820922363038 6.2437755009389652727 5.2953220887369498726 5.5734419671201784752 5.8062113487270945456 2.38341e-09 4.82966e-06
34595482.546201229095 5873 2.0996917062068769511 0.54804439211586564173 0.13403135084479617101 5.0577646341418311948 1.3475064306368871314 3.5149193973079353448 3.814110421761384373 4.1555187850292334417 6.23622e-09 6.65514e-06
34595482.546201229095 5741 1.7617426825304434157 0.26523898418212576988 0.17014980244991276259 2.996468622988524011 1.7304436308288686508 2.813166941538839172 2.7133693003272827404 2.6032274237987529375 4.83963e-09 6.11581e-06
34595482.546201229095 5780 1.2979591766731430891 0.17559724815267702125 0.15183015419123702117 6.0608440682509270303 1.746122440352088967 0.78334748269779119756 0.66596889843771667206 0.5574811808685112835 1.95079e-09 4.51773e-06
34595482.546201229095 5080 3.2282610253240324738 0.11750927235425874529 0.24111740351554414308 1.3974375027447367703 3.8732180485147105209 5.666457199471637729 5.7315045443393657365 5.7930934314870192736 2.57476e-09 4.95559e-06
34595482.546201229095 6155 2.1767531440033409673 0.19878129240376418707 0.13445469900241399652 2.9905724017508918955 1.6174749842931843702 2.9069026262960431239 2.8551711798096088835 2.7990112305325420827 3.03729e-09 5.23615e-06
34595482.546201229095 5782 2.063535997691768209 0.31011428707364635526 0.22483156324748465593 1.8048864342255033222 3.8132283461660136936 3.5832576089869201397 3.741643802827489651 3.9167605922506294469 5.0598e-09 6.20718e-06
34595482.546201229095 6417 2.0932157367723314145 0.58023946196814346621 0.53499918352932074317 2.7973312519510011853 4.8870870331632971784 4.0386873166174357408 4.6439282736882194769 5.2228085136671769106 1.63097e-09 4.25597e-06
34595482.546201229095 6237 1.0710769359168499371 0.090630473000403846684 0.22450189460949662723 2.6695697171572838613 3.7713673686858912859 6.0960519502947292381 6.1122259043034654624 6.1276446712684471407 1.89473e-09 4.47403e-06
34595482.546201229095 5750 1.3795693786321838736 0.48596546253411859739 0.19669886592899615829 0.37150686625127937734 3.6949516968293854013 5.7580400382519911773 5.9696138076087503777 6.1195137143306483907 1.52873e-08 8.97346e-06
34595482.546201229095 5661 2.6831855753686761901 0.28294585905223473832 0.15142042387645929247 3.8042827115540958083 3.8722753525640194461 5.3985697185041914281 5.6025975491688413399 5.7806412139937153327 3.01386e-09 5.22265e-06
34595482.546201229095 5643 3.3322493809251931829 0.042512594465085824791 0.091702874833430703116 5.8158734272011356481 0.39206939423869990868 3.6962375777897138462 3.7190479917258580933 3.74225534709674168 2.47115e-09 4.88821e-06
34595482.546201229095 6335 3.1128726609120183078 0.11194988173542630427 0.23013540745366148355 4.0103660608802105259 3.3872250664210343807 0.34490668327431900364 0.30884582522545867 0.27481762043568291887 2.80706e-09 5.10036e-06
34595482.546201229095 6290 1.9256367422458087191 0.30172370023044570164 0.30866712509729660185 5.9898011125264059018 6.1679845959043335668 2.3475041277745076762 2.1016677605517388727 1.841471438483321954 4.66797e-09 6.04263e-06
34595482.546201229095 5215 3.1768989509072707023 0.37493395117058658794 0.23238885581584872719 0.58679371409899705458 1.2392769003153614182 2.4479756374918806294 2.1574910728732277221 1.8452554324460530566 2.09099e-09 4.62347e-06
34595482.546201229095 6358 2.0351913469282534308 0.41087553589918252017 0.22968871727748174649 0.92089331144314645616 5.645317784578721465 4.5519113495373320077 4.9844620822887142353 5.3802239167152734467 2.40091e-09 4.84145e-06
34595482.546201229095 3761 1.1490602767844635412 0.19985785257046065344 0.070841760955759919272 3.7464708746028403397 1.4347207188871822225 6.2395704584872468956 6.2475667782419268548 6.2546839158298039862 4.38307e-09 5.91711e-06
34595482.546201229095 5048 1.8347379912285262105 0.14015640433486015182 0.423486494170636385 5.993533351583123725 1.1114472832279649328 2.197006356966479057 2.0781076851506292691 1.9556034353924898195 1.54672e-09 4.18139e-06
34595482.546201229095 5673 1.922509246042325648 0.12034725232472183454 0.4119200615466537263 1.2274067817490397214 4.0810356463869492671 0.11556691070503916086 0.10242751032192637384 0.090122183930739716007 2.67237e-09 5.01744e-06
34595482.546201229095 3324 1.311047531502438579 0.36576550962935555633 0.27810195118508979073 3.2074597924885037692 5.9111544604578050155 4.7305873268712623769 5.1037253633885075743 5.4418390578294317805 1.99813e-08 9.81126e-06
34595482.546201229095 5034 2.8343139478844818768 0.2261008612669631046 0.1461770581782472489 1.0344618466583570537 0.36965095105696926803 1.4545440091383472492 1.2309425596475151998 1.0177738938788083445 2.20492e-09 4.70595e-06
34595482.546201229095 6957 1.6479791411844195714 0.33421460839331412762 0.14568979757888500526 3.3330116369391067366 5.162187137567787687 1.3201036852950136513 1.0030799211356407064 0.72129319753926868231 6.68595e-09 6.81142e-06
34595482.546201229095 4112 2.0205366128656896407 0.25811113499104026969 0.81566007399661133448 3.2699863245225402331 4.8895583926238712635 1.4735956158146463757 1.2169804296002753041 0.97485736575680093097 1.99037e-08 9.79854e-06
34595482.546201229095 5344 1.8178202394781026729 0.11952988893573972262 0.18110607846270609933 0.26451098758266106126 4.3100377638888343057 5.1846316340673244127 5.2885310678423236297 5.3887653243051190088 5.14004e-09 6.23982e-06
34595482.546201229095 6577 1.754223477482619975 0.31014632722503526763 0.23963470622446877978 0.41382173100133773369 4.6863949850839041744 3.959546686627358536 4.2184428552465274009 4.4915170337561916014 1.63583e-09 4.2602e-06
34595482.546201229095 5446 1.4210891477728522236 0.078351168492145406574 0.13557356407229223527 5.7748381528168106769 5.6205993988924491944 3.8233012503914518554 3.8742907044495211721 3.9266980556853647855 4.99881e-08 1.3319e-05
34595482.546201229095 5123 1.4517310177339672883 0.29934949750535211344 0.20266375286547971823 1.8468823853242128941 2.5545652424146836346 4.2832124232221531202 4.5786019004169489222 4.8752763657767612671 2.85229e-09 5.12761e-06
34595482.546201229095 5200 2.2336104673090764194 0.63219964520094173999 0.11050874468669874551 0.32656339033734055333 5.4511278067521109492 2.5628034172148033143 2.0211676836759395748 1.4520075018891964724 2.18438e-09 4.6913e-06
34595482.546201229095 5511 3.1524610006313755761 0.074539662089434952086 0.17632701390171584555 5.029130930409928979 4.7115832355760947081 5.7973442690740473182 5.831082447373297839 5.8636457014118956721 2.90982e-09 5.16185e-06
34595482.546201229095 5957 3.1673756385012379333 0.021721336011634388707 0.083667336288115692899 2.9211148784209273188 1.7153484973355443977 1.3126206462972469513 1.2916755883402790683 1.2707949102655724527 3.45473e-09 5.46581e-06
34595482.546201229095 5962 2.9077793968723728568 0.12263393090248496387 0.18841247712098110889 4.7268048860280797996 0.020377870055904811347 3.2583479734089406676 3.2736211194558828552 3.2897652907589103322 2.88829e-09 5.14909e-06
34595482.546201229095 5160 3.0084750862823783635 0.051733203668649169193 0.22465872610930176512 5.2493926556402330519 0.019637764040079760952 4.8068839392592623838 4.858283970213417291 4.9094675701728931472 2.48083e-09 4.89458e-06
34595482.546201229095 6891 2.1481044910384943236 0.23848077205504061848 0.58676241414702767774 0.38057547810829284174 2.7295406569892755044 4.6707886185714411198 4.9125883819920908024 5.1463059640825177254 4.39964e-09 5.92455e-06
34595482.546201229095 1399 1.4120671549268601908 0.19646173180409745584 0.22984828374911339677 5.4754408569439885213 1.0961252828137006965 3.1080966759525043841 3.1007213087357454739 3.0926938889032862257 4.64728e-09 6.03369e-06
34595482.546201229095 6752 2.117637544741048039 0.29071590566630667318 0.16481243196575501297 0.063556241013487405067 3.3865002540008588561 4.5458328989872454073 4.8440237179156691028 5.1322245388520597587 4.12549e-09 5.79885e-06
34595482.546201229095 5597 1.6127690316729430542 0.091671785330230251554 0.4157122034031314195 2.1850294833913919135 4.8668417150095040213 5.2166802677597594595 5.295322964158206247 5.3718552603559546199 2.41109e-09 4.84828e-06
34595482.546201229095 6928 3.19566475864172439 0.12321073634361470739 0.23050458076056407064 0.21752306776553304024 0.49011725877420536657 0.76546409572249218822 0.68347249314676894461 0.60566622614418053061 2.08658e-09 4.62021e-06
34595482.546201229095 1123 0.75519201068645991359 0.15928184308015214121 0.02366256097143884865 0.37327621115932768658 5.1836843021061405068 2.5422041821211545098 2.4454364679781428471 2.343293318805826253 2.24876e-06 4.73694e-05
34595482.546201229095 5640 1.5572410011815311925 0.054848765196755265572 0.08464957998695472885 5.9954205486849794227 3.234453620034187793 5.7622245448173172733 5.7889073046417509616 5.8149273500055622677 5.24602e-09 6.28242e-06
34595482.546201229095 5842 2.0367218363073043008 0.40255550381902477364 0.8291242693390509233 1.5420504271652502037 5.7394592583581127698 4.5412706815750727429 4.964413229329612598 5.354251855736791299 2.75394e-09 5.06798e-06
34595482.546201229095 1444 2.1025502229625736561 0.28161469184790366427 0.36548691529632160169 1.2237131177379507729 2.8955568496182988447 0.41409153227211920045 0.31197681831641710382 0.22553782749429451826 1.72307e-08 9.33865e-06
34595482.546201229095 5176 3.0844854953352487392 0.17376177620511942812 0.11945468525995699138 0.06955856914457032858 1.4178704537682222941 4.7063279274206424319 4.881065261898673846 5.0523609854609441427 2.68297e-09 5.02406e-06
34595482.546201229095 6404 3.0776946704276371136 0.16828191603520942232 0.2673513755873481168 1.0562603951893718701 5.9107224405172837933 2.9565807130982006967 2.9225716209517487165 2.8860083112050149978 2.07676e-09 4.61295e-06
34595482.546201229095 6140 1.8616883287263810143 0.29572463625431499867 0.059425237109770198685 0.33593109830262868343 4.5949657952224782775 1.9163297679166981791 1.618571961151210159 1.3231847581094684507 1.67728e-09 4.29587e-06
34595482.546201229095 5534 3.2689787188659038542 0.12756321596327779844 0.13210867877881662946 5.7348287383389964234 0.81412531480560046404 5.9212868061183900892 5.9640666440179721519 6.0040870316596555156 2.18919e-09 4.69474e-06
34595482.546201229095 5929 3.2307657284392981012 0.15809764443679419355 0.19805194310009061054 4.4988888582187387399 4.4481711982981231301 4.4261713557053150581 4.5819876329175359686 4.73874299444445235 3.18574e-09 5.32011e-06
34595482.546201229095 6162 2.1051767369133567165 0.16303544311309867143 0.081783611484985460627 5.7542698527946303244 3.3822789097256902302 3.3178933139809183572 3.3492082085929921753 3.3828142558943401497 1.62993e-09 4.25507e-06
34595482.546201229095 6775 1.4596536083364242131 0.24396566922060694549 0.087538789779841322258 0.56497314983533797328 5.5603120365155325189 3.4587320722003580542 3.54622667785141088 3.6422716594433039994 6.39874e-09 6.71246e-06
34595482.546201229095 6061 1.3758167018354472422 0.051232928939693243853 0.19189490984141799323 0.43910438841269366916 0.58158401152532501754 3.3334537844250613503 3.3434818707028912677 3.3537551249571557754 4.03777e-09 5.75746e-06
34595482.546201229095 6920 2.3024666494122270066 0.041713539078629374712 0.24546359599805714358 0.96052615369461802342 4.9177913682209526414 6.0352211485372810884 6.0452602438543348029 6.0550915681973185301 4.48089e-09 5.96081e-06
34595482.546201229095 1810 2.0913798205611611181 0.39153714371809522632 0.45304394727746027938 0.31414049734220039767 0.97795540111100398573 3.1511381737637078615 3.1560279505217616602 3.1616797091629522676 7.36354e-09 7.03416e-06
34595482.546201229095 5072 3.1130105114528037191 0.062566437130071858586 0.2527282106291183772 5.82684830004502885 0.3047902704308370625 0.018666264002961209523 0.017532792428052643846 0.016435884272947447193 2.73643e-09 5.05722e-06
34595482.546201229095 5231 3.1628260224710125215 0.044153630478190999953 0.23921986548019844032 1.636368986725336816 4.1773055815067809959 2.115739501541943568 2.0775299200689669732 2.0389248805371726903 1.89135e-09 4.47137e-06
34595482.546201229095 4786 1.4731095710103014884 0.17575629682661134123 0.42024339054848530717 1.8904586863601713365 0.7868199229861941868 0.74704065152941767636 0.63414663773928325874 0.5300127401060782395 8.41208e-09 7.35334e-06
34595482.546201229095 6756 3.217241181150229945 0.038863822595255816117 0.31635438922914005389 4.1285799491268910799 2.3011736357214389592 4.7782246454777936862 4.8169645330261259275 4.8556160409375896947 2.22448e-09 4.71983e-06
34595482.546201229095 5323 2.8036515119453837563 0.13776029775449560866 0.11922437318806348994 3.4948314005128473525 3.3688354001214344535 2.3852695046279621671 2.2853262738694830603 2.1812619613572659105 2.25995e-09 4.74478e-06
34595482.546201229095 5372 1.7881455343712320261 0.1750280309038768356 0.20092211762228417982 3.3155463030913701061 4.4888143720830786521 4.8320590235471279072 5.0049304226840476417 5.172522221523648156 1.39548e-08 8.70479e-06
34595482.546201229095 5855 2.0437712011942479329 0.22087635524244281227 0.0038691151198337069873 2.1685598732746909079 6.2727526740655434878 4.6413765364156187587 4.8652946691597254159 5.0835939901101667715 1.88487e-08 9.62226e-06
34595482.546201229095 6156 2.3042417011275242444 0.4153884441318365095 0.45056059644050655555 2.3958239370250979938 5.2817672079452790967 2.6929211730779289979 2.4592806909075428656 2.1973412819626729764 2.69058e-09 5.02881e-06
34595482.546201229095 1410 1.8594223752113143711 0.16918700237641573492 0.16274880838709379627 0.71452811682824746153 4.3106866294763719338 0.8280395472470272189 0.70948925812723440121 0.59927300146338824405 1.96181e-08 9.75145e-06
34595482.546201229095 5256 1.8041538047017289248 0.32200894647105215984 0.28638612855663408974 6.1598178086106827323 0.96496057729683482052 5.0446965479806404886 5.3392581416460274113 5.6000429031771261634 4.61883e-09 6.02135e-06
34595482.546201229095 6653 1.5076925440972639425 0.13966100784663806889 0.23820045139265794143 1.8657266413068878119 6.150238706504350894 2.9848598746977099694 2.9613220815513621176 2.9362814539648818268 2.19009e-09 4.69538e-06
34595482.546201229095 6914 2.0504613531014004302 0.11978949744704373015 0.27829953341562585489 0.92740540633653312241 3.0439516700421154205 1.4277765353118163638 1.3099290984082279099 1.1941924788934783486 4.41745e-09 5.93254e-06
34595482.546201229095 6633 1.054747602491138414 0.3650900621154848924 0.12147037727761905712 0.01260128008792932644 5.6164219406045994276 3.0495822604977163017 3.0067865272429554757 2.9577190804882369513 3.02269e-09 5.22775e-06
34595482.546201229095 5196 3.5612957894033856476 0.12052954663691659021 0.21321635075279884997 0.73729549249070935879 0.834845387031728281 1.3742857846589511261 1.2571623436261947226 1.1425123842150026743 3.02458e-09 5.22884e-06
34595482.546201229095 6832 1.6753657315400876104 0.19056056737930354705 0.25622125205800366787 5.9581951842532347996 3.6641658696570109655 4.3867369769609805275 4.5741845245213657023 4.7629280884454603395 7.86044e-09 7.18895e-06
34595482.546201229095 4502 1.5178985457639366796 0.32636972075411119221 0.16727546911913679373 0.25811373937848669513 1.4763106693290863891 3.6302685650791404193 3.8146687319713179498 4.0181257040655360413 4.58456e-09 6.00643e-06
34595482.546201229095 6425 2.2599015182473212171 0.26045212555371494156 0.39163709179907141289 0.90734300023147151926 0.95473168862700730219 1.7283480352623341592 1.4626221307793325632 1.2036923805084416284 5.02719e-09 6.19382e-06
34595482.546201229095 6089 1.9740840875453751213 0.4359070035862241399 0.2235185686893442214 2.6185632123157769335 0.70680787575805126277 3.3430002763319786041 3.4612719600679842102 3.5982610238440608796 5.81535e-09 6.50193e-06
34595482.546201229095 6690 2.9251082778564940767 0.1862762938284801828 0.041051907487142449971 1.7130964457766530984 1.6770942660706558147 3.5955397060977172252 3.685485942496669054 3.7818785959998049151 2.63564e-09 4.99435e-06
34595482.546201229095 5386 1.795616438334111109 0.44085333119930575352 0.46084326320543095301 0.091593500795112525736 3.1059410050446678575 3.7695865069971397077 4.1026680334645151405 4.464083053475309093 2.3788e-09 4.82654e-06
34595482.546201229095 5291 1.9530290356687769471 0.34964908508287623201 0.73135739498271590264 5.7340116259098783402 2.7725118769334260449 1.0949647069095782559 0.80068328696386137366 0.54969399400641227871 2.6037e-09 4.97409e-06
34595482.546201229095 5063 3.4873752052994859696 0.071849459327095341332 0.42943784795810430177 3.7629305751202521968 6.1565586619888259534 0.98234032320926822912 0.92368698171751917325 0.86636333798744380452 2.23728e-09 4.72886e-06
34595482.546201229095 5818 1.7466725324128036245 0.26879586594077214956 0.15047748642007935382 5.1834902293652005412 3.8436594406026642901 4.1525153804366095045 4.401442853169298175 4.6573484841773842291 6.74885e-09 6.83272e-06
34595482.546201229095 6055 3.2064903699193920694 0.058268282101185980837 0.069785730331697201634 4.3752943600122389256 0.48889051724452181613 6.1723359645020270392 6.1786055139367235256 6.1846880972000519705 3.0525e-09 5.24488e-06
34595482.546201229095 5142 1.4441983498955821563 0.50365003507870853561 0.10312120660786643078 5.7258774548201110122 1.0467399599589282122 5.1975784110758551648 5.6159183732852007154 5.9275978832289712983 1.02472e-08 7.8533e-06
34595482.546201229095 5642 2.8826566990909325838 0.2014114911076356762 0.12268531533280845058 5.038636618553312907 4.7105526160418511594 5.2447276073587536516 5.4110700926447448111 5.5652890934540728551 2.80041e-09 5.09633e-06
34595482.546201229095 6291 1.6365712460843906406 0.31144775563928311923 0.33438313882686943046 5.3606796074196232382 2.1020520067771855111 1.9004601133736525043 1.584450556547182698 1.2730318333036292344 4.97801e-09 6.17355e-06
34595482.546201229095 6390 3.2272650089703116549 0.094595982410037526833 0.309905066470546664 4.0972436444027344749 2.5701733008712954742 1.9169158018817096245 1.8263340109784347298 1.7348097940104791892 2.74624e-09 5.06325e-06
34595482.546201229095 6126 3.0036192134797969899 0.25084020299262010933 0.20214591536314716058 3.5688388067263425718 3.0639382570265074612 2.2515387861019466875 2.0369927214516545533 1.8129210723455528864 3.04059e-09 5.23805e-06
34595482.546201229095 6104 3.3389164955186747541 0.062976788463328547962 0.16233897578013536944 5.3024532858119712841 5.7579437277897334013 4.7338090081887722604 4.7967705754022862408 4.85952329151560658 1.75259e-09 4.35923e-06
34595482.546201229095 6732 1.2022330728323364912 0.24530857333088179617 0.28548134128579849556 6.1899464704303817086 0.27897438996502621489 1.6875490367068970432 1.4377942240862011669 1.1946521545009520793 3.70815e-09 5.59632e-06
34595482.546201229095 6286 2.1279486298339591599 0.30039686162658191249 0.77909627097577549559 3.3581799141223585004 2.7254745017332639989 3.5542900027751285208 3.697593576646220459 3.8561411540356580474 2.66284e-09 5.01147e-06
34595482.546201229095 5405 3.1841870561385623439 0.023142532048127866656 0.12476780735082582119 3.0553532946663573 3.2740432763192726107 0.60638400190679031532 0.59331775116188500974 0.58037841874831652689 2.93677e-09 5.17774e-06
34595482.546201229095 5098 3.2212947849723394533 0.069220077588454095863 0.10821701697238238216 5.3130415341250527561 0.93014000792912054916 2.4814861838178186026 2.4378003807337162989 2.3930071314108043445 1.90652e-09 4.4833e-06
34595482.546201229095 6952 3.218991165172159441 0.13341607733046578765 0.11570056305256309903 1.3998096907624475449 5.1105593555629651448 1.1432540379487807769 1.0247375578668260765 0.91072312312373282506 2.57429e-09 4.95529e-06
34595482.546201229095 6667 1.9210600200893848122 0.28710660469141097151 0.25275729090493959106 3.2486033788681454304 2.7842850056453256613 4.0927171534951636289 4.3522271122896416529 4.6209128967761277096 1.85586e-09 4.44323e-06
34595482.546201229095 5796 1.6872962021517516895 0.38524904916095742413 0.20878805968564226325 5.1219774294102631274 1.9209346859725124901 4.695941623234561213 5.0926405503218763471 5.4503717583179565054 7.64873e-09 7.12382e-06
34595482.546201229095 5895 2.1355565753028713516 0.53548884094186266491 0.34751905497102481002 4.0975020868972871213 3.2660194913233073777 2.5769350234194332572 2.1709413622705340252 1.729027207991944648 5.57854e-09 6.41245e-06
34595482.546201229095 5138 1.7955128098721195862 0.42175671877691467415 0.24458079503456778281 0.23512073708209640932 4.6942942096755970738 2.2633631241957581359 1.8719722923514485746 1.4691995574969958227 2.37553e-09 4.82433e-06
34595482.546201229095 5548 3.1983061313804364012 0.13451149071247844868 0.3020016546691324244 1.7101851910475425189 0.98356560632357603602 0.54563620999257944622 0.47936424367076313491 0.41732550366584036938 2.11518e-09 4.64123e-06
34595482.546201229095 5131 3.5288863339899685378 0.053469352903007881517 0.24334576371135618889 3.1866643617851471149 0.5977469890652548079 6.2394452891482821144 6.2417240589190114974 6.243940329932072153 2.25296e-09 4.73989e-06
34595482.546201229095 6295 3.2481078546999277989 0.031865864715910172111 0.25972495154305030862 6.1444575326868484666 2.6887890563981251546 3.0646898578124757151 3.0622015388589058915 3.0596743291031534007 2.30061e-09 4.77307e-06
34595482.546201229095 6725 1.1718648147527073178 0.11656127534595193962 0.25715594521703993847 4.4496391880833767729 0.082126977260890826615 5.0572697322665742803 5.165103853817237578 5.2699230853666021446 6.2698e-09 6.66707e-06
34595482.546201229095 5278 3.1330282727286009603 0.094744936632279633248 0.29533629904301222924 2.1039655677354152097 0.11316038744019481233 0.35955717482097815374 0.32756957036095268876 0.2970860706554541153 3.13887e-09 5.29389e-06
34595482.546201229095 5669 1.3866532787688650163 0.1310404425660729455 0.28566739462801793437 5.6465175060363828052 3.3425958548637053624 2.356981822637796764 2.2595298593786932173 2.1583598826004148918 5.45549e-09 6.36495e-06
34595482.546201229095 5118 1.1704733267026365962 0.25610556441618287371 0.32412619787681451466 1.6677057555639951403 0.53557018244273280061 3.5240911554632221581 3.6345465943063817171 3.7557434792287449632 3.95744e-09 5.71902e-06
34595482.546201229095 5053 2.9982638458248525026 0.12513820643331280413 0.27304294003970036586 5.8492480255067160755 5.3948444872068694877 1.633134938784505108 1.507420204998952018 1.3825332253165809604 1.90259e-09 4.48021e-06
34595482.546201229095 5116 2.711186661894829264 0.12101178019415943787 0.13780231834524955814 4.7116683080877930223 1.461100024588882107 1.4935567096500284023 1.3731711782002433697 1.2545148168215849438 2.56354e-09 4.94838e-06
34595482.546201229095 6595 3.0465241022048843433 0.050792077280920853999 0.24020176602304574298 4.162588376624753117 1.3813941744429982794 5.1787408903989433639 5.2236180149026907316 5.2679160133393416743 2.5233e-09 4.92235e-06
34595482.546201229095 5290 3.1862027838918454137 0.04187639996567071865 0.14199880456384861294 5.3831147966061037025 2.9903547603952280731 5.4315384552921726069 5.4626271402504986696 5.4932608369322757369 2.68653e-09 5.02629e-06
34595482.546201229095 5762 1.825712262650184492 0.16456524609688796823 0.26833611649126282162 4.5822294806264993738 5.9877006319313696991 2.315105750279713881 2.1861596562976415292 2.0517816390370327007 4.50081e-09 5.96963e-06
34595482.546201229095 6628 3.2908754304624472375 0.10436483445380950741 0.17447960005164520059 2.1022384333333063999 1.1647978796118030331 2.0181491985448589688 1.9216864734290739491 1.8236808898070699936 2.5094e-09 4.9133e-06
34595482.546201229095 5227 1.9102854542402105675 0.076982950299272587258 0.13821110691659974079 5.7784263858988911267 0.74391934237786128126 3.6852194822784061223 3.7264522516742450975 3.7689531776386595574 5.94474e-09 6.54979e-06
34595482.546201229095 5481 2.348901429844785671 0.25669204420512636844 0.73685569181053034438 3.6705012775850742734 0.75579026433761054005 2.9224092200624971483 2.8573795749757522344 2.7854025646408482331 2.0621e-09 4.60207e-06
34595482.546201229095 4662 2.0454744996456435402 0.5271813530453424157 0.13317981483743263071 0.023397699618669724059 2.2704848293021253625 4.3969605047712061463 4.9747662072480469675 5.483905363278320344 5.28399e-09 6.29754e-06
34595482.546201229095 3089 1.2974659272703208401 0.34477054426381603669 0.25115329843987005409 4.6046778117692825916 0.89167876730325701384 1.3456905060669777097 1.0152660612609711865 0.72234180083137200512 1.46985e-09 4.11094e-06
34595482.546201229095 5878 3.2054044466827917859 0.0862823494097384458 0.081331886581381393486 4.9112786080155999002 2.937486922147833468 1.3641120132465665016 1.2803011932185623944 1.1976338867135092325 1.44428e-09 4.08696e-06
34595482.546201229095 5489 3.2252628956500140056 0.047866918077967071654 0.32066196692113446698 5.8340230331688882615 4.1150286430658074011 4.6018721789676941825 4.6495913564272974838 4.6973639229272468043 1.80848e-09 4.40509e-06
34595482.546201229095 6960 2.9816206617574234627 0.15466157533155291959 0.13027505106848874528 0.2892655875769067908 5.7661656087382251457 3.3729052682635698446 3.4114947014692735827 3.4527332048811123499 2.28045e-09 4.75909e-06
34595482.546201229095 6292 3.3514840264929000035 0.090789635825884354436 0.29572449450889731759 2.0806226281300044256 5.3742312173189921154 0.027587301544394083469 0.025186945031672736128 0.02290047323207573815 1.7586e-09 4.36421e-06
34595482.546201229095 5358 2.2229339925806295142 0.42535082237367599634 0.42943689868227380435 1.1816187894742593567 1.0782486765858780853 2.8425971542412753479 2.6757680907937650971 2.4847176596404358939 6.59336e-09 6.77983e-06
34595482.546201229095 5535 1.9320861720050737098 0.46566334455030511386 0.7298154925766459078 5.697734019022126617 3.5606500469989486035 2.3251565882809166474 1.8983957299793983164 1.4574975199700497264 2.07392e-09 4.61085e-06
34595482.546201229095 5713 3.0591542456741862566 0.14499497575785424974 0.22704740089476777021 4.8589468648486509039 5.2211637362484530911 3.3249090332117834379 3.3535299702492582519 3.3840302815207752296 1.49134e-09 4.13088e-06
34595482.546201229095 5569 1.9300019082406529858 0.14922682365779205149 0.35883079030392117659 0.97459037250350943893 3.3047354709428429231 4.0441706573696087901 4.1675486194033970477 4.2951688971789989679 2.77052e-09 5.07813e-06
34595482.546201229095 6450 2.6628852623699406088 0.12762984474920663347 0.10338260288270420539 4.0572686739796139932 1.2867900683468684875 2.3247879787559542208 2.2271605191869370266 2.1260500911238309207 1.74846e-09 4.35581e-06
34595482.546201229095 6969 1.9460135163730989394 0.10037842416962215741 0.14551563789994217957 1.1474304543520650324 4.6201678381603414891 6.1989213243717804502 6.2069865735583045208 6.2146278827960097502 2.41679e-08 1.04535e-05
34595482.546201229095 5576 2.0225378337490367286 0.50354759960186423751 0.26992357401142919038 1.9329205958054052061 0.80498814573499088976 0.84334989858367648274 0.50454589177155839685 0.26112596350505312692 5.46785e-09 6.36975e-06
34595482.546201229095 5647 2.142563064765712344 0.15173336697698761033 0.36453528499317960909 5.8626838792145097301 6.1984586766380349587 3.4548175907842630927 3.5055133960706768015 3.5595215113227043346 2.57441e-09 4.95537e-06
34595482.546201229095 5992 1.8793971205867237018 0.156606962527109983 0.16667954722362243736 3.9671475715573167875 0.66384040885810802202 4.0583927265020101061 4.1895648856336613619 4.3252511130962743024 8.41385e-09 7.35386e-06
34595482.546201229095 6761 1.2839425715239738413 0.23364621497349677415 0.14719379372211802148 5.2205112195412990417 0.70060396324029461379 2.6180080120437234648 2.4861971509403546499 2.3437961268211595645 4.88068e-09 6.13306e-06
34595482.546201229095 5252 3.1361839044228014828 0.20300028881094125954 0.16416558772256575893 2.802423205714517529 0.60343603266629719517 2.4745119176614811529 2.336690571823325957 2.1903755210820490262 2.42859e-09 4.85999e-06
34595482.546201229095 5394 1.3534797579820323499 0.1093866998218610137 0.27164749525222631199 5.9664699039269954994 1.2213164645122038809 3.2861169066907374159 3.3028250202897431187 3.3203853825717364323 4.23442e-09 5.84945e-06
34595482.546201229095 2895 1.0990248684617558439 0.31152203155882424168 0.13791271435758678532 4.6541662060239170629 0.30472523866850365071 5.7657237559210656741 5.904271660919662601 6.0195072093886174969 1.06911e-07 1.71603e-05
34595482.546201229095 6189 1.0926419741186275125 0.22553214739619484308 0.11885675811160908988 3.2590010523976289392 2.9646808662451236138 3.805821638793038364 3.9602791165894122294 4.1249737589317652109 5.43987e-09 6.35886e-06
34595482.546201229095 5234 3.1134093276823704421 0.15224217245605678461 0.070866773438927790907 3.4206015229302897396 1.5560866615410411384 0.96941182276214532543 0.84853440252297163138 0.73430522353741212171 2.35138e-09 4.80793e-06
34595482.546201229095 6129 1.290464041747465096 0.28632176043969054247 0.65774797070096668872 0.45478306671237600511 5.6999852347840764821 2.8388136495674265447 2.7375566403189810494 2.6249942293818708805 7.14833e-09 6.96495e-06
34595482.546201229095 5351 2.9605769888898287867 0.13696223373591437378 0.096722969923768359335 1.3148236953034593277 1.8490309907676312218 4.0997392096593614497 4.2168261807652687168 4.337312025267791249 2.44807e-09 4.87295e-06
34595482.546201229095 6272 2.2279998752726015709 0.42705711970309467862 0.18837488588365819409 3.8273901192025667761 0.35276276217503660382 3.8620936753805135133 4.2143156126105356662 4.5894872606859387076 2.92426e-09 5.17038e-06
34595482.546201229095 6230 1.857055003830059281 0.14998419224589221166 0.2768502094076888409 1.4540551016313145727 4.0280997464854930712 2.0739610256400227151 1.9370456650970790946 1.7970088621582811506 6.03494e-09 6.58276e-06
34595482.546201229095 6557 2.098089950592219477 0.11806349477200672737 0.18169625555206830869 4.5184816735179076375 3.8404414819704983941 0.50070958595277326175 0.4466573097696064365 0.39565940611676453376 1.93092e-09 4.50234e-06
34595482.546201229095 1239 1.7628137002425259272 0.011866434023231352962 0.25472284430663449939 1.8211118431164159404 2.1127393770720512833 4.1533864653023711 4.1634786709167919128 4.1736018496364897246 1.31823e-08 8.5411e-06
34595482.546201229095 5775 3.0156570967688138829 0.15319763461114158098 0.10496412974955524056 1.3892291339914657478 5.8098738976103909692 1.6817250924563480474 1.5275534870003855126 1.3744990655075077779 3.02463e-09 5.22886e-06
34595482.546201229095 6935 3.4921690773428419874 0.038827409480343806625 0.40985961429462069994 2.3359927703472602722 5.6120231754656186851 4.6819092921979255095 4.7207514131039802763 4.7595774649864077688 2.603e-09 4.97365e-06
34595482.546201229095 5807 1.7703975239340465908 0.20064374403098955701 0.21154330209467295254 1.8465903033110511178 2.943745362392592213 5.3912665462068494193 5.539316882137523379 5.6751807005960497321 4.88354e-09 6.13426e-06
34595482.546201229095 5927 3.4483561495477621506 0.16534374743010371578 0.16412977722082022769 3.8033651617548605017 3.2681929913326328574 4.6775077213144182764 4.8439947974371655448 5.0079087259891172934 2.21586e-09 4.71373e-06
34595482.546201229095 6445 1.5143372102450702865 0.18195732628954297549 0.074264949281811390436 3.0379234695271790656 4.3130829114602065033 3.0229931722763772051 2.9991075178965029835 2.973268940289580442 2.3322e-09 4.79482e-06
34595482.546201229095 5478 2.0924826867322328106 0.34812511538214729878 0.15869085110436267905 6.2465178179694715865 5.8416104200468463858 3.5228966921971562876 3.6830517555069590685 3.862470889387249251 2.28234e-09 4.7604e-06
34595482.546201229095 5494 1.3378908138879079814 0.45581568623846685506 0.11107731106405677179 2.7407212163813601258 0.62376803817155079823 2.4585780360568803005 2.0884036640157628284 1.6922972978401475963 2.97785e-09 5.20177e-06
34595482.546201229095 6119 3.1115823489271097202 0.095993849325247126991 0.19074452677786704613 5.5220252956504509712 1.82679779600298553 6.085472882694361374 6.1035204588448772611 6.1206745430667730545 2.96829e-09 5.19619e-06
34595482.546201229095 5559 2.3328869583846332247 0.26433178378481719806 0.3476234048300434476 4.8698042283753641968 5.0629790319376466456 3.7651412611805867847 3.9410998656506204263 4.1306291050689614153 5.44342e-09 6.36025e-06
34595482.546201229095 6737 1.7138393677261516412 0.24582029070838470886 0.20443837356001387517 5.5692432367335014121 5.0680017264544607869 3.7891926399289928007 3.9560630071372147043 4.1348634016667693558 2.16814e-09 4.67964e-06
34595482.546201229095 1127 1.1568595045662375398 0.44209858411486346874 0.21775196267049218291 5.4119117723024832145 1.5932387864310046943 2.2732659315997194582 1.8604073403693233146 1.4367199365164471381 1.29908e-08 8.49954e-06
34595482.546201229095 6005 3.0393780547908395562 0.23362926022931160275 0.53485677143269005906 6.0573427218154236584 5.5991523876209683408 1.2480893067698628496 1.0323858950140152313 0.83180936903346414102 3.36675e-09 5.41902e-06
34595482.546201229095 5209 1.1552763050400771672 0.22056351459758430367 0.14404416716293752532 5.3845732145149458603 6.1332516662715361733 0.63978907181133959359 0.51757799692749006937 0.4084482821685737064 4.75685e-09 6.08074e-06
34595482.546201229095 6692 1.9215131214196978782 0.28474633449619801695 0.24495729046362341164 6.059949170957438902 1.1222290162776948907 1.7824467711067488729 1.4912891208005465415 1.2074423094432478187 1.32225e-08 8.54977e-06
34595482.546201229095 5406 2.0112346019164455413 0.29092679403719123865 0.31852227631717511258 2.570028254938064638 0.089770155300222406747 6.2506122438116742401 6.2590434519380293565 6.2660662822541102202 4.61584e-09 6.02005e-06
34595482.546201229095 5938 1.6417987689292985465 0.19505006473930788791 0.17623204561490701803 5.5681615533768393789 1.0830912248146855603 2.818218763309399133 2.74921984313370249 2.6746362138274286657 1.88863e-09 4.46923e-06
34595482.546201229095 6827 3.113073797461872072 0.13874122306967737184 0.17237379088040882813 4.7828957645032117441 1.2318240833517493105 1.453373053572601048 1.3162544845203172361 1.1819836753770096571 3.04652e-09 5.24145e-06
34595482.546201229095 5158 2.0109584142143912544 0.3642385151744936822 0.33599333863306779513 1.4706765685848703917 2.5750617647658722298 2.9666997373039003527 2.8861411058544579333 2.7941044695019185973 5.85576e-09 6.51695e-06
34595482.546201229095 6167 2.1841892225121632976 0.094734044893188137926 0.11756379400552270653 1.3115222219572633122 3.5696012859912893411 5.6556578807710371493 5.7093299122916194577 5.7607585518386894563 5.7681e-09 6.48427e-06
34595482.546201229095 6401 1.623053786933909004 0.091758827001882384278 0.30283127078283644806 6.2123462552851007601 1.9083510935483087856 3.3086173571885741929 3.3246300695869774877 3.3413317438512124546 1.93159e-09 4.50286e-06
34595482.546201229095 6586 2.1329132534252308595 0.17486826983789549583 0.19469581575241245996 4.2021454616684792427 4.1033578538128656632 2.376041027210026968 2.2458281793587304698 2.1093107863127951163 2.89513e-09 5.15315e-06
34595482.546201229095 5195 2.7579953158578187633 0.15991797292432241573 0.11838982642538496692 2.6483166810933345126 5.6590931071782701878 1.4733827354900210782 1.3147695944756241371 1.1600643402320411912 2.26107e-09 4.74557e-06
34595482.546201229095 4963 2.1345468916563747896 0.20838308386113829629 0.3733332698738142108 2.2177550563364873959 1.2616951754616601011 4.1106036869607143203 4.294778510092394086 4.4852532951568049313 2.1769e-09 4.68593e-06
34595482.546201229095 6056 1.2719393114979469228 0.30910466718334134173 0.17877991199391329857 5.2304824282204069874 5.5843112971583641624 3.5198302845249322957 3.6568305385480042169 3.8091393486266871271 5.38932e-09 6.33911e-06
34595482.546201229095 6170 2.3321119761124839975 0.39782886852923243781 0.43853049369660118684 5.9156911838094554668 1.2533293826670262039 3.2675667650238606754 3.3331910101198745089 3.4089488637409659511 6.44558e-10 3.12323e-06
34595482.546201229095 6886 2.783017393682564844 0.15666771148960409454 0.55980211985240646566 0.99923331677593996147 4.5904051668628182981 2.8122630895944866758 2.7571855576238508689 2.698433666781129503 2.88448e-09 5.14682e-06
34595482.546201229095 2992 1.7974349061042342868 0.095490930299492016164 0.09546871721831182156 5.9071653462357041064 1.3197612687511239837 4.118152678123691679 4.1995935863406694821 4.2828021343588380532 2.26492e-08 1.02298e-05
34595482.546201229095 6978 1.6695683258225755274 0.32506861579208062851 0.32253798388251464502 0.85012260130193062491 1.5837335023560739078 3.645658595505878008 3.8341412430991113069 4.0416977825928279699 2.46129e-09 4.8817e-06
34595482.546201229095 6186 3.2330586164894135059 0.024077108192773970241 0.208188171776181985 0.0373342065894359601 1.5471592173610153598 4.8641934258437098393 4.8879527134175582148 4.9116597138874240613 3.14704e-09 5.29848e-06
34595482.546201229095 5846 2.7992647823194660717 0.11029825320457578575 0.11289409297773222995 3.530451534132194702 6.1185567595016152609 4.110350966857016175 4.2044146745406933974 4.3007857453499704903 2.37403e-09 4.82332e-06
34595482.546201229095 6333 1.7375557259965828116 0.16152165117486663726 0.17490392557190562184 2.3941616369212703752 2.8538916245347896172 3.6810954052632225419 3.7708210970324080868 3.865880003917828045 1.94245e-09 4.51128e-06
34595482.546201229095 6138 1.9993933496475952971 0.57022847724539071912 0.39325043121165392801 0.10835052530424742201 1.12860471486057512 3.3609083943071005329 3.5564381710383692337 3.7862679354227539719 1.45536e-08 8.82754e-06
34595482.546201229095 6244 3.2095082757208959201 0.10719864779995089132 0.33940320569974913312 4.9830859511318132959 3.7177205163624904571 2.9501475397022018932 2.9285522426104231286 2.9058869593977174617 3.08558e-09 5.26376e-06
34595482.546201229095 6192 3.1977640238616040769 0.22987361464805100564 0.29945125865156740907 1.6266885566415429931 4.9192741206539345455 2.496642301118404017 2.3425040969496713217 2.1777488995648321968 2.79503e-09 5.09306e-06
34595482.546201229095 5914 3.1952057647635978554 0.077675561819924077156 0.13257580739492391686 6.0369124667433613496 0.15639597803624077921 4.1853223497211082815 4.2538726953328156455 4.3235251641744465445 2.63408e-09 4.99337e-06
34595482.546201229095 6739 3.1775356080573429196 0.079526395535305133278 0.21074645866111504922 2.2213284661917089835 3.8857997293133990091 4.740823733067383472 4.8203121374240476271 4.8993758441339601006 1.84353e-09 4.43337e-06
34595482.546201229095 6164 2.0584158447345539678 0.27211874573855066028 0.5134840657650631135 0.82545283818185188895 1.7972826827100398805 4.6579848283197833325 4.9352407408899585661 5.200630301158426505 5.09634e-09 6.22209e-06
34595482.546201229095 5361 1.6056227693872682227 0.47404755446772889327 0.20903203227452277213 4.4693493651913778208 3.3745518376398542237 3.5312268094525580686 3.779689838085174447 4.062064854074400877 3.09083e-09 5.26674e-06
34595482.546201229095 5650 2.0343414221227629213 0.32580791379601925506 0.20231564803396762109 4.3167038693076280609 1.6311018619432138266 0.33872719340891160877 0.24268513096786123451 0.16439025203549662013 1.14639e-08 8.15256e-06
34595482.546201229095 6897 2.1757873102825771028 0.46624416199396068183 0.41058619101519810979 3.7916873705218345769 2.0916216192687953068 0.99277953980036726112 0.63169643354478277608 0.35637241398308400209 2.6229e-09 4.98629e-06
34595482.546201229095 6655 1.7145149473107801352 0.26930831175707914404 0.18048409846865859363 2.5131356087116363263 1.0951832960077978463 4.8487175051568014439 5.1140062345757257845 5.3618856843187874262 6.32791e-09 6.6876e-06
34595482.546201229095 3400 1.1515705395342619166 0.27501152004039258747 0.23028234038478351264 0.71377627926349207499 1.8880251271427830329 3.7735855578233055141 3.959834258841875787 4.1605775664402466774 2.20416e-09 4.70541e-06
34595482.546201229095 5798 1.6135680827889005151 0.21701915855836936831 0.26576790096732211266 5.5609852407450066636 0.83861305455183066115 1.7710273117405230803 1.5518541677721731098 1.3348739418714219429 2.01067e-09 4.56349e-06
34595482.546201229095 6362 3.0178704767733313119 0.093322985975859848451 0.2037559977537873046 1.6159767886079774435 5.0136782329760443133 6.1565250382767411352 6.1678156671998349836 6.1785584381129643461 2.92709e-09 5.17204e-06
34595482.546201229095 2928 1.9698658287750667739 0.283623645482399378 0.29726070674513033198 1.2534341882524819844 0.39899024885512301974 2.5573169578143128966 2.3761501934040376582 2.1796398166316004463 9.69793e-09 7.71039e-06
34595482.546201229095 5185 3.5340599414562912095 0.047681431051231501494 0.25789778509683869423 5.5989586527814418915 1.2174853646223890991 4.9413903258581681754 4.9875949229659983786 5.0334820662032013772 2.64564e-09 5.00066e-06
34595482.546201229095 5885 3.4849303811745238058 0.076166064766080385229 0.2833790049623430285 0.67104348283107384532 6.1702205428937100251 5.2047305698356138848 5.2707336141100435967 5.3353325867302610064 2.25928e-09 4.74432e-06
34595482.546201229095 519 1.8571413224672739251 0.12501252474793220215 0.019718180318931338019 5.8083742044634671942 3.2222568423463866516 2.062125257927970079 1.9482140084008134906 1.8319999435367819718 3.92741e-08 1.229e-05
34595482.546201229095 4406 1.7345480703586524385 0.12753414617111280549 0.16625682152841897432 1.3243351514326910934 3.2837790484925890588 3.6930610285562086581 3.7639954040062160168 3.8383464119497108236 6.27014e-09 6.66718e-06
34595482.546201229095 5578 2.8751404018197019852 0.08266947075047718918 0.20313339959716833483 0.75114015754075968978 3.7566622896510182272 2.7818284738819145652 2.7515014140990903257 2.7200644628357859567 3.04211e-09 5.23892e-06
34595482.546201229095 5134 3.5264595767981603558 0.032547306901230053933 0.32873218258226671873 1.5726422668813733186 1.0044421421608868972 4.0625488855737108551 4.0887256230023938386 4.115145719092908827 2.31886e-09 4.78566e-06
34595482.546201229095 6863 3.1137078201879684336 0.13820186725369015823 0.089035896505508166365 6.1717525370805379481 1.1350353786160705116 5.1156843724400298257 5.2398635112982736572 5.3592811226184018381 2.72515e-09 5.05026e-06
34595482.546201229095 4313 2.120821339429451502 0.41432716059646240714 0.23817147312954090044 0.75764737199266229961 4.1945284948846897066 2.6188470532952279335 2.3536938676348122534 2.0599886232535911113 1.98502e-09 4.544e-06
34595482.546201229095 5577 2.1683246769909625407 0.33865292602575181036 0.439908937233168984 3.8448922333372883564 5.8017096207103620031 1.9239995231175019974 1.5790107756559901286 1.240369275236536506 6.01747e-09 6.5764e-06
34595482.546201229095 5417 1.3419791113032517593 0.2596042372521498165 0.071789841106958116046 6.1216917741539544906 6.0614942923386232465 4.4618604639243120147 4.724881532029785447 4.9844655121274579201 1.15634e-08 8.17607e-06
34595482.546201229095 5880 1.4026418059832046481 0.096719442973877856051 0.22212531444138977621 5.0587122643441944092 2.121983941927497952 2.8910291002062868948 2.8658080733213506797 2.8394711800947884939 2.24295e-09 4.73286e-06
34595482.546201229095 5030 1.4110651668953215765 0.38791535457207265702 0.30036356623739285387 5.100734784669452182 5.0174930687771022164 3.2916578253627517547 3.3670305630852621626 3.4537425284016882721 2.14686e-09 4.66428e-06
34595482.546201229095 5240 2.0472321898665764017 0.11763978311897838047 0.22779881914722069358 0.58344506600923151662 0.96379402122728530244 2.3465664320539820764 2.2587160073066421262 2.1678312111252666661 1.54708e-09 4.18172e-06
34595482.546201229095 5678 1.6690179937472713334 0.19406599215785094725 0.28576699361031854263 0.19980175923246915048 4.1372007160796959724 1.7787015503169316677 1.583656506754162363 1.3896065621023463432 1.85255e-09 4.44058e-06
34595482.546201229095 5625 3.0317854769241683321 0.2659809260151063115 0.095480800289920814139 6.2569919169576193596 2.6632320729813478977 1.3630658950299412435 1.1066455008701776563 0.86880481627100847319 2.295e-09 4.76918e-06
34595482.546201229095 6997 2.9712579357173631855 0.21543816418186687023 0.19237128190429370056 2.3677456197052419995 4.8079911992405133248 3.8497276226609375982 4.0040094128055985223 4.1676168456689506314 2.77488e-09 5.0808e-06
34595482.546201229095 6029 2.0933472174213645367 0.17660790081334926116 0.11070572052508573235 1.557145387053357366 0.96637131183287816594 3.5536096395275262871 3.6311849094226524848 3.7142376151619127533 1.2969e-08 8.49478e-06
34595482.546201229095 6282 2.8164813489755688991 0.11255545181488908757 0.037834001755313886872 0.78856295774657214626 0.80081970795337020785 0.8889471666488286683 0.80434222029390844977 0.72326013480063156003 2.68214e-09 5.02355e-06
34595482.546201229095 6604 1.3385187389373116584 0.13298610254309706225 0.047365875527204844009 3.8479400658763625032 2.2854535834753080259 4.9114654397373556094 5.0405201160262000926 5.1664109157615509815 1.53681e-08 8.98925e-06
34595482.546201229095 5362 1.4310185544586484507 0.36178609884898871307 0.39158776254894289703 0.95267911342286371035 4.5405649572546797899 3.6157675048214725777 3.8202114862355989189 4.0473113014260979625 1.49782e-09 4.13686e-06
34595482.546201229095 1465 0.99140995665984987806 0.15631615034005941212 0.061967946856835751102 0.24133546297020311289 0.41018985269850227748 3.1726587476900625084 3.177960881466109555 3.1836445697292439228 7.44584e-09 7.06027e-06
34595482.546201229095 5877 1.5616944513775994352 0.62499857812451220518 0.19085438640392116127 3.6111465869512882065 3.3291679191638503532 3.9472435133180985289 4.5928248596535050652 5.2133613989350413576 2.13222e-09 4.65366e-06
34595482.546201229095 5479 1.6139673345587792763 0.31510536964604346499 0.095058590610467744164 5.0769733608389255863 1.6854689602326295983 3.0872059013654840065 3.0662461575981985185 3.0425265300951269687 2.12255e-09 4.64661e-06
34595482.546201229095 5257 3.2046299562099758163 0.11190042726886323399 0.17976772560909776155 3.7094661372958541712 0.6866890631064948014 1.0977226674173816701 1.0003668210559120144 0.90618368663445603151 2.20895e-09 4.70882e-06
34595482.546201229095 6565 1.8876123072611696863 0.51336638021236891127 0.30778603998105108497 0.72725955662421171155 0.72446376244360599639 1.5827336742423059324 1.0419691594834987747 0.59872894355759376239 1.41094e-08 8.73682e-06
34595482.546201229095 6327 2.999955253612724082 0.14980568256426721185 0.14352482213596928773 1.3009040233785864604 3.9657374445182762557 4.012956005466435272 4.1339665485925518595 4.2594027645967704743 2.25041e-09 4.7381e-06
34595482.546201229095 6313 3.2413381125325884113 0.071046872191043081157 0.33080865040205886807 1.1724946618766249884 5.7094738262462652045 6.2636870080770767899 6.265026336993743783 6.2663164041253782699 2.33149e-09 4.79433e-06
34595482.546201229095 5890 2.0042405884387619608 0.58353224927701297098 0.50776297628494038161 3.9309961133344715201 3.2915312572781778577 2.8748764426504678227 2.6298719023940764217 2.3441288228329684173 4.73576e-09 6.07174e-06
34595482.546201229095 6709 1.882260163304619649 0.44863119989849448155 0.49379356161925574975 0.16943125527326405311 1.5784634666610271037 3.6693943585835699928 3.9672079992814612837 4.2969363144701757662 7.37402e-09 7.0375e-06
34595482.546201229095 4581 1.4666277226054615923 0.51248354659811712342 0.26287699680623660692 0.9352269306064765475 3.6147031689446311731 2.6433314560113894132 2.2990123528221757532 1.9165136498538222209 2.62777e-09 4.98937e-06
34595482.546201229095 5923 3.0243149417000938506 0.034714092818542971464 0.18952911749711037759 3.9486980142883538747 4.0155190189156524383 2.0775278511048869134 2.0469113277598256495 2.0160580587195950919 2.22479e-09 4.72005e-06
34595482.546201229095 6677 2.2473224323404776825 0.16101384382152494901 0.21566233363732786876 0.82677822926381372426 3.5726611729621242652 2.985606775686355796 2.958239097122906891 2.9288817753264768662 2.33048e-09 4.79364e-06
34595482.546201229095 6023 1.7252798640072999348 0.041971204969131342688 0.47939799818770534312 1.2485542670635159102 4.5030006992153310819 0.53135383903851740595 0.51045663057259338391 0.48995051897795166562 5.48103e-09 6.37486e-06
34595482.546201229095 6842 3.1447116462725213104 0.093844334507764262665 0.11103965269773945213 3.7240670924305838696 4.4092489305954369883 4.2852799033788064875 4.3725281091230856489 4.4610046466128983056 3.94698e-09 5.71398e-06
34595482.546201229095 5437 2.1233089986980071551 0.33486270594781047949 0.23972936518144438711 5.5891874170997759563 0.23150579906682389186 1.2002184060581966296 0.89997372214022375303 0.63767222347271212968 4.54448e-09 5.98887e-06
34595482.546201229095 6001 1.7776766103252035212 0.12713404121225535537 0.35658424954047607258 2.8638631977302084763 0.88617527483941949118 5.2710381940160839775 5.3756458144657628395 5.4758263233983743845 1.89847e-09 4.47697e-06
34595482.546201229095 1517 1.9685790672433634008 0.29352565757986626149 0.69245919073820627609 1.6906284901141430677 6.1415605017060821424 4.2843071617193384526 4.5734686774345840732 4.8641665332807777489 2.17631e-09 4.68551e-06
34595482.546201229095 6356 2.189961537992747509 0.48036417448198626134 0.27748113707925203819 5.2245251590535577435 6.0446051023261127 1.0659223623419644689 0.67245535923524357713 0.3732323468434079472 5.8318e-09 6.50805e-06
34595482.546201229095 6121 1.4311037808937470128 0.22376024430611132776 0.21265038454669799028 1.2001309029340438972 0.10597128515135964544 6.0654074248224318922 6.1094888651085224041 6.1481600820834518828 1.90564e-09 4.4826e-06
34595482.546201229095 5717 3.1681729125033641914 0.11126556656468966633 0.23053148079391716507 0.39472479640657975875 0.74676976417586116153 3.4410288330391942679 3.4758032898154631596 3.512301019762235299 2.31886e-09 4.78566e-06
34595482.546201229095 6197 2.0543317156416169844 0.16793438756888870445 0.19027701271241587166 4.0340432542980488861 2.5943041590009698893 2.2028302667426080674 2.0594369223557307258 1.9111555915196576372 8.02678e-09 7.23931e-06
34595482.546201229095 5211 3.2161379759727375394 0.033031568280467174525 0.27149857091380819041 5.3583212301859219906 0.9438756339672211837 6.0348970185509029918 6.0428885626515880247 6.0507497738347932881 2.07199e-09 4.60942e-06
34595482.546201229095 6154 3.1213555342964895978 0.086964822136402275543 0.23257283147698815107 3.6926120363492280774 5.8224230441723037188 1.3148818643633231051 1.2315572638092313618 1.1495487273158899733 2.04677e-09 4.59064e-06
34595482.546201229095 6204 1.6655870037214550727 0.14285478684835750673 0.28899962500853743075 0.4412550581755476653 1.6937983573036701213 3.4613360255314749026 3.5097617341176468031 3.5611762876733683569 2.26769e-09 4.75019e-06
34595482.546201229095 6392 3.0052843275798566403 0.21447324969609202205 0.20707894597964238148 5.587709316750150812 3.6987720801754977451 4.7180637207397975175 4.934080796543249825 5.1433052099019347381 2.75286e-09 5.06732e-06
34595482.546201229095 5076 1.5938239503831170829 0.23387753684656392705 0.14015420307557077684 2.1279750775327390677 1.4171404760238284215 2.124172814838607426 1.9098162943077834353 1.6892508234108161158 1.5547e-08 9.02399e-06
34595482.546201229095 5288 3.1063994115589870226 0.27210064179223658609 0.23250786975303361359 0.25810201654496894852 1.6608100957823141997 5.4896362021660625174 5.6693250625625779548 5.8260624403945806549 2.94866e-09 5.18471e-06
34595482.546201229095 5459 2.9686137946789030728 0.20485989093287099161 0.19864436713750785457 4.0626454428380949224 2.5362319185451300818 3.6269493304021502844 3.7331827644372799213 3.8474293575769609177 2.51526e-09 4.91712e-06
34595482.546201229095 6816 3.119237864794156323 0.087676513468893671477 0.14798114078631999235 3.6707422203542114936 3.8113948966626267634 3.2788324638135328826 3.2913971034752402822 3.3044823650287487027 1.76213e-09 4.36713e-06
34595482.546201229095 6572 3.0137137211456428432 0.14985998547083395627 0.18214471262753781367 0.31806353998614766976 2.9976718332249725485 2.50363760217562481 2.408170235062350617 2.3078515595509334624 1.66053e-09 4.28153e-06
34595482.546201229095 6740 1.807523444169192528 0.28154068645025370765 0.34345760841603939495 0.91207361833075739632 2.6840067602415107473 0.035431662122250850988 0.026530557667689549234 0.019062002471241169116 1.33102e-08 8.56864e-06
34595482.546201229095 6480 1.7101967405737406036 0.16297518995138118858 0.18086711247629022603 0.50426541914819422718 5.3401470939539565919 4.2010111499076128183 4.3498030221168075826 4.5021820099725315956 9.59462e-09 7.68292e-06
