32229979.466119099408 0 5.3971868272366263497 0.02360594627097514428 0.0142724984284846243 0.16280942889469313117 4.4870188242150579327 4.1302485134912174658 4.1500971950046743331 4.1700686640875890276 0.000954961 0.000356051
32229979.466119099408 1 9.025744231598482159 0.093659612153414548152 0.061024994894289329161 0.85745041803482147102 3.3881021394013459691 0.037870575902985446903 0.034475881453522032316 0.031247523387048274646 0.000285285 0.000238018
32229979.466119099408 6992 2.328776156457799118 0.26249872038467841895 0.40570587711380190488 0.5074205410419746487 1.1827854664638741689 2.0950137676497821992 1.8483913522588033551 1.5959417951430237004 1.98059e-09 4.54062e-06
32229979.466119099408 6819 2.0795980637211979314 0.13046712767271259614 0.22165680653437597192 3.4582326326235381941 0.52956570247034684407 4.4982286886950060278 4.6278883781503994399 4.7578899923226893875 2.46721e-09 4.88561e-06
32229979.466119099408 6751 1.4785269612901228431 0.28972058766597774682 0.35282807946857369652 5.4987329627349659233 0.93820945855605275554 0.62892266155953757689 0.47368594644297312701 0.34152425824461835058 2.66624e-09 5.0136e-06
32229979.466119099408 5931 2.6893259090081729212 0.13574071144676641554 0.35731148710970711546 4.8561795907332943045 2.2458062646344574276 6.030202834564494907 6.0622191975247954332 6.0919698075696873119 2.66585e-09 5.01336e-06
32229979.466119099408 5740 1.5978355648673434608 0.274374207466099862 0.11991973615731539582 2.4374114779104743 2.0256479440673080816 1.9847132051828357824 1.7149751128130426014 1.4434477486320493878 3.09097e-09 5.26682e-06
32229979.466119099408 5588 2.7477029930467860019 0.20608978337767175359 0.12068426200378484792 0.17116342638579162827 1.6277847917346082163 5.0925944299694902995 5.278308118565149698 5.4522677056244361893 2.40685e-09 4.84544e-06
32229979.466119099408 6582 1.6496293213882609052 0.32579268453302623332 0.17976315684777185999 5.1382312565508625468 5.2162924458554060791 5.4605461889623487792 5.6800386594401652829 5.8648402313202909752 1.86721e-09 4.45227e-06
32229979.466119099408 6171 1.4989943729986303644 0.058955265935663879462 0.23116815811519481061 5.2489154660972445754 1.9345094672166607275 5.2189279313856093978 5.2697859077148425655 5.3198174071829011922 2.39216e-09 4.83556e-06
32229979.466119099408 5921 1.5297106768014443468 0.15644111816377842539 0.28354073250296174535 2.9775585078637623049 1.0705740217048040908 3.9769553846980683076 4.1000329188023734162 4.2280480652153009657 2.32801e-09 4.79194e-06
32229979.466119099408 6443 3.1989381604932973779 0.20244195470563708383 0.25101222413421653279 1.8143166092123723665 4.1491066644044831691 4.744455539653237075 4.9475409659878692992 5.1444115037785200784 1.88164e-09 4.46371e-06
32229979.466119099408 5990 3.1292906014783175017 0.086627574421466804755 0.19274102014160096608 5.9866294693128976334 1.6110743122540076566 0.7845854510212084687 0.72510963379875070789 0.66765671050207986426 2.30118e-09 4.77347e-06
32229979.466119099408 6883 2.1590061631663219899 0.20315017390471842851 0.073226695926230184197 5.0350410464642969544 5.3913100033180381132 2.8487694278191897368 2.7830762365181640483 2.7117938134854182586 1.23696e-08 8.36184e-06
32229979.466119099408 6035 1.8151470084617364886 0.21016747046920208897 0.029479232582640079591 5.0716882044332383117 5.3270288660905507072 0.49816159804828269442 0.40534488725861661518 0.32246834570620180882 1.91047e-08 9.66563e-06
32229979.466119099408 6793 1.6175878321286705219 0.21026638610477607627 0.12228065649916314284 0.18224985346007105402 0.71734657618079344932 6.2153786897284870605 6.2284043367699002403 6.2399171731784655037 2.0508e-09 4.59365e-06
32229979.466119099408 5467 2.9610045021299487011 0.14769807698639861315 0.15729953826110912307 5.7862629738886752762 2.768653879357313663 1.9591390578587939419 1.8179435003561936757 1.6747333360020704163 2.43648e-09 4.86524e-06
32229979.466119099408 2413 1.9795184554482159189 0.43240110553870259036 0.43849574573551497458 3.9064724912404980017 1.4188144300383682683 3.2978120372768930935 3.3889972638937688743 3.4948872889488402649 6.11801e-08 1.42469e-05
32229979.466119099408 5694 3.1155635670595285269 0.082929261302438717074 0.31321043418878807829 3.0465574330802156489 3.3526813790626270873 0.91143491218485694905 0.84742703617736958588 0.78526493645702433177 1.21025e-09 3.85309e-06
32229979.466119099408 6253 2.1684368192574190459 0.67411958827305318298 0.28098780048193211512 0.38216459256626617025 3.6896988415779690129 3.5849238688760967086 4.0861068237473965326 4.6322867834411241006 1.17298e-08 8.21512e-06
32229979.466119099408 6484 3.1445152518401298103 0.11301744951526900007 0.24382730924426607166 4.3720146576325742416 0.82299089267158986871 1.1097561527333621445 1.0107923316232396704 0.91503795973186730084 1.88476e-09 4.46618e-06
32229979.466119099408 923 1.7541199161196614487 0.28146937195669324838 0.21434511782126383639 1.3821493480334172688 1.590794093021845157 3.0320380557635582264 2.9954010879259165279 2.9543990538008695346 2.53731e-09 4.93145e-06
32229979.466119099408 6411 1.1718613972737041973 0.10884393764991075193 0.13459760631885892002 3.491395233928507924 4.8776055844907268977 0.17042837899799484491 0.15285856654679055855 0.13628555474927114832 5.10394e-08 1.34117e-05
32229979.466119099408 5448 1.7597532664848702932 0.16456591344631180118 0.10012555273104577214 1.5589338893578541523 0.14817428990809253242 4.3458397501677286101 4.5049252299214126438 4.6659622700657674699 2.56033e-09 4.94632e-06
32229979.466119099408 6528 1.699660651650534593 0.084841959389725163376 0.26745182140903567269 1.5205383909612011362 3.0974058037963709822 2.9463576264740400923 2.9291519025224128647 2.9112632802604441196 2.31313e-09 4.78172e-06
32229979.466119099408 6764 3.2681447477230083365 0.00044183189842378014665 0.27803360550746292201 0.69828337956376718143 0.12409453850653122398 4.1312046712719983077 4.1315740049402389644 4.1319433833644634291 2.4069e-09 4.84547e-06
32229979.466119099408 5259 1.8845884529788963224 0.075886498887033471128 0.19624625061992892472 0.88850793581536968713 2.3709593975099925167 0.82358229326258780567 0.76924948596988718119 0.71646312263241307416 2.21606e-09 4.71387e-06
32229979.466119099408 5663 3.2210923977944898589 0.44766627146102738743 0.51513649890823365318 5.136144878222193455 6.0800249638367427352 2.48995909560297779 2.1405579390299469544 1.7636096907089633401 2.69499e-09 5.03156e-06
32229979.466119099408 5328 1.7768916071865035189 0.42672587608701456618 0.72251551451949380667 1.6963508446243431571 3.0608682952518546649 3.6548117716261669941 3.926534037569464175 4.2281369378154511907 2.1043e-09 4.63325e-06
32229979.466119099408 6498 3.2421067294810410608 0.072581487896287141814 0.12216275603490042712 1.6983716039125380526 2.8937654967073869194 0.19205380973757438245 0.17865948920439647662 0.16576099235384808561 2.50157e-09 4.90818e-06
32229979.466119099408 5668 1.3766589843130596638 0.28294947488565591609 0.15645749203268699556 5.2813370287614125331 2.3040962063435301843 1.5132622384134779558 1.2291897494984986849 0.96258975276125946507 5.17696e-09 6.25473e-06
32229979.466119099408 6300 3.2687768583613103779 0.068073654083795523406 0.24467162196556740961 1.8130079464310939752 5.2051263299727406064 4.9145825390951483058 4.9808688064645334492 5.0465037396430751926 3.26125e-09 5.36181e-06
32229979.466119099408 5204 1.215650552200232104 0.52651123618827189166 0.311394968971075492 1.3215029815783059242 2.9395374840871766331 2.7645132686283302448 2.4814585934288109215 2.1585899237146790597 5.21728e-09 6.27092e-06
32229979.466119099408 4755 1.9548708725963830357 0.078148398245536182527 0.081325200637237374246 1.1238551816985311582 4.8949050411601398025 3.3920401669422832747 3.4122016632885387999 3.4330921628350479224 2.39615e-07 2.24572e-05
32229979.466119099408 3800 1.5463973676830333748 0.12291886790657356732 0.25029124672192776258 2.3764762632088802796 1.6878334328641468876 1.8624621429162802055 1.7422970565432847057 1.6211814379098901107 1.79108e-08 9.45995e-06
32229979.466119099408 5861 1.6870494302394174468 0.14976528668605684769 0.18948848095252904256 1.7402322502677334271 1.3776813954885001046 0.7422328508728731622 0.64585479015921620771 0.55571386749784734693 1.95257e-09 4.51911e-06
32229979.466119099408 6719 1.6640740903518016491 0.11644765473638853115 0.1669813765071024303 5.4416128081747876521 5.4761387973404334062 2.3868055740988216584 2.3032414988740641526 2.2166578273947195044 2.09817e-09 4.62875e-06
32229979.466119099408 6923 1.9474983451762386544 0.57222370413324330496 0.20711960126281855898 1.2925161790599881684 1.0848094724290304747 3.3552032169836758513 3.5470270752458210595 3.7727224048484973018 1.67707e-09 4.2957e-06
32229979.466119099408 5480 1.6766388486981260719 0.43742834165615512854 0.031409403375615249643 0.5767309463809831005 6.0757565081244582217 3.5766770836563703817 3.8208618158681515453 4.0956650506277751944 1.6026e-09 4.23115e-06
32229979.466119099408 5093 1.9786474119720531828 0.2482901470669306998 0.19512802013530219924 5.7351471428066798097 2.621959703800718966 0.45554391219838413774 0.35594328932363022977 0.26942045918519852421 2.98948e-09 5.20853e-06
32229979.466119099408 6676 1.9136050919027456363 0.22431717827639607865 0.12136465681827500462 5.8778058023831398771 2.8037927831803433065 2.1798269047478102678 1.9811690297940265371 1.7754764141776837594 2.23147e-09 4.72477e-06
32229979.466119099408 6526 1.1657229492056013775 0.35025031802096395772 0.099374346389037596095 4.9234723822963397666 5.6497657859072196729 2.8478371363355874379 2.7213493740940255528 2.5784533468201038531 1.74858e-09 4.35591e-06
32229979.466119099408 6951 3.0162254529379737278 0.021274888226673137337 0.084154489158868278631 4.3928995338315850461 5.3001472229573387551 5.3699799699114869611 5.3867110601931669223 5.4033295221906758599 2.54062e-09 4.9336e-06
32229979.466119099408 6202 2.0796955782314561212 0.41348488409364214657 0.37594021224766382971 6.0043133640713044485 0.10872786405721285297 0.35957053262400728855 0.2330882577253555743 0.13758012807979241865 4.75227e-09 6.07879e-06
32229979.466119099408 6083 1.798860600291728673 0.23560409807196155962 0.12400549458901573285 1.1905849080448858146 6.014384834989811246 1.0313050707693582897 0.83873185759350721291 0.66349045218594437934 4.91269e-09 6.14644e-06
32229979.466119099408 6402 2.9745560795425438627 0.18891406830072124401 0.23631670022215983673 5.8126356598143358312 2.4396523024288545578 4.9973804028922153009 5.1750779584793358268 5.3441287501524463721 2.16272e-09 4.67574e-06
32229979.466119099408 6242 2.034897184671530912 0.33134361615471841223 0.21787494589607792062 3.5297029765830685299 5.7450038971341905736 3.0324008167049907314 2.9876684538342943576 2.9368678091446978051 2.33848e-09 4.79912e-06
32229979.466119099408 5146 2.7867237616181403936 0.083669026637696777837 0.079837789266534842092 1.183325219137813189 5.4001117513884668853 2.3026374939719786994 2.2385084552222109799 2.1728081595089143718 2.55901e-09 4.94547e-06
32229979.466119099408 5492 1.8679117193856449308 0.18307999250781256673 0.32574464111058659688 1.8177962008851162867 0.132422099541380206 5.3025403789260945331 5.4481956785644154451 5.5839109639427313425 4.51271e-09 5.97488e-06
32229979.466119099408 5047 1.822616169469805536 0.10337358312866674892 0.26550935225641875137 0.078555636551723734273 2.5717809248175544923 3.9877126675618002061 4.0680355521696638377 4.1506815242532129062 8.23744e-09 7.3021e-06
32229979.466119099408 6657 2.390258516793068555 0.23737749474079680723 0.30367484778914732857 1.4854989013656494379 1.7218789494033091003 2.863361250775024569 2.7885932128630552818 2.7065285244126786601 9.52311e-09 7.66378e-06
32229979.466119099408 6413 2.7513829144723467302 0.27256968030431816263 0.1545520119829493777 5.2657605887843201842 1.7367486337235595872 2.3210061556858763154 2.097433633065899361 1.861796560346113516 2.71272e-09 5.04257e-06
32229979.466119099408 5928 1.8902562389098471751 0.23102869285349642015 0.14590749492877308491 2.0649907028784322272 3.871349909385065402 2.1868680188677451781 1.9825691503545812555 1.770851518008040415 1.85148e-09 4.43973e-06
32229979.466119099408 5018 1.4058175967608612655 0.20204267630567671055 0.27646895688960931858 5.0001563475781134471 4.3463151681223637368 3.132613538594365199 3.1305721315651906522 3.1283455608719017427 1.65949e-09 4.28064e-06
32229979.466119099408 6118 1.2634657854980524405 0.2882070036583441186 0.11514354670527739144 5.7164218019429675621 3.3493993543243609778 1.972542894603871888 1.6869357932328126193 1.4006703279192220801 5.68798e-09 6.45411e-06
32229979.466119099408 5423 2.0764059627915614215 0.4052740067482821229 0.74793121011100394124 5.7761392343881006184 4.6680892279580712412 3.0486383624516490976 2.9988459705415082546 2.9411907199775835231 2.52578e-09 4.92397e-06
32229979.466119099408 5626 1.0170427133404831288 0.30698304165262879639 0.053384639015705982745 6.1367518883577467648 1.9176688480143873061 1.7695141249148145235 1.4538911060165422562 1.1490034189482249971 7.93289e-09 7.21097e-06
32229979.466119099408 753 1.4260756833028556123 0.45065783730860581313 0.10081241806790428028 3.4861527182414149273 2.3385971484105958496 0.85002014432402606126 0.54326275362239462297 0.31030341266246713738 1.27811e-08 8.45356e-06
32229979.466119099408 1124 1.8362037024116095729 0.24134553451115395295 0.17151353631537935573 2.4058799420214844744 4.276512895876258824 1.7214836393728631947 1.4759971000984606349 1.2357352269535413214 1.32419e-08 8.55396e-06
32229979.466119099408 5020 1.7467396745388126256 0.36897323875952425798 0.34489489903464382037 1.2786629752692388884 1.7098032540644829691 1.5798663123053671153 1.2013364030043509612 0.85726055245184396014 4.40916e-09 5.92883e-06
32229979.466119099408 6161 1.8317905069786057926 0.27856000089580518209 0.15548964911220836127 1.6742279341736721054 4.1036975564307542896 3.00648997987929123 2.9619475004029838239 2.9121742745470018399 2.19638e-09 4.69987e-06
32229979.466119099408 61 1.7884313274163423646 0.055956201260849783297 0.078650033516145217982 0.66086010317185961416 1.6466620405976615249 2.7772504199420677828 2.7567602805997579729 2.7357541114105590196 2.97121e-07 2.41265e-05
32229979.466119099408 6451 1.7062346957868985697 0.34969859527416874423 0.072153433963076857305 2.3862486813001577701 4.069058042440106604 4.527587257251349584 4.8906745539174396598 5.234830139630906487 2.57122e-09 4.95332e-06
32229979.466119099408 6876 3.0530636943746420897 0.14618011844208103622 0.16810319371053381032 5.5496199390796130402 2.9863629216485731988 4.4976605309526682674 4.6432810963928083936 4.7891122829532495331 5.7202e-09 6.46627e-06
32229979.466119099408 5132 1.307941270793260724 0.089231961666633594077 0.32967161819338614004 4.9364875626650768226 3.6243102382271787931 2.9377952160040470275 2.9188715619871370421 2.8991616209695738604 4.5221e-09 5.97902e-06
32229979.466119099408 5470 1.6027158315279930179 0.14026299560605356986 0.20951820729174480684 3.1516036943016279004 4.3799559218831065621 3.5008967349532706947 3.5539501948495924033 3.6101634472752484051 2.3944e-09 4.83707e-06
32229979.466119099408 6270 2.0516251655490607142 0.26918859289738433782 0.29439548586484537429 0.087481839129314828418 3.5126941470432231363 3.1630563124076709336 3.1698773743560479943 3.1774902833580611627 2.07589e-09 4.61231e-06
32229979.466119099408 2778 2.1084590368157209994 0.42192270800475561998 0.31572098907511686461 0.63780730316464018248 4.9016788402991116058 1.2798050303528236693 0.88629575885363687249 0.55941750018065894423 1.15158e-08 8.16485e-06
32229979.466119099408 5605 1.4308636972294270784 0.2314737540030182561 0.30796620678037606167 5.0824294164977716903 2.1742186184838794283 3.950201332730632231 4.1343789670422381732 4.328250169256233626 2.44051e-09 4.86793e-06
32229979.466119099408 5518 1.9813161608161389271 0.088152706165866373533 0.2273278873038882264 0.76967790039029304605 5.6502356708201117996 4.1637273328455677301 4.2408264300384352907 4.3193581095191895258 1.73658e-09 4.34592e-06
32229979.466119099408 5490 1.4997799409356342704 0.087220444014374190478 0.12398725293627334276 2.4364726316822378216 0.56466692140271279587 4.816648821167287764 4.9031139252800493011 4.9887528066344426492 5.31486e-09 6.30978e-06
32229979.466119099408 6726 2.0999984242048563843 0.24412166018413949953 0.10904339942714591505 2.59366454908055033 0.1602337612384524268 5.5984055522238662661 5.7412097324008657395 5.8671348752980589936 2.92983e-09 5.17366e-06
32229979.466119099408 2768 1.445812704006692373 0.048410819889886533285 0.055035183730312249584 0.97977037465519600801 3.7953562209327520449 6.0133969011282282224 6.0260126182295596919 6.0383257767979090502 6.30548e-07 3.10044e-05
32229979.466119099408 5194 1.8982042209390157517 0.13132802069768137465 0.083541873969283350632 6.0888191103100943735 1.519584340203875783 0.82099113743784057906 0.72868178000915406756 0.64123219084922844502 4.75382e-09 6.07945e-06
32229979.466119099408 6395 1.5153056886933444769 0.3170020389020511975 0.22737196263561243459 5.3862480316129399682 0.12564538375647196777 2.182504167092659042 1.8907482777957562714 1.589833923851259101 2.27089e-09 4.75243e-06
32229979.466119099408 5888 1.5644139225803914695 0.24921424941834424693 0.3033080318020163757 3.0493488254995702036 0.68224336852830624878 3.5353203128871659722 3.6452099319379152043 3.7654799450565707986 2.79797e-09 5.09485e-06
32229979.466119099408 5964 2.1558595788029708551 0.26752817364142211787 0.54683350529741403534 6.1115559295676149532 3.0583850647678256784 2.8892782537063097514 2.8109521593749606794 2.7240994330102723531 2.1711e-09 4.68177e-06
32229979.466119099408 6639 1.5985504064055708895 0.32368565250606068373 0.20935772297535548692 3.5391205914134444832 2.9882800911295737123 2.80138308205425135 2.6699372200773052732 2.52286689034744116 2.07227e-09 4.60963e-06
32229979.466119099408 5312 3.0035164546009878173 0.087632924464749920035 0.18125939546154051785 5.3689855820230336647 1.4150483461118184003 2.5362148797376873333 2.4843895917494926984 2.4308542090316120898 2.46345e-09 4.88312e-06
32229979.466119099408 5514 2.4667059652688991811 0.60066372145930368998 0.24465879723000213963 1.1905704213399368463 2.901936757285963786 2.5800147551311396477 2.0942960728282500327 1.5740762917300483714 2.23079e-09 4.72428e-06
32229979.466119099408 6734 1.9281931968314176551 0.32245832476846220116 0.10158614575293334337 2.5706536528304733125 0.68248075350417325424 3.4327548839115920032 3.5456797145191485399 3.672463721227477329 1.24231e-08 8.37387e-06
32229979.466119099408 6073 3.2379849793011401538 0.078925154684272358363 0.22988753247155063741 2.2349933240617598784 2.4056663109864238059 2.8035867203187656571 2.7763601381579348093 2.7481707182378798393 2.87152e-09 5.1391e-06
32229979.466119099408 5364 2.6110066203490696068 0.046341884235522434743 0.10439529475610787035 4.407973154756926526 4.365289826252103822 3.105219892189110098 3.1034937856567128556 3.1017286394270544569 2.91675e-09 5.16594e-06
32229979.466119099408 6028 1.6166198659506390012 0.16965586179710792636 0.12118792752280800606 0.045385020335058784413 2.580868013562370944 5.510201055837804951 5.6225358270566134777 5.7266417207664170874 2.1303e-09 4.65226e-06
32229979.466119099408 6691 1.6868663261019962718 0.43354668182913647101 0.26360263255363614032 5.8213608509211312025 4.572016042168957739 1.291417761682881471 0.88465004511214795357 0.54921787477859607129 1.99622e-09 4.55253e-06
32229979.466119099408 6521 2.9873125663867683421 0.072302594172788905991 0.16819932828971737027 4.4926728537378153305 4.3290377247794600279 2.464305118033167652 2.4176265365593772039 2.369736101525960148 2.953e-09 5.18726e-06
32229979.466119099408 2010 1.7841031434439795778 0.32735361759593967212 0.20217105059844614479 4.6462469112035549301 6.1492089051812648393 3.4509402699063831399 3.5728385069406773944 3.7096732738678608321 1.54172e-08 8.99881e-06
32229979.466119099408 5455 1.9092863127583883376 0.31460680194300510992 0.21518798645816231141 0.43045121958349691349 1.2573688121053669953 2.3117841355562642747 2.0460739697089787015 1.7663363891092414004 1.18753e-08 8.24895e-06
32229979.466119099408 6780 2.0109160690827323492 0.41022344259884346851 0.33434463531443631146 1.7403582710929494937 0.92227767267844673604 2.0973713260860642471 1.6873971193733088292 1.27995916535305021 3.2776e-09 5.37076e-06
32229979.466119099408 5170 1.0124955096012475675 0.2999443920083520454 0.026131630934766288121 5.6826449710070239263 4.5972419647359599182 4.0116049361104586524 4.2705876999041638697 4.5417323190494620633 2.19546e-09 4.69921e-06
32229979.466119099408 5540 1.8707469504813385441 0.48667555718522387265 0.26011458804527071154 0.67193781073703695572 4.8967375876987091488 1.7138653568438260155 1.1920547808731749573 0.73986958634009658553 2.31531e-09 4.78321e-06
32229979.466119099408 733 1.8674709534295099722 0.042241840381176454233 0.17467512864176878984 1.3932692335006340301 6.0036384750589872894 3.4994369789919161917 3.5145376281913853767 3.5299288457310411538 4.51209e-08 1.28719e-05
32229979.466119099408 5469 1.2940219684712368498 0.26804769991201216062 0.15800523367287333532 4.1508225432790135656 3.6430172365431365833 2.6438567904871272951 2.4959962418580512455 2.3347186623753612977 2.51139e-09 4.9146e-06
32229979.466119099408 93 0.97634412735827180718 0.11803487019217059895 0.0074526630570469253392 0.54218181892373895625 3.6129536818277294685 1.0259192888445458625 0.92771872640350905304 0.83326084546338696768 9.78155e-07 3.5891e-05
32229979.466119099408 5525 1.70373923253677928 0.44380046388126032086 0.0013001470174223092331 3.9305926935251846999 0.4801852747346088135 3.2308069072767100494 3.2851791684589626286 3.3486841895834738025 2.22151e-09 4.71773e-06
32229979.466119099408 5178 1.6065764758431597681 0.086749829297636568692 0.23707313343077718315 0.84446447872205399054 3.2699176762691455345 4.6241269796552284532 4.7109805903765469282 4.7977303336373475773 9.33283e-09 7.61239e-06
32229979.466119099408 3770 1.4147447243356379154 0.22909295275623939303 0.12761767154921915823 1.6591515131530016891 5.5825243893224412162 5.4732730923156482916 5.6286479476204700489 5.7681179691438808632 1.55823e-09 4.19174e-06
32229979.466119099408 5667 1.8686054287078250891 0.17569384754090466849 0.13746867043306620904 4.3410564820111634532 4.7453548852486875376 0.72933066221826092779 0.61875546435145600821 0.51684920088221875112 3.20823e-09 5.3326e-06
32229979.466119099408 6103 3.3141149077840728054 0.043231467872580420231 0.12495597120916721035 2.4012391686431113769 4.8034541680914628614 0.080519266311426279659 0.077113844080492169319 0.0737834024691096102 3.07621e-09 5.25842e-06
32229979.466119099408 5181 1.3818400098581726798 0.17612452880289741763 0.18294728831239934208 2.560060344640481933 1.8312885053364327259 3.5102440274832864553 3.5799577271942939483 3.6547154908107981619 5.47157e-09 6.37119e-06
32229979.466119099408 5623 1.4256727515878249157 0.45303673798164462161 0.25256663614212532254 0.86984722118264479196 3.3346862775303405257 2.3807036561247478801 1.9862568341696957841 1.57175968162398072 2.3084e-09 4.77845e-06
32229979.466119099408 5316 3.4937540598108105527 0.064933734118541391878 0.21395331137357612161 4.6133734740203227176 2.0432613308394733664 4.1492124431184072009 4.2051320051503147113 4.2618893032670275289 2.96988e-09 5.19713e-06
32229979.466119099408 6874 3.2636954749372124596 0.087684623692597218891 0.26987414545297855328 5.646428215250756999 4.4150715016053423412 5.7160668991963801133 5.7615683210595554087 5.8052600555404243465 2.61974e-09 4.98428e-06
32229979.466119099408 1959 0.7963205276673265276 0.17805555988780794041 0.14060488901866863287 2.6854892426355037038 4.1599151114693571074 2.9334704448589814518 2.8928193671075650428 2.848979382631066315 2.04943e-08 9.89451e-06
32229979.466119099408 3953 1.5881378041078768604 0.19563160395367884536 0.38398694590345888722 1.5546766496988932982 1.277459083865464029 2.6507429376813056443 2.5488305566848210582 2.4395401714916751246 1.87457e-09 4.45811e-06
32229979.466119099408 6642 1.9698070860069034627 0.49873811149923563679 0.28628917605544229597 0.79763490771508160915 4.5445581956869451901 3.2832026420011137802 3.3856477338831978408 3.5061625691394380233 1.26355e-09 3.90884e-06
32229979.466119099408 4189 1.1638019572113553757 0.063440814503905110233 0.01891498610584982018 5.7675549015770828376 5.5326130702473292899 3.799894228180200173 3.8397404986125085458 3.8805202527035769222 1.30808e-06 3.95422e-05
32229979.466119099408 5324 1.8960046195150164206 0.040758329266376250311 0.32754312037187854889 0.96170571212593736199 0.95948051064250339248 0.67057627743651260221 0.64563666490878945936 0.62111208980714271988 4.64884e-09 6.03437e-06
32229979.466119099408 5380 3.3894476009634986191 0.16425454821443394304 0.41603389470405921502 4.4417526072983468666 1.983004846054916559 3.3485203533144662913 3.3854853865029261861 3.425149899239110507 2.14422e-09 4.66237e-06
32229979.466119099408 5451 3.2673513167174212946 0.039829929806916845869 0.051687094891925751405 1.5169302527943449022 5.4774309450259961451 5.9436857270493694827 5.956710107228233575 5.9694838211153156138 2.58702e-09 4.96345e-06
32229979.466119099408 5538 1.6746099858172809327 0.17911477442555032158 0.25245668583159031062 0.53650926417494948506 2.3460211450595798155 2.7535864909975606984 2.6790710666963462039 2.5991489496742197218 2.97954e-09 5.20275e-06
32229979.466119099408 6532 1.7114155344890520372 0.19417042629490235961 0.11746934276054617208 1.145448439509499261 5.4368169174336546945 3.9229547270826512495 4.0710668549191284527 4.2266566834612779857 5.62757e-09 6.43118e-06
32229979.466119099408 5853 3.1271283943337753186 0.13653872205923672789 0.17866856574261716362 1.2195081106045022601 2.8020325853594778565 6.022570569022999365 6.0557185508482112013 6.0865094336199909719 2.34516e-09 4.80368e-06
32229979.466119099408 3751 0.9094440396822026651 0.13675984800981588752 0.17596532476491655306 2.2901215208230780718 3.5189057847097333642 2.1661402747676863356 2.0479536858206159877 1.9264693644688617447 2.30157e-08 1.02847e-05
32229979.466119099408 6233 3.1172338571499049742 0.12420969678456332541 0.22582191574681115265 0.043633778398377648378 0.1295887815963711609 0.14443225201391671209 0.1275285210172240058 0.11173114364745431737 2.38928e-09 4.83362e-06
32229979.466119099408 5382 2.0735949548568117784 0.29100162875452517675 0.24571583833969920518 4.1138462902838046631 4.3541964830730304215 0.59577860187224374044 0.44743688714521584471 0.32153323979775699781 2.55203e-09 4.94097e-06
32229979.466119099408 6255 3.2448201561504768087 0.12049563228945761595 0.19747741057329509795 4.9287403790966761719 5.145429198815113736 3.8739743255026830582 3.9585939201770292684 4.0464468935729458465 2.45838e-09 4.87977e-06
32229979.466119099408 117 1.2884934746816771867 0.061372873255543324011 0.16695065983268730925 0.23651769544750703145 0.44004831434991359407 4.0779648159399162211 4.1283487632861994854 4.1795485729954489074 1.39228e-08 8.69812e-06
32229979.466119099408 5708 3.1503267190811299336 0.1899734911113018232 0.19639683151940295902 3.5069616955669067337 3.6318764752157046694 2.8801481160232000889 2.8255496406815505672 2.7665043607257020497 1.65544e-09 4.27716e-06
32229979.466119099408 6956 3.5046067446210122931 0.14728174888813000409 0.40583742201457284615 6.2768854976055914463 1.7740117564661532779 2.8654105612998650443 2.8219383974835228202 2.7756568238056140707 2.20649e-09 4.70707e-06
32229979.466119099408 2850 1.5901615309510253038 0.34461987203211374986 0.37987047230192494407 3.6333317930708415311 5.7246738355886597205 2.0082353874620251233 1.6634347394162898315 1.3202925525718061106 2.86233e-09 5.13362e-06
32229979.466119099408 6683 1.6951126378055723087 0.29044884426450029435 0.068204705055011222159 4.6380834165761122279 1.3867628724698393139 2.851961186354689648 2.7532033008894787329 2.6432108404643330779 2.07491e-09 4.61158e-06
32229979.466119099408 6722 1.7623933007018963703 0.310606744444818339 0.21286025312239756357 0.51808286040874806933 1.8353600867534016761 2.1491276898951028329 1.8590610945170018553 1.5612704110769308752 1.78527e-09 4.38616e-06
32229979.466119099408 5002 1.1174545906858885935 0.1986306782080825839 0.29945056750214671393 2.5124816054841145885 0.80353110405404903904 2.5949704188779052494 2.4810307905836279652 2.3591588279982573795 2.79003e-09 5.09002e-06
32229979.466119099408 6473 1.9975622675321058619 0.018410316419156285556 0.21923939722884688841 3.3962055784196598651 1.4864935480624756892 3.6731952355435755209 3.6826030865455430252 3.6920844434314394888 5.43469e-09 6.35685e-06
32229979.466119099408 5815 1.3668878510378208446 0.32455057040714674343 0.30247931450404430542 5.1164641804540185177 1.3798460449019827045 2.4850207605432119706 2.2514743541686215167 1.999251111289926941 2.67562e-09 5.01947e-06
32229979.466119099408 6211 1.8094023766038875856 0.14506052377461994829 0.30577143796506239815 4.1754698712562685614 0.019373160228691139323 4.0989480104534550264 4.223254947797839165 4.3513056853488381037 2.33777e-09 4.79863e-06
32229979.466119099408 2174 1.1858051567716842989 0.23554972911814961445 0.28547066251886554777 0.12447414460048512874 4.4848725157291919885 5.5728779870407487707 5.7154844021052184644 5.842138316995511893 2.03153e-09 4.57921e-06
32229979.466119099408 6225 1.9897405805486070296 0.29366865910300271603 0.11351636416889347714 0.046463692528781179447 2.4010188234794656026 4.2706899270507552302 4.5587689299926283937 4.8489792373537348169 2.38341e-09 4.82966e-06
32229979.466119099408 5873 1.6787092231642870566 0.34657428941694534696 0.21632801246817504048 1.5327084175409135813 5.6868472513962498027 3.1824221118271918129 3.2001965759745694129 3.2204955648668671664 6.23622e-09 6.65514e-06
32229979.466119099408 5741 1.6837011816439035883 0.33270547806854366968 0.1533462921011955471 5.2314292975031317923 4.7878174191216729128 4.7034797077463696979 5.043145832095209613 5.3578176152734284798 4.83963e-09 6.11581e-06
32229979.466119099408 5780 1.3028585235408549625 0.24132485662391534031 0.17448071068979875697 5.282294387100640698 0.34100011938041741022 2.631450605722821301 2.4977303093916827237 2.3528656648002463925 1.95079e-09 4.51773e-06
32229979.466119099408 5080 3.2281775500845535376 0.15771525794432028622 0.23436010029532247656 2.9064027917911663401 5.1279016423970897876 2.7404869715464212909 2.6736625634675998953 2.6025266971045550868 2.57476e-09 4.95559e-06
32229979.466119099408 6155 2.1369531235332210883 0.33214058267972290661 0.20588961930094931696 0.64413038804064581822 3.040528890279548424 6.2539426281702228394 6.2624791222983393624 6.2693559951798931706 3.03729e-09 5.23615e-06
32229979.466119099408 5782 1.9160897377431980182 0.26524432891917176791 0.18920366561390594695 1.9521219374495430987 1.4944973898042583915 1.8419377582196743148 1.5735811803702055567 1.3083378799895548639 5.0598e-09 6.20718e-06
32229979.466119099408 6417 2.1225990026075947092 0.4073857491234491035 0.66130729306209334872 0.354091718561338753 4.9416498692845802765 3.2137333826463554409 3.2526998954448411716 3.2978703315651434202 1.63097e-09 4.25597e-06
32229979.466119099408 6237 1.2777182329727307941 0.15599182247034187876 0.24640339437197980588 2.9150134406094188044 3.1426137326681886641 4.9746544348015326875 5.1229448892690854223 5.2659736494409967733 1.89473e-09 4.47403e-06
32229979.466119099408 5750 1.6431607643403292052 0.45475913906381609797 0.092928709882154611477 2.3504381799293598831 2.2924866824445255808 0.19423164089269884247 0.11914417571439638033 0.065090370362198474163 1.52873e-08 8.97346e-06
32229979.466119099408 5661 2.6760196568015310881 0.23386133927590829762 0.11247627565695533791 4.328030782306722557 2.4932261235384309828 0.064376878617299682084 0.050734955222484667825 0.038875100122765252064 3.01386e-09 5.22265e-06
32229979.466119099408 5643 3.3205855437191083013 0.0049959207865780353927 0.078172798982941618662 3.8856719484164026213 3.7872256634593828295 4.4049329028956636378 4.4096981707605271694 4.4144669662116209352 2.47115e-09 4.88821e-06
32229979.466119099408 6335 3.0939128228868839621 0.090525454379032088692 0.23910868416241753964 5.5594384561083201035 1.4085433067634471893 4.7483580611732403298 4.8388017435442911562 4.9286048537946687276 2.80706e-09 5.10036e-06
32229979.466119099408 6290 1.8366244972454792705 0.32951198497468481285 0.20516315407680224547 2.5102597178488990082 0.57854093076367751891 1.2635069744030553718 0.95854991513595588781 0.6888907986110759385 4.66797e-09 6.04263e-06
32229979.466119099408 5215 3.28459968454741702 0.30199922552869423731 0.270350330464113775 5.5261563950025074377 2.4442189300219983039 4.0998013606460599334 4.3757132865875103533 4.6607576919826652073 2.09099e-09 4.62347e-06
32229979.466119099408 6358 1.8915023599035880597 0.31909156093384571928 0.12446060539690159685 0.78256213407256325354 0.18264697668339507919 4.1724526474207701554 4.4769680725570886182 4.7872578915683252632 2.40091e-09 4.84145e-06
32229979.466119099408 3761 1.2135946504594914419 0.27624267465539958932 0.14625065368591358417 0.78514465549581979875 2.0411801970301710618 4.4854743270485544215 4.7670840121295645631 5.0429135933797910596 4.38307e-09 5.91711e-06
32229979.466119099408 5048 1.8416854695380140416 0.091672078200164638928 0.20556429608352039251 2.8679254846849708827 2.7353433311824022489 2.3611885890223960338 2.294399037741561731 2.2256976646052790691 1.54672e-09 4.18139e-06
32229979.466119099408 5673 1.8634742796909580242 0.09666634486128281023 0.19546193067386391506 4.4969939184490348438 1.7522391257975031831 1.6729063432230901753 1.5761150828920744704 1.4794501053327269169 2.67237e-09 5.01744e-06
32229979.466119099408 3324 1.1635461769226560502 0.058277403966686812387 0.099741674545673161822 3.7943975473862652237 4.2886618113314769474 3.2994985122503686092 3.3089423766398593507 3.3186496254827448915 1.99813e-08 9.81126e-06
32229979.466119099408 5034 2.8244755231738030155 0.22178146295132003529 0.1681704672754173735 4.2359960435142678392 2.6947462322818762637 0.78893104701105676302 0.64152204899670783877 0.5088045666121310262 2.20492e-09 4.70595e-06
32229979.466119099408 6957 1.4984127981011527986 0.16353494486962805166 0.29570208955574378562 1.2743977957188230565 0.55154285363153732202 1.3387607089514848013 1.1818296724981784962 1.0305105538213772398 6.68595e-09 6.81142e-06
32229979.466119099408 4112 2.1193112681931243202 0.39773750874491287099 0.2094274461711033708 4.8788159222309692709 5.4707028540834965469 3.5715858530236346269 3.783903001577196612 4.0221664495375968329 1.99037e-08 9.79854e-06
32229979.466119099408 5344 1.9437576475272428933 0.21592312424181600572 0.065856270863936833271 2.3377188417820051747 5.0703938645073129976 4.2994686690544696717 4.5080217936980737647 4.7194514731875063518 5.14004e-09 6.23982e-06
32229979.466119099408 6577 1.7723762200266495181 0.25586379113955759479 0.21979933852402028238 4.292023137682648759 3.5465118526890324624 2.5279587650359287565 2.3606858595300717063 2.1805772519582760083 1.63583e-09 4.2602e-06
32229979.466119099408 5446 1.3230043454537325776 0.2099235261961675536 0.12589613144884351237 1.5004011670318488925 4.9966568153065828994 1.510202999260921386 1.3004299165671540095 1.0981322616201203424 4.99881e-08 1.3319e-05
32229979.466119099408 5123 1.4652658920586014712 0.3851127741740346111 0.19230314036659912347 0.76978081279750043553 4.2836752963646977932 3.6250558026438355341 3.8504318789342573126 4.1011222118873904563 2.85229e-09 5.12761e-06
32229979.466119099408 5200 2.4482690529357036269 0.50404333376284615742 0.17377929923893134512 2.5740281505595254963 3.6739986888808049414 1.9642122920687725696 1.4206278310221616135 0.92225705930240375885 2.18438e-09 4.6913e-06
32229979.466119099408 5511 3.1528090416416243436 0.086684145321313507693 0.15542232446962642167 3.1066934357696327496 5.8533871434292183977 6.2441975169062731155 6.2474418768006616531 6.250539605809526833 2.90982e-09 5.16185e-06
32229979.466119099408 5957 3.1854104631974777817 0.042099019048243459251 0.092553278429893276469 3.6218430616942156597 3.0202258349008075378 4.0414618716192798331 4.0748848877906063137 4.1087149775994848966 3.45473e-09 5.46581e-06
32229979.466119099408 5962 2.8942451216188276319 0.17154781670208837929 0.17967898399241083451 4.7486883717942180994 1.806928290249794955 3.6290534078245988425 3.7166390006047786976 3.8099393436837623028 2.88829e-09 5.14909e-06
32229979.466119099408 5160 2.9969198909104766138 0.071829683443010078348 0.18692304093780684471 1.4796244351596141708 1.9487983289542840648 5.9117222492912269161 5.9369808704269599886 5.9613548295493146156 2.48083e-09 4.89458e-06
32229979.466119099408 6891 2.0099510920049925566 0.29793909970207138604 0.21792146417984703533 0.72193730305478465148 2.6315988155700820172 6.1591225657978272423 6.1918881315999474424 6.2190513581324537995 4.39964e-09 5.92455e-06
32229979.466119099408 1399 1.6197393576338197096 0.15653414744854052265 0.096641296103439286447 5.3980306920266762916 5.3918439993178646219 4.0087486808493579815 4.135124247667356201 4.2662933687709170272 4.64728e-09 6.03369e-06
32229979.466119099408 6752 2.169594267309042035 0.26194290865440900129 0.20677845234045769129 4.9261084614583863228 1.9631912931701636094 2.5513332914458963785 2.3848582559198332476 2.2050211555858134638 4.12549e-09 5.79885e-06
32229979.466119099408 5597 1.6301966179419888903 0.18171691585801544311 0.36186738756250191873 2.7238192124872311339 2.199631367482871358 4.8974347148609531644 5.0741018215476021425 5.2440602103512059529 2.41109e-09 4.84828e-06
32229979.466119099408 6928 3.1958603646080732119 0.1038738252825923275 0.22114348580333059724 0.88326014141776121313 2.0839221103588054795 5.8723998889003778956 5.9120917136199739872 5.9497599777576377633 2.08658e-09 4.62021e-06
32229979.466119099408 1123 0.75018612372711424019 0.058154487927813892922 0.027214233686783068783 1.8910407857804771847 2.3833483619140358734 3.9977976376417663218 4.0426097196061512307 4.088200437684038846 2.24876e-06 4.73694e-05
32229979.466119099408 5640 1.3836230762395822502 0.028483836499070651349 0.042363610305515907173 2.3787336922482467116 4.4863578017728134029 0.74512494971289766621 0.72600791962673183466 0.70709779871664468764 5.24602e-09 6.28242e-06
32229979.466119099408 5842 1.9907558732530137302 0.41655218378216091191 0.77453003949738730149 2.6710729598231739423 2.7069394109864832743 0.58453132285885056607 0.3815031501595125274 0.22641411886494836048 2.75394e-09 5.06798e-06
32229979.466119099408 1444 2.0645548093190151384 0.073702284719730226659 0.1369707708367568777 3.6175867524713711809 6.0496909125551638908 5.8346434517864516067 5.8656157046593779825 5.8955049352407815633 1.72307e-08 9.33865e-06
32229979.466119099408 5176 3.0838805029021307824 0.15291546574976766504 0.099007765104619047114 3.0444356959428517939 1.0727787156725643314 3.1939554862896062382 3.2026759788604040047 3.2120107565213169565 2.68297e-09 5.02406e-06
32229979.466119099408 6404 3.0853720071145795956 0.18106013803912807125 0.27356470905166491159 5.8368418996726170178 2.252091743968695603 1.8659073197985445169 1.6869459871813219376 1.5071057946688259932 2.07676e-09 4.61295e-06
32229979.466119099408 6140 2.0228860238366856983 0.24657529603515065952 0.18511833926457538224 0.19558428534861524439 5.472017248717974347 1.2429573951815378052 1.0160227766947522721 0.80642890650096854532 1.67728e-09 4.29587e-06
32229979.466119099408 5534 3.2710393404543371965 0.10935419621042957727 0.11263871626082823385 3.9521008818968157428 3.6021829533481173335 4.6832849498103312769 4.7929866868819610559 4.9019858934237561243 2.18919e-09 4.69474e-06
32229979.466119099408 5929 3.2431921043990055153 0.12615675450387611733 0.21750001704696717009 5.4616437836597633293 2.9119125021283709387 1.9053805266950589736 1.783352347654215686 1.6600347644600508268 3.18574e-09 5.32011e-06
32229979.466119099408 6162 1.9181717643737961065 0.050441160432984577522 0.14815775077750648059 2.8133671260036576811 3.4353380908598447618 0.34098991162706671076 0.32450312450236329376 0.30842057174258402652 1.62993e-09 4.25507e-06
32229979.466119099408 6775 1.6957037104911125702 0.24944986944670352602 0.30896916576616256789 1.4006207584846466219 2.9591811987434910591 0.72869227632194766286 0.57480020915038909646 0.43918251782028377983 6.39874e-09 6.71246e-06
32229979.466119099408 6061 1.5799150741866492265 0.28026251627353626628 0.19206617539784995308 4.4791127233067093982 0.70112565279533600737 0.18522092742065271453 0.13905005037793685685 0.1002049939698849701 4.03777e-09 5.75746e-06
32229979.466119099408 6895 1.9375007070755845273 0.60099067652791549055 0.71784279245899718092 0.71206657257557492979 0.68198160273957642019 5.883964855279169015 6.0818768355418342253 6.2020458526560329204 2.5437e-09 4.93558e-06
32229979.466119099408 1810 2.1648679801931889344 0.26239052845408966652 0.41370372906007202296 3.0372019883316765387 0.25420337955813676611 3.7146614371609589789 3.8774108644545184355 4.0535257879046078244 7.36354e-09 7.03416e-06
32229979.466119099408 5072 3.1059005716212704229 0.086537036999846689289 0.22530610116669091969 2.6556247584489902636 2.223836995577416431 4.8429028697577320983 4.9283309144792193379 5.0128581289343916438 2.73643e-09 5.05722e-06
32229979.466119099408 5231 3.1550996025790500887 0.071780899685165239221 0.2524125936404915671 4.8263195103846161516 1.6842470410228185251 2.4169193252837879449 2.3679673599654802452 2.3178116553861585203 1.89135e-09 4.47137e-06
32229979.466119099408 4786 1.7019016958356749658 0.23166059881600589709 0.23786827235643120959 2.1745636316830747603 1.8048924569001192353 2.6518298969230253981 2.5287341694514826607 2.3954811241279334588 8.41208e-09 7.35334e-06
32229979.466119099408 6756 3.2059931897134679168 0.069211693395844528509 0.30254710070343943107 0.0596598682564920893 1.681347113832452056 0.73096165793489298323 0.6858724044581480106 0.64203729075574245133 2.22448e-09 4.71983e-06
32229979.466119099408 5323 2.8008725426115490542 0.14373945332367546457 0.11812084694775581983 3.6873013806078769328 3.6632183064401879768 5.8318266384092130039 5.8909869876575182701 5.9459271879427078034 2.25995e-09 4.74478e-06
32229979.466119099408 5372 1.783080217824200675 0.18215156778513671987 0.057351216305719085464 3.9897510896139771752 1.358505658995422527 4.1718962722022610023 4.3368383492403586033 4.5062950091932085783 1.39548e-08 8.70479e-06
32229979.466119099408 5855 1.9396379434249180207 0.11309610288501736886 0.16394875584969523241 5.685350785482460978 0.12391190981060182241 3.1373544796452512706 3.1368446978600550423 3.1363077245878621113 1.88487e-08 9.62226e-06
32229979.466119099408 6156 2.2016709847124604771 0.31591481109502261848 0.58495425035813408687 0.82786573205921221152 6.0865834092858737137 0.44171329050854701848 0.32097650557635132307 0.22130748535168470736 2.69058e-09 5.02881e-06
32229979.466119099408 1410 1.9359319242671555461 0.17023190016833877891 0.1585182219609728993 6.2792037153536357508 2.0475776662433005093 0.60361724203229161212 0.51275973165674881837 0.42924669783282548563 1.96181e-08 9.75145e-06
32229979.466119099408 5256 1.8772819545038028632 0.32575227714628623987 0.30944523138092977499 1.8148331746922292673 2.6571613565160663306 2.1074747507511499833 1.7952847955151740589 1.4777062601686741239 4.61883e-09 6.02135e-06
32229979.466119099408 6653 1.660725129809596412 0.125519840708517183 0.24201790976631326613 1.6583789584304513554 4.9888737686534323501 3.5711234694443372284 3.626777643345798996 3.6853165834096941467 2.19009e-09 4.69538e-06
32229979.466119099408 6914 2.0208132511630654271 0.14546642902475839798 0.19820548571574725383 3.8730631256769201265 0.417691979505269817 1.218011346349765045 1.0843548535368776609 0.95576223885884581399 4.41745e-09 5.93254e-06
32229979.466119099408 6633 1.1853578100157222686 0.041453938712420312918 0.17888798690328100438 5.1269936866057905789 1.9108060404266564714 0.85663675782027548511 0.82572124935400859069 0.79525107060791555558 3.02269e-09 5.22775e-06
32229979.466119099408 6942 2.8018489745831933746 0.13953668576653563416 0.21138089016904207385 5.2088220303680774492 2.9668904630586698801 1.2765665004083566192 1.145233143820986621 1.0181422406771218903 1.34834e-09 3.99439e-06
32229979.466119099408 6832 1.6991319337195907035 0.24620868811614507465 0.26044544148812565076 4.6050076068702132659 0.71757921169127703021 3.3911411983113657342 3.4613816704668201041 3.5387813800907630402 7.86044e-09 7.18895e-06
32229979.466119099408 4502 1.224892259348291601 0.30044848923982403477 0.23284363674947286538 3.952578690862651456 5.939883218764736128 2.6628530830413503772 2.4991480351590427134 2.3191329789202024259 4.58456e-09 6.00643e-06
32229979.466119099408 5426 1.1743213162683086015 0.11710526373786100951 0.11307935113188506693 2.669926693300155307 1.9747802063465325073 4.6492180679259629272 4.7667941775238169555 4.8837261725797951328 2.09851e-09 4.629e-06
32229979.466119099408 6089 1.9175221802113777692 0.43922719415522520903 0.17544216301403672831 5.5966964902453675279 1.2982428802189991401 3.1500671101909047955 3.1551688775680419852 3.1611317411562271928 5.81535e-09 6.50193e-06
32229979.466119099408 6690 2.9091421497489871051 0.12635229768607281198 0.090148683595951739633 6.1221733472747388305 0.5100483325759233022 4.073519569726240519 4.1792641983053249177 4.2880817258210610632 2.63564e-09 4.99435e-06
32229979.466119099408 5386 1.6818738375357467074 0.48461836726207940806 0.455940830007237341 1.0968623100705148232 2.6221504397379487017 3.0077446171141959397 2.9150546279076023914 2.8062067469897282734 2.3788e-09 4.82654e-06
32229979.466119099408 5291 2.1584331189711627452 0.17823866451766137708 0.47277702863348414208 1.6463568050698136336 1.2696820915770945515 1.0077556471454183207 0.86301985745257936422 0.72759244961616431624 2.6037e-09 4.97409e-06
32229979.466119099408 6457 1.9971652766133940471 0.36822864472457556007 0.3606959220943040112 0.37870348004745163495 1.7644658686406617942 1.6074335926854748102 1.2279880414367150276 0.88118499311560505305 1.33039e-08 8.56728e-06
32229979.466119099408 5818 2.0057736882211969487 0.34118521306861532283 0.20074508989837724915 5.7011345132444226635 0.20797397373420056788 3.9708516943806202448 4.2631005257788192608 4.570425280517423694 4.47796e-09 5.95951e-06
32229979.466119099408 6055 3.212529485544133756 0.080938118441298625982 0.059090736236475510657 3.5408968574558077336 1.8699255743766964866 4.6084737140517564313 4.6894037700211779196 4.7703205087946400909 3.0525e-09 5.24488e-06
32229979.466119099408 5142 1.2860308811693574871 0.20676253359219892713 0.22572495869950814917 2.8647913890401621728 0.56543431187525661219 1.5366552021816035634 1.3292454615958946285 1.1284856243531695696 1.02472e-08 7.8533e-06
32229979.466119099408 6415 1.6900148058265045403 0.4833138937675994784 0.29376832866805779876 5.3908579787130328498 6.0379349934658597121 3.9621942828812635184 4.4118811696202051564 4.8735359783929217414 4.5356e-09 5.98497e-06
32229979.466119099408 6291 1.5987422970788127685 0.22458574012866289182 0.17388864390445504804 5.9599183276016622912 3.2738386014845168859 5.4332935807518554228 5.5919191734450937048 5.7350955410976629523 4.97801e-09 6.17355e-06
32229979.466119099408 6390 3.2331436647855520405 0.07822897261510984579 0.29281635966429320206 0.92720614299671855196 3.4163449530986786939 3.4586246862537008973 3.4839927764019513745 3.5102580644953467193 2.74624e-09 5.06325e-06
32229979.466119099408 6126 2.9986551099737943638 0.25063174393953885355 0.19543403732007108564 3.1558387349612342376 3.796768081232715808 2.9554839767288343388 2.9016271959813164649 2.8420597814970580686 3.04059e-09 5.23805e-06
32229979.466119099408 6332 2.209784112536683498 0.30827534565100572772 0.24719315812808592692 1.358643959788255362 1.9237869295474785414 0.31880572186830063997 0.23274310183370072735 0.16164015524978048166 2.19525e-09 4.69907e-06
32229979.466119099408 6732 1.3753738971315829787 0.36495371081557365089 0.26279955036650032296 0.65180536691570212238 4.7437251017545012388 3.0733844019239051626 3.0416387363129366861 3.0052208945235237003 3.70815e-09 5.59632e-06
32229979.466119099408 6286 2.1385792381650992056 0.34997231055377031606 0.94712323877995463484 0.75444366272033025478 5.2978418141667118491 3.169655811479816343 3.1820318349164518068 3.1961805716036169045 2.66284e-09 5.01147e-06
32229979.466119099408 5405 3.1855463780831954068 0.020414698080073824527 0.13591907580447845638 2.5101856385392293802 1.1530905999786951188 1.0381922394658180675 1.020694545551875887 1.0032916009752719244 2.93677e-09 5.17774e-06
32229979.466119099408 5098 3.2153443849332892235 0.080782529001771449795 0.10281973773061628408 4.9157940337802248365 5.6561796276339251222 3.0230888600432304081 3.0131222665147556761 3.0027726281695614752 1.90652e-09 4.4833e-06
32229979.466119099408 6153 2.7566374154262152096 0.19729089257272533486 0.72555106570913141528 1.5203043806938807414 4.675112834226057501 3.6286221808287479895 3.7307846430439255414 3.8404171071820591976 2.21408e-09 4.71246e-06
32229979.466119099408 5367 1.1860086055576350983 0.20131036119014170116 0.27332012260813459692 1.6647771304178555773 3.6599282325254036685 1.6385416761536135688 1.4349157470025197814 1.2354609782531846829 2.85701e-09 5.13044e-06
32229979.466119099408 5796 1.7115139561805203794 0.32759166802921962924 0.19264750341064323935 5.8985963766854503376 0.96527043859766281653 1.7084716995632325265 1.3701408934042833554 1.0491219745389777085 7.64873e-09 7.12382e-06
32229979.466119099408 5895 2.0682922725577013168 0.28851872223848901156 0.46864587592536666172 1.2901644276700496849 3.1892196767913567612 2.933015465052710713 2.8617196033746732375 2.7820210263620599456 5.57854e-09 6.41245e-06
32229979.466119099408 5138 1.837882413141004978 0.35539110748511265614 0.13221669177167988396 3.3711721263217446776 5.2761147528500433879 1.2086340896147014234 0.88882867640371199247 0.61292648721682785329 2.37553e-09 4.82433e-06
32229979.466119099408 5548 3.1998391951433862168 0.10443604976501730253 0.30888279079236979907 3.0401686551425122218 5.3285939112835611908 1.3777537024056736303 1.2760863521703547097 1.1761529139726163429 2.11518e-09 4.64123e-06
32229979.466119099408 5131 3.5323259630228922568 0.076996072428833592372 0.26308991076692983535 5.09036428608747471 1.5625035077210744916 3.0126391264083407506 3.0023288612966569922 2.9916407229358692454 2.25296e-09 4.73989e-06
32229979.466119099408 6295 3.2503200770425713095 0.022897009560111019483 0.25833238325360469156 4.8304669003549030037 3.1453016161899585157 1.8206737403663919572 1.7984228544456752896 1.7761164789637500228 2.30061e-09 4.77307e-06
32229979.466119099408 6725 1.0558616094525308249 0.21986059976195862498 0.010310988277760779752 1.0173342577849469048 3.4362887576691885094 0.017923464150126650757 0.014333661576745135302 0.011182362056055614521 6.2698e-09 6.66707e-06
32229979.466119099408 5278 3.1341997392054103955 0.0097898046916633854608 0.32658914574534947395 4.6803247858892431665 2.4415800703840875308 0.46972287023270847817 0.46531078014684962296 0.46091808928195165951 3.13887e-09 5.29389e-06
32229979.466119099408 5669 1.4628558977531798124 0.30074269186241053831 0.25903908613461540389 0.42263342520926422408 1.0246142188534796968 4.8997913041257543654 5.1917454393473132512 5.4585919977114816248 5.45549e-09 6.36495e-06
32229979.466119099408 5118 1.298034748511375458 0.43074375643780726808 0.28068605608297569898 5.0079182586488037998 4.7481932124565391362 4.5498167023388296215 5.0056108621607036113 5.4179694409924463727 3.95744e-09 5.71902e-06
32229979.466119099408 5053 3.0087975999956833029 0.16408863043989221908 0.2636150417441008309 0.49681143941795929964 0.42678760520400776945 0.91109839044197682423 0.78700451914801161646 0.67079010308733577617 1.90259e-09 4.48021e-06
32229979.466119099408 5116 2.7092763884949837561 0.16914467644479747044 0.091516002350361988493 6.0939842701655964063 0.67745174208821279382 4.3008539097810922769 4.462159173291524894 4.6260359302858526931 2.56354e-09 4.94838e-06
32229979.466119099408 6595 3.0355054773063061546 0.063936394357701514801 0.21749997071203877597 2.1115543825370983733 1.542585846698555363 0.89018468366075553799 0.84143473851120365037 0.79376376365499223819 2.5233e-09 4.92235e-06
32229979.466119099408 5290 3.1964605808451800328 0.034928004261945040654 0.11237663598889229 3.2192941903200020803 1.823488751915274042 0.26806146224338450734 0.2589608830062425926 0.25001665166669506668 2.68653e-09 5.02629e-06
32229979.466119099408 5762 1.8794628807024680306 0.22673200437256485484 0.26877308113843667581 1.3791472078580899741 5.3575443087093912453 5.0543159151914363036 5.2619651231768234112 5.4553099307605696922 4.50081e-09 5.96963e-06
32229979.466119099408 6628 3.3158558403960660677 0.1020577380847935145 0.19196805549117024192 0.63872994344707756387 4.0176914850010794211 0.00084722147984235215718 0.00076474913574905425614 0.00068670057635987502304 2.5094e-09 4.9133e-06
32229979.466119099408 5227 1.8750391289480328183 0.090213221969390772204 0.066048174351203359222 3.6072432910771161652 4.0444392490300442589 4.6491979946530559431 4.7396116901780604991 4.8297914867881388545 5.94474e-09 6.54979e-06
32229979.466119099408 5481 2.3269860665042134684 0.23403351698455754359 0.76834581689666370252 3.3687846300890740281 5.7429254634549025127 0.14421862913985455945 0.11369679670124462068 0.087145227077607259614 2.0621e-09 4.60207e-06
32229979.466119099408 4662 1.8905325065752625058 0.44134855413893131493 0.27485236652341088481 2.979536342267490312 0.36591599365272930999 2.9987827895487058072 2.9128162471347529561 2.8127245822089710359 5.28399e-09 6.29754e-06
32229979.466119099408 3089 1.3758383279571793079 0.23433355398177124762 0.25806180617154395041 0.71831132073668146898 5.3463559569567324914 0.4944713558838684242 0.39246135487794170382 0.30283725555505064397 1.46985e-09 4.11094e-06
32229979.466119099408 5878 3.2668014339418549596 0.050740955599340865911 0.081143947963935522671 5.9505317613107129304 0.041746204042024288861 2.8567432554362630626 2.8421191566349079949 2.8271497030971510789 1.44428e-09 4.08696e-06
32229979.466119099408 5489 3.2223036125454340706 0.050245327118917097742 0.29260539675695801387 2.7740705312195088617 1.3794855203707852009 2.165482940569584791 2.1232485917948489273 2.0804777498721591655 1.80848e-09 4.40509e-06
32229979.466119099408 1298 2.2507864814512634766 0.71758054794022374523 0.068812362042433156128 2.3760717100161588 2.4629329855119364012 3.3052747318682156319 3.5407669881208518881 3.8196602088040596534 2.27299e-09 4.75389e-06
32229979.466119099408 6292 3.3591908289472787175 0.047745290400193894642 0.29571067401913136985 0.41980717316185800492 1.2095529826455055922 0.74763078614780964504 0.71571192657568716289 0.68438362407802699749 1.7586e-09 4.36421e-06
32229979.466119099408 5358 2.1248608638983279562 0.20687786646750647157 0.54664683730149243868 5.4488566067444281771 3.3255601012734410382 5.1322544056382231048 5.3149119984621879809 5.4853604075987369981 6.59336e-09 6.77983e-06
32229979.466119099408 5535 2.3168680774246155352 0.33969147933784088478 0.21976564964908709698 0.042788997999978727049 5.4383547021966771595 0.20317969203311850301 0.1428924102862706158 0.094518088799755262119 2.07392e-09 4.61085e-06
32229979.466119099408 5713 3.0788570241261212779 0.13386023961501294921 0.20030931084956324351 0.48219878810773209032 1.1380189821076454049 3.4538339149982544285 3.4979569971868680334 3.5446567270614224299 1.49134e-09 4.13088e-06
32229979.466119099408 5569 1.9299869541512133519 0.20639905020845578099 0.36043165637611795926 0.82213012948976005312 4.4371681205354347455 0.94816190500219166282 0.78872878732414464231 0.64229733788446996545 2.77052e-09 5.07813e-06
32229979.466119099408 6450 2.6555142943679177492 0.13565851731675787617 0.062892256303900037628 0.20326006055560580377 2.830545487887965006 0.67324904383072248226 0.59261122701983748318 0.51684202478085838894 1.74846e-09 4.35581e-06
32229979.466119099408 6969 1.998285379980486276 0.14646870939754005891 0.23944817388943220871 1.2850841080633157443 4.2770207825163790716 0.17030179908911002862 0.14703335928846358871 0.12557508542236095472 2.41679e-08 1.04535e-05
32229979.466119099408 5576 2.0122322103171792484 0.60340473349896395217 0.43317221016670454103 2.9214823067564132941 5.058285130153510778 0.16703052050238653692 0.083216346554558270898 0.03306114307337292002 5.46785e-09 6.36975e-06
32229979.466119099408 5647 2.1331748322060777312 0.5290715908745345919 0.53783512100064212458 1.4107363453560159972 4.2587380820449309837 3.0696193419007191672 3.0120277596292788225 2.9436702838203543386 2.57441e-09 4.95537e-06
32229979.466119099408 5992 1.8566511901525695194 0.16653397041764292363 0.13363366199363285736 1.2607258570340511561 5.2665308987731931367 4.7108880980701179908 4.878222374022292307 5.0424716858761708949 8.41385e-09 7.35386e-06
32229979.466119099408 6761 1.5458722629836296747 0.15920411014095825486 0.074521523458452115785 0.18654243441991402719 4.1753067210199574788 0.034833618308657422757 0.029667160722867635253 0.024944719605935701534 4.88068e-09 6.13306e-06
32229979.466119099408 6421 1.7656561602459550642 0.083161905852529124927 0.065914553174353920917 1.4936696496689607638 0.054614377570161326547 0.34026664216623764281 0.31351617620198463099 0.28786860231638178309 7.66894e-08 1.53613e-05
32229979.466119099408 5394 1.5275470997915983062 0.14449928223364696955 0.16080654605207042596 4.0040557082069820893 3.7990700775138264156 2.3319899936416312869 2.2213846675151796006 2.1064025997415489755 4.23442e-09 5.84945e-06
32229979.466119099408 2895 1.4663657809410939326 0.20762249646040570328 0.080131666833012635265 1.5293939743125568587 2.8882855471501498457 1.3594223315776843286 1.1592773506338123202 0.96898836633528206974 1.06911e-07 1.71603e-05
32229979.466119099408 6189 1.5723577614110890721 0.048847906112823129277 0.20477231759067429651 4.8489533863780573952 2.4192498633112764495 0.58688535149111409339 0.56036003576274806548 0.53439780325050267873 2.99935e-09 5.21426e-06
32229979.466119099408 5234 3.1167863769970183263 0.17152881317006929418 0.097100069618388365478 5.3355398067545118934 0.20093727171565062273 2.8686754571363928257 2.8178795503920528454 2.7633181229231498222 2.35138e-09 4.80793e-06
32229979.466119099408 6129 1.3966449216589253979 0.40570027208544562347 0.54341855063636657075 0.71303917717940190624 1.9842035582109107672 4.5649662316684089802 4.9911988201170842672 5.3812324346214825965 7.14833e-09 6.96495e-06
32229979.466119099408 5351 2.954656115405224881 0.14460638491657154536 0.11822743234047995708 0.099527707983900717825 5.5601611844516343197 3.676181226320880846 3.7551458174059635375 3.8384067295246522278 2.44807e-09 4.87295e-06
32229979.466119099408 6272 1.983867305296666439 0.39402242056660513603 0.23416122210391360214 1.6598612613966092777 3.8950358925161321366 2.3414691994638854311 2.0010221844106559352 1.6429064072147974152 2.92426e-09 5.17038e-06
32229979.466119099408 6230 1.8108441489079025732 0.22434442624791603449 0.28301245358448623435 1.637652351868424061 1.651210153448041007 0.60585670391183343853 0.48764243999611023295 0.38252710877687767788 6.03494e-09 6.58276e-06
32229979.466119099408 6557 2.1169425041696858791 0.1036848902353289803 0.2154420347523537671 5.8818270231182641083 4.1795187419759756153 4.356729037010635075 4.4559028788914840646 4.5561959631582835684 1.93092e-09 4.50234e-06
32229979.466119099408 1239 1.8199608802580833355 0.27605457758138102209 0.24735865756763933399 1.0434347088257882596 5.2004808797383859087 1.9133080466417371479 1.6367543363424910119 1.3613000231589653666 1.31823e-08 8.5411e-06
32229979.466119099408 5775 3.025081880045554783 0.14195847812414019717 0.11771106630591582354 4.9129599174350460089 5.6622669208382214734 0.82779166230248024672 0.72763730778222046602 0.63321970790790271799 3.02463e-09 5.22886e-06
32229979.466119099408 6935 3.4884115989513468925 0.061002469365572492555 0.4282660781058518773 4.0163594920221905582 4.1433586118000418352 4.8671815342389255221 4.9272101411947337724 4.9868104403421131821 2.603e-09 4.97365e-06
32229979.466119099408 5807 1.5422535650272255481 0.18560794141205791408 0.17383561074618394948 3.2813452568397756259 0.54154637379715342416 4.4786358234072567441 4.6642806388911761672 4.8496738350536272577 4.88354e-09 6.13426e-06
32229979.466119099408 5927 3.4880641323399377285 0.13141906016331586504 0.17387765676182925789 5.03060047739093541 5.3230543908310377077 1.4761239826327106073 1.3457233766557985533 1.2176189905222634113 2.21586e-09 4.71373e-06
32229979.466119099408 6445 1.3948058604659958615 0.28960515846784967708 0.070469708482682497097 2.0046967461727138726 2.0732151243915035721 0.8723062388272331269 0.66609252563227594468 0.48714014311134024027 2.3322e-09 4.79482e-06
32229979.466119099408 6807 2.0555628209307101883 0.35868658313062706799 0.16509573474116917557 1.2127634401361131467 3.5401012465692489606 0.38336991872551162697 0.26509703853884225566 0.17112010708162006534 2.57067e-09 4.95297e-06
32229979.466119099408 5494 1.2034820294126193918 0.30661472515022641927 0.26644962153555468154 6.2653217998962418278 5.966635418807354263 5.1636946304206254865 5.4267633344828984931 5.6584117643404843179 2.97785e-09 5.20177e-06
32229979.466119099408 6123 2.0343109949923965374 0.5231588234098443202 0.27463833358665146189 4.4984379973986339252 3.654491810784068484 3.3539892733387706159 3.5181199877689413036 3.7104819806215250111 1.87233e-08 9.60087e-06
32229979.466119099408 5559 2.3391086855698057789 0.30451769484645363484 0.63849912365926808633 1.1839387712144266995 5.5556126604602660279 3.3865062579249540775 3.4755647512448613057 3.5753851140769419281 5.44342e-09 6.36025e-06
32229979.466119099408 6737 1.7705893272756432211 0.26770360243182134141 0.22830714702591789478 2.4278330036844923967 2.9404418070451150413 2.8369410489916684348 2.7429883021646919161 2.6390838374413987388 2.16814e-09 4.67964e-06
32229979.466119099408 1127 1.3767233606801929646 0.47168478924692336385 0.24988515391324228609 5.9268668820954619747 5.2159149300475835531 1.0372765205080929363 0.65900794254825079133 0.37017985940063474759 1.29908e-08 8.49954e-06
32229979.466119099408 6005 3.0456321964002683877 0.16058648297477451372 0.52857844220332494967 2.8037640314416463205 1.5798154779690511962 6.2234489981693119631 6.2323783312255605082 6.2405337350906515681 3.36675e-09 5.41902e-06
32229979.466119099408 5209 1.4601666740524452681 0.1388755943304942897 0.14691537995321585219 1.1335000359787277269 0.2052751667093427046 1.0331821252946675749 0.91758067331502524144 0.80729489538581911123 4.75685e-09 6.08074e-06
32229979.466119099408 6996 0.83903936246572830004 0.20219274272050705155 0.13062964316451972091 1.8499126649352419793 1.188289166510228867 3.193554055960955651 3.2053704350443252835 3.2182570991428551821 9.30536e-09 7.60492e-06
32229979.466119099408 5406 2.0306898736509615411 0.27243799465710016872 0.22057896403107257743 3.4782458953851729255 0.4948886265935540929 5.0624372286341188243 5.3101564124559148539 5.5353520677078424939 4.61584e-09 6.02005e-06
32229979.466119099408 5938 1.6450043202989461655 0.16462593492520075089 0.25066250248283872271 2.7700058369755020671 0.55620381528028295381 3.3037241323962862616 3.3328622888529415569 3.3641585894026051484 1.88863e-09 4.46923e-06
32229979.466119099408 6827 3.1161642608869026816 0.13929437226970245445 0.16961950621375818105 4.9906477554781183414 1.7452957411689813405 2.7228865326771622968 2.6621060644131788742 2.5978462661569499126 3.04652e-09 5.24145e-06
32229979.466119099408 5420 3.360602201226616792 0.14640651031209947486 0.13906865743871124619 0.9034664293675492841 1.3288119008234147156 3.0395979482943551453 3.0234266988423725842 3.0061666668270268232 2.55489e-09 4.94281e-06
32229979.466119099408 6167 1.8405045938837893971 0.26515512838479887714 0.15277187019212179475 1.4078403266972485675 3.6917646184488717154 4.5935378088400202756 4.8643144764333259289 5.1264154161689470257 5.7681e-09 6.48427e-06
32229979.466119099408 6401 1.5971856386699569974 0.12921471616784746539 0.16750015416755154041 2.9351885438207534484 1.8065136311746690101 3.4590719807979657396 3.5022331352211009126 3.5478295954409846402 1.93159e-09 4.50286e-06
32229979.466119099408 6586 2.0664622806630066343 0.19002534182172947652 0.22013087984333293279 2.8055845829430396954 2.8154152994377952268 4.8321046183632905269 5.0197958412020735608 5.200913066085945502 2.89513e-09 5.15315e-06
32229979.466119099408 5195 2.7714595224531968221 0.082950527478430638451 0.094745569998316708782 1.5885267738076256361 1.1961733743552294129 2.8269082998605159496 2.8001331791678025773 2.7723561446558542265 2.26107e-09 4.74557e-06
32229979.466119099408 4963 2.0720309854264828964 0.18711727175462758432 0.22483742884413585039 3.2845515240923908173 4.0494215079833804083 6.22021162460375443 6.2310692599370245404 6.2408166586567652701 2.1769e-09 4.68593e-06
32229979.466119099408 6056 1.2480340215779917035 0.21805913077443916936 0.17069818375501727425 4.1903505365532796034 0.15962486964929131772 2.2627833785647220033 2.0804707908325843491 1.8901262383982329052 5.38932e-09 6.33911e-06
32229979.466119099408 6170 2.3133414582520210878 0.20031667134752345616 0.50750569049093974261 0.61569224372951159019 0.10525266416982211048 0.039678103824849549064 0.032387768675788818074 0.025901092853166156338 6.44558e-10 3.12323e-06
32229979.466119099408 6886 2.7778262790495138468 0.16707979623587010387 0.70146857945535967538 0.46182658430478873424 0.90728698637570415197 5.4993700106091312207 5.6113638069674802722 5.7153563919536907179 2.88448e-09 5.14682e-06
32229979.466119099408 2992 1.6021553971901478786 0.23474508350758477304 0.053603869610099726117 0.58220197073538804133 2.0871781938883735563 2.0001042530819646004 1.7733292907851323505 1.5433823469921095217 2.26492e-08 1.02298e-05
32229979.466119099408 6243 1.4908529098482905528 0.099072299071350317101 0.21245292277907132372 0.25742315560597833768 1.4986457830805062219 0.0034150946322117447899 0.0030919656303245641495 0.002785637974774159923 6.87089e-08 1.48088e-05
32229979.466119099408 6186 3.2364870821507900622 0.018697071606075803263 0.21076912849833839836 6.0982930841433784508 5.3759886904705753707 4.1258126169912978654 4.1414663480084952241 4.1571981151924539688 3.14704e-09 5.29848e-06
32229979.466119099408 5846 2.7688850418407970899 0.11131543505225498236 0.12220534315038066031 3.4167379737518071003 5.1999068938444512611 2.0076541018638041081 1.9041231869549597455 1.7989346576077362982 2.37403e-09 4.82332e-06
32229979.466119099408 6333 1.6794582367245574073 0.12731081223881438036 0.13967177205947661767 1.6872617600162704843 0.54392304065822216774 4.5348876547166394602 4.6619749324359585074 4.7891239938704863732 1.94245e-09 4.51128e-06
32229979.466119099408 6138 2.1057653682440040654 0.45008324301921509569 0.061529654515234684375 2.1180856269078853771 5.1754682639597024973 1.5459898750893223962 1.0819086854012802679 0.68455007599394135376 1.45536e-08 8.82754e-06
32229979.466119099408 6244 3.2188465606296672306 0.042046806190654359425 0.31428378075342200404 0.81646781883452546058 2.9635816389310507546 2.5781363069653093767 2.5552629532339645735 2.5319981408128109379 3.08558e-09 5.26376e-06
32229979.466119099408 6192 3.1999091818266118814 0.21653477298756582115 0.31688866669709819801 0.44077683189271815722 4.4682159214475820619 5.7456969903273344968 5.8481486814376566485 5.9394058791275856635 2.79503e-09 5.09306e-06
32229979.466119099408 5914 3.1845283991189177186 0.063439983053289183967 0.10940785302905998988 3.0044397250568231073 5.0864246963158832315 3.1955677331648448813 3.1991058752709968793 3.2027525019362541592 2.63408e-09 4.99337e-06
32229979.466119099408 6739 3.1856281179503254108 0.096191519101655062474 0.19096951527504169022 2.6774176241300771117 3.6536369633439127469 2.8779677132200585099 2.8516188081429163503 2.8241150400232006845 1.84353e-09 4.43337e-06
32229979.466119099408 6164 2.0461821009707610308 0.46333456173291720503 0.12686563748792156758 3.4571103456188643221 5.8775337852814963924 4.7165402718518150138 5.1978186005020940996 5.6076262400647394202 5.09634e-09 6.22209e-06
32229979.466119099408 5361 1.7105206394520027224 0.46453035685411747657 0.19149473132571320777 3.6269477863137127294 2.5800452639683992828 4.643068435357119661 5.1330961650739306279 5.5571196374259708151 3.09083e-09 5.26674e-06
32229979.466119099408 5650 2.0020368797953076445 0.24788392576924869748 0.28686701033020767238 0.21419673990532969721 0.99213711875233068227 4.8479667838781619338 5.0920750885566441468 5.3223049736591585557 1.14639e-08 8.15256e-06
32229979.466119099408 6897 2.2226173397833255407 0.33031034410741694218 0.58943395323269387465 1.5949496097718016685 3.807285714857235881 4.0823273598361513592 4.3851366770275150841 4.6979171681364455537 2.6229e-09 4.98629e-06
32229979.466119099408 6655 1.6184043455226344577 0.3567533853690703638 0.14267143511191077154 1.5846757415947043679 2.4333955727906340094 2.02796577730539207 1.6714457781002480807 1.3164978793392823064 6.32791e-09 6.6876e-06
32229979.466119099408 3400 1.3916928209984431586 0.28316969017904275452 0.22787853934246074528 4.6311974396788215813 3.4928455022707076694 5.2909022836520573918 5.51428508564640385 5.7111857917635990844 2.20416e-09 4.70541e-06
32229979.466119099408 5798 1.3102825082528331002 0.13679494662175864517 0.17779634483498449327 2.9557306567357901628 0.77786890045355783219 5.2285290715280234863 5.3440160123166906558 5.4544188201390193527 2.01067e-09 4.56349e-06
32229979.466119099408 6362 3.0158512213826966786 0.10313967531966823643 0.21805028892038436084 0.50199343415637653898 5.8989041672258561988 5.5470683437915280223 5.6139156342299960656 5.6779048683236714723 2.92709e-09 5.17204e-06
32229979.466119099408 2928 1.9095800549931443157 0.36040996438963723847 0.18806499684809754869 2.8935688939749626414 4.6927813869099654909 2.3059573605545651276 1.9923912142697015604 1.6635396663977353171 9.69793e-09 7.71039e-06
32229979.466119099408 5185 3.533738722919968378 0.031315067186264360088 0.25169196410925992469 0.68601272928703105336 4.6638662309343716927 5.0787560986211346403 5.107834907422610371 5.136733230422709795 2.64564e-09 5.00066e-06
32229979.466119099408 5885 3.4914281322810678532 0.05847657965792352891 0.26200284695074038677 3.0198238918742190684 2.0911328214985211993 5.4427099859956138417 5.4854686504904561772 5.5273240460635060245 2.25928e-09 4.74432e-06
32229979.466119099408 519 1.7740821584441108794 0.1205098954187291127 0.1605674996973234514 5.8094011103549512143 0.29968612095507851656 6.1492125627556362133 6.1644544120007118693 6.1787290661600744457 3.92741e-08 1.229e-05
32229979.466119099408 4406 1.6939134945689193756 0.091033240686138758302 0.17914040720354684755 3.7377528428221356016 6.2389720266322035158 3.991933018789616483 4.062584741957437906 4.1350656135205747788 6.27014e-09 6.66718e-06
32229979.466119099408 5578 2.8809578890014240216 0.12765853575616409321 0.21652770830760098564 3.047762113298318809 2.8320729793825258902 3.0885073308705592865 3.0812408620613838117 3.0735411168916337843 3.04211e-09 5.23892e-06
32229979.466119099408 5134 3.5246635570010624861 0.016059608396427643706 0.33521143813170239945 1.1098876240337927079 2.3907187028893042147 4.6901219010676564736 4.7061810898855398477 4.7222403888311346165 2.31886e-09 4.78566e-06
32229979.466119099408 6863 3.1071544839011768779 0.11877713225844929723 0.074898439691185397793 3.7089740949686427207 0.21998032134440742569 3.3738223699935803168 3.4029428216609893809 3.4336330635777536635 2.72515e-09 5.05026e-06
32229979.466119099408 4313 2.0078390429444770149 0.36954471176329867221 0.22237582184356671777 6.0911021055982068617 5.4977685675165197665 2.6596058957422279434 2.4465284644889258026 2.209859193503216801 1.98502e-09 4.544e-06
32229979.466119099408 5577 2.1217158226657959474 0.44737158334169419005 0.55037435003528001332 0.50081107821251891199 5.1222870342203030702 3.5390400377705417689 3.7716961282641063846 4.0353001549406695148 6.01747e-09 6.5764e-06
32229979.466119099408 5417 1.862650364070009168 0.13352092059605927266 0.10533220828563283344 5.5239679770060527986 5.9150262388460879137 2.6355375255282331715 2.5665012515414313832 2.4938776883657900463 6.2485e-09 6.65951e-06
32229979.466119099408 5880 1.3873729069905678113 0.06501162688789575983 0.2136189223653242597 4.5358355803352861102 3.6443336851896601658 1.4718358222386835887 1.4073037123835510087 1.3431590268409188127 2.24295e-09 4.73286e-06
32229979.466119099408 5030 1.5706522672545835118 0.33633911311933861743 0.35985738454085242077 0.95681260076202656606 3.6448581141114533288 3.4048765800833042938 3.5130376837935006762 3.6351161002310954373 2.14686e-09 4.66428e-06
32229979.466119099408 5240 2.0500952881728102817 0.12105251817255389957 0.16236354101291178287 3.4767443115492389083 0.24405081916830489996 3.270777297088029556 3.2874325214508295367 3.3050242889480831998 1.54708e-09 4.18172e-06
32229979.466119099408 3887 0.97413606371246541649 0.32212847207618566792 0.2791091115374895737 0.4210611804371034439 4.2649349604025665883 5.3587873043360971792 5.5978804407956124223 5.8017584745542709612 4.23017e-08 1.2598e-05
32229979.466119099408 5625 3.0195540098462143597 0.26039242138905066559 0.062544677830744188629 2.6811532683616539074 1.336511510815492576 3.6220181377713918103 3.7605519952776678139 3.9116285213488923844 2.295e-09 4.76918e-06
32229979.466119099408 6997 2.9593313731496948549 0.18189105509613551215 0.21765394324552164718 5.9144464869416921715 4.0195585350108604672 3.5158931830191693102 3.589181772778351931 3.6679030212138101774 2.77488e-09 5.0808e-06
32229979.466119099408 6029 1.9372775597786722201 0.30178527676231703403 0.15098796358926616645 1.0490081885958453256 0.54488037970007052735 2.0189251890597184058 1.7226542896830778773 1.4243420420958208261 1.2969e-08 8.49478e-06
32229979.466119099408 6282 2.8067915018630666957 0.076402191041625960866 0.044263960634626731139 6.0221428484344601273 4.9961440228768285721 0.68143838311587934253 0.63464067371459120803 0.58934271675375105026 2.68214e-09 5.02355e-06
32229979.466119099408 6604 1.1195142050122561805 0.15944578448377758062 0.049587872747995836997 4.7655290468139632765 5.8859348521441976487 4.9465144391726694195 5.0994573431439595979 5.2471072739955877395 1.53681e-08 8.98925e-06
32229979.466119099408 5362 1.556399468002490627 0.39097046496405746252 0.23270854588750844449 2.8004736962119811672 1.6013453635427026267 3.9392255931210859998 4.2757348259536742674 4.630021206236420106 1.49782e-09 4.13686e-06
32229979.466119099408 1465 1.3316113022757738449 0.22635834856755712718 0.18329623665611094463 2.2354475091619594451 0.64326144501084903116 3.3126563438805494144 3.3566622030900181706 3.4049705551613622667 7.44584e-09 7.06027e-06
32229979.466119099408 5877 1.3519567787392976488 0.30243030492712841273 0.25363596038885560802 2.0182141909382393941 0.82993612577510078587 1.0541099020659296936 0.80527840604557565651 0.58721902445739926346 2.13222e-09 4.65366e-06
32229979.466119099408 5479 1.5091943245828243203 0.22809952820987733357 0.05421347721148431914 4.8277663781899464723 1.2174080388078458714 5.4739337542232844314 5.6285653412371985382 5.7674455213861204328 2.12255e-09 4.64661e-06
32229979.466119099408 5257 3.192015054327395962 0.1640226565434413919 0.20331484869699970042 4.7982095613311805948 0.90444829423340245 0.54330242679814955142 0.46360826147944311781 0.39026087209019399982 2.20895e-09 4.70882e-06
32229979.466119099408 6565 1.6953576704693200661 0.40622271520339253703 0.035695035798498982171 2.6293951251758951315 3.395515242353409846 3.1020478369384805184 3.0807473002787091332 3.0560457837169723305 1.41094e-08 8.73682e-06
32229979.466119099408 6327 3.0074017108972044277 0.1813334268227635715 0.14681114924203336747 0.261273674367387021 4.9768534662510193201 0.22882753846322473334 0.19074661255489533396 0.156367242058369188 2.25041e-09 4.7381e-06
32229979.466119099408 6313 3.2515609595262442433 0.079912625408800022631 0.33969564327805518156 3.1127947663914188325 3.8186064866540689877 1.3504909427431817104 1.2731006552391446185 1.1967029924320471412 2.33149e-09 4.79433e-06
32229979.466119099408 5890 1.9900551035325428906 0.45821846611043548503 0.53093264171195553303 4.2517886693074515847 5.8385386346181151751 3.383125909325599423 3.5346469070655111011 3.7101498693314001187 4.73576e-09 6.07174e-06
32229979.466119099408 6709 1.9669547781665637221 0.60429855733088400083 0.24169790428915710612 4.1174980419540547771 0.048731138959894101936 3.1269544142546856769 3.1121196810799718335 3.0943117847296606193 7.37402e-09 7.0375e-06
32229979.466119099408 4581 1.5746763325223889218 0.34564263927701072143 0.1630192003647732979 4.114425403308933582 4.4233586304770771136 4.4281134947988478601 4.7846291998038363857 5.1293703373758825492 2.62777e-09 4.98937e-06
32229979.466119099408 5923 3.0230526128157610977 0.0145061868229841677 0.17076494036922362785 1.7398847121523561832 4.4207357340285806657 4.3413318101953297656 4.3548869275335704287 4.3684759442345670877 2.22479e-09 4.72005e-06
32229979.466119099408 5864 2.0585398955595626269 0.63372123749512565549 0.62650115674961248668 4.4778038173956478118 5.5923411257669757291 1.2153130396035949357 0.63620844316951563613 0.25968299247686432718 2.76427e-09 5.07431e-06
32229979.466119099408 6023 1.732793534344608144 0.11539330971961560268 0.2781818261759438915 1.2119935278229667652 1.5495152241587433206 0.22413950420965217392 0.19978145884512552022 0.17688106327455985212 3.26695e-09 5.36493e-06
32229979.466119099408 6842 3.144024432200557051 0.057828912163432701077 0.13301214875476527477 5.5690779569874191424 2.0675363591295159438 2.2395170180235295376 2.193284165329407287 2.1463021980591334703 3.94698e-09 5.71398e-06
32229979.466119099408 5437 2.0950970338573156049 0.30535474344685531456 0.22707360690231068179 5.2365801471892474694 4.2467374348937800832 1.5997057434361106054 1.288136265531785174 0.99489894000500900262 4.54448e-09 5.98887e-06
32229979.466119099408 6001 1.8131805850407860525 0.10481983748840591197 0.34860412777792931793 4.5312750456311015057 1.0253774102360333487 3.434364145620445008 3.4663040102791873309 3.4997452322383533208 1.89847e-09 4.47697e-06
32229979.466119099408 1517 2.0172978603493896266 0.5076773667852497729 0.64632832534691830872 6.263792380430034612 5.4204481563631956575 1.895150569129966156 1.3433824680794044237 0.84877641238640166854 2.17631e-09 4.68551e-06
32229979.466119099408 6356 2.1526759772035264362 0.42518972042797897881 0.45896595214865415491 0.13842911325674758793 4.4889598724110895134 4.3633630181867619768 4.8099080792289932162 5.2330776296698662264 5.8318e-09 6.50805e-06
32229979.466119099408 6121 1.8332527816741861493 0.38070861950183176869 0.21590523136907419088 0.84282120760610224064 4.7228688524026214424 3.020141409145231659 2.9605208246865584165 2.8919613003168769261 1.90564e-09 4.4826e-06
32229979.466119099408 5717 3.1810390144595737105 0.10325867967690734173 0.24131100276108241598 6.0634718620699716851 4.2651364318823805633 4.9622923173834418975 5.0612625455705817501 5.158300753951260198 2.31886e-09 4.78566e-06
32229979.466119099408 6197 1.9785602386500413807 0.16209762108931446978 0.13972218026822200154 4.0664207989352307848 1.5691962550699887213 1.9907511823911880899 1.8369304178824632512 1.6805394676401599341 8.02678e-09 7.23931e-06
32229979.466119099408 5211 3.1985177048594257698 0.046835408252516252947 0.25582107238335727306 0.67481500539097649671 0.20550886066388693307 3.2070295500541288192 3.2101671646091070045 3.2133763632578919989 2.07199e-09 4.60942e-06
32229979.466119099408 6154 3.13324239420899886 0.10786006321814242681 0.21925823065001986967 2.1436417571461241494 4.8336980095907957633 2.2148193247709992981 2.1254685965562214456 2.0337796593419810165 2.04677e-09 4.59064e-06
32229979.466119099408 6204 1.5842217950809378557 0.16119175378715908109 0.14139281255411145777 0.0029361593787625133584 3.8552317420016861682 5.4610657052984574733 5.5735912613655251846 5.6786118569158077207 2.26769e-09 4.75019e-06
32229979.466119099408 6392 2.9949226360545133652 0.23019764052204011451 0.17037476449849880966 3.3930804532765219683 4.178175435898294765 2.9846152254177282792 2.9433928733407697109 2.8980658818367484031 2.75286e-09 5.06732e-06
32229979.466119099408 5076 1.5001477972473078459 0.37065719119956974659 0.1161222794346404158 0.30283471835679792727 0.18868744227980147055 4.8902938657001158163 5.252131506347435419 5.5700964528754006722 1.5547e-08 9.02399e-06
32229979.466119099408 5288 3.1144379014098246827 0.20969146096679119884 0.24782415711901104038 0.16088168815570269565 0.48004077068493994362 5.331834090189227382 5.4941157742731618896 5.6429333973420909842 2.94866e-09 5.18471e-06
32229979.466119099408 5459 2.9608378811631781424 0.18147169398276494223 0.18085084858400857222 2.6626676211562463337 5.7306304763301012528 3.7962257848237612734 3.9162185599849492768 4.0431487124144860346 2.51526e-09 4.91712e-06
32229979.466119099408 6816 3.102246722252447686 0.043031211163727815794 0.14384506223936957547 2.4206131011833145195 3.2499142313141216043 2.6002635541492242766 2.5776643866075037437 2.5546637595042049895 1.76213e-09 4.36713e-06
32229979.466119099408 6572 3.010682396550689699 0.145859594021693878 0.15539562249432226082 2.5432782000488134422 1.4750630733268670358 6.1891618717261227545 6.2019927006936299563 6.2138224139265556545 1.66053e-09 4.28153e-06
32229979.466119099408 6740 1.8904629872397238355 0.35774817706027262076 0.25483062829290220597 2.7223178476539375836 0.87661137059972060737 1.889505452559479215 1.5207618483991698355 1.1634613800889930246 1.33102e-08 8.56864e-06
32229979.466119099408 6480 1.6639085176560532986 0.18391103485122972661 0.26926945750454217565 4.3498534570326352622 5.9306872101067344971 2.5481960373922007967 2.4359502310252967305 2.3166797000787449079 9.59462e-09 7.68292e-06
32229979.466119099408 5642 2.8504167675645017965 0.17777829760184102326 0.13486384583058336206 4.9654066045127880358 5.7328986397812009557 0.52781470651416628748 0.44409199353075717864 0.36771165879201161975 2.80041e-09 5.09633e-06
32229979.466119099408 5478 2.212555509358817396 0.46299370709676856972 0.38097945984173148259 4.5620657594886750985 0.2605192825844680482 6.1095372661872877629 6.1778122796093075664 6.2265090940869374236 2.28234e-09 4.7604e-06
32229979.466119099408 5788 1.5580153677610750762 0.22117678105282873036 0.24726188489331926701 1.3134301753322417117 0.62212900456690900519 3.3666907812435780123 3.4227866283686165794 3.4841638325533703657 1.43499e-08 8.78617e-06
32229979.466119099408 6815 1.8634063081503211556 0.36177244016147080963 0.10756011373922912122 3.3454426358102073991 3.5756480161858910094 4.0486907355038175282 4.3790732301371839696 4.7209346917104424435 3.57143e-09 5.52668e-06
32229979.466119099408 6617 2.7604929023345814443 0.18855385125254031653 0.03690739576188578619 5.6112794893911992489 5.0439196637205325757 5.5654654573674333662 5.6820939304390645219 5.7887292202152460519 3.93262e-09 5.70704e-06
32229979.466119099408 6667 1.8006349881823391357 0.28260517112826089026 0.31103669418138329972 2.837030949484593112 0.44575560447590850677 2.959241531262836844 2.8982983623858697975 2.8302184372605641016 1.85586e-09 4.44323e-06
32229979.466119099408 6040 2.2236131623095598542 0.28547517114922610348 0.68881462748784572092 0.12721793736774619776 5.7954885113920848738 2.6455031360496366055 2.4866610279686311991 2.3127766687797230993 4.48499e-09 5.96262e-06
32229979.466119099408 5950 1.7031433934366351224 0.27580246173197142667 0.18417477437895107828 0.47456184635273296335 4.7508885494849719677 2.166794775719610211 1.9154129152442138651 1.6558262449233054348 6.81029e-09 6.85339e-06
32229979.466119099408 5158 2.0400839096293306163 0.34632450678581871983 0.19799788081672844986 0.39472648892389428088 3.3312302818037262675 2.5066117376969674346 2.2602581777059205237 1.9930381865146720166 5.85576e-09 6.51695e-06
32229979.466119099408 5252 3.1288378483987653311 0.17735060662038004686 0.19337225394447624116 0.12054190190613361944 0.37804059979714860207 2.8695551919889128456 2.817008266692981433 2.7604485153219608939 2.42859e-09 4.85999e-06
32229979.466119099408 6104 3.3344344628881241732 0.07294045123124225094 0.14717924459185757757 0.62135586208783177842 1.8165939679677947094 5.3057075013541394881 5.3650332463199150723 5.4229830302418955412 1.75259e-09 4.35923e-06
32229979.466119099408 5196 3.5746022300158522 0.0987616657530070996 0.20383611652416652738 0.79240871667435408554 5.1050861836453762521 5.7163419890519904243 5.767362047577264228 5.8160763536634796367 3.02458e-09 5.22884e-06
32229979.466119099408 1284 2.326103476535540171 0.15792816507430046391 0.32923474630417592923 1.2433145275004697794 1.0003755481002949423 2.6622661293420386563 2.5834537151094552065 2.4998136188574209271 3.64405e-09 5.56389e-06
32229979.466119099408 6952 3.2162163201009050795 0.13323528782179588914 0.11908881304066583351 1.2072414832133713247 2.5367366295995252834 4.4152499435389040983 4.5455894532961327315 4.6769755927843110754 2.57429e-09 4.95529e-06
32229979.466119099408 6978 1.527792722253006108 0.32495259218020888792 0.28234123545198869243 2.0542553405853731796 1.5022369452583335114 4.0016813071310375349 4.2838975415547615455 4.5794723365368525947 2.46129e-09 4.8817e-06
32229979.466119099408 6692 1.8923335635785953901 0.27174562551675202071 0.23127548527211783114 5.664813392729505459 2.5795781723745636604 2.292305904213356893 2.0644207779133894043 1.8251157901685426399 1.32225e-08 8.54977e-06
32229979.466119099408 6425 2.1997688276803359919 0.30889595564468519395 0.23496216845801382034 4.4947804140719433974 5.806068754098079765 3.0122223132487926378 2.9637747741028754866 2.9091365521391296944 5.02719e-09 6.19382e-06
32229979.466119099408 5767 1.7970880534297288822 0.50148227244547216586 0.11227852002135552123 1.8165679774621337206 2.0212995141667833288 1.1652534634460787188 0.72573657155160109511 0.39290951415951491654 4.97944e-09 6.17415e-06
32229979.466119099408 6836 1.6753881347689862924 0.32625891168217113769 0.29351674347685879907 1.4331213104855504703 5.3618919329702219301 6.1569683077290564555 6.1931663684179554252 6.2224961999895516129 4.61039e-09 6.01768e-06
32229979.466119099408 6702 1.801862779810833759 0.38248789259199122981 0.32164308796380403077 0.20403159297868819766 3.2948031194325420046 1.811678379178791376 1.4117464470559033529 1.0340862366239813586 3.70623e-09 5.59535e-06
32229979.466119099408 6809 1.7807503112829881076 0.11050804992043503083 0.20643932427016203901 5.5323806540914812757 4.2908608445048637137 3.9042194611757707889 3.9839499212226447966 4.0664126236047390961 1.72631e-09 4.33733e-06
32229979.466119099408 5678 1.6818563015654375281 0.28284229733495985792 0.24960628388438213521 1.765103702596723334 1.9601948754447704459 0.42534351904889594609 0.32014479521032290776 0.23113319228713885556 1.85255e-09 4.44058e-06
32229979.466119099408 6119 3.1251127617822818117 0.1036089080680535901 0.17986917708373026392 0.77727879367173791092 3.8908583195261501331 3.2748735657183667414 3.289428029436754386 3.3046893590796893037 2.96829e-09 5.19619e-06
32229979.466119099408 5063 3.4880242756220107836 0.15314252287048896184 0.4207831314675273271 0.59109420741162310708 4.5634027373055419119 2.0940325426581822832 1.9554730513799205571 1.8135222157386756692 2.23728e-09 4.72886e-06
32229979.466119099408 5289 1.9487209744751918805 0.12966458994444907127 0.16431558946896293594 4.5960952948850470889 1.6417304230582012714 4.1465174792238475021 4.2602869304118327065 4.3769242220066706395 2.13423e-09 4.65511e-06
32229979.466119099408 5310 3.4818142389591502095 0.069165266346095752303 0.3363854749627172569 3.1858151673820485072 6.1534657019526219912 1.4383750729099886723 1.3700720902356888775 1.302295493866181042 2.51895e-09 4.91953e-06
32229979.466119099408 6054 1.9888537882165615578 0.38542440202465988452 0.20914216145176281469 1.5658533858483545398 1.2453879438103490074 2.3105713359004975693 1.9714694454729544404 1.6165711723254321264 1.3494e-08 8.60789e-06
32229979.466119099408 6960 2.9840731830016520298 0.16353106279984094829 0.12023768556163122456 3.7142846533274558318 1.9043872358048630211 1.1444684211438185262 0.99975399465380809794 0.86216909045671352718 2.28045e-09 4.75909e-06
32229979.466119099408 5360 1.7887210027785851452 0.2590571625096989572 0.045845970296287466561 0.048422364179840714227 1.0829797129403595513 3.395186416573835686 3.4709402329605505422 3.5547259879482329126 3.7029e-08 1.20512e-05
32229979.466119099408 6823 1.9896662473499377999 0.26656734496961442815 0.28945200608631699302 0.060983193567340075736 1.985502405363643641 1.0837466737157628316 0.85911618220988039685 0.65725389347993512512 1.69817e-09 4.31364e-06
32229979.466119099408 6677 2.2667684499919569241 0.1970514839829917153 0.1285843753480916396 3.3002425810137343554 1.7474466167268245531 5.7093800240072027918 5.808991461083993002 5.8989693839661034858 2.33048e-09 4.79364e-06
32229979.466119099408 6017 1.7937109467503398186 0.39221274003303874256 0.17446732923688493266 1.5691874971537658201 3.9939179699896576459 3.7844126839930676276 4.0751517911849859388 4.3903898913805532445 1.07446e-08 7.97837e-06
32229979.466119099408 6501 2.9325082727971327756 0.75201409572230892842 0.46546652732130983088 4.5501275224696993149 0.42305970716544827326 3.4994153163059116274 4.0377481334676001978 4.6250195048580069468 2.93548e-09 5.17698e-06
32229979.466119099408 6920 2.2985435910493547951 0.055643730482686643013 0.11801090032735421509 4.3245745863283584498 0.30718111204539971792 3.8181315204477912495 3.8537669388713098328 3.8901290664112746498 4.48089e-09 5.96081e-06
