77765913.757700204849 0 5.398619604823113427 0.030200049374627613297 0.021603997927850136784 0.046715911768225315548 6.1888635065421544468 4.5490008092041476218 4.5788766271268395158 4.6088079098782621656 0.000954966 0.000356051
77765913.757700204849 1 8.9946844744940950278 0.078328208791471898298 0.053451350694509063011 1.1804556000603600996 4.0465802245605999587 1.7517646544938574316 1.6740874394723281871 1.5961767032560054691 0.000285285 0.000238018
77765913.757700204849 5775 3.0511369992312076249 0.13210407867791904013 0.11036161800351121376 0.92830491673891790683 4.7651624146396116544 2.5467549822686867955 2.4681188727776577352 2.3857248905308345854 3.02463e-09 5.22886e-06
77765913.757700204849 6920 2.3834486605337419363 0.21833669730168162038 0.50917285979710458221 0.53741361040974533481 0.49542819332873788696 5.3290795229883531903 5.4981391062170050787 5.6524721173485845682 4.48089e-09 5.96081e-06
77765913.757700204849 5134 3.5308630628415715869 0.059169915018962584985 0.31883794417312666392 2.7103055218629785728 4.386073770442314057 1.355592027935741184 1.2981156836591758452 1.2411319536507463557 2.31886e-09 4.78566e-06
77765913.757700204849 5278 3.1984101154904549524 0.027417573358417778734 0.32395813504333792476 0.48287857248336901739 2.2191894195742207785 0.52532764644478802118 0.5117366792321612623 0.49831050776661722779 3.13887e-09 5.29389e-06
77765913.757700204849 5196 3.5842354507544302855 0.20205762417725350866 0.20600798305234052643 4.8411392302448446046 0.49425333417570155303 4.1745011631075872316 4.3589857814515005074 4.5485563102964103877 3.02458e-09 5.22884e-06
77765913.757700204849 5063 3.4745811829848558538 0.11686703191587202721 0.4456752317544734332 5.7938860452447933369 1.7519851183747534584 1.9333608884934856409 1.8215038389023676668 1.7082904048866573987 2.23728e-09 4.72886e-06
77765913.757700204849 5878 3.2382720784643899137 0.087123255808558328073 0.074953832544412055117 5.717132267745046903 3.4911463705699272708 2.0781682862800310296 2.0002618793782489526 1.9210504244876220881 1.44428e-09 4.08696e-06
77765913.757700204849 6255 3.2008332503931709034 0.13151884218743148391 0.16367179897953054724 2.2979687676309077382 3.7686657675269819023 3.5638760052460303207 3.6214680149384617103 3.6821861370657757995 2.45838e-09 4.87977e-06
77765913.757700204849 5548 3.1721664422638147229 0.029345472093122538376 0.3263863841766699303 5.0116684714648780385 0.34511624491344378152 5.3306983606670481635 5.3544130884419773864 5.3779154464701273142 2.11518e-09 4.64123e-06
77765913.757700204849 6443 3.2128477370187891182 0.21896667471438896468 0.26773935816267735444 3.9702523256458479572 2.5154098166706715389 0.2887482899763526567 0.23170816911571515129 0.18142457938600309308 1.88164e-09 4.46371e-06
77765913.757700204849 5990 3.0893986459943856282 0.050420979915459900045 0.13828085746419371826 2.8689449105534876594 5.0747391703297006771 4.3546419365186954664 4.4023128725418168017 4.4503292935609968239 2.30118e-09 4.77347e-06
77765913.757700204849 1284 2.4684405920629997055 0.32584571710140158851 0.68923170024892221885 1.6220992666324138831 0.75870270281525020728 2.4569748838628790999 2.2147440276096541645 1.9541547919793691435 3.64405e-09 5.56389e-06
77765913.757700204849 5098 3.1571381996320049268 0.048068315737977006241 0.076064180743750153812 3.4568890125988125384 0.94821404497067840467 6.2062336848259631594 6.2098445264564077206 6.2133667346946213073 1.90652e-09 4.4833e-06
77765913.757700204849 5929 3.2600993731937717435 0.14841723624368993728 0.19752163105448181102 0.64125402373211526363 5.3520536262143281192 1.2433876339964722302 1.1056021167638270253 0.97295651819403849991 3.18574e-09 5.32011e-06
77765913.757700204849 5467 2.9581906766661347774 0.14964514574054116336 0.16669186789670811799 4.9012529652729313057 1.8815130188622017915 1.0653397908872499489 0.93846522700096002279 0.81775367704771506627 2.43648e-09 4.86524e-06
77765913.757700204849 6282 2.8463049530531074893 0.092253881480183250186 0.015451770627540415554 1.2333037598674421176 3.7271284578385084352 3.4797465012307253751 3.5118124531815668732 3.5451917847198055611 2.68214e-09 5.02355e-06
77765913.757700204849 5694 3.1077662405755956954 0.13661306645919676916 0.29713803327127552567 4.4135613680527896463 2.337399129736042358 3.3180049094386583342 3.3438372093827570808 3.3712784906054569234 1.21025e-09 3.85309e-06
77765913.757700204849 6392 2.9728632394482827905 0.14926108843832011641 0.16935710345253243703 3.494713223045709416 0.21671076108675341176 2.5945848298456288816 2.5112128697911972885 2.4232306837064623295 2.75286e-09 5.06732e-06
77765913.757700204849 6484 3.1107290599088703864 0.093317536771749420854 0.25566137526252152856 0.097830503491199496957 2.9507851017168635899 4.4717504208614480277 4.5635363745997992169 4.6558219959232918228 1.88476e-09 4.46618e-06
77765913.757700204849 923 1.9325989302636203959 0.4697093631608268427 0.26727814377372055565 3.0349039480855619644 2.0842366648453340972 3.3165657928144747224 3.4315817463671787202 3.5658912746090187795 2.53731e-09 4.93145e-06
77765913.757700204849 6739 3.1810720943667392113 0.18657832884474304103 0.20221944353483675694 2.9393129011508207782 5.1305791664523656692 4.8528792320777860425 5.0363152859835365049 5.2131902394432261261 1.84353e-09 4.43337e-06
77765913.757700204849 5885 3.4877499312753141858 0.063223723076629101403 0.28032901131985327181 4.6814503387911630128 1.2438496719591392026 5.725794589951702207 5.7583933924030201723 5.7900705597922046408 2.25928e-09 4.74432e-06
77765913.757700204849 5405 3.1797281304874180918 0.04245061777269344 0.10928379975272604907 1.6137326023022051658 3.610704401408353359 4.0827966118308154364 4.1175546811314411855 4.1527140387061720617 2.93677e-09 5.17774e-06
77765913.757700204849 6764 3.2962320773386863948 0.022276012850334574872 0.25458844993746659879 3.835248226945999761 4.2102560038142318177 3.5485147769960510011 3.5574234506489488261 3.5664218475345705883 2.4069e-09 4.84547e-06
77765913.757700204849 6362 3.0059772518887064585 0.1033552800280116285 0.25237481194605876356 3.4504902383779212371 2.2208632835084562984 0.38602089700189395893 0.34879414419121185231 0.313470946510070958 2.92709e-09 5.17204e-06
77765913.757700204849 6775 1.6368889385035072515 0.24419266058907510009 0.17678700132013422386 2.9520639942739439476 3.5505294670726073036 1.86520070521956427 1.6203000609392717024 1.3764065509223004646 6.39874e-09 6.71246e-06
77765913.757700204849 6055 3.2106212771208646473 0.061993372838834437388 0.066687978747347817499 4.4734742871192638702 3.5207086142724746125 2.0787072375530919466 2.0236708079037692976 1.9679267958037727215 3.0525e-09 5.24488e-06
77765913.757700204849 6498 3.2145485027578333259 0.045165349740867465067 0.14438756149874606982 1.3107939490438540453 4.0600016614487079991 3.5480308776767972567 3.5662737823913981394 3.5848832730423989545 2.50157e-09 4.90818e-06
77765913.757700204849 6313 3.2546612020190077708 0.081719596111082523637 0.33331022310754715443 1.5909936138718971943 5.9921345812164261702 2.5578941367249488081 2.5111952425648578213 2.4630243329791485785 2.33149e-09 4.79433e-06
77765913.757700204849 6300 3.2220599535464122809 0.055265135647480194414 0.22818777798406242319 0.13307017298406279004 2.1027607236885210718 2.8268677207365686677 2.8092851433757304314 2.7912562653180277294 3.26125e-09 5.36181e-06
77765913.757700204849 5323 2.8140768622614942274 0.15857423516943963682 0.10915195669104642284 3.4117091866389430699 4.4648817940414904371 2.5445143401844410036 2.448526745074703026 2.3472138633985322187 2.25995e-09 4.74478e-06
77765913.757700204849 4755 1.8594914090399938811 0.10665306138831101568 0.039145536838091049558 0.29449122522318615935 5.7992795889483037541 3.589409173435896161 3.6380578654867012922 3.6888589030430183335 2.45943e-07 2.26531e-05
77765913.757700204849 3800 1.7352132147409498053 0.48517601675871246947 0.35859510117439202803 4.3988058727534848913 1.7849558967256045072 2.5362711672066016177 2.1663195092015659071 1.7646640512847864279 2.3176e-08 1.03085e-05
77765913.757700204849 6956 3.5131270999267756316 0.260375609776264616 0.39762881807987571214 5.9670608322322369332 1.5438269924941130373 2.5078981287624872998 2.3327178465240940852 2.144333255466674526 2.20649e-09 4.70707e-06
77765913.757700204849 6197 1.9490574995396729996 0.17842316659709292481 0.42838932756595332618 2.1250438746166628867 5.882890194368080472 1.038816951741243777 0.89084066092355274069 0.75209870041986970346 8.02678e-09 7.23931e-06
77765913.757700204849 5080 3.2265970343911551943 0.10919046877097580983 0.21714817691855459181 1.4223142519386948734 2.9543995865807390899 3.713384096630583997 3.7754893463414709309 3.8401616502976247958 2.57476e-09 4.95559e-06
77765913.757700204849 6233 3.1625415446299478539 0.11195520466046426922 0.19204792752488192287 1.4365397336655612026 0.95765562622351807498 1.7916600834879168325 1.6808287430513939587 1.5695505831435676569 2.38928e-09 4.83362e-06
77765913.757700204849 5489 3.212281061637779267 0.13393567263556971358 0.32591641971038376457 0.60105739236703603634 1.2478373902855866007 0.99354343226349151053 0.88490143853869840385 0.78125497466674276303 1.80848e-09 4.40509e-06
77765913.757700204849 6756 3.1891275164601258219 0.066572916497316794726 0.31132037132886053454 4.7502815276148000478 0.74920988556370637923 6.2137534797457787406 6.2182284064578894345 6.2225497363864592515 2.22448e-09 4.71983e-06
77765913.757700204849 5116 2.7487015693534639915 0.22251583090617960137 0.088762819369745046827 0.36261061170179520463 5.982425012592552882 3.8187209055315363138 3.973193471229205187 4.1376350685783407357 2.56354e-09 4.94838e-06
77765913.757700204849 6951 3.0072140756437613085 0.023888836277926019103 0.013674706749344666193 1.3703928835312548795 5.0216565014361780328 4.5570503521324514651 4.58069752144475828 4.6043795091756818394 2.54062e-09 4.9336e-06
77765913.757700204849 6295 3.2557853990681175915 0.013730476968300046187 0.27372553404257904397 0.14078581650270749481 1.5745686524825581731 0.29381136403021651526 0.28986076408360900158 0.28593633562803105752 2.30061e-09 4.77307e-06
77765913.757700204849 5923 3.0010938226687842167 0.0082560174774020163996 0.16319200362219191125 1.7809592396026459049 3.8874471163679782393 5.1272546421721951759 5.1347978474644788704 5.1423281944537837518 2.22479e-09 4.72005e-06
77765913.757700204849 5234 3.0343643663538490962 0.18131432593918000995 0.058682416818854547802 3.5973527534719855758 4.2352436482969206821 2.6169439194556498585 2.5175764362939285768 2.4116346246079669591 2.35138e-09 4.80793e-06
77765913.757700204849 6863 3.1521145470754405871 0.1605607833651843952 0.018738014097046840067 2.5563476725316256477 4.0782095520016321544 5.0133360639533641745 5.1637869536565847994 5.308265672319840256 2.72515e-09 5.05026e-06
77765913.757700204849 5146 2.7727352815524390905 0.10678374004531025754 0.057697389367878042232 1.383619920654092228 5.4184592503692670107 5.9451024110594827832 5.9789107210479297549 6.0109032536964077664 2.55901e-09 4.94547e-06
77765913.757700204849 6969 2.1873668101513890072 0.17375479383470407435 0.2482834446418504537 1.9971654983250501925 4.5397902784720427505 3.6005202844073385116 3.6846374778129726835 3.7744244294248745497 2.41679e-08 1.04535e-05
77765913.757700204849 5047 2.2683820312618365733 0.67957957178507089058 0.14540316745373341178 4.297507635648032398 0.037883973862805141175 3.5302782824933398587 3.9883565714567619231 4.497457298045405949 1.0218e-08 7.84583e-06
77765913.757700204849 6657 2.2912879638920293779 0.18258667940147432773 0.21321848351381031406 0.89188598405686958515 5.4136056209041658605 0.7324269760872447188 0.61731679113861570585 0.51162662584800067123 9.52311e-09 7.66378e-06
77765913.757700204849 5962 2.8507382081768297688 0.11822881073918659056 0.21122850734402515149 6.1496257302498333885 5.6885098422142110763 3.557521127047001297 3.6081980415782419769 3.6613841178250150499 2.88829e-09 5.14909e-06
77765913.757700204849 6628 3.255903576056045079 0.14764617134582941338 0.176627418930707214 3.49115281060805005 1.7034342614600648247 0.98123638351033937166 0.86286817265848025915 0.75069978961104644188 2.5094e-09 4.9133e-06
77765913.757700204849 5290 3.2011875649754881756 0.061050445068144984506 0.12162384517754727675 4.1852334064688045956 1.6910500806200039481 2.716014436186801273 2.690065689176325936 2.6634269393689948835 2.68653e-09 5.02629e-06
77765913.757700204849 2992 1.8231845287371026831 0.1043218748073837937 0.094366847355347158177 3.6630488651995971594 1.114434513287117845 2.8120162478694292751 2.776401994106633353 2.7391457954932301178 2.26492e-08 1.02298e-05
77765913.757700204849 6827 3.0888897908876002951 0.15444009466743993664 0.15841434771550805261 0.35782084429252930535 1.4422053640261629504 0.55689483365305370022 0.47989124389498422074 0.40858892296626131424 3.04652e-09 5.24145e-06
77765913.757700204849 5626 1.469399405761041999 0.44638301173499661534 0.19311016220737695082 3.374132387721867854 4.9341592312832354139 4.4392419371849296539 4.9145631675505141445 5.3518543918031307172 7.93289e-09 7.21097e-06
77765913.757700204849 1410 1.8532551320646708515 0.56040122150849669413 0.12456650266418785311 1.2337548540829017529 0.12640963230288518315 2.0597963418013418568 1.447433459474366968 0.89129103698928358046 1.96181e-08 9.75145e-06
77765913.757700204849 6244 3.1725977077032800899 0.044375673435883764006 0.29295227649690946947 0.94927509209818161651 5.2196435200023163503 0.69778745254583662838 0.66973993567643119729 0.64219231095626527761 3.08558e-09 5.26376e-06
77765913.757700204849 6327 3.0031399995151049076 0.1484296038618558855 0.20369959854372454711 5.9430738247015817421 3.0033675072479901758 2.962817677993176968 2.9341746055072337462 2.9036079065810542765 2.25041e-09 4.7381e-06
77765913.757700204849 5650 1.6281903907340866677 0.10777437231029615705 0.18991324017923441603 5.4769678953709135527 5.098644333385449201 3.1292764593691733133 3.1278691970019205648 3.1263902065071054182 1.14639e-08 8.15256e-06
77765913.757700204849 4112 1.9493476001350114046 0.050318724867698290393 0.86756629952953057128 0.74966592136954945946 1.4171839619868926707 3.6469311521079719185 3.6718538212013189792 3.6973029521248674811 1.99037e-08 9.79854e-06
77765913.757700204849 5511 3.2133997675341978706 0.12723068796074871178 0.19950486972231595839 5.9088724060167301388 0.049268266108393389546 4.4525282747394072658 4.5778846463217428564 4.7039661766970199963 2.90982e-09 5.16185e-06
77765913.757700204849 6186 3.229064790322103029 0.014729653318682995461 0.22942256947294661917 0.37465805390475259706 4.9143940160653025728 6.1657389426121467224 6.1674524721617851597 6.1691533737528523318 3.14704e-09 5.29848e-06
77765913.757700204849 5195 2.7499161004950520848 0.13112173440006036351 0.1311525044270890894 5.2123179237643242345 2.3391867133649419941 5.0974798356137185351 5.2164392975025650756 5.3312538864045198039 2.26107e-09 4.74557e-06
77765913.757700204849 6935 3.4451408088397248441 0.13216366359039036227 0.45893330776768476165 0.32231311677886342881 2.107597264161324091 0.57340606530283944053 0.50522155989063866066 0.44125417066977201674 2.603e-09 4.97365e-06
77765913.757700204849 6667 1.3905421786782057314 0.2338948503877397167 0.45685411267884329378 0.96979743523473349587 4.3772284124685256756 3.1663107354296142759 3.1729613268043221908 3.1802970947363835563 1.85586e-09 4.44323e-06
77765913.757700204849 6816 3.1332867669210671124 0.15096157936434259628 0.12395491497375206447 1.8231013663273216707 0.91948183987894094304 0.2604642583664831812 0.22403946197951221664 0.19050033807433339184 1.76213e-09 4.36713e-06
77765913.757700204849 5762 1.3311288608156226498 0.14439849021433165399 0.412652991765190158 4.2680151599318083555 4.8301407413461943108 1.7313807055809817825 1.5866598472556601163 1.4422795256928579999 4.50081e-09 5.96963e-06
77765913.757700204849 6595 3.0456067553967414163 0.084388046379205189362 0.240604258869603016 0.41548090989732650025 0.87014390701440813558 3.8254195440355460711 3.8806233584515559265 3.9374647668339544104 2.5233e-09 4.92235e-06
77765913.757700204849 5950 1.7771006977477372679 0.28124892846346766229 0.20270891568251120374 4.4657985816264149648 4.3717046843636415687 3.3659991418453842904 3.4402314308727337533 3.5229803521022011736 1.07677e-08 7.98408e-06
77765913.757700204849 5351 2.9776058707763817246 0.10918559539326073982 0.11178270809302005839 0.63730362918237770664 2.9989276488278013844 5.1309072360571530425 5.2287121003820047349 5.3236642919126007101 2.44807e-09 4.87295e-06
77765913.757700204849 2768 1.5628930376721115181 0.065295195463493813093 0.032661992302611846106 1.2587271174359533354 4.9704400402565482864 4.6679162268924452306 4.7332882662859532275 4.7985692024458002081 1.06163e-06 3.68842e-05
77765913.757700204849 5194 2.343551514506291511 0.3047993963130756212 0.043553786468133515175 4.6213120644357701394 0.35933787506381414945 3.1771846394155383031 3.1903487389822711151 3.2052036773265504266 4.75382e-09 6.07945e-06
77765913.757700204849 6928 3.2109137252833184206 0.23731248682684394358 0.30190837912278101207 5.9388906943284389683 0.1999258027423928552 4.2885477931355611148 4.5184088288480772633 4.7512704658366402555 2.08658e-09 4.62021e-06
77765913.757700204849 5914 3.2136380964771462665 0.035093347708933214646 0.063457198752382926177 4.4959129242587181352 5.9445609042280507239 5.0093108628424225515 5.042704313719829301 5.0759005190847661382 2.63408e-09 4.99337e-06
77765913.757700204849 5072 3.1328684001822910687 0.10797512437037823374 0.20883860625706729408 3.7601906765324226711 1.9527016780107477878 2.4451241530376264244 2.372674807408333475 2.2975934472037864431 2.73643e-09 5.05722e-06
77765913.757700204849 6154 3.1846936659066726882 0.10141730701697049266 0.23854195535500180569 0.34820768461688877959 2.3787993671868048473 6.0966967232638795693 6.1146515600070365792 6.1316630000339413797 2.04677e-09 4.59064e-06
77765913.757700204849 5312 2.9791310678951878899 0.11664302166702214536 0.16438426202166556145 4.9526131018699812714 1.7853255925626956291 0.78641458385991225288 0.70689966273627213855 0.63114241549047311874 2.46345e-09 4.88312e-06
77765913.757700204849 6126 3.0199341561543397994 0.23094826512926949769 0.19813449011044620418 5.2098375936329226477 6.0225679342400013638 1.677136232866057064 1.4424997079456689519 1.2134495439162835684 3.04059e-09 5.23805e-06
77765913.757700204849 6952 3.2677600685729260022 0.15646927762586504418 0.10024530415640686698 3.2893323323699830141 3.3968998088271979974 1.3252697138698719126 1.1756992246198829655 1.0312844662096600779 2.57429e-09 4.95529e-06
77765913.757700204849 6073 3.21986698774985447 0.0094011473637361647748 0.24256957299383408166 3.575000624235011859 4.1553842419014870302 0.69450445908450864074 0.68850921909764528639 0.68253585494297297487 2.87152e-09 5.1391e-06
77765913.757700204849 5578 2.8757492456446729356 0.019612211217671836339 0.22625110913773008314 0.2610951874012931162 3.9615916545618401479 3.0715004406454546881 3.0701131994652350876 3.0687125227737075406 3.04211e-09 5.23892e-06
77765913.757700204849 5231 3.1613758451921567527 0.12259467696503499601 0.30913268771980090266 6.0072507101087859738 1.0480408856174960874 3.776135411261228203 3.8528514933899806749 3.9328798163932163767 1.89135e-09 4.47137e-06
77765913.757700204849 6029 1.6667742175172730601 0.24790999271853489394 0.64129513551429662144 0.026684965813292351594 0.51531973387646035079 4.5804228565272708806 4.8329298794283452878 5.0790409723876255299 1.2969e-08 8.49478e-06
77765913.757700204849 6290 2.3737948869680791653 0.46888160851376431415 0.16391751519986255681 5.0575654353895354021 3.624433707484254974 4.9300494405812118615 5.3835071645480345737 5.7507009178783139447 4.66797e-09 6.04263e-06
77765913.757700204849 5211 3.1590463240261548172 0.043489747484784818665 0.27025570836680495868 3.8903439001616249016 5.6534530598732111173 4.1376198995390947033 4.174571771515381613 4.2119220230152532025 2.07199e-09 4.60942e-06
77765913.757700204849 5717 3.1474188384482792991 0.14415428585512812809 0.22055863294942462671 4.2238215368344445011 2.3688864576252517402 0.03696076940779859793 0.031967517044258701719 0.027360047293648617761 2.31886e-09 4.78566e-06
77765913.757700204849 5643 3.3283351538671248626 0.1052138207990138824 0.074034226248719178787 5.9949861959721131299 1.9885544169215778609 1.3939771413174326664 1.2911611285315374165 1.1900342134622170498 2.47115e-09 4.88821e-06
77765913.757700204849 6842 3.1853001063038401952 0.093117991903642047258 0.15595412075465450719 0.43686346198054754053 5.8568716103685467544 2.9651837247589329927 2.9480182543442552401 2.9301053551762872296 3.94698e-09 5.71398e-06
77765913.757700204849 6572 2.9467158430753395137 0.12303989308248272638 0.18349206521608341092 0.47182768067350472352 5.9634048859985080426 1.1788891226840874094 1.0674898522767939379 0.95970782144553989923 1.66053e-09 4.28153e-06
77765913.757700204849 5131 3.5286214495662027169 0.078372969149157215019 0.2813927776051076135 6.0538033925328793572 4.619941705456243497 5.3777263012834408684 5.4379989761406726245 5.496629384700099763 2.25296e-09 4.73989e-06
77765913.757700204849 5534 3.254941331838276497 0.10931117601569852182 0.08993594942621320476 2.3662613508034340271 0.41839151493798354409 5.2951590786342350725 5.3839624621557113926 5.4695360151605729726 2.18919e-09 4.69474e-06
77765913.757700204849 6119 3.13900110634646623 0.12442826434832610083 0.17112421258846430283 3.3513245891518286257 3.496851047103385568 1.9736099829056874544 1.8559459979694195031 1.7365422015915039644 2.96829e-09 5.19619e-06
77765913.757700204849 5525 1.8732271601679801876 0.55518022046572279571 0.35409657748531492283 2.0040469445938300375 1.9633133883994571267 2.3643657155446882179 1.8348128640041618809 1.2988698535090328345 2.22151e-09 4.71773e-06
77765913.757700204849 5240 1.4697360334752305189 0.26257922084134832641 0.57421884874176654101 0.47688918618765119284 0.072875040674821534026 2.1401401424369166371 1.898735655193905858 1.6501497849992494693 1.54708e-09 4.18172e-06
77765913.757700204849 2850 1.7925532792207325983 0.022930769620901639283 0.40389718275704905581 5.6940927565490699891 1.4097919030767291915 0.185944933775019694 0.1817522982975789958 0.17760748635386799932 2.86233e-09 5.13362e-06
77765913.757700204849 5957 3.2537853714486173473 0.091806448449335775752 0.093394002704110787305 1.7426249000996545391 4.4608392972929813425 2.0153965096710280136 1.9307140879371240683 1.8447900650400927969 3.45473e-09 5.46581e-06
77765913.757700204849 6103 3.2909126921701243873 0.047976016726400609602 0.17508622500781154119 0.5918333288605396314 1.0176145328873040796 2.947928117114337887 2.9384667395137133994 2.9287884436703972568 3.07621e-09 5.25842e-06
77765913.757700204849 6335 3.1050953533920107041 0.072303079297951516891 0.23053247677310700903 4.0822698120292457702 4.4602689822110246354 3.4067106162166886918 3.4263665728396195398 3.4466794348661529135 2.80706e-09 5.10036e-06
77765913.757700204849 5252 3.1333813283869700328 0.13360574928073731815 0.18148023486486272726 5.0068845328746416357 2.3869863925834269303 2.2324076257474376739 2.1220762992296151594 2.0082636005790250877 2.42859e-09 4.85999e-06
77765913.757700204849 5034 2.8553336016631254424 0.19829876686828637466 0.12536466383501035371 3.5730954686486562366 5.5592458875035895005 1.7384076178945195856 1.5382426634996746451 1.340048960018713986 2.20492e-09 4.70595e-06
77765913.757700204849 6874 3.285779619946058272 0.092610569466235456715 0.24014117961933442724 2.9456115273196519233 4.4329758771881548896 2.7878411280128760907 2.7542298103451394731 2.7192463561225546087 2.61974e-09 4.98428e-06
77765913.757700204849 5053 3.054421145247499414 0.20314110246274291738 0.23536107854816548657 2.9914880342661769319 3.7330295892567844085 2.3062171872354837454 2.1430961492305304894 1.9723240189081707729 1.90259e-09 4.48021e-06
77765913.757700204849 3953 0.87933953526267305545 0.29924290751745896699 0.24075776100369081223 2.4684953270725698005 1.3264863792064438552 3.2563589711522049619 3.2977165996472841414 3.3442460209423368056 1.87457e-09 4.45811e-06
77765913.757700204849 6204 1.779740984952337346 0.27782194013781308373 0.22928629184771759375 2.0864755405344066475 3.0091292047708342317 1.2244899106901550034 0.97150528449245987517 0.74209778608548149226 2.26769e-09 4.75019e-06
77765913.757700204849 4189 1.1074189878654971952 0.020319981204038248951 0.06383272659279175254 0.745596946651852166 4.2946211008812555932 2.0321384611351027694 2.01385876056218871 1.9955008155545765902 2.51666e-06 4.91804e-05
77765913.757700204849 5324 2.0392132887031100275 0.15800076382233421701 0.17647576049560464995 5.6096808337645684972 1.0939359563941326581 6.2457512179522387541 6.2512638626528582719 6.2563066187584617239 4.64884e-09 6.03437e-06
77765913.757700204849 5185 3.5277949508963168945 0.045753215868901166152 0.23625994484283158181 1.6064074691534251382 3.6542052846399530885 2.3729164447733794852 2.3405633345739738083 2.3077091927228368107 2.64564e-09 5.00066e-06
77765913.757700204849 5451 3.2501438477960027384 0.067645126782565082046 0.082028785910272294934 5.5701398244592876807 2.7701856920328666867 6.1985646703887464781 6.2041017343542552709 6.209445778133892091 2.58702e-09 4.96345e-06
77765913.757700204849 6192 3.2345107733773597047 0.17803006646350047482 0.33183877987649468277 5.5925068240463602365 4.1326451860917767789 4.6360303861555687277 4.8157192386407148277 4.9927997242821611223 2.79503e-09 5.09306e-06
77765913.757700204849 5257 3.2294903595312467459 0.16948191134172785333 0.24404093533473689148 5.7492670817358897395 1.439005338433709813 0.90119495967772411671 0.77424670153505570358 0.65574872779204629314 2.20895e-09 4.70882e-06
77765913.757700204849 5853 3.1300181594682823238 0.20175671447519255564 0.16562729284219018799 0.50986200704668627193 4.7853160309325497579 5.1904102052171321446 5.3628769065146535411 5.5234325630543965602 2.34516e-09 4.80368e-06
