68402464.06570841372 0 5.3983514145044697585 0.057036290773697838341 0.039179976663511695278 0.57540070124033759758 5.5538235842180414537 2.2041189413274757669 2.1573244664412105642 2.1098208063684067426 0.000954966 0.000356051
68402464.06570841372 1 9.0063200528198343875 0.0074801119172638588437 0.009343273554881573878 3.4942283579713051545 1.5998511484429998042 1.2117843129405547753 1.204790221394396621 1.1978055609745388299 0.000285285 0.000238018
68402464.06570841372 5775 3.0475152441904422851 0.15902605541500558495 0.17484543627878479377 0.73814478701968111451 4.5969767858412122763 2.2561981725511661701 2.1258714611405689077 1.990721443096910015 3.02463e-09 5.22886e-06
68402464.06570841372 6920 2.4010278102595021821 0.16683063688490676335 0.31886332631982322594 3.1463912704929000164 2.4439781231301300757 3.5183577087093409475 3.585382521352185492 3.6570138056583130215 4.48089e-09 5.96081e-06
68402464.06570841372 5134 3.5414918456511439437 0.097754530161101693686 0.30128807916993749494 4.3743718077942412847 1.489725067346185261 1.177803550601443483 1.0890098553497391531 1.0023828648571431188 2.31886e-09 4.78566e-06
68402464.06570841372 5278 3.2029927753820399694 0.066132865320074299409 0.36291992130401273808 1.2755276343001300532 0.43407631232611637584 5.0062862698457948341 5.0690303968931917922 5.1310018308566736067 3.13887e-09 5.29389e-06
68402464.06570841372 5196 3.5499247850579505048 0.10556976111907029336 0.23752106939808326214 0.82520153840620447117 2.8593409652557415512 1.2305282858493371556 1.132543344734884494 1.036950516594043803 3.02458e-09 5.22884e-06
68402464.06570841372 5063 3.4641684078709165107 0.13903439672749504097 0.47389725593700821049 6.0765790656032896422 6.1088387873455207711 1.8752994290808624456 1.7393722812209309048 1.6023087400471471842 2.23728e-09 4.72886e-06
68402464.06570841372 5846 2.7762314130079261965 0.23541555688747461961 0.2263364885327417142 1.1447611887199953262 3.0042024687009067918 3.1131726406944895125 3.1054683007223049529 3.0969659155810371765 2.37403e-09 4.82332e-06
68402464.06570841372 6960 2.9467094032473855059 0.13320468236086574487 0.044334162384181988181 4.4184446041047094056 0.0016900442534375319497 0.16924455455255241199 0.14810248342634757535 0.12844658003537176572 2.28045e-09 4.75909e-06
68402464.06570841372 5548 3.1608568570578219337 0.11603775688205943128 0.36448523215092054617 0.60908927431017534371 5.6859674765868044588 3.9625902900651270855 4.0512595151525498949 4.1428480277263473042 2.11518e-09 4.64123e-06
68402464.06570841372 6443 3.2288045028248193447 0.20052088800220910225 0.27660714487606569145 2.2349240774825300804 3.0654959735947588939 2.5338793615030428263 2.4078850885784666147 2.2736107219143946168 1.88164e-09 4.46371e-06
68402464.06570841372 5990 3.0818051865838409498 0.01751055642848669755 0.13509628028068709771 3.4707550900655665949 5.8223058386364128225 5.1017042738376350286 5.1178517267383210054 5.1339425266916336454 2.30118e-09 4.77347e-06
68402464.06570841372 6883 2.3256044432236624431 0.23818466197510496096 0.10919430573406782581 1.8245385248896839325 0.16282808871854645427 2.9044898972148991412 2.8401945126224261706 2.7694880589112975677 1.23696e-08 8.36184e-06
68402464.06570841372 5098 3.1432344476899540808 0.0021783401258905171587 0.11708508046115213841 1.5525210951741890142 5.7807143447677571402 0.037526554452485524904 0.037444916795942022325 0.037363368091161960893 1.90652e-09 4.4833e-06
68402464.06570841372 5929 3.2758828447752095236 0.16330941886845812272 0.23810065470310615154 0.8645904630837843996 5.5660539286946271176 0.11270592038412298452 0.095611601055118289327 0.080021105031063397006 3.18574e-09 5.32011e-06
68402464.06570841372 5467 2.9652800598054764869 0.12295783036421480128 0.11741553557564550492 5.3504536306999064266 1.9071561080045627001 4.851829582533776275 4.9728702271135514223 5.0916802161101246682 2.43648e-09 4.86524e-06
68402464.06570841372 6282 2.8500311242871960715 0.12286568343594381214 0.014192041585444145277 0.84504434385827209564 4.3712102541267210398 0.28742056267087862098 0.2544133215758843658 0.22349077411042753138 2.68214e-09 5.02355e-06
68402464.06570841372 5694 3.1039372672979070877 0.14105174380841817294 0.3114152258011514407 5.3916085538726328252 0.20441114615317881875 4.529047977450157525 4.6700233124389942674 4.8109484918309277646 1.21025e-09 3.85309e-06
68402464.06570841372 6392 2.9787661111975904937 0.26817536137371039695 0.14258806041820190624 4.479791599796021373 1.3466256046855396011 0.3633708210441506381 0.27732164270080245094 0.20390042852623221914 2.75286e-09 5.06732e-06
68402464.06570841372 6484 3.1103224185010840408 0.087616851685352173384 0.20882272811476340624 2.5567343306745442533 5.6565476851200111597 6.1177931820440303312 6.1316461546595846244 6.1448727792010080506 1.88476e-09 4.46618e-06
68402464.06570841372 923 1.9832119398528376131 0.41550175559027374694 0.35435930574015161998 1.0975996667350658154 4.0745365084151643487 2.3437889255550672374 1.9805209086797737061 1.5994099956243241767 2.53731e-09 4.93145e-06
68402464.06570841372 6739 3.1922591437437075612 0.099853408387334904872 0.19470966480266663212 4.7045144848447453256 3.5927405522512816383 5.7168065804912044925 5.7683320037978171868 5.8175005385097531274 1.84353e-09 4.43337e-06
68402464.06570841372 5885 3.4899521386031873149 0.027935433715853049547 0.31908352475844281582 0.92112888884319277238 0.41275062432275050339 4.8089394469061303994 4.8367110125963534983 4.8644308396472446532 2.25928e-09 4.74432e-06
68402464.06570841372 5405 3.1710694434837920497 0.090275281700215842529 0.069336798489258139044 3.205723711674125731 2.8432461463729317153 0.4245711081039638124 0.38878673792004436738 0.35456644992896690916 2.93677e-09 5.17774e-06
68402464.06570841372 6764 3.291205922312951504 0.024374246999543654896 0.31456551303718799373 0.61447916655789747153 1.0101011280581415619 0.47941704713646565716 0.46829288392750068049 0.4572912356729647021 2.4069e-09 4.84547e-06
68402464.06570841372 6362 3.0027977904170346513 0.1268470007260624477 0.24023310347370327444 2.4985737262352825105 2.2636988146345591311 3.2418347159759757226 3.2554423084047781067 3.2698526180545433029 2.92709e-09 5.17204e-06
68402464.06570841372 6775 1.3597032073811572417 0.088277832268096073642 0.133690364417335672 1.3661317077838779355 3.682418994547590696 5.6102138281769518002 5.6634906034392491492 5.7147611907425988065 6.39874e-09 6.71246e-06
68402464.06570841372 6055 3.2147036909729069798 0.12093342026757850083 0.034844819596470330558 4.9245134366123499703 1.1596636111517018008 3.2959253982293650331 3.315773491814550944 3.3367314263521370421 3.0525e-09 5.24488e-06
68402464.06570841372 6498 3.2072817478429125337 0.057029286887111022009 0.10154253599836873811 2.6263442376667112121 4.692159049470806309 2.8807758559914984353 2.8656407118182363192 2.8501023419933897429 2.50157e-09 4.90818e-06
68402464.06570841372 6313 3.2583189185780812025 0.077382365607081352032 0.33950802465495893978 2.1461712784439708201 4.9994672441766967452 4.2314748583200678667 4.3014084982160314397 4.3723471996263452155 2.33149e-09 4.79433e-06
68402464.06570841372 6300 3.2179257076239471402 0.015961302292021257998 0.2495632613781746667 0.71969428338087071406 3.2722580470158773025 2.6374459370324960794 2.6296809467956636652 2.6218623860994068053 3.26125e-09 5.36181e-06
68402464.06570841372 5323 2.808635403616293047 0.10969555036334575904 0.17071294937719846962 0.9142326008834141815 4.1498433553071407687 2.3223092717048334777 2.2388280091945329531 2.15271234620078733 2.25995e-09 4.74478e-06
68402464.06570841372 4755 1.8607366935266980157 0.098934322620085043964 0.047805723472086114612 5.6238653973951606702 0.28384358128728531812 4.8330575599958232047 4.9308517422273183684 5.0274345708186585213 2.45943e-07 2.26531e-05
68402464.06570841372 3800 1.8717697135054149893 0.59466252951659159809 0.45539637408537825269 5.9991884543607563174 4.8095427973822815204 2.7448514742846317205 2.3828118532544215746 1.9736619034816156315 1.79108e-08 9.45995e-06
68402464.06570841372 6104 3.4255074710023660778 0.27146397778245151544 0.3162286927536481218 4.7706102257215725615 5.8697180082182107697 3.0947375414800801785 3.0797021093470928754 3.0629117798687475194 1.75259e-09 4.35923e-06
68402464.06570841372 6197 1.7852129352939321016 0.071067715897683528259 0.39869704968581803906 4.8889363046509659583 5.0491754621891651311 4.4952715174803099529 4.5652666740531797629 4.6355666468691127946 8.02678e-09 7.23931e-06
68402464.06570841372 5080 3.2075766769321227834 0.15526977063975272442 0.24574222086116104258 1.7590299346313780227 3.2003799344299976859 3.5425200082678465208 3.6081877562493014366 3.6780355469896277576 2.57476e-09 4.95559e-06
68402464.06570841372 6425 1.8278987299122275711 0.4463953627407767355 0.54959367582014162501 4.1884612531445037931 0.41139866680464504123 2.4781433224368849544 2.1255448350861376738 1.7460940746081889952 8.73342e-09 7.4458e-06
68402464.06570841372 5489 3.2258465196749344095 0.032645590842274599397 0.31742867645418759714 5.4183921460899497902 2.5351994244088116304 1.7949068790575466448 1.7629559725631394063 1.7309112539504436512 1.80848e-09 4.40509e-06
68402464.06570841372 6756 3.1942344359273677767 0.05964899801684239028 0.34249154751213300996 1.2883179975291367825 6.0252217510957395419 2.0794070556857677801 2.0265050480843389558 1.9729432693067685545 2.22448e-09 4.71983e-06
68402464.06570841372 5116 2.7021692226203075649 0.17351397542135646446 0.11581546663697568633 6.2470707498789099787 1.609500950362727556 3.7027843341812571865 3.8031861234639179337 3.9097887550857728378 2.56354e-09 4.94838e-06
68402464.06570841372 6951 3.0105695261055203105 0.064258149369141190355 0.078018973953435336033 6.1770301734907153701 6.2241982959812389709 4.5756290975178313118 4.6396119251349858814 4.7036999779636667895 2.54062e-09 4.9336e-06
68402464.06570841372 5559 2.3610703668788954879 0.26963455257344731697 0.87188243313250657351 5.018774196241746921 3.7839296258191832401 3.4309266347945719389 3.5211310530608521674 3.6210284324139485612 5.44342e-09 6.36025e-06
68402464.06570841372 5923 2.9886914671265967236 0.050481738189797994987 0.11556658223187984968 3.7736491305796775464 2.7409308806530132685 3.7165444719938762752 3.744606675239021687 3.7732362564238925984 2.22479e-09 4.72005e-06
68402464.06570841372 5234 3.0328054666777815029 0.036481530564757808088 0.082276152290241946763 6.0988578964586031006 4.38635450852912534 1.9568836352265919221 1.9228456587867279737 1.8886016123848397008 2.35138e-09 4.80793e-06
68402464.06570841372 6863 3.1369531217016488611 0.1223337695610949849 0.072416400988412218953 1.2293549257512252915 2.7822062741356115012 3.1828077651617454613 3.1881979919163168091 3.193897334895682949 2.72515e-09 5.05026e-06
68402464.06570841372 5146 2.7610527756080460726 0.13420316917198160667 0.017634666365841482338 2.6146179914900451458 3.2734710125052566276 5.9327386339075260935 5.9762596584860032678 6.0168063803186440097 2.55901e-09 4.94547e-06
68402464.06570841372 5492 1.821917249159585861 0.36217543561171350319 0.55156346703257486119 1.1137236097613101293 2.6895633721412606221 1.9244794036045189678 1.5527060099989244968 1.1905898354582111764 4.51271e-09 5.97488e-06
68402464.06570841372 5047 1.5976110104470158113 0.14025658929018761101 0.074107647966040607335 4.299939858197744158 5.3205035376125469071 0.68712928928842054166 0.60239013893531390131 0.52291885840708551836 1.0218e-08 7.84583e-06
68402464.06570841372 6657 2.3411039899062418002 0.15262622705498496423 0.33704273566957632102 3.9355464706594633917 5.5738371256307459589 3.1875675949543875731 3.1952093895783395539 3.203388789423584182 9.52311e-09 7.66378e-06
68402464.06570841372 1444 1.8253725357289274367 0.33102924117656717939 0.75767519457601506527 3.8962795940160543928 4.7510123732715197065 2.4786313689494390289 2.2376557711685243213 1.9775435737218756138 1.72307e-08 9.33865e-06
68402464.06570841372 6628 3.2447025345054387735 0.11937850503001591618 0.15779516476354871202 2.7965040448244029569 4.8264768348116033891 3.9672694266421748566 4.0589921659279060151 4.1537815047736508234 2.5094e-09 4.9133e-06
68402464.06570841372 519 2.5171572257523240346 0.5763389743951908839 0.24947548100298927443 1.6244614867817686044 3.1631380236893251734 4.967015560924075146 5.5208585962184804075 5.9188817861141185261 4.21586e-08 1.25838e-05
68402464.06570841372 2992 1.8486566204627135068 0.31532134449869825277 0.061446104855169832171 0.81034473971692655425 0.049680566031397671578 4.1536999628758559666 4.4515905353891538354 4.7562491011437932897 2.26492e-08 1.02298e-05
68402464.06570841372 6827 3.1105047735704345335 0.1723244859261477413 0.12921126714406522273 4.2078315512672723742 2.1838008906587718094 3.8384912402273272392 3.9577360492208186749 4.0832760470140740949 3.04652e-09 5.24145e-06
68402464.06570841372 5626 1.3801077849384706386 0.31559390604176473794 0.42961563703616234555 4.4853161498515810024 3.3147096849199004787 3.647966794478878505 3.8304530575216206856 4.0310628045147707255 7.93289e-09 7.21097e-06
68402464.06570841372 5938 2.0491543422776388184 0.46045061324876002118 0.6691224834677708122 2.6084590846781163798 5.8661245597523921091 3.0945429409479383587 3.0642091940834403907 3.0286134832379874027 1.88863e-09 4.46923e-06
68402464.06570841372 6244 3.1617689170029805723 0.11742559238114913533 0.25030179380043088289 3.1226500379616406455 4.2308130177745439937 2.5329103867760265345 2.4621424412166308393 2.388356258467002835 3.08558e-09 5.26376e-06
68402464.06570841372 6327 3.0029773984726095826 0.16210924005712837315 0.21938537215763154187 1.3804827474755936301 6.2046650842090382838 3.5131448722298976861 3.5772455136671204023 3.645655997293725914 2.25041e-09 4.7381e-06
68402464.06570841372 6390 3.0356615894380301057 0.16412590507586141686 0.051271250488412412061 4.0034267707845847539 4.2367384964189804819 2.0587246009487123466 1.9071708161249805169 1.7522429324955104413 5.26519e-09 6.29006e-06
68402464.06570841372 4112 2.0740665380507499194 0.36406174820967829309 0.71641844592112591261 4.9829706466563452594 2.075029118529698291 3.9931850097069259142 4.3142399404864848478 4.6498248565163375901 1.99037e-08 9.79854e-06
68402464.06570841372 5511 3.2097621121741672923 0.15369512808902840995 0.14849009743801935834 4.694040980762935078 1.9513887871022361775 4.1565351861029053993 4.2932438602970162123 4.4336347066516204052 2.90982e-09 5.16185e-06
68402464.06570841372 6186 3.2424141748229473592 0.0070569222146396135692 0.21089213451413293954 5.4006949485369677433 2.4142964454167659127 0.64568432952908638711 0.64144974811384436464 0.63722718471996364631 3.14704e-09 5.29848e-06
68402464.06570841372 5195 2.7696640311708424775 0.13175162664023074011 0.14179595730011376742 0.66007149694716271693 5.687312210838529225 3.8020648448484273274 3.887670271283358403 3.9770984744677533307 2.26107e-09 4.74557e-06
68402464.06570841372 6935 3.4432570733611536085 0.15966077772866121842 0.47549378218387872153 0.85140264797258602414 1.5781255964681684123 2.2837458477182219774 2.1556264916414975552 2.022500400081336025 2.603e-09 4.97365e-06
68402464.06570841372 6667 1.4242096590663992917 0.15552353359683704359 0.47052651994356253784 0.16648288115092643724 3.4700183386507563732 2.9590103831118446109 2.9282335547449118707 2.8953023765207310802 1.85586e-09 4.44323e-06
68402464.06570841372 6816 3.1190145935248079212 0.16260268177137807144 0.18853044241033406481 0.98546114315840060982 0.79962880732414087781 1.0108995607610935519 0.87817475710046444259 0.75303985680014751125 1.76213e-09 4.36713e-06
68402464.06570841372 5762 1.3807193617575599376 0.063783039892130508064 0.43796774088827206128 3.9875755421655161292 5.8000005845689104333 0.79420336639932276324 0.74966425450315921086 0.70620293375159715055 4.50081e-09 5.96963e-06
68402464.06570841372 6595 3.04960930120986351 0.11582169056437957577 0.26471056381454938222 5.8887753565983862458 0.99665094125742248465 2.140543888661917471 2.0396078205526553262 1.9362826051347945544 2.5233e-09 4.92235e-06
68402464.06570841372 5950 1.284730672727170786 0.30908725658604063735 0.093241597797026481986 0.86258400204966367841 4.9691539867145149145 5.7661711994797988368 5.9036092193067268852 6.0181343202511152768 1.07677e-08 7.98408e-06
68402464.06570841372 5351 2.9667859311804605227 0.1251427883327513868 0.074925189530733779519 5.1711798616938029483 2.4989493618903808603 4.5716361969417604882 4.6969720137764978674 4.8220999302559359734 2.44807e-09 4.87295e-06
68402464.06570841372 2768 1.5632038403944554794 0.033784954578248288515 0.041375121402259976144 2.2982836044724170854 5.0394599318537123267 4.8034733836103109539 4.8370730876932999109 4.8705957697218940083 1.06163e-06 3.68842e-05
68402464.06570841372 5194 2.3288505879020968692 0.25585031960945731067 0.21697211002243088629 0.763036511230446024 3.0489954390327307365 5.2806504934784719296 5.4848793480251654131 5.6681129027036751822 4.75382e-09 6.07945e-06
68402464.06570841372 6928 3.2347778230943662336 0.28186878750767080382 0.21568367767965493376 2.6437876971556284467 4.5853013772427715367 3.9188961000201625318 4.142792616406083539 4.3801595993748874136 2.08658e-09 4.62021e-06
68402464.06570841372 5914 3.2086444742012316667 0.10029059157171586747 0.074162954046418025356 1.3189629402564011507 5.2766995634836026952 1.7487833888230628343 1.6490218688823263804 1.5490379717389952674 2.63408e-09 4.99337e-06
68402464.06570841372 5072 3.1176164962691812477 0.040791614309804220817 0.20459957446894216915 5.1452539971059980672 5.0421034752443887328 1.3357695275094891851 1.2962756509980704056 1.2570114686479727517 2.73643e-09 5.05722e-06
68402464.06570841372 6154 3.1783456924003430366 0.1417867365626618581 0.24144951919677282159 5.7304475572716855325 1.4422406727085372857 4.9862090814762121127 5.1206103907659983321 5.2507462750046967059 2.04677e-09 4.59064e-06
68402464.06570841372 5312 2.9901647059751561564 0.1182563564380035015 0.20871108969567991887 0.46705368920129758381 4.7108468147270086135 0.84725790425821723151 0.7617305238030650516 0.68011297151081029355 2.46345e-09 4.88312e-06
68402464.06570841372 6126 3.0261288613858452479 0.29172727254466063185 0.20683154771617551226 5.8267744787696997832 6.2435272121681713031 4.2099317907201205813 4.4896667458991146304 4.774188285347941374 3.04059e-09 5.23805e-06
68402464.06570841372 6734 2.1237300104640666198 0.25238061086726110149 0.33201616466950512052 5.0540151254253977697 5.2402208050479970325 5.3917607015165058826 5.5759283986546934742 5.7399129694158217418 1.24231e-08 8.37387e-06
68402464.06570841372 6073 3.2278532302960218914 0.018817175798312473639 0.23473685612626968289 2.6394908176518039333 4.0858230787407272544 0.80081860269364313343 0.78739618428251911819 0.7740638730776906451 2.87152e-09 5.1391e-06
68402464.06570841372 6692 2.3475320624215294529 0.5137278249313773637 0.1911671265692205246 5.2514352210588493008 5.9819477905195777012 3.8470448895615940721 4.2936305980121307613 4.7629695230928650318 1.32225e-08 8.54977e-06
68402464.06570841372 5231 3.1519321649051454948 0.11051620698887677785 0.23893756426537574034 4.189226949345648876 3.2764242058986532413 3.3241784646109842072 3.3454664483229317185 3.3678420466795295773 1.89135e-09 4.47137e-06
68402464.06570841372 6029 1.6414833596236699798 0.35612984253212098817 0.47533348999709917893 4.9982513278235574106 4.9750270455373808431 3.193225912995883764 3.2165086126904216535 3.24316347211317213 1.2969e-08 8.49478e-06
68402464.06570841372 6290 1.7476172238745273368 0.27396804105821054298 0.24300651615423141116 0.41751916506079478353 6.2613810884064875495 4.5273367375907938026 4.8072775824905500386 5.080013165567583755 4.66797e-09 6.04263e-06
68402464.06570841372 5160 3.0683619240996931055 0.14047619804274147359 0.22809520162271432198 0.11357763980686851057 5.4833687866018543389 4.990967093239818908 5.1239197979073471956 5.2526675750061135872 2.48083e-09 4.89458e-06
68402464.06570841372 5717 3.1562938525743411411 0.11436129282701806842 0.25901063592177647754 0.55101797327837276352 1.0044999419653237727 2.6394712930253025895 2.5813420193421348081 2.5205705961725399789 2.31886e-09 4.78566e-06
68402464.06570841372 5643 3.327103079016298981 0.10703226344430476213 0.081305634726782788357 6.1831818984755813062 0.16817287691273458128 5.1069971483756955166 5.2040088983247416721 5.2983652586636642567 2.47115e-09 4.88821e-06
68402464.06570841372 6842 3.1907862567968803269 0.096626079422450564249 0.098735804619601255649 4.0580413887875348422 1.5904525298364655672 5.8626579671124394721 5.900518844769476523 5.9365985780748617984 3.94698e-09 5.71398e-06
68402464.06570841372 6572 2.9693110480580795496 0.20226193471894171605 0.16392458072874768749 5.3255941942743136863 1.2927899793794253025 6.1132845498831969167 6.1446765294418499437 6.1726020920423358973 1.66053e-09 4.28153e-06
68402464.06570841372 5131 3.5396521782494985153 0.11241769420969678628 0.24295288365837983124 2.6105575454651450684 3.4417995351804009374 3.4870124175171248737 3.5273311549687269562 3.5696275790238738423 2.25296e-09 4.73989e-06
68402464.06570841372 5534 3.2341847746419341014 0.086295281954821612125 0.080968127971388498265 2.5327333150108430893 1.2035543328643694139 2.97123348029179013 2.9559240204730503621 2.9399935907432093174 2.18919e-09 4.69474e-06
68402464.06570841372 6119 3.150490921171327674 0.060335639509753381804 0.16027006192383599914 5.4403250681818358103 5.7224625066641232607 2.1231318604334661337 2.0709054866983467313 2.0179591395276510468 2.96829e-09 5.19619e-06
68402464.06570841372 5525 2.022253106061493888 0.37241636184993681669 0.4493744864577720044 3.5168733755756482751 3.54271063312904122 3.0949951555387511526 3.0726994297423759761 3.0470627569848889316 2.22151e-09 4.71773e-06
68402464.06570841372 5240 1.6797952289704973783 0.17599500822321656468 0.43696005017257399938 2.8382011916099658677 5.9172431075356479724 0.016205007008414904629 0.013564826708415397838 0.011177558133262486748 1.54708e-09 4.18172e-06
68402464.06570841372 6997 2.9166015010557599929 0.11788322109152843398 0.23423804346567114743 1.134955817419526225 4.8584499404198577821 5.2051594992751510915 5.3064574279816811853 5.4041437501305775726 2.77488e-09 5.0808e-06
68402464.06570841372 5667 2.1968012058294248412 0.46024686645864415491 0.70907702782733950109 0.34538155175783114004 3.1138022147329862399 0.65409827468229619907 0.40678318049045358862 0.22468325911042871801 3.20823e-09 5.3326e-06
68402464.06570841372 6103 3.290101891439350279 0.105183893968133782 0.099278093145184098667 3.8684849133365535323 2.6887817812890193458 2.9058825440898661263 2.8799203001860282924 2.8527096120828665526 3.07621e-09 5.25842e-06
68402464.06570841372 6335 3.1045666432632796905 0.10480459875358626165 0.29780908675054884593 0.29507370404819743825 5.0499281977811563138 0.44928515115517059231 0.40571026344413052556 0.36434687883525779251 2.80706e-09 5.10036e-06
68402464.06570841372 5252 3.1519174629636270701 0.11967663967090458321 0.12273748104046350305 3.0741090515861420052 1.1431865242138883332 5.3197111248786796978 5.4150011762881211652 5.5063332124984682991 2.42859e-09 4.85999e-06
68402464.06570841372 5034 2.8456109987866877731 0.28522636565790360219 0.21649061343729855689 0.079129151748948189926 0.15663484750384501498 3.9664051421698940381 4.2026827632786520894 4.4516534032297743195 2.20492e-09 4.70595e-06
68402464.06570841372 6874 3.289856943653142185 0.054500784132726930176 0.27979048720211258106 5.5991396519207876636 4.7432100283213047831 5.1031912091483242477 5.1530914754576011561 5.2023848306375768402 2.61974e-09 4.98428e-06
68402464.06570841372 5053 3.0404384941497633044 0.207164047105813931 0.29325542390436665219 1.0676200041480397029 4.1749221281888893031 2.0374022890876148928 1.841734761713844426 1.642128025500126709 1.90259e-09 4.48021e-06
68402464.06570841372 3953 0.94547073334035380832 0.089480398703051453047 0.42163419872533491883 0.48206913771594289697 5.4599001671769142874 3.6066452989893704739 3.6485275131667056492 3.6919702354061789684 1.87457e-09 4.45811e-06
68402464.06570841372 6204 2.0024662845498570896 0.14051790563401719836 0.028641049569533876679 1.3911432630475650818 5.2001711781955641811 0.80744224587054158615 0.7102345072851081742 0.61861520357951238491 2.26769e-09 4.75019e-06
68402464.06570841372 4189 1.1105871606393316053 0.047384974551295908074 0.055238986807881508556 0.86873091117445899734 5.6327422827690982743 2.3428967090540364637 2.3083610310258437792 2.2732910105877506268 2.51666e-06 4.91804e-05
68402464.06570841372 5324 2.1051323696016255305 0.072895263170168603239 0.10744711064328807404 4.0646196461136243627 5.6952018875215957294 0.13825752358009160692 0.12854892574660331528 0.11920410460317115708 4.64884e-09 6.03437e-06
68402464.06570841372 5185 3.5315469701846957662 0.056404702891716854141 0.19766673046591232143 3.9160341264355338353 1.8221221040671868874 4.1196766575642831398 4.1672386721716403457 4.2154674772025950702 2.64564e-09 5.00066e-06
68402464.06570841372 5451 3.2711307672653151535 0.073246002754890973674 0.098512474034120917077 6.2148737249540513261 5.2087288111990108774 4.6900261343460289964 4.7633795732692219005 4.8365303753648163365 2.58702e-09 4.96345e-06
68402464.06570841372 6192 3.2159126123398587005 0.19273788864409982513 0.33811983933079603482 5.5567937234515945022 2.1714274008047080855 3.9871016481827865618 4.1424243911254663431 4.3046942904080136572 2.79503e-09 5.09306e-06
68402464.06570841372 5257 3.226000650177724971 0.12668809610879877559 0.26257155992675118572 1.1993793882790078076 3.6957117519014666129 5.0869430813448506257 5.20250420156432547 5.3142784010163248709 2.20895e-09 4.70882e-06
68402464.06570841372 5853 3.1315903927884622959 0.20785888751520820161 0.15821992481672389474 2.3923279246927600106 2.6145805376251614049 6.098478077447130552 6.1334577110399406408 6.1644637680922382827 2.34516e-09 4.80368e-06
68402464.06570841372 5962 2.8761190130310505531 0.20421630865385323461 0.24230070053418306664 6.2171910385805659871 5.8394157459487896489 1.315504056925284937 1.1214851531380041205 0.93753802697159527302 2.88829e-09 5.14909e-06
68402464.06570841372 6233 3.1531032861956407309 0.13422304109221649959 0.20140773017964061498 1.8745347026021861314 1.4053962392833849737 4.6033197707660677978 4.7381379440894999533 4.8723164920890988938 2.38928e-09 4.83362e-06
68402464.06570841372 5650 1.7264849068502634566 0.19941986679162523877 0.21227046886424827399 0.85257233898724404941 5.7038563024269288704 3.617777782043873458 3.7191094257232859555 3.8279817292066984358 1.14639e-08 8.15256e-06
68402464.06570841372 6255 3.2325768793665550227 0.1184338023301452214 0.23857419873361135343 0.6285404628634422286 4.3308499349335622952 4.6011108884187343904 4.7198726986739334421 4.8383031845154551576 2.45838e-09 4.87977e-06
68402464.06570841372 6952 3.258455987481152949 0.1621011345091203093 0.15726500714367078193 6.1318154811631346846 0.22445667565965915502 1.1641358337752951702 1.0192032358972913375 0.8811431986956498319 2.57429e-09 4.95529e-06
68402464.06570841372 5878 3.256014687942987873 0.11944923425467052214 0.085771220790279129043 1.4038105039883856939 5.7460121553245278037 2.1615100726785470009 2.0585982227201897743 1.9530809247117428828 1.44428e-09 4.08696e-06
68402464.06570841372 6956 3.5066143449332978221 0.13998132417717285003 0.44879815920287075004 1.7117401727934076217 3.3427998695983696109 2.9722826230247472168 2.946814288742767296 2.9197210300537159711 2.20649e-09 4.70707e-06
68402464.06570841372 2850 1.7680848222759595334 0.36048905174492640313 0.4643439146841855103 0.58779190689231441969 0.92706236691649723802 4.2993013267494646357 4.6644917795376166225 5.0245674038201926237 2.86233e-09 5.13362e-06
68402464.06570841372 1284 2.4328658530317079922 0.24317476676028451643 0.26795378805744374251 3.0114439868131963607 4.5835917089776012645 0.4566240833591785897 0.35870527503423205173 0.27333580415238567518 3.64405e-09 5.56389e-06
68402464.06570841372 6722 1.9341904115101307138 0.48239541588865747501 0.46637507907861069922 6.2677108932170009226 0.31568402190099220661 3.507113353712408621 3.7478716920343044805 4.0227471714611926501 1.78527e-09 4.38616e-06
68402464.06570841372 6089 1.581846431312016632 0.24868487612810549758 0.37144216582263434034 4.4916246627641207567 6.1424976033814342458 1.1093640111678104709 0.89599395642555834662 0.70181323664152739372 5.81535e-09 6.50193e-06
68402464.06570841372 5211 3.1675231826632743726 0.10560246074326357091 0.29871191855787082581 1.399015228159114832 4.6298139733035741372 2.5981642978125552013 2.540823197263819555 2.4811285164233281009 2.07199e-09 4.60942e-06
68402464.06570841372 6295 3.2665949761090731229 0.045680454723497188052 0.24586509042047968721 2.071137245934495219 5.0321702677793123115 0.35331133718966761803 0.33782960271028611432 0.32268926566553518542 2.30061e-09 4.77307e-06
68402464.06570841372 1410 1.7677279123723210752 0.21507778719510556309 0.36042812548162844744 2.0766073985749105013 1.1252993173686105521 1.1150996889651767496 0.92915083005886001111 0.7568494361096165246 1.96181e-08 9.75145e-06
68402464.06570841372 6969 2.182534383003572831 0.03665596498539500786 0.20716313873825184522 5.6215780280475167174 4.9858676018922682971 3.0536367104819821527 3.050355755553954662 3.0470160169440911879 2.41679e-08 1.04535e-05
68402464.06570841372 5578 2.8929383378234705404 0.098919230268827956776 0.24846203978417549796 5.7961016040102109059 5.6138935377214229661 3.3061231714941383686 3.3231997514454465481 3.3410656005751953046 3.04211e-09 5.23892e-06
68402464.06570841372 5640 2.1153965927822930837 0.48003493202236352522 0.3839530541515081552 0.62744113165681492106 3.9680668441276440994 4.5469331025510735245 5.0618637241100401525 5.5128818369762537799 5.24602e-09 6.28242e-06
68402464.06570841372 5957 3.2436473506435423708 0.040848498833746242631 0.088683304222538505979 4.9499341892900847739 2.7926285775522066146 3.2339211120357100882 3.2377670511040754775 3.2416895774262841634 3.45473e-09 5.46581e-06
68402464.06570841372 5290 3.1987712219146757775 0.0034774550686366523071 0.19481774599563558836 0.92485482457679557555 6.077395033531949764 2.13687395765391841 2.1339362005735105221 2.1309957234071221777 2.68653e-09 5.02629e-06
