59236139.630390137434 0 5.3982142630884393242 0.031164704902222707672 0.013836900671269138433 0.25668154357187966674 0.48399542170873333102 5.8459499437596509352 5.8589654601139073975 5.8717931613940850255 0.000954966 0.000356051
59236139.630390137434 1 9.0027897618673744518 0.080122495674321780879 0.059897513401604964012 0.80257454201349642808 5.2121966906983541179 4.5736174093723054312 4.6534985329268954146 4.7334821329452410055 0.000285285 0.000238018
59236139.630390137434 5775 3.0367879925807073072 0.13891817712307480415 0.12598987501105674003 0.32417833202971652051 5.0567217417837939664 3.270314052587268705 3.2895653503357107361 3.3100465139423045358 3.02463e-09 5.22886e-06
59236139.630390137434 6920 2.3733026785690816141 0.19708753341180085261 0.04280740620623665893 6.1101687125820856039 0.11443609565799556238 0.85448459826927880556 0.71380306628365164379 0.58476726631630215891 4.48089e-09 5.96081e-06
59236139.630390137434 5134 3.5380397495811037878 0.042155051803420363898 0.34599212181678407063 6.0881913040776023394 1.8697960244390654516 3.5552943541002606231 3.5725816438531361463 3.5901927411572018833 2.31886e-09 4.78566e-06
59236139.630390137434 5278 3.194278165564766514 0.074339223284184130502 0.32562986898680656989 5.6981053861263202265 3.3786387897530949509 0.6049119751132036038 0.56384085390938598614 0.52411126295301879718 3.13887e-09 5.29389e-06
59236139.630390137434 5196 3.5537863771987283634 0.12818073145858832618 0.1879175364452917163 1.8289330837924144824 3.6798772484335584565 1.6871743383945692063 1.5585484882391749117 1.4303773708272791154 3.02458e-09 5.22884e-06
59236139.630390137434 5588 2.8028745780219797012 0.14518710638255755141 0.17774654732061953566 6.0120865372605818422 5.6381812678644553927 5.4706861027709656753 5.5715049133096163914 5.6663276573663434732 2.40685e-09 4.84544e-06
59236139.630390137434 5846 2.8075993371752128169 0.13001221670694260157 0.1578015494299378485 4.5417597333361463541 2.4176284580650704292 2.0511588088023740006 1.9319088007106410831 1.8102818065931385316 2.37403e-09 4.82332e-06
59236139.630390137434 6960 2.9642865451752364869 0.14589421442204320023 0.1068581534955904272 3.9907146175804970589 1.9082208870744135076 5.1842795083883972396 5.3105449151888901582 5.4311083120719931827 2.28045e-09 4.75909e-06
59236139.630390137434 5548 3.1642758522189788906 0.098852783922461995303 0.31615474010534216909 4.5845612987037105412 3.9702558472075164531 2.7877530032340716026 2.7517464004224594376 2.7141777746642126168 2.11518e-09 4.64123e-06
59236139.630390137434 6443 3.218442950077460285 0.19396344184042710324 0.28643599814690767769 1.0058624932804873797 0.21123675340198330708 2.1213873925976649559 1.9459450930917907563 1.7654712029595729383 1.88164e-09 4.46371e-06
59236139.630390137434 5990 3.0954746172693177186 0.055145544113601757674 0.16945032355429276438 0.81679079969019263707 4.4714753112553182746 5.4543583931908976581 5.49428931858141123 5.5334192614132682309 2.30118e-09 4.77347e-06
59236139.630390137434 6883 2.2455488757020116708 0.23439641241171599306 0.18096758823257955151 1.4382778098943713729 3.577765591611860696 1.070427151100971086 0.87374861065042075392 0.69402732612516704336 1.23696e-08 8.36184e-06
59236139.630390137434 5098 3.1664746158087186956 0.033553233087813098823 0.092800373182470974331 1.6771833931185851085 1.0048204459789094045 4.56970907719712649 4.6030070990210658621 4.6363598100722445139 1.90652e-09 4.4833e-06
59236139.630390137434 5929 3.2934712207051157762 0.1133234746759436834 0.17490806407578829429 2.383717387636830054 1.3203110370378075 2.6479879116618878498 2.5912979292995057534 2.5320367253007858288 3.18574e-09 5.32011e-06
59236139.630390137434 5467 2.953332151954325635 0.14844138450561600306 0.14879482875896390959 3.2467213485781458715 5.0774221615449199874 0.19778555626743021811 0.17045631810413403029 0.14527589853785097262 2.43648e-09 4.86524e-06
59236139.630390137434 6282 2.8380491325959913418 0.054729524917893575264 0.024949032287407107988 4.0659412328081359078 6.1738732072298159181 3.8439932273331112178 3.8801293606222362342 3.9169736376978789849 2.68214e-09 5.02355e-06
59236139.630390137434 5694 3.1026400122994339803 0.098354772629209177848 0.31541146633841710134 4.5638042059056544986 2.423763590103086063 5.107248325075525841 5.196502403693204819 5.2835550258872352458 1.21025e-09 3.85309e-06
59236139.630390137434 6392 2.979607393344698707 0.21262074497907818005 0.16823337857497794312 3.3895314337230524337 5.3549826803835944844 2.3623857991863284056 2.1990878617035627407 2.0270706919111094457 2.75286e-09 5.06732e-06
59236139.630390137434 6484 3.1106182311704855259 0.12868672262996844191 0.23818213182413824902 5.329582539411774178 4.5150251266646082016 4.3079763353117925817 4.4297247486413704465 4.553304635564779268 1.88476e-09 4.46618e-06
59236139.630390137434 923 1.8991576120374764614 0.26655405156468797712 0.13970243957483774455 4.291945006258766071 2.3568424503849154661 6.1630435215776211422 6.1917137358747593723 6.2160618669706746431 2.53731e-09 4.93145e-06
59236139.630390137434 6739 3.1415322345386966774 0.06141964684912620126 0.21946996982321223535 0.15774755128050454989 1.4757878385639331409 3.8350042071533012589 3.8752445578128211778 3.9163703234213889104 1.84353e-09 4.43337e-06
59236139.630390137434 5885 3.5032592389068413219 0.020106587453668976068 0.28421848074191358169 5.7570751400206079396 0.052594076423221246264 2.7329043175726503989 2.7248386581068335666 2.7166996237154594773 2.25928e-09 4.74432e-06
59236139.630390137434 5642 2.9075325179521840369 0.18983747446711751738 0.13313810160188463416 4.7113119141582844307 0.71408323385243210879 0.47599097436859866272 0.39513740956516535396 0.32206231872440316266 2.80041e-09 5.09633e-06
59236139.630390137434 6764 3.2650633338517360826 0.022975576409618083534 0.27299152701469558968 4.1367656068102798272 4.4433451210929701958 2.6534207230263162636 2.6425331033511829659 2.6315369923804010632 2.4069e-09 4.84547e-06
59236139.630390137434 6362 3.0057591720889402787 0.099305088374408434504 0.26462020009727821312 2.7795091648221461611 3.5525185876302298738 3.8383053173102648081 3.9046983991545420878 3.9733350251070049808 2.92709e-09 5.17204e-06
59236139.630390137434 6775 1.8230486140320536492 0.21783947284476454231 0.24799708970584205536 5.0411146129663890747 4.2661156190186080295 2.5707991270490282432 2.4396769402865823295 2.2990219742166253525 6.39874e-09 6.71246e-06
59236139.630390137434 6055 3.2507231355283807694 0.096674512130109399588 0.057568200319029559642 5.621327210790990847 1.5083951318462456292 1.3202419004024696925 1.2275469501952338547 1.1365118427454925509 3.0525e-09 5.24488e-06
59236139.630390137434 6498 3.2118195693398288171 0.074218560199637864661 0.146433040878698989 5.7268930996486915319 2.4764894445407588108 3.2750118672467305458 3.2852762856893495957 3.2959036228502176513 2.50157e-09 4.90818e-06
59236139.630390137434 6313 3.259370359803770878 0.034459271750948775037 0.33574846078514192227 0.7726132033703542179 4.975571375622754644 4.8475799644164538904 4.8816525073218350883 4.91561932499217491 2.33149e-09 4.79433e-06
59236139.630390137434 6300 3.2317489717441283403 0.080152008672062388661 0.22001297939970473894 5.0744435326485071158 2.3598011079527672074 3.7529871871127058469 3.8006265105806633642 3.8497078592332547586 3.26125e-09 5.36181e-06
59236139.630390137434 5323 2.8403277729471216873 0.077154712715413700796 0.10732822134825328875 1.5268571406785829137 4.1469052571120226247 3.0671225090781915057 3.0611431734317409159 3.0549428102036189081 2.25995e-09 4.74478e-06
59236139.630390137434 4755 1.8739430068353828407 0.021103515539358855962 0.1219709641711849285 0.44329366808528730681 5.2708293425621475237 6.2185740144684489294 6.2199225416990255866 6.2212567181025733021 2.45943e-07 2.26531e-05
59236139.630390137434 3800 1.7535815751988539368 0.4286058919243288523 0.25509066469510521813 4.9519052792788471606 5.5975072826148579708 3.3830348225982094235 3.5206238819893758141 3.6792169048141039056 1.79108e-08 9.45995e-06
59236139.630390137434 6104 3.3437419030041688472 0.084358573377233944668 0.15757198316482676215 3.9361186318575773768 2.8798641893844019179 0.75593537272725663811 0.69970864339362748296 0.64538215927862796484 1.75259e-09 4.35923e-06
59236139.630390137434 6197 1.9242310692270907513 0.22036432770855268748 0.43035931333577465141 1.5117455564563408998 4.416374597387440204 3.7862644757386232364 3.9331971173543385234 4.0899822932534561915 8.02678e-09 7.23931e-06
59236139.630390137434 6815 1.9812946313075010529 0.31435381082339280967 0.18490395895152464401 5.1360613701879511694 0.22337980441263122211 5.5234713345224717429 5.7216968162380723584 5.8890734781947715604 3.57143e-09 5.52668e-06
59236139.630390137434 6425 2.3866424698288657424 0.16634151690612070107 0.54702048632992728017 2.1694799581595516358 3.6532067797638396733 2.5225481403920779755 2.4183291889234204142 2.308238609673538555 5.02719e-09 6.19382e-06
59236139.630390137434 5489 3.2129052860844624639 0.053628789531780081401 0.3202959807801091241 4.0820324928048012936 5.8342256269585810458 1.1045792205770099681 1.0572196756882237256 1.0105093813377779011 1.80848e-09 4.40509e-06
59236139.630390137434 6756 3.2094935838642886239 0.066245549508180914811 0.29137049273413867523 1.8759299186340425702 1.240004052578388194 4.1430937808018937218 4.1999537760082876758 4.2576902906839624308 2.22448e-09 4.71983e-06
59236139.630390137434 5116 2.7306924813779978045 0.15470574680449386551 0.085324864410355069633 4.8230912571161352886 0.40683571075966273867 5.2117284413757154482 5.3432681672158786057 5.4681944853504464987 2.56354e-09 4.94838e-06
59236139.630390137434 6951 2.9931460312594126982 0.0054344248941512792589 0.048934791007441011401 2.3600488801546171125 6.0784765493007899551 0.40148726955950714279 0.3993688463656339116 0.39725574125287976823 2.54062e-09 4.9336e-06
59236139.630390137434 5559 2.1791409245794448601 0.28420294293265097041 0.5636729636393414955 1.6855313897764767628 0.82565413494395112348 6.077775378510277271 6.1295909088181623758 6.173071457139291951 5.44342e-09 6.36025e-06
59236139.630390137434 5923 3.016161353525597999 0.042884817482838274993 0.17579123346517291915 3.62693984104490319 2.1518047679442728892 2.8443357479535134047 2.8315060851716098433 2.8184201657646110739 2.22479e-09 4.72005e-06
59236139.630390137434 5234 3.0201230655901838418 0.20799410091655493038 0.090251500762223324514 5.1263488080598058616 0.75689668481620031582 3.6223110085059579966 3.72944968866402915 3.8447988637277732415 2.35138e-09 4.80793e-06
59236139.630390137434 6863 3.1595894978253178387 0.11654538267239902827 0.071604465605037623255 4.9934339041501809575 0.42826592315493272611 5.0204209350377171361 5.1298101115837972941 5.2363486120919855438 2.72515e-09 5.05026e-06
59236139.630390137434 5146 2.7748912122828053306 0.097927276100971599737 0.068748944543267534457 1.5625663231756612426 5.8163486404104753902 6.1905236068711735342 6.1991832984865968825 6.207399715455571787 2.55901e-09 4.94547e-06
59236139.630390137434 5492 1.7981275784771719728 0.22775015534726533728 0.46139413873426815549 4.6172092212884363605 3.1065910499876006057 2.5585622110263570583 2.4181902422833636557 2.2674335771376767923 4.51271e-09 5.97488e-06
59236139.630390137434 5047 1.4074233423616806515 0.14834862002600460174 0.28650259807091382758 2.2950593576836677556 2.7240367896592121433 3.5233946001341265308 3.5830912729859716315 3.6464798765009343029 1.0218e-08 7.84583e-06
59236139.630390137434 6657 2.3619542028942293044 0.16758007389388948627 0.27704666702706870485 2.8535604474011693199 1.0753225553046279472 2.3089259610584211835 2.1767560798969363134 2.0390126581959635566 9.52311e-09 7.66378e-06
59236139.630390137434 1444 1.834055603869072737 0.38490836870829048255 0.81073237537306364064 1.8887566858962741012 4.6985054764337865763 3.8927879504229059293 4.2101498409098478959 4.547524667382300656 1.72307e-08 9.33865e-06
59236139.630390137434 6628 3.2351760680033767592 0.13443945549055530408 0.20333174362979414274 1.032620722117665979 5.4498403107160111603 4.9358548125023604669 5.0654259660789353603 5.1915741379271853617 2.5094e-09 4.9133e-06
59236139.630390137434 519 1.7905847921805333467 0.14220820864639319159 0.026919181148221067723 0.91153335469818197456 6.2197430826825987893 3.9781028285223856145 4.0894258128647624773 4.2049206619659136308 3.92741e-08 1.229e-05
59236139.630390137434 2992 2.1006038633180237341 0.29650262658974196883 0.11724535155279036669 0.97915189129710289428 0.22023992990697510708 1.8081146736395361518 1.5047415331087863333 1.2088855267876423838 2.26492e-08 1.02298e-05
59236139.630390137434 6827 3.0983832932145949357 0.10284763923381524953 0.17691252383700489803 5.2851656533353637002 4.0902723233690574389 1.5183402438789654898 1.4157288035414317129 1.3141152224063137322 3.04652e-09 5.24145e-06
59236139.630390137434 5626 1.4844735566148195005 0.25797217252604437432 0.29132331408710321341 0.50602388762109262732 5.5247121570324964068 3.9852856735647921305 4.1992473507212739747 4.4239943922755884387 7.93289e-09 7.21097e-06
59236139.630390137434 753 1.6013555437807951431 0.34636924229635829287 0.11776680773484596298 3.9525545393251859672 6.0825348492764206298 4.6030692019910031121 4.9615443015027320683 5.2972180263011114931 1.27811e-08 8.45356e-06
59236139.630390137434 6244 3.1594974319037953947 0.1035198266177536075 0.31180321109797975998 2.7524730080751207417 0.11183788059346497223 2.3112218977188563329 2.2318613370566975362 2.1501491205244995797 3.08558e-09 5.26376e-06
59236139.630390137434 5020 1.9339006958716420392 0.58021992264481847545 0.25575708980638772738 3.6112670455749169562 2.1286070403562220577 2.6752665062854235067 2.2780533185248623695 1.8370008813994984642 4.40916e-09 5.92883e-06
59236139.630390137434 6390 3.0686776434545124381 0.12466411831485876838 0.076785496631733382578 0.88693314624915864375 1.1853211985203613299 2.8849522160005225402 2.8511410562720871376 2.8154391306901578318 5.26519e-09 6.29006e-06
59236139.630390137434 6914 1.8471430013926755098 0.2428600603079165976 0.39128049396383435266 0.61056325337526629049 5.5255618061046014589 0.95984611882989345766 0.77178976959441247807 0.60241454490239254582 4.41745e-09 5.93254e-06
59236139.630390137434 5511 3.2027417489442542298 0.13313235585037649922 0.19281085179653909001 4.646984888649108747 2.7186179752350203565 4.7167661928422948137 4.8502547685540795541 4.9821239054222852261 2.90982e-09 5.16185e-06
59236139.630390137434 6702 2.0893129105418468683 0.20572877169755945936 0.25713002621090691457 0.40016221115252481599 4.1022881307998062539 3.9337281528528666996 4.0930840640287069476 4.2606053260492657841 3.70623e-09 5.59535e-06
59236139.630390137434 5195 2.7483269478368042016 0.10135386594682174732 0.13242142642400622776 4.329028944767187248 3.0568103764429914726 5.31982454234083324 5.4008666657299109204 5.4791335532298059974 2.26107e-09 4.74557e-06
59236139.630390137434 6935 3.4829390895339109591 0.075278826661299161338 0.45185623458940821218 5.4437068002368018682 0.26585010833266192742 0.98171514242205148992 0.9203405098183794486 0.86043302774778052111 2.603e-09 4.97365e-06
59236139.630390137434 6667 1.4782693850285371084 0.26380500681550306252 0.35090695472405875055 2.1559820532201916521 6.0672417107392462299 0.5241796748041072096 0.40390760240340706222 0.30022840949345841466 1.85586e-09 4.44323e-06
59236139.630390137434 6816 3.1284009379407908824 0.12224259994936605145 0.14833707548372149221 1.89113303774750241 1.2259971370241817823 3.3730445330706975149 3.402976735504349648 3.4345664075759643197 1.76213e-09 4.36713e-06
59236139.630390137434 5762 1.4173454432130285774 0.14215583290337738265 0.49126524755957851065 0.77692297851267433373 4.5500833280195127628 1.6398501807205472236 1.4968474270984166719 1.3550801024069729639 4.50081e-09 5.96963e-06
59236139.630390137434 6595 3.0526558764979534466 0.051790906973046398065 0.23908017006345214095 0.079685322127128740965 3.3018805496223873064 2.6100793873964196479 2.5832135936366804607 2.5557741418135684341 2.5233e-09 4.92235e-06
59236139.630390137434 5950 1.3189664916292127561 0.070056876939245879554 0.29175745706490630038 3.532394937768537968 3.2812887067620968296 3.7858883798143718735 3.8292274384963591594 3.8736933257805934439 1.07677e-08 7.98408e-06
59236139.630390137434 5351 2.9598671276354298065 0.15468190098063464011 0.10806145136924118211 0.38471315855326321254 6.2284450325378015734 0.71368618524773308476 0.61754787647853370824 0.52798122659623658581 2.44807e-09 4.87295e-06
59236139.630390137434 2768 1.5895642661662543471 0.072245531302029555865 0.022289007859111888837 0.2625010267937015751 5.4907586389966365203 1.5551706458091190122 1.482911741629653779 1.4109450322131520394 1.06163e-06 3.68842e-05
59236139.630390137434 5194 2.3271042812100377617 0.24369060377925708116 0.16624773900453279629 2.2827195395268158329 4.0051923010130279224 4.7565685397922106148 5.001177052156259073 5.234776361086722396 4.75382e-09 6.07945e-06
59236139.630390137434 6928 3.2298327916656530689 0.20518045894701938958 0.24915210797617390326 0.41863046805492321045 1.0883443065308233688 6.1361209843571273836 6.1636814287848746829 6.1881429689815972139 2.08658e-09 4.62021e-06
59236139.630390137434 5914 3.1949358654600126251 0.089602478768202764581 0.08347916208524566728 0.89624564544587526083 0.34885422933874171703 5.9711630217448528057 5.9975941275939854691 6.0228373621363111567 2.63408e-09 4.99337e-06
59236139.630390137434 5072 3.1201989637438911629 0.087357337100951074071 0.23712520171773623923 4.1526760338468555744 4.5973659803001973856 4.1526859160547333616 4.2285832778704950385 4.3059147103171948601 2.73643e-09 5.05722e-06
59236139.630390137434 6639 0.96174842341083432995 0.25993321911212946551 0.25597769667228509327 2.776960215384101982 2.6899586292851225267 2.1635079718499681256 1.9277426056722430925 1.6841934437958248072 2.07227e-09 4.60963e-06
59236139.630390137434 5312 3.0182240293292093014 0.10981925841489983964 0.15974546569435682519 3.5722985509253173397 4.4852992944892404736 5.2849793504195172744 5.3748192784277701861 5.4614117464786957612 2.46345e-09 4.88312e-06
59236139.630390137434 6126 3.0340766999948867166 0.2318871560331736692 0.15597381969908424848 1.6758402275030184203 2.2142773597527121154 2.5192469851154637439 2.3680203644016786235 2.2060018807454357948 3.04059e-09 5.23805e-06
59236139.630390137434 6734 2.123731183143104051 0.072619270621173778735 0.34978811200938858539 1.5341998428115808384 0.21406384437507738894 5.529391924818494175 5.5778642741851207631 5.6249417713871432412 1.24231e-08 8.37387e-06
59236139.630390137434 6073 3.2347056669790839045 0.043668092546270381726 0.27255091533723607711 5.3537340386007787885 2.4699601597170350864 1.2525249448790714002 1.2113177218377015887 1.1704408775881582905 2.87152e-09 5.1391e-06
59236139.630390137434 6692 1.9697054002831604347 0.1239700689793217514 0.20616136582153743451 5.1499991662497270895 3.7256803686709947243 4.2479418923297176391 4.3622743774164867148 4.4787236049957286355 1.32225e-08 8.54977e-06
59236139.630390137434 6028 1.042917136184658089 0.28700561216704578715 0.1862163507438272525 3.5864586811938514721 2.7605055298321330426 3.7478936270420466492 3.9372645759150368683 4.1422824373434572465 2.1303e-09 4.65226e-06
59236139.630390137434 5030 1.2624601103806194491 0.45434106185629236085 0.27673070345834227535 5.5376891817712259325 2.0606085093468680114 2.6036731419583585279 2.2958849440478754644 1.9558376226703397815 2.14686e-09 4.66428e-06
59236139.630390137434 6521 2.9422897755961665567 0.12111689331203438769 0.14412499397682648761 1.1135664267054614651 6.118669481954285061 2.7353408785151493987 2.6844725425010365072 2.6310156955143018109 2.953e-09 5.18726e-06
59236139.630390137434 5160 3.0524872261303661602 0.11168844090767621191 0.1830472773885758464 3.8339947280814219432 4.5409319369422220802 5.4079085600905916209 5.4908949112801224146 5.5704130037080084037 2.48083e-09 4.89458e-06
59236139.630390137434 5717 3.17459037127014021 0.10813686320103275962 0.21029800883146551604 3.2000611266707004177 5.824824719068860901 3.9066021905327876773 3.9847299541598628636 4.0654793707030147942 2.31886e-09 4.78566e-06
59236139.630390137434 6832 1.5130876605214524933 0.38575331295612258486 0.2918380019971293371 0.98750877415591076236 0.50380621359099830858 4.9367064815269543487 5.3069328694639024135 5.6264924827183921963 7.86044e-09 7.18895e-06
59236139.630390137434 6842 3.1946428881663577748 0.028077106264425701065 0.15480749501808080404 0.25156481801054397796 3.3214215289857604851 2.6776799475180914634 2.6649547254861145618 2.6520731055048223368 3.94698e-09 5.71398e-06
59236139.630390137434 5372 1.958806700576909865 0.17771066923112929792 0.24216946457602525622 2.4554294624363697253 4.3236043957471501642 2.9328002505614052531 2.8921087176063631219 2.8482312593248719779 1.39548e-08 8.70479e-06
59236139.630390137434 5131 3.5423831908704124238 0.098030529849307018742 0.2560447035266479876 4.1410274391743104871 3.9376383951288849161 2.2620528838263922466 2.1839349881192933189 2.1037611166386231965 2.25296e-09 4.73989e-06
59236139.630390137434 6291 1.5287705296430746937 0.43814027727208221252 0.17713261892522622065 3.5751721384568626583 1.2829783016328819567 0.67262132373776661876 0.43025979947214149091 0.24750845036398400056 4.97801e-09 6.17355e-06
59236139.630390137434 6119 3.1167125534123858444 0.072586775097307112969 0.17608590465850057494 1.947398265652329874 3.2139836092160045666 2.5603420909902623315 2.5191899757468183552 2.4768726865499304246 2.96829e-09 5.19619e-06
59236139.630390137434 5525 1.9216507197116445838 0.42870151343217166584 0.32584218980451457037 4.9423450617502338034 1.6900219566570797713 3.1835055651117891706 3.2078587924039272394 3.236246399805202234 2.22151e-09 4.71773e-06
59236139.630390137434 5240 1.573140252768103764 0.33418788934349663577 0.4422593038646855379 5.7345801351313898664 2.9469089360313613923 0.54349673736710379934 0.38871011232642982414 0.26205454968526037396 1.54708e-09 4.18172e-06
59236139.630390137434 6997 2.904722525684662493 0.023029324517502912373 0.17585737459889869139 1.0667952436061260979 3.7736457340926405912 1.0068999339344169019 0.98755314249346615174 0.9683310049174935763 2.77488e-09 5.0808e-06
59236139.630390137434 5667 1.6589721493705800182 0.3671028436551896923 0.62432008496858892865 2.96529422673542431 5.4269883348742524731 3.63693493199134954 3.8532304596229884908 4.0929761293755086982 3.20823e-09 5.3326e-06
59236139.630390137434 6103 3.2874999803601663295 0.078675946811862407237 0.1349792872902917662 4.7178920352579201136 3.1851137969631637681 3.8149098750835110927 3.8655976772313622725 3.9177118671681276929 3.07621e-09 5.25842e-06
59236139.630390137434 6333 2.0865548934069844123 0.47471235049642207526 0.4146386781001785149 2.5143097434672911916 2.8618522793234317803 3.2339518031212874938 3.2961459120943139567 3.3692225133262114767 1.94245e-09 4.51128e-06
59236139.630390137434 5252 3.1344228461510019734 0.22866434911131763852 0.17840547671020268172 5.6693410189005302158 1.8518122092743565243 0.30209093548156062958 0.24003303174270829157 0.18567157872589545864 2.42859e-09 4.85999e-06
59236139.630390137434 5316 3.381191855779801525 0.19752410429309114059 0.14625785646944178264 5.362220500760999542 5.932024077341192303 1.4703017782566030203 1.27441431537465788 1.0855023760137656463 2.96988e-09 5.19713e-06
59236139.630390137434 6874 3.2831373974434350238 0.084334973879125113561 0.26809954421330045582 5.4781455356624793041 4.1427480744200977369 2.000482613867157422 1.9223411489900166238 1.8431639438992712954 2.61974e-09 4.98428e-06
59236139.630390137434 5053 3.037789022750301271 0.16614522127984901467 0.23029565003214874652 2.5330591836931066752 1.5665440222980144824 3.654280462662808926 3.7427438662877960951 3.8367143134701673368 1.90259e-09 4.48021e-06
59236139.630390137434 3953 0.94666394186521496401 0.12255096096068231193 0.61032216079640988493 1.3751370065768055984 4.8726528083233109356 3.295307615928809053 3.3153606555995027705 3.3365490825056447477 1.87457e-09 4.45811e-06
59236139.630390137434 6204 1.4740612565429662695 0.13828621545654257163 0.25037445225524157522 5.2512937087217981258 2.3619433369023443703 4.1764495851603085086 4.3001570438293423848 4.4268588665446317876 2.26769e-09 4.75019e-06
59236139.630390137434 4189 1.1088982266207048077 0.048159209359276949902 0.039953710933827067675 6.195103524283296359 6.2239482705842847921 0.28274910746606346512 0.26960925834418858482 0.25678182027900164908 2.43199e-06 4.86225e-05
59236139.630390137434 5324 2.0306476821509691355 0.11244058896218393773 0.27992610153182434507 2.2612638899689119221 4.0186459737621795796 3.7411138180857088642 3.807843457204674209 3.8773365680479123796 4.64884e-09 6.03437e-06
59236139.630390137434 5185 3.5513358642045251834 0.03474923787677548781 0.24365544168117048152 4.6761711855009275851 3.422176193592453064 4.5658110549433503778 4.6002821453102891169 4.6348132485780375589 2.64564e-09 5.00066e-06
59236139.630390137434 5451 3.2682192405203909225 0.07875347318923429929 0.071024713593514449128 0.61956948954138646446 4.9400786528066058523 2.3931318228167532958 2.3378725988895836529 2.2811745943614316623 2.58702e-09 4.96345e-06
59236139.630390137434 6192 3.2090624183102769429 0.19829521558005938631 0.32944935710471678902 2.4205252797622431871 0.22545534485035656491 3.3715723145425542384 3.4221504544573440043 3.4770567504501173062 2.79503e-09 5.09306e-06
59236139.630390137434 5992 1.5760480087278581074 0.20566100494714995017 0.13380250716674627065 2.5272494999544172778 3.1940891951016832095 4.0131710091144636721 4.1832688611352502051 4.3608060415100444729 8.41385e-09 7.35386e-06
59236139.630390137434 5853 3.1393513631527216745 0.06019742290667210588 0.17333890694143397337 5.1985031371518761745 0.16502453965428634519 0.46416021375143551309 0.43789612268081218316 0.41237030621328046864 2.34516e-09 4.80368e-06
59236139.630390137434 5962 2.90299033906635362 0.2209462435149687487 0.1844904511403893943 3.8655062767500933951 4.2702866797239540375 4.2404937126331772035 4.4496631792278744655 4.663027793449566083 2.88829e-09 5.14909e-06
59236139.630390137434 6233 3.1590801355245270443 0.11804572075613491144 0.19389208268099297761 1.6525629763513300929 1.8363002522319356036 0.34011200114326101129 0.3026888734337429554 0.26750087075791773028 2.38928e-09 4.83362e-06
59236139.630390137434 5650 1.6841617886491717648 0.18457495361610962159 0.35299143914556141421 4.6935614887446037713 1.2272081866323389931 3.2927356923170680858 3.3236063050433006794 3.3570162778281633642 1.14639e-08 8.15256e-06
59236139.630390137434 6255 3.2283395930706744181 0.10954318888285791145 0.19964064110090490312 2.7251966201874808782 0.17284325632262279027 1.3690728786478276735 1.262699404260235525 1.1583143417621244442 2.45838e-09 4.87977e-06
59236139.630390137434 6952 3.2461788046942610109 0.11692898328074084746 0.11773154638472187183 2.3918964536736608828 2.5523628447654211904 5.6790928631584494113 5.7426478542374388425 5.8028191460194573636 2.57429e-09 4.95529e-06
59236139.630390137434 6140 1.8742715816495010284 0.34561283201311099322 0.38073717239691062808 1.4548564873786447027 3.0406245440584549478 3.1496243337045495281 3.1531098456660417995 3.157090247037794839 1.67728e-09 4.29587e-06
59236139.630390137434 6956 3.4851448834377509733 0.12657258392395467905 0.41496225936294217629 2.8831417951470337258 5.9780257631160838017 4.5449018710339217364 4.671379857660224566 4.7978460248950582923 2.20649e-09 4.70707e-06
59236139.630390137434 2850 1.528458770288762425 0.093489774165707487108 0.27091421283400479725 0.68788180442121438229 3.607566687427838481 3.8590081210247997312 3.922839191983861884 3.9886714238196372406 2.86233e-09 5.13362e-06
59236139.630390137434 1284 2.4510336489311237429 0.23224913783386241795 0.32636498145040004903 1.4751661985049147052 1.3226623112778554958 1.0229023960631558055 0.83407853422207223204 0.66205677005574592453 3.64405e-09 5.56389e-06
59236139.630390137434 6722 1.5323471817448397481 0.033013139162719425113 0.44916109575736984372 2.7072776487725791483 1.4518792068320351962 0.83202075709089295952 0.80787731956472041972 0.78401469764570008714 1.78527e-09 4.38616e-06
59236139.630390137434 6089 1.7577332166760721854 0.25484180691872015956 0.32099083990570737024 5.0312910419881937685 6.131348129918428036 3.3299097801374357708 3.3854781825422630703 3.4470161038971611767 5.81535e-09 6.50193e-06
59236139.630390137434 5211 3.1653631671149540239 0.087700791514603887444 0.24758568459846194698 2.1380430854970335908 4.7216750103317286502 0.85627662674863402881 0.79177868232961035044 0.72937044255714622576 2.07199e-09 4.60942e-06
59236139.630390137434 6295 3.2558439026211467571 0.035101008770098869605 0.23316256621714345765 1.6604697291465377873 0.28945677439695438604 3.785812058233330557 3.8071987300873146864 3.8288748649239940924 2.30061e-09 4.77307e-06
59236139.630390137434 6211 1.8419690318199593015 0.18008778485731319341 0.50137301786416577087 0.42601183755133370523 2.3381425052222875038 2.411899902469637258 2.2822529464577341329 2.1458523695639923901 2.33777e-09 4.79863e-06
59236139.630390137434 6969 2.1664128747818818255 0.052702862382881861258 0.17021284073999043418 2.1051683250633068667 4.3292574483023180676 4.9009885430991646516 4.9525265974409462544 5.0037171645594478164 2.41679e-08 1.04535e-05
59236139.630390137434 5578 2.8958049358600232992 0.10772847823483960861 0.21721442384298289552 3.2211477240194872351 5.4361736131436160235 4.1799400075747712435 4.2755778960299970493 4.3731912460376740626 3.04211e-09 5.23892e-06
59236139.630390137434 5640 1.6404103696984126959 0.42336205554505135229 0.21675709881360610831 3.2360273989046244303 1.5299484751416638773 4.8023799774991724476 5.2295567076055355926 5.5975527424122768494 5.24602e-09 6.28242e-06
59236139.630390137434 6886 2.7192007451393349626 0.41957465288641476731 0.85580881546569698148 3.8177662232254725438 1.9721286881208366371 4.6666972658807814867 5.1034876930337373935 5.4913805927683601027 2.88448e-09 5.14682e-06
59236139.630390137434 5290 3.181666801391895838 0.083258990173126976031 0.13259388839801847237 3.3161842744776861558 3.892943898132061431 6.2215016086282615149 6.2264375437085943688 6.2311597697330034507 2.68653e-09 5.02629e-06
59236139.630390137434 5080 3.1890849641367431389 0.15936071432179005347 0.25349575574598204319 4.7472255513010361838 0.21158434290451497151 2.5833273041678626036 2.4922311906137206705 2.3958692800228873487 2.57476e-09 4.95559e-06
59236139.630390137434 1410 1.7805068946535818064 0.15669846507661083779 0.31277128540769905118 3.8781092465739455122 2.5458463335433183516 4.2999808192286970154 4.4488714795298607285 4.6001606697890862208 1.96181e-08 9.75145e-06
59236139.630390137434 6186 3.2450882526137641015 0.022380882101530046036 0.17765403979763291775 3.0235766673803552429 4.5577430495828501478 5.7644834578430206307 5.7754733108025222421 5.7863544285517960475 3.14704e-09 5.29848e-06
59236139.630390137434 6154 3.1682584480139137639 0.14628424351819158122 0.24693290080474472603 5.0792844086887445343 2.1371869573234341111 3.2560498166571805179 3.2741702661883165248 3.2935075176662698127 2.04677e-09 4.59064e-06
59236139.630390137434 6572 2.993357734988349339 0.15877088319643933856 0.16225669949770557543 1.0375946514164902101 1.6250333488045298758 3.5458262969566973766 3.6136279010440399695 3.6858210070639190192 1.66053e-09 4.28153e-06
59236139.630390137434 6029 1.6022237226099216301 0.28191656472691289936 0.60540458791080209444 0.63776811083772277922 2.3802195887927655171 4.313381329540669995 4.5924037596472544465 4.8722934584509989264 1.2969e-08 8.49478e-06
59236139.630390137434 5063 3.4939325393100642003 0.1317381309558368907 0.41352991578906878045 4.2231743120159110916 1.8938628584367687147 0.17262030621649404605 0.15128474932533123032 0.13143071537853440178 2.23728e-09 4.72886e-06
59236139.630390137434 5643 3.3113405617477469356 0.049881502368365110422 0.046882323317312575572 3.1197461537181143676 2.0899963580094125248 5.8465417890946902446 5.8671822988751447525 5.8873397929165625087 2.47115e-09 4.88821e-06
59236139.630390137434 6335 3.1081942214332984875 0.075093875400016663058 0.23456610101038505301 0.73549002179768441234 5.9426058777342651851 1.7762739973070749144 1.7021207469228172293 1.6276734797984897529 2.80706e-09 5.10036e-06
59236139.630390137434 6290 1.9302001168682756393 0.28392416112001900297 0.30148779086619109657 0.030249684126569940934 2.478693637889647583 3.678227183505903497 3.8471183377211581877 4.0312244476166272378 4.66797e-09 6.04263e-06
59236139.630390137434 5878 3.2173208898507490439 0.061883344598039041751 0.067287234842807949753 0.6748434696992442472 5.450416775669014946 4.1680398244181757761 4.2218803503675879085 4.276467238353118816 1.44428e-09 4.08696e-06
59236139.630390137434 5257 3.2214295600304239109 0.13414647626783818279 0.20868412417828660632 2.1596702719937983517 3.8854016602886845 2.5242914488795955563 2.441802101467784869 2.3554040602083210487 2.20895e-09 4.70882e-06
59236139.630390137434 6327 2.9973555732160210852 0.18048212074354288981 0.17133870986049551388 0.32035477489639058168 6.2689691992525631292 2.3852917927284202904 2.251761374216557865 2.1115329855103266432 2.25041e-09 4.7381e-06
59236139.630390137434 5405 3.1843168631988008066 0.042844708479631121723 0.11945670100126451474 1.0525193060590161132 6.120137035413422133 2.4036869174239852143 2.3743877933248911383 2.344648173152817705 2.93677e-09 5.17774e-06
59236139.630390137434 5231 3.1512345250422884035 0.091703579229478568435 0.25279770353047076314 2.4611399253031760459 5.7353299481236348356 0.61500855033451351517 0.56391604524784277874 0.51490048161616208677 1.89135e-09 4.47137e-06
59236139.630390137434 5957 3.2283532987117102842 0.035645136651788041082 0.1153707023037029572 4.7001470775210627551 5.6311136548269038471 1.3197538090629554741 1.2853707092765325193 1.2511677071206859235 3.45473e-09 5.46581e-06
59236139.630390137434 5034 2.883126163043908452 0.24290907098467473535 0.16892617583726912689 5.4649814928253839241 2.4525163617918463999 1.3253332018228809464 1.0941175948455195144 0.87828712341296255595 2.20492e-09 4.70595e-06
59236139.630390137434 5534 3.2348536380731838236 0.12234901006930125333 0.11015714394391359909 4.3028016821737091746 1.5043955218762952164 3.8466312703620384461 3.9300762842939223063 4.0168566222985262471 2.18919e-09 4.69474e-06
59236139.630390137434 4112 2.1230214128039461841 0.45081474692862055775 0.6595900111621374462 2.4078517061044406589 4.6954001158576152974 2.2457943086794873722 1.8155893242479537175 1.378214485666935385 1.99037e-08 9.79854e-06
59236139.630390137434 5288 3.0306361850127436774 0.32759360706734447222 0.24485464719071001194 1.950874509630027287 4.5612450598965681436 1.6571194406574736302 1.3197751832410580253 1.0024485951502097869 2.94866e-09 5.18471e-06
59236139.630390137434 5938 2.2403848215491071194 0.46027078260441833812 0.46104708484712175753 0.60923200311844238897 4.3001290464843027195 2.9649265577610326439 2.852278692613069655 2.7209658477742504346 1.88863e-09 4.46923e-06
59236139.630390137434 5446 1.1311692566351680966 0.072313751874438517153 0.26500572544278816478 0.093007878720935174832 2.3039629126360976485 0.1112960843171767189 0.10353327294267512804 0.096059761848517707938 5.46354e-08 1.37196e-05
