56476386.036960989237 0 5.3966850627764593185 0.029091072085669255481 0.014967923277357665646 1.0333129044210471736 2.1463486163147362795 2.4431940779472371972 2.4242745406252579343 2.4051510576225130222 0.000954966 0.000356051
56476386.036960989237 1 9.0290200473755621857 0.084736911036856862878 0.059407218510096004849 0.32082077939215603024 3.7736460543297791759 6.0687441056140176698 6.0860889417048698036 6.1026823559847587219 0.000285285 0.000238018
56476386.036960989237 5775 3.0346324850063766121 0.13370371978749251429 0.11926039487773032466 4.6317550415475512438 2.0049748907642395146 1.3596078071388482122 1.2302885737526876309 1.1042614243008193053 3.02463e-09 5.22886e-06
56476386.036960989237 6920 2.3942189084299059232 0.12008612774076045382 0.16162531656170892047 6.2150012512262060582 3.3665673919573753103 3.876127257304923468 3.9606377062971844794 4.0483599034347532708 4.48089e-09 5.96081e-06
56476386.036960989237 5134 3.5515333850702837104 0.036577823043096209521 0.34468608888858931483 2.555042545377106844 5.4867239513683916385 0.99026072229613659736 0.95997151372343725306 0.93000786710020055814 2.31886e-09 4.78566e-06
56476386.036960989237 5278 3.1877028391554542708 0.043879788840362476954 0.32998818015499309375 2.418778167857746908 1.11363393294536972 0.36962702170865097129 0.35408545827625209634 0.33887090047757728595 3.13887e-09 5.29389e-06
56476386.036960989237 5176 3.0801208584509800481 0.22444841555567568436 0.10848980521006433564 5.2683201283228191514 2.840139646078828406 5.3078625348982315657 5.4843397195852370274 5.6451685294176350283 2.68297e-09 5.02406e-06
56476386.036960989237 5588 2.8153377017610834443 0.21312018355690812155 0.17621963229291390252 2.0423888201346724891 4.9035632284136285719 3.42308066169164249 3.4898638092040292769 3.5625960304205639417 2.40685e-09 4.84544e-06
56476386.036960989237 5846 2.8044336565659668814 0.14215137531023755435 0.13448990337730334921 4.1778760851499328055 3.2359572867323684875 0.28835077535304459717 0.2503296055435077494 0.21511539708185214992 2.37403e-09 4.82332e-06
56476386.036960989237 6171 2.0781140777735069847 0.63684232704149768001 0.37364727915993650731 1.9386359816031215608 2.7776206705526296226 2.3100825216263229933 1.6355059551420474406 0.99999649930629419536 2.39216e-09 4.83556e-06
56476386.036960989237 5548 3.1757354493730529654 0.071219036835665369689 0.30732735154801155142 4.0814073220812439047 4.0447544945894922108 4.8796156332640681086 4.9494871781778506659 5.0187137663364431717 2.11518e-09 4.64123e-06
56476386.036960989237 6443 3.1994155415028919798 0.19667137427432754282 0.27244096332102479829 1.0153952738563987168 4.1352101950708428646 1.9187300038613355202 1.726074835874711777 1.5317697139879653534 1.88164e-09 4.46371e-06
56476386.036960989237 5990 3.0978095646514756112 0.10050131183140524616 0.17124815987966782171 5.7568639242096946163 2.1930016777288159346 3.3383128181001087142 3.3590288392730376366 3.3807096745889819722 2.30118e-09 4.77347e-06
56476386.036960989237 6883 2.2872345287577360295 0.24710399197504528956 0.19571784657412152897 0.58764020136954342455 2.0864135954764222447 3.604078470410573054 3.7300685748998776425 3.8672345079070247209 1.23696e-08 8.36184e-06
56476386.036960989237 5098 3.1915862936068801758 0.073253253686339475648 0.10778832589203438119 0.73116040856415998039 2.0411990922022273942 6.0199254685792995545 6.0383604006976456802 6.0561159972721547717 1.90652e-09 4.4833e-06
56476386.036960989237 5929 3.2726835283999813342 0.13268355975812898273 0.20139369881981705745 0.65764483789605665542 3.340707436702401445 1.2134202902840629523 1.0915630978769317316 0.9738265081856043448 3.18574e-09 5.32011e-06
56476386.036960989237 5467 2.9568708062525028701 0.15014492125539449785 0.16552084147151918669 2.3838426334066302736 5.9016595960332427495 2.6134925876006418477 2.5321409699686197037 2.4461953223050367789 2.43648e-09 4.86524e-06
56476386.036960989237 6282 2.8297757608339040303 0.069435805258286076302 0.038006373802350348901 3.1274472771631254275 3.7934371893404201792 1.3966327367236752721 1.3286009308896264969 1.2611916941049337026 2.68214e-09 5.02355e-06
56476386.036960989237 5694 3.1056022873714699273 0.13356839630777034289 0.31714824120801216045 1.054638593308042438 6.1005102908476471768 3.107219315765350931 3.1022770229948477549 3.0970270500073917574 1.21025e-09 3.85309e-06
56476386.036960989237 6392 2.9786612352729857633 0.20657695013555940622 0.18695878641856017444 0.52458526222872248201 0.7053883453265646919 4.4408477583980099368 4.647087409476950981 4.8532240635639416482 2.75286e-09 5.06732e-06
56476386.036960989237 6484 3.1163014352089830616 0.13436959395611697277 0.22921197776391566414 4.2711585474863023038 5.2890490527595916959 2.3180133543149716857 2.2143260389441099534 2.1068326698759829441 1.88476e-09 4.46618e-06
56476386.036960989237 923 1.6291687845872497853 0.11040938582200614249 0.23535690040584214544 0.75508912119651561135 3.4268471196662755318 2.0705914463900310096 1.9708231311093440397 1.8691305049567046304 2.53731e-09 4.93145e-06
56476386.036960989237 6739 3.1466431989570464722 0.014793596035031398792 0.20895849698190085975 4.1326153761905732864 5.7794296169288905674 4.9293883087721965808 4.9438125314725338555 4.9582117431209722369 1.84353e-09 4.43337e-06
56476386.036960989237 5885 3.5040814127715118609 0.037003849599603177989 0.28599173284077616941 0.82604749064337679165 2.5411163182958409479 3.7265584902429775838 3.7473175353909606855 3.7683859785042908008 2.25928e-09 4.74432e-06
56476386.036960989237 5642 2.9183810463340145169 0.21798088116962532901 0.14884632455639640325 2.1351393420877822216 0.49350949018038126059 3.2423796746197317553 3.2673146997853406148 3.2946475651694897557 2.80041e-09 5.09633e-06
56476386.036960989237 6764 3.2650185675583363043 0.043699958429630807177 0.25855584086144423051 4.8383281979642944748 4.2595216423482007428 5.6438361851528631163 5.6694720914799390243 5.6946392049101755006 2.4069e-09 4.84547e-06
56476386.036960989237 6362 3.0043561088774084489 0.15644383486154267437 0.25689076193453469488 4.0070444121058264031 4.9937481515619923655 4.2897516780758184751 4.4378319484994044331 4.5884162405135100471 2.92709e-09 5.17204e-06
56476386.036960989237 6775 1.8471031467363765444 0.24991562645596415715 0.2858118002627809684 1.8823137841186887709 0.24162043217658926708 1.8941677017348483858 1.6445656200826075377 1.3953296943061341828 6.39874e-09 6.71246e-06
56476386.036960989237 6055 3.2209293597680472843 0.080019974620912009966 0.051196343415418101019 3.2685985968766964049 0.92166478724067535389 3.9537370431600509235 4.0135372157917634794 4.0747990197082826214 3.0525e-09 5.24488e-06
56476386.036960989237 6498 3.2029025747996224815 0.033552563857062935038 0.1202981502996620794 4.6118675914317481812 1.1596222791190762269 2.9216099779316238028 2.9141644209479800054 2.9065992328127574496 2.50157e-09 4.90818e-06
56476386.036960989237 6313 3.2621416547563999444 0.062007679998907501429 0.35007399203399158782 1.6136499612577828167 1.1985014923213159754 3.1988559048285152286 3.2025217170711139936 3.2062974497891856274 2.33149e-09 4.79433e-06
56476386.036960989237 6300 3.2314309290905547378 0.047732748361700147455 0.22216204710817155643 1.7529528607988977829 3.6543140101123743335 6.2810457643274748563 6.2811455655028671785 6.2812429279115313818 3.26125e-09 5.36181e-06
56476386.036960989237 5323 2.8394135115797602964 0.09296818010812615829 0.11689193546465494189 0.98737542062524974451 2.759917886612283322 0.2224417423822684925 0.20278132572529977695 0.18405805085374632446 2.25995e-09 4.74478e-06
56476386.036960989237 4755 1.8827830478355584987 0.013890690147926192805 0.069566227998346746864 1.4656830440760630907 0.74264679869583860583 3.7760741734640554945 3.7843546898480608931 3.7926808886792535702 2.45943e-07 2.26531e-05
56476386.036960989237 3800 1.4693085771959126795 0.34589714707164531671 0.16331524951087481035 4.6246134262685112404 5.4235608188748241076 4.9772019840532610857 5.3033790423803326419 5.5906083806458441998 1.79108e-08 9.45995e-06
56476386.036960989237 6104 3.3233825084020343077 0.039839413321538834356 0.15925901513124379738 0.94849400891217205967 5.9606757983319145211 2.5616486078390803272 2.5394395386889874189 2.516873769682485662 1.75259e-09 4.35923e-06
56476386.036960989237 6197 1.8686792795297419989 0.092764237838040608519 0.38067266522866777256 4.1114447225991384016 2.6573847012874529661 0.49539955799541079973 0.45294836060318544035 0.41235301561141063376 8.02678e-09 7.23931e-06
56476386.036960989237 6815 2.0748310249314210196 0.28179012515202517264 0.26005753842820777955 0.30837816869404516273 2.4652913274095302754 1.9226199629115716672 1.640429201153395411 1.3593219631361088684 3.57143e-09 5.52668e-06
56476386.036960989237 6425 2.3819804620464863909 0.21228057332412686442 0.49819550038277732318 2.3956418001515946692 0.45661657284237033849 4.8946859894485266196 5.1010878582883067978 5.2975329267236244135 5.02719e-09 6.19382e-06
56476386.036960989237 5489 3.2051718716714967528 0.063968496764578650082 0.29801392767531492689 4.5750403774023684633 1.1354623407400588064 0.60283004323999500595 0.56746086090529268553 0.53307826676309844061 1.80848e-09 4.40509e-06
56476386.036960989237 6756 3.2146606326814475274 0.037436768270638035028 0.29695965479099001305 5.9887159516101986512 0.16905373697082698436 1.0440642322903443961 1.0119951510885256685 0.98025284093615017156 2.22448e-09 4.71983e-06
56476386.036960989237 5116 2.7267088138137549613 0.17620266761621569684 0.047463492866231735134 4.1518664645902116916 2.5263311886818806684 4.7366763925243979827 4.9133728001519898498 5.0860286223813018225 2.56354e-09 4.94838e-06
56476386.036960989237 6951 2.9831800381358095642 0.020035684353534026492 0.069140772730305707916 1.4706986059664788336 2.0527883141846405834 6.0028036852189092798 6.0082956754866918558 6.0137341759543492259 2.54062e-09 4.9336e-06
56476386.036960989237 5559 1.9551545162041210624 0.049076887086737866484 0.033555671261400431271 1.5821756248696465796 2.51200981617569985 3.0592206614042756208 3.0550788928661307686 3.0508383612246716687 5.44342e-09 6.36025e-06
56476386.036960989237 5923 3.0143544322357658238 0.034071405936424228877 0.17135919272937488733 3.5092694758761076024 5.4548485593557556328 3.3618103741551048635 3.3693810221555904327 3.3770751489015760072 2.22479e-09 4.72005e-06
56476386.036960989237 5234 3.0248622530718582979 0.18436572423900790541 0.10333349242699503556 1.2463319092141964539 3.4588621827321222035 0.70237453921864179129 0.5903173834511884488 0.48769486350432794675 2.35138e-09 4.80793e-06
56476386.036960989237 6863 3.1562834855690513614 0.14316859578655086183 0.052898739039054031019 4.9700390091548998228 3.1651655019705815519 1.0156797686183760554 0.89798417601742974714 0.78601598836990005381 2.72515e-09 5.05026e-06
56476386.036960989237 5146 2.76022532520419972 0.06423090217051377615 0.098004678575248582728 3.7730440007530914315 5.3065281940143149697 2.0809632337827967952 2.0239738850868396192 1.9662264225305885468 2.55901e-09 4.94547e-06
56476386.036960989237 5492 1.8112020477835077958 0.1988678146981140149 0.42198675068034907643 3.9570799662808617825 3.7618660401136039262 2.1739947986592205176 1.9990231342889788202 1.8181123847388143133 4.51271e-09 5.97488e-06
56476386.036960989237 5047 1.4566033827868427597 0.092471031479673851394 0.23241672251402928362 5.8699266376784695609 4.2392963644029721948 0.75060667346829934576 0.68948894424054063546 0.6306641495413287668 1.0218e-08 7.84583e-06
56476386.036960989237 6657 2.3567820755390522791 0.19497569741541412314 0.24559622393907598603 4.6834812753004300134 4.4759570823824770258 5.9158588583004716455 5.9805863053488810266 6.0386894779035458214 9.52311e-09 7.66378e-06
56476386.036960989237 1444 1.8183388958982846795 0.5540225023084064393 0.73015624100912013272 1.670983561378160287 4.4604894681327129646 3.1634409306116921812 3.182372581754673746 3.2049593180857347541 1.72307e-08 9.33865e-06
56476386.036960989237 6628 3.2370655081963666255 0.12548392679080469514 0.20211292482125159387 2.8503415208376718937 1.2040916389379039408 3.5748063924604265296 3.6308845146703907503 3.6898620802229626925 2.5094e-09 4.9133e-06
56476386.036960989237 519 1.5211664652062801828 0.12559034376980038328 0.17724542451111252594 0.27952379307797980967 5.9726520208885114371 3.2972558121740713766 3.3181017652613298274 3.3401546762214087138 3.92741e-08 1.229e-05
56476386.036960989237 2992 1.7970025452505753449 0.16162034220289306363 0.10623824798318499962 4.9413767602204785589 6.2020284234189411166 3.9918557551947206896 4.1208639342431663266 4.2550235640123901248 2.26492e-08 1.02298e-05
56476386.036960989237 4502 1.8534209792138125472 0.53867587561652152672 0.27494935408457360504 2.5750212421826566001 0.27830662317786630799 3.0342399010230245437 2.9459727637097516961 2.8412678347319060279 4.58456e-09 6.00643e-06
56476386.036960989237 5626 1.4641400387328369348 0.22739447704834842012 0.23561481738218978399 1.9289976851089760679 1.6194357778782810797 3.7064452521083310899 3.8428671006381462938 3.9895801786698599223 7.93289e-09 7.21097e-06
56476386.036960989237 753 1.6783850420442500972 0.41845487656410534916 0.11015010935398845959 3.9029100716729887566 5.2583058907054933684 2.1025637732403259506 1.6835004606529395677 1.2677004254298569474 1.27811e-08 8.45356e-06
56476386.036960989237 6244 3.1710641114181528089 0.12423845920778395224 0.33000800301868138398 1.0647210144628602713 6.2273545830870888906 5.2845442943253289059 5.3858905145121163116 5.4830005695908754504 3.08558e-09 5.26376e-06
56476386.036960989237 5020 1.8431267000711171189 0.51043164351123826439 0.47251613600628161738 2.137680024073441043 6.0892618834817771045 4.9659045889685859976 5.4531451165327942121 5.8298224835740901639 4.40916e-09 5.92883e-06
56476386.036960989237 6390 3.069562125277031317 0.13981779850560727141 0.11071087578290729481 1.8779754988052579368 1.0896689600579267942 3.6429165623316195344 3.7148451512026565702 3.7906777769099693209 5.26519e-09 6.29006e-06
56476386.036960989237 6914 1.8539529325732884146 0.2393251150577719033 0.29036481629132121496 3.9887270806252197453 4.3784504310227836399 0.090207743301666157287 0.070691055603036456745 0.053786997697503308169 4.41745e-09 5.93254e-06
56476386.036960989237 6451 1.2335973334222056774 0.51044463221093505645 0.021809975100137254933 5.1392657649155664146 6.0392572187839563824 0.8550590874834206323 0.50760630273826246039 0.25948592318160335068 2.57122e-09 4.95332e-06
56476386.036960989237 6702 2.100167492125903923 0.19814090619552349182 0.15918940990321320261 4.135222209481725919 0.86507396934596381133 5.6611037110506252645 5.7688477370635702357 5.8663247871814974133 3.70623e-09 5.59535e-06
56476386.036960989237 5195 2.7401323520434472947 0.043052464477446171498 0.075869215633677503097 0.92055439636625768784 5.0560425497896055447 5.526981822753914031 5.5560786734968496958 5.5846961109181760818 2.26107e-09 4.74557e-06
56476386.036960989237 6935 3.4617738346685564821 0.10596990628511414323 0.46491475528116849025 2.033076364431491978 0.067749751901195504056 3.8849199271765435526 3.9597295202187248186 4.0370741458045342753 2.603e-09 4.97365e-06
56476386.036960989237 6667 1.8727032933337444121 0.41950654263159042889 0.15408994509441087395 3.9859758024744254001 1.5583571838214571592 2.9011188784122063922 2.7681289102236057431 2.6150750529441078029 1.85586e-09 4.44323e-06
56476386.036960989237 6816 3.1220081364137137747 0.14922413073683735152 0.17625128640788895185 2.204354674882074594 6.223814677226388703 0.79476648395227211807 0.69310105876592587038 0.59775791210984341451 1.76213e-09 4.36713e-06
56476386.036960989237 5762 1.3995553540432628115 0.11234475113416166059 0.50030945738937582234 0.90483590460891727414 2.1075846805975411158 4.5257034056363512065 4.6375005896041150422 4.749530458032815261 4.50081e-09 5.96963e-06
56476386.036960989237 6595 3.0570901870465090333 0.069249110554622919644 0.21606310941878273391 5.508189724999275505 4.1269673900445997816 3.7872799001133508057 3.8301818999819623457 3.8741861441760199192 2.5233e-09 4.92235e-06
56476386.036960989237 5950 1.3265354092438033096 0.13924571993316700591 0.24962089016364738536 3.9776047609591476117 5.4027054287570370761 0.79219421452732541322 0.69731699825332471576 0.60789850749798424179 1.07677e-08 7.98408e-06
56476386.036960989237 5351 2.9616916738921226226 0.16102915931418704254 0.10742308536426473098 3.1432133372854860198 5.4097973005546382552 5.9334527905836358386 5.98505043874031184 6.0323508002712111775 2.44807e-09 4.87295e-06
56476386.036960989237 2768 1.6029162797068077229 0.06260504371151628944 0.026563748089415847864 0.21119508267157699466 2.5032268476041257266 5.1882307822469924119 5.2431334747502793547 5.2971259716916270222 1.05906e-06 3.68544e-05
56476386.036960989237 5194 1.8004512084951422857 0.14507588113933683749 0.14518487591680676041 5.5839221364012496807 0.52725348460602861067 5.1288353211741180004 5.258214822107303732 5.3822110134818670346 4.75382e-09 6.07945e-06
56476386.036960989237 6928 3.2257509960281476324 0.14723667389519978776 0.25748286588563246147 0.16618900060259045315 0.033136547704185753682 6.2447999804245934996 6.2500899802504710223 6.2549619366191517855 2.08658e-09 4.62021e-06
56476386.036960989237 5888 1.0471856401432062533 0.24686453238469391325 0.53767152392364991886 0.67239529343004822426 5.1540809963623317458 5.0597595657444811579 5.2849208364978776942 5.4924183774849639761 2.79797e-09 5.09485e-06
56476386.036960989237 5072 3.1065539975688860608 0.07658594135228362354 0.2369258649227914959 2.1167920859324236282 4.5719872251950164355 1.5862715787803616241 1.5095742707607640032 1.4331318120046714348 2.73643e-09 5.05722e-06
56476386.036960989237 6639 1.0004807253955370072 0.18876557529837717508 0.35899973872352686222 0.16333679609721674097 5.9916242074549010965 1.5426374487641518751 1.353311941600038093 1.168993052301218416 2.07227e-09 4.60963e-06
56476386.036960989237 5312 3.0046832557228975169 0.066437567356885052217 0.1703639579202891885 2.6981686929077923764 3.9650124481159862988 0.16913216010210194162 0.15829201912947835074 0.14781934515243397299 2.46345e-09 4.88312e-06
56476386.036960989237 6126 3.0219683270620665283 0.23531909191760150279 0.15977247999272997658 5.2355028312894651421 0.62622945611543812117 1.5521255825156115016 1.3151427710654639558 1.0874719655365456816 3.04059e-09 5.23805e-06
56476386.036960989237 6734 2.1391454547130570596 0.087172554753535469452 0.31552393573500725488 3.1396932914198516507 5.6291758800388258521 4.1854942748534096353 4.262644252359418573 4.3411482032962975808 1.24231e-08 8.37387e-06
56476386.036960989237 6073 3.2429965985012576546 0.054128749084928956536 0.24129190482138013207 5.0166377803315675976 2.7807287079540392583 2.7036196492660811153 2.6800699943657275703 2.6559658142392330582 2.87152e-09 5.1391e-06
56476386.036960989237 6692 1.9359383351593240086 0.12267663499246163339 0.25974903191920406531 2.2146222904753916083 1.8871567368994461855 3.0338278036457162479 3.0197197407183917761 3.0048057655098001639 1.32225e-08 8.54977e-06
56476386.036960989237 6028 1.3872681910709159236 0.41166535086464584037 0.11495735648742132218 5.5658672012057248679 3.9950021794152434929 2.6113430467363603071 2.3453485760860806053 2.0511172458387183504 2.1303e-09 4.65226e-06
56476386.036960989237 5030 1.1658437465173827619 0.51050951839380764863 0.19017974337083445868 3.9609741668987270558 5.5858143624211828993 3.8339378698386017419 4.2711477499024930182 4.7327618292354172169 2.14686e-09 4.66428e-06
56476386.036960989237 6521 2.9519356855248322091 0.073374832436803108515 0.15327079165313658993 4.4936224924121912494 0.17677904509152803092 4.0119925873491730783 4.0695162653457996882 4.1282437846756181443 2.953e-09 5.18726e-06
56476386.036960989237 2010 2.0566838161591238787 0.49519549726084843844 0.47701189324740522757 4.8680737964665308226 0.48556309542332687368 5.3361965960074408954 5.7044728409950309356 5.9753182894452772089 1.54172e-08 8.99881e-06
56476386.036960989237 5717 3.164914309062854425 0.12286899959370908841 0.22318866070740125962 0.53963650998396428538 3.651790273708701573 1.4084529788773909598 1.2880851879006431915 1.1700937596936389351 2.31886e-09 4.78566e-06
56476386.036960989237 6832 1.5024588143823940367 0.38878658543578842322 0.21508717550582268085 4.9609914981622376118 2.7553066330220490343 2.406043019515671233 2.0892285561466796828 1.7515296528177088931 7.86044e-09 7.18895e-06
56476386.036960989237 6842 3.1889208039773699888 0.074726683170402430356 0.15774056979958339664 2.839881569688807339 1.2477513211428332696 2.7946929267955757936 2.7683251706356180044 2.7410753488220125362 3.94698e-09 5.71398e-06
56476386.036960989237 5372 1.9267565550661349683 0.11957665857734392501 0.21477495976752641882 0.35823631110284820389 0.35421433909518790228 2.5281738112795921758 2.4555572100344109643 2.3798084413159652506 1.39548e-08 8.70479e-06
56476386.036960989237 5131 3.5320583765477575611 0.089466016935595527038 0.25213054767720138871 4.0639812210658039504 0.21518028499369953876 5.3851345410327899899 5.4533161976911372903 5.5193280747049477952 2.25296e-09 4.73989e-06
56476386.036960989237 6291 1.4483190954925269089 0.18694118872427492595 0.26100904747571312958 3.2441085493449350885 1.5601649767740191077 3.7795496424037398064 3.9009307272390905119 4.0296288007688714217 4.97801e-09 6.17355e-06
56476386.036960989237 6119 3.1082762322530967936 0.10956715873897412972 0.17906786690246270788 3.2033831634750469242 5.4064282060117072604 2.4728934039299268477 2.4017205786597175532 2.3278511192757673776 2.96829e-09 5.19619e-06
56476386.036960989237 5525 2.013514748796741749 0.40786307836555929507 0.31093653670900062158 4.5065686343591933039 0.87646292289905836093 2.6727189749976210109 2.4358948281064622954 2.1713690520933908168 2.22151e-09 4.71773e-06
56476386.036960989237 5240 1.6348199196749035877 0.33842310211732168357 0.40066781979105853262 0.52262771166735111361 4.8123286138458603034 4.5250893629492443537 4.8755661331417270432 5.2094936644872635867 1.54708e-09 4.18172e-06
56476386.036960989237 6997 2.9045672561841739956 0.055336505198979250852 0.17582605175086271632 5.4449064452366657818 3.4847164107735495442 2.2366400265146788584 2.1923396523264990776 2.1473521381993303514 2.77488e-09 5.0808e-06
56476386.036960989237 5667 1.8270360927171034326 0.55493093915695890228 0.58269089979324706352 1.1264894726498348998 1.4976544925445576251 2.8078776247613763672 2.5316220630969676897 2.2137335624452463279 3.20823e-09 5.3326e-06
56476386.036960989237 6103 3.3155311254485799743 0.03558062586295629437 0.12924552601567043664 5.9541206564309305804 5.9032675560049918673 3.6818522751575324392 3.7004424581798711635 3.7193077094194917365 3.07621e-09 5.25842e-06
56476386.036960989237 6333 1.5016138506347227466 0.24562665207386613631 0.3286988087508247447 3.9168469826059784111 5.6915870943112691904 4.0019180989387042047 4.2070345778659605784 4.421958624722297948 1.94245e-09 4.51128e-06
56476386.036960989237 5252 3.155387317538541847 0.20014901388456843301 0.15402395317833939004 3.9243311896143384665 4.3607643138238776359 4.1504928379023739993 4.3308499997671283666 4.5166068377922607979 2.42859e-09 4.85999e-06
56476386.036960989237 5316 3.4109076159463489475 0.11416096563576419443 0.31746785285764811402 0.30298529882630698129 1.8786524008973213284 3.0309073578379801539 3.0174924996736227634 3.0033614432539077477 2.96988e-09 5.19713e-06
56476386.036960989237 6874 3.2905880389801280828 0.092257815878303645052 0.2535700488907015604 0.63475106161034133834 3.9229186766626304994 3.1476175710156852894 3.1482015988305191989 3.1488113212450734579 2.61974e-09 4.98428e-06
56476386.036960989237 5053 3.0331118065104978321 0.16248995056318857322 0.23847999549239110029 0.65851969183882030912 4.4596064378896151936 2.7310250140007399366 2.6604728697153405825 2.5852770494448815697 1.90259e-09 4.48021e-06
56476386.036960989237 3953 0.94692684395832837918 0.19262429868536884436 0.55091124263931812166 3.93073865224309138 1.6410379352948794018 1.84462802568234574 1.6529619871800995679 1.4609875449352618393 1.87457e-09 4.45811e-06
56476386.036960989237 6204 1.4726253101699775527 0.15222904309299956083 0.39767317410053681925 6.1750423583655624782 2.4300834479419313183 4.7321444363451368176 4.8847081028654253387 5.0346825976413827064 2.26769e-09 4.75019e-06
56476386.036960989237 4189 1.1141338259816544465 0.016471422175597941889 0.064412101627159851214 0.48424453913447085274 3.1797751783198400233 5.3429671549614639048 5.356207315536943625 5.3693813175128797255 2.43199e-06 4.86225e-05
56476386.036960989237 5324 2.0024397518206638047 0.13143902812294658289 0.31502262324145319239 0.25777409703389148055 5.7813434269574726088 4.6745671306969187597 4.8066222314553836981 4.9374781082159877599 4.64884e-09 6.03437e-06
56476386.036960989237 5185 3.540681913634559308 0.048515771577412415694 0.24825790300437342029 0.41863643163976577144 1.930152227097892581 2.6592591561299174785 2.6362481543979883192 2.6127612371742205966 2.64564e-09 5.00066e-06
56476386.036960989237 5451 3.292497431708304223 0.054759194007331882248 0.063556525204276778651 0.10230419306645613386 4.4348673372593028219 4.7026375422000317172 4.7574361703589875816 4.8121398137323865285 2.58702e-09 4.96345e-06
56476386.036960989237 6192 3.212989378251009942 0.1969840645576569349 0.31574319135614731247 5.869194089937992409 0.6977371019684217579 0.54940799438780441033 0.45372463505430044028 0.36738329964060056909 2.79503e-09 5.09306e-06
56476386.036960989237 5992 1.7650985960491678561 0.21821000750811556101 0.22477674092843857867 0.58340361412558150445 2.726806482142929422 3.9518673429118353901 4.1246369759699419433 4.3062290040463961915 8.41385e-09 7.35386e-06
56476386.036960989237 5853 3.1428744688569936194 0.15311700382767057249 0.17044246651414593496 0.59204630618050968494 4.238532483309628951 1.6073632683822645095 1.4533118981368684519 1.30125038511630442 2.34516e-09 4.80368e-06
56476386.036960989237 5360 1.4424364105340223841 0.47255141815264667393 0.23264236985087077825 5.7695577223598331074 3.2138086781107988443 2.5701774915754582729 2.2290538027391870735 1.855237560264560992 3.7029e-08 1.20512e-05
56476386.036960989237 6233 3.1557972540093088831 0.11362417369262933775 0.22552709770411211165 1.9840711955493575136 2.8924258499446846571 6.030632686716616675 6.0576254982086412681 6.0830377748155317619 2.38928e-09 4.83362e-06
56476386.036960989237 5650 1.7035293657195926809 0.099922237763293120238 0.37919633269955921318 5.8128968016093329751 1.0155100946676711704 3.7550439008374851824 3.8151572419741404119 3.8774863395057903581 1.14639e-08 8.15256e-06
56476386.036960989237 6255 3.2194643774873319408 0.11192978062561055597 0.19888570361631330297 0.28961179353583937912 0.74824342699658175082 3.4838993626445269314 3.5236874096496215714 3.5654221050710974694 2.45838e-09 4.87977e-06
56476386.036960989237 6952 3.2281977159935344446 0.1185222253008409582 0.13281703541020453696 1.3568604812866853493 4.9097973504025933522 3.9297888091904216168 4.017762808135067587 4.1088226091522743744 2.57429e-09 4.95529e-06
56476386.036960989237 6140 1.8685811054075973647 0.3735986510582398612 0.30278918772733637299 4.5383341959767058427 0.24271264477451395813 2.5368321550375498852 2.2761191873101642713 1.9916603197745039733 1.67728e-09 4.29587e-06
56476386.036960989237 6956 3.499045360178106634 0.15441334608289630781 0.39751275249036716053 6.2562717682050026369 4.9118852055723927208 4.7060241492944694386 4.8611310450110565284 5.0138394020206771273 2.20649e-09 4.70707e-06
56476386.036960989237 2850 1.6813552740870476576 0.20656272505870715284 0.34907394982376344084 2.4256202249416762839 2.0500581193372497957 2.7614052935870070371 2.6756486250839301988 2.5828469343499333988 2.86233e-09 5.13362e-06
56476386.036960989237 1284 2.4241634713885664709 0.31611462166146020447 0.3970535783036368005 0.015031114434106334146 4.1958605504830792654 6.267840207177417966 6.2721236901352703796 6.2756203577128388815 3.64405e-09 5.56389e-06
56476386.036960989237 6722 1.4656108095820026271 0.22170877618292050837 0.4886030527798472245 1.0213953102723436484 1.7949794697849286162 2.0682474035290541181 1.8605382508872032599 1.6480708195108273451 1.78527e-09 4.38616e-06
56476386.036960989237 6089 1.6334827655418278081 0.26034789793052581786 0.25801123348631110899 3.5569871712480845005 1.836818788407122538 1.745236354499019038 1.4797722186343442718 1.2205021179407351539 5.81535e-09 6.50193e-06
56476386.036960989237 5211 3.1864970103365606313 0.081397208112680100034 0.26616252235509740842 0.056621611919585063122 2.3425700633588095734 3.2560063482120802369 3.2657072523909782547 3.2757839167644409173 2.07199e-09 4.60942e-06
56476386.036960989237 6295 3.2558853279468311648 0.026331102023325007183 0.25026305757838129828 3.1433051314647939556 5.7524348595399041884 2.8375647159456689472 2.8295804448359618277 2.8214974729211155235 2.30061e-09 4.77307e-06
56476386.036960989237 6211 1.8685053625247749487 0.38709957326177468762 0.41921720222725639138 4.7434547378169256149 4.0168842331888772179 3.637479102521236296 3.8693512075238674086 4.1268489506061385441 2.33777e-09 4.79863e-06
56476386.036960989237 6969 2.1787978679806663251 0.030731758507847244805 0.21135119392158246976 0.39713593605372776718 3.2515311796415713452 5.8209026689546483624 5.8344257978590468028 5.8477587160778794484 2.41679e-08 1.04535e-05
56476386.036960989237 5578 2.880062079659523544 0.058847251460271414458 0.20727749862662300795 0.63007374997572385134 5.8971099970518014999 0.88799113423920228438 0.84313859468608287617 0.79919533096149553142 3.04211e-09 5.23892e-06
56476386.036960989237 5640 1.3502106454467006635 0.22116654146354747246 0.38225471712141606551 1.0150166962955200489 1.5493725214620126529 2.2286370920306266541 2.0389782751705141095 1.8416114243327796895 5.24602e-09 6.28242e-06
56476386.036960989237 6886 2.7194866231273402413 0.019914157047482696633 0.63015614106900086355 4.9621293219164703814 0.41231731658216336234 2.9165933426802879147 2.9121063926828711921 2.9075763743448397314 2.88448e-09 5.14682e-06
56476386.036960989237 5290 3.1936905439777412141 0.01983387664005606052 0.12713408321321165162 5.6075214321490420843 0.66175607935495417422 1.2724776058956790425 1.2535735574302948603 1.234729284525948545 2.68653e-09 5.02629e-06
56476386.036960989237 5080 3.1929002485446349446 0.18776067294915804728 0.25943146744522960212 1.6355409289099231973 2.3947602552914588614 2.7950451962378877191 2.7244356306790113997 2.648361968587458648 2.57476e-09 4.95559e-06
56476386.036960989237 1410 1.8390211241063805225 0.07264423073966033706 0.30536716333239222188 2.9968404638307450938 5.8214591148668430876 3.0734942720116866788 3.0683582471394656999 3.0630429442352586911 1.96181e-08 9.75145e-06
56476386.036960989237 6186 3.2428395462946828509 0.0283890474472593482 0.19157044626467428783 4.513845918255793066 3.1466813123037442601 3.463803001604183418 3.4729172785023241232 3.4821521190997923867 3.14704e-09 5.29848e-06
56476386.036960989237 6417 1.9742415603925922429 0.19650137650388663224 0.94143270925889244172 0.38435928498173838053 4.1468784228865924746 5.6894651185915625646 5.7919540009059353736 5.8846460490072374228 1.63097e-09 4.25597e-06
56476386.036960989237 6572 3.0005239206710347943 0.1753757979392184807 0.16136685501850558944 4.2931600690360536277 4.3340043077925782811 1.9015925633120487337 1.7299125826291696928 1.5567521853680796884 1.66053e-09 4.28153e-06
56476386.036960989237 6029 1.6969594637131386605 0.2918146199374812011 0.52683820943458392616 3.2919328601533006662 6.2481824067871016837 2.6575050802703206188 2.4978970409917118367 2.3227628650983662695 1.2969e-08 8.49478e-06
56476386.036960989237 5063 3.4718148656428104992 0.10516129765743779945 0.43931857006757463191 0.53669944880095810102 3.3203962421108639269 0.16875417363880010346 0.15191828429717729732 0.13600374133965309476 2.23728e-09 4.72886e-06
56476386.036960989237 5643 3.2902128450388823389 0.096015881375159373157 0.056570893407389861995 3.5851782816286221767 6.015373604936256946 3.7916871224832848775 3.8522379569924174447 3.9148713256207083866 2.47115e-09 4.88821e-06
56476386.036960989237 6335 3.1049609864524847502 0.086384832296121358275 0.24972307613659519565 2.4790923610017872036 4.784794784536626544 1.1922337759451091532 1.1131221452109367753 1.0356278138969383651 2.80706e-09 5.10036e-06
56476386.036960989237 6290 2.0353804844666516516 0.35851738851477116254 0.28162041255934500139 5.5871877144225194911 5.3747419781201370981 2.6943772766594120682 2.5024004653841371848 2.2885278837688138864 4.66797e-09 6.04263e-06
56476386.036960989237 5878 3.2323987955491970681 0.076499741573374885339 0.070196635835812315474 0.2960473715633893943 3.0282404168898242602 2.6888805677389164828 2.6541779761424990625 2.6183498421554252111 1.44428e-09 4.08696e-06
56476386.036960989237 5257 3.2193575284287665461 0.13314020260624989667 0.20200485985832705715 5.5076393783728105902 1.6148489325523718296 5.8075648846269301018 5.8653489766517878934 5.9193751243135039886 2.20895e-09 4.70882e-06
56476386.036960989237 6327 2.9968072813549126998 0.16506640635480362977 0.16683872550112477384 0.76584012675735191333 6.0739079174458607824 1.1153724692240210015 0.97161841853132813185 0.8353066587560133982 2.25041e-09 4.7381e-06
56476386.036960989237 5405 3.1700552879575112364 0.047739493460623234899 0.097917501322598882174 0.2081691167114758656 4.0463106814506870634 1.7864862245562276311 1.7395951676549994414 1.6925341826874085172 2.93677e-09 5.17774e-06
56476386.036960989237 5231 3.1499944989673940299 0.04838994152358914308 0.24872420748665893808 5.6466300934822255542 0.80501285445985593103 3.6131669058820192753 3.6356467130744354321 3.6585931769297852512 1.89135e-09 4.47137e-06
56476386.036960989237 6129 1.1489212394145260632 0.1649101483029225268 0.74823833277217033366 3.3639395151542932361 4.6987391437998144994 5.966870666347052321 6.0147356036889405573 6.05847587440165114 7.14833e-09 6.96495e-06
56476386.036960989237 5034 2.8681932425494611749 0.23658465162966671458 0.17258024348017353411 1.8522108821702960579 5.8212615288604059316 2.1102030117873460391 1.8916367868117331952 1.6671248838156171868 2.20492e-09 4.70595e-06
56476386.036960989237 5534 3.2333988630115100271 0.14352261018794298941 0.12254775995108432851 2.1883871500674025867 1.0587634256079629935 0.55760253356798228364 0.48569604189542264772 0.41869624043491210363 2.18919e-09 4.69474e-06
56476386.036960989237 4112 2.0739196728509083911 0.32368549809936347783 0.83527931479473893628 0.39787720495084805128 1.821860330989916843 4.983678395509171466 5.2881049381016778099 5.559613215838958844 1.99037e-08 9.79854e-06
56476386.036960989237 5288 3.0523000168942457933 0.27614538799697657678 0.2882733415137113675 0.23903902746494515297 5.5856936598026027951 1.7674768113849874673 1.4853569734485423393 1.2102188869880812216 2.94866e-09 5.18471e-06
56476386.036960989237 5938 2.2913151061481520365 0.4062419739176669764 0.51891207287350704647 5.5963839888890269947 2.023992561290740344 0.15678766400445975915 0.10200014482327561527 0.060635218793869474774 1.88863e-09 4.46923e-06
56476386.036960989237 5446 1.1224458882806285231 0.085952992630104085858 0.24099779084487879532 5.2104355443943015658 3.1323605618989782684 3.6839411002505233483 3.7300815448144621911 3.7777944589930885222 5.46354e-08 1.37196e-05
56476386.036960989237 5914 3.1905499845092935018 0.093876591190796110364 0.09798007593367502599 0.84266075030163789528 1.5643605577630093073 0.58129604898851228167 0.53159816174138807554 0.48401102867281420306 2.63408e-09 4.99337e-06
56476386.036960989237 6154 3.1576322585018186118 0.15308657843998879633 0.24291107341568263234 0.59555998782077923526 1.9064373929817641784 1.8445615675482938123 1.6934385609162372344 1.5415018367478232619 2.04677e-09 4.59064e-06
56476386.036960989237 5511 3.2255066861577561532 0.13135686695932882739 0.19641602179410494466 1.4417402697749155394 1.7026041876415993759 1.443535755323327896 1.3139423378593242386 1.1868947678637824517 2.90982e-09 5.16185e-06
56476386.036960989237 5957 3.2495237962233338713 0.056342233330338831188 0.10446333509381529325 5.4863121750748868877 2.2177444181293823888 0.41528920569512128846 0.39311262813342473521 0.37152986422682782175 3.45473e-09 5.46581e-06
56476386.036960989237 5962 2.9099240024256745052 0.22019811633373484461 0.20910326499349063401 1.9844563280737825828 5.2849674994718061072 1.0730358462751772297 0.88758549462082458881 0.71681089720508506247 2.88829e-09 5.14909e-06
56476386.036960989237 5160 3.0521165917746255758 0.097346448518823347484 0.19830508725880038878 1.3207193400385641713 2.450093238524457373 4.8408250085019250974 4.9369244484344623203 5.0318272715450760302 2.48083e-09 4.89458e-06
56476386.036960989237 6827 3.0936226583276167368 0.085139760657924890008 0.19372044115792017016 2.1379368441645523191 2.6437000546478097718 3.9861024202918233783 4.0517077646033348159 4.1189319386237563947 3.04652e-09 5.24145e-06
56476386.036960989237 5481 2.1465975047299830081 0.25646274935444940413 0.50996541062251765641 0.37331502402133664997 5.5280216089862630469 5.8052305845646072768 5.9126465588209438096 6.0055162518764788615 2.0621e-09 4.60207e-06
56476386.036960989237 5196 3.5389481169168730545 0.13984578485454418617 0.18240585025910491246 6.0385444161068839719 1.0302751204883029423 1.4569168826224814239 1.3186177947710202574 1.183195171903703713 3.02458e-09 5.22884e-06
56476386.036960989237 6960 2.9509981518391521504 0.14430157569786031257 0.090254889170554269961 5.8236428187873050533 4.7953307306201153892 4.4527230714339385287 4.5953389136627453837 4.7386530998556342098 2.28045e-09 4.75909e-06
