55293634.496919922531 0 5.3967759755939246347 0.043877567264502502498 0.019478618387891489389 1.1461004382308248584 0.9060469404757808265 1.1765173802315860296 1.1363311473187076572 1.0965300126496018152 0.000954966 0.000356051
55293634.496919922531 1 9.062921924075718394 0.069961338279174903332 0.055834071724179042129 0.107994943723062925 3.1514588904261437996 5.4995330439571725734 5.5477710071195209807 5.5947076798882768855 0.000285285 0.000238018
55293634.496919922531 5775 3.0264264187549843044 0.1120401042330083502 0.11466406761160492789 5.341898724790400621 5.2648251189216086487 6.1477638322972349982 6.1621372952329878103 6.1756664309908595456 3.02463e-09 5.22886e-06
55293634.496919922531 6920 2.3992265560310883643 0.16015645173543271995 0.24809105937976960732 5.7956278283073343616 4.4691920618011096167 0.31932216740589991488 0.27232452408380664055 0.22924707946827954652 4.48089e-09 5.96081e-06
55293634.496919922531 5134 3.5403718785485995824 0.054078476988508691892 0.31745250161254567889 5.0951976969615557778 1.8003558496791811638 3.9300877622122425414 3.9692147686236549653 4.0090340766636476388 2.31886e-09 4.78566e-06
55293634.496919922531 5278 3.1870949765061222791 0.015186819524820233118 0.28769835835784612899 5.4079408076783934689 3.4602964776782711986 5.3364413989559409401 5.348711872213725016 5.3609264228332609292 3.13887e-09 5.29389e-06
55293634.496919922531 5176 3.0800771932180923685 0.24731930304711352564 0.1234074955798335621 2.1412452261974861401 5.5645313570946264292 3.0796517594837800047 3.0618722122298569488 3.042176685702807859 2.68297e-09 5.02406e-06
55293634.496919922531 5588 2.81490892486587585 0.1762247292153924505 0.20761364974346718792 2.3960905925765643154 0.53275675183508230948 6.2640715892621265937 6.2671894191091022108 6.2700081699444005778 2.40685e-09 4.84544e-06
55293634.496919922531 5846 2.8105198854832118549 0.11452523147639667722 0.13489092937355659507 3.7577181822172489589 5.6159676559735753898 2.582220786296284043 2.5181477337404194472 2.4512838433029853213 2.37403e-09 4.82332e-06
55293634.496919922531 6171 2.0816056137611598231 0.65410059117205865409 0.25461507624224355428 5.2903210379474110425 3.9253576076709668641 3.3444999042472423056 3.5796915985298842777 3.8571733099473672901 2.39216e-09 4.83556e-06
55293634.496919922531 5548 3.1724007073461635287 0.068797149412339872465 0.28840095115909902823 4.3619931009083625639 4.3577293130898082651 5.0876646653658683661 5.1509299316540682057 5.2132169558601644255 2.11518e-09 4.64123e-06
55293634.496919922531 6443 3.2024512433538894207 0.15548873793810411015 0.29969481511622564351 1.6297336091260379298 2.8779554175384474135 3.6293210949124348197 3.7080332254412979864 3.791473450176457316 1.88164e-09 4.46371e-06
55293634.496919922531 5990 3.0993151459230237066 0.080978071622955588582 0.19775245516976483473 2.4436712550458201676 0.84523981679308257675 3.948587900143763374 4.0088398526151483026 4.0705897592031909937 2.30118e-09 4.77347e-06
55293634.496919922531 6883 2.3398966828013687547 0.24950388984516744251 0.33380669410372737493 5.4457303226642803651 5.1551723271939238202 3.5832947001219204175 3.7055391209041661504 3.838905366603278857 1.23696e-08 8.36184e-06
55293634.496919922531 5098 3.1927487624527746135 0.072174582635815803799 0.090746055887186788391 5.8842042414611945844 2.1655525892617415451 4.4100479995226251617 4.4797609706978249733 4.5499914520111941485 1.90652e-09 4.4833e-06
55293634.496919922531 6793 1.4751235827534923128 0.50484526104099036736 0.36602275623810098804 4.2554082300650151183 2.7721305736078667437 3.2275034309379684316 3.2911747108822941854 3.3664092101642344446 2.0508e-09 4.59365e-06
55293634.496919922531 5467 2.9550233271590626849 0.16230873251684518888 0.13628596723648392364 4.2791957525931838546 2.7125513364428504026 1.2408835651978400438 1.0905725035424280733 0.94662226121344628105 2.43648e-09 4.86524e-06
55293634.496919922531 6282 2.8210534215547347081 0.11259938857500255416 0.050176121276211231581 1.9820754223602916611 5.4019773755898450318 2.8699097755679283672 2.8378556113959811924 2.8041784553363235943 2.68214e-09 5.02355e-06
55293634.496919922531 5694 3.0987722478958397154 0.12830991452818957255 0.30310529550940057408 3.6333141818641108145 4.7278057141579807876 2.0525392161571769378 1.9349832396393489287 1.8150886998089030833 1.21025e-09 3.85309e-06
55293634.496919922531 6392 2.9672471887378062405 0.2076165412795641374 0.21202836153611120951 2.2446365880630514411 0.35347865211327722523 3.7500111968803029328 3.881103383341026003 4.0210216765497843738 2.75286e-09 5.06732e-06
55293634.496919922531 6484 3.109789559261924019 0.12220535134400518917 0.20478944121337425144 4.9024274242579002347 1.3908678596680899009 1.2840067396464085459 1.1684867765976587606 1.0560384035100913724 1.88476e-09 4.46618e-06
55293634.496919922531 923 1.5289504754829570388 0.089633687030061401368 0.23361363470447354951 1.0098326327608844188 5.696929078572377847 4.5105831681047199311 4.5993158966360523365 4.688377187171099969 2.53731e-09 4.93145e-06
55293634.496919922531 6739 3.1409200130177428179 0.05876240455668406415 0.24494917522221720807 2.3102765463996846051 5.9161460484282475392 2.4618775319262020673 2.4240484371671398023 2.3854100164361349279 1.84353e-09 4.43337e-06
55293634.496919922531 5885 3.5023834137784835008 0.034605695193999856663 0.29519237256392011348 1.2484153072582655497 6.1013034545634097228 3.9221194625032631542 3.9467792211359067345 3.9717285411536820128 2.25928e-09 4.74432e-06
55293634.496919922531 5642 2.9006061854685660784 0.17511019485496948089 0.14932557978294569434 0.90623812190547481382 2.6504544956055702265 5.626983563712403047 5.727531969268857992 5.8199023273639287623 2.80041e-09 5.09633e-06
55293634.496919922531 6764 3.2648949339934367764 0.032885528909341807391 0.27564109995799279673 0.51365585006239244947 1.0358066075332461597 2.2291407971668557586 2.2028581313067947534 2.1763257218698726092 2.4069e-09 4.84547e-06
55293634.496919922531 6362 3.0098569843285449821 0.053826721509624628204 0.26811468624104134451 3.3995592017151623487 1.1326676304419431851 3.3793398738089575062 3.3923668103276414243 3.4057241252380583418 2.92709e-09 5.17204e-06
55293634.496919922531 6775 1.7985015815581240073 0.23725529308163947895 0.27871276921969134754 1.9689460733125505598 4.7492998474707510681 1.8349241868647889753 1.5961835395270735916 1.359004699111215686 6.39874e-09 6.71246e-06
55293634.496919922531 6055 3.2255192333075832778 0.035981203944513935611 0.05586899607164606818 0.53395931108230088036 4.8968903157882275323 5.3973672454416323774 5.4249257615109245378 5.4521529500343417496 3.0525e-09 5.24488e-06
55293634.496919922531 6498 3.1964896568807361632 0.083463738932240419399 0.15520321825045674258 2.1699221036860243395 5.5761025634506573567 5.9039967265732649082 5.9337870254733635633 5.9623593765213795947 2.50157e-09 4.90818e-06
55293634.496919922531 6313 3.2583495101627004686 0.05791488310388669819 0.3669891079343696183 2.4887154962156836646 4.3406939629450622675 2.3606016575840156335 2.3189447485604808286 2.2764960511242842145 2.33149e-09 4.79433e-06
55293634.496919922531 6300 3.2462147142178263692 0.098605356864253812521 0.20744685827025849401 6.2281483116044187298 1.872437461909099321 1.3572473464972236723 1.2617204705249494001 1.1677875204884087257 3.26125e-09 5.36181e-06
55293634.496919922531 5323 2.8281893022593562748 0.17151739252995837348 0.13543131226372689957 3.1322453665873943862 4.7767343183629691339 3.8941388111589199106 4.0200294934900995258 4.1520536288344116471 2.25995e-09 4.74478e-06
55293634.496919922531 4755 1.8848466160252081991 0.050518969322975143532 0.039598886384916903713 6.0722966719600863783 2.6652215482428363025 3.9235112152195519286 3.9597782800315082241 3.99665242042312574 2.45943e-07 2.26531e-05
55293634.496919922531 3800 1.4337416312435942167 0.37015825800822887981 0.22639838564233633056 4.7525177726166418779 0.025262791516169270239 3.401339307744755569 3.5222054487912983767 3.6597153479341311133 1.79108e-08 9.45995e-06
55293634.496919922531 6104 3.3151127947277392316 0.087731080326342886222 0.15158739911803312261 3.2428509517211665525 4.5429734770423495505 3.7034632618871343723 3.7520935416888425706 3.8023878347061490501 1.75259e-09 4.35923e-06
55293634.496919922531 6197 1.7857509522024281878 0.074161852347047155232 0.41393022059339196206 2.0800151640001534048 4.7534616709847750116 0.48483199674439586557 0.45132453707739095261 0.41897826465323473322 8.02678e-09 7.23931e-06
55293634.496919922531 6815 2.072899517183981466 0.21275745348403304891 0.23050348911097248705 0.37076346403820992226 4.9615678572589647644 4.9650730787603825078 5.1673084274715810338 5.3584276873781337969 3.57143e-09 5.52668e-06
55293634.496919922531 6425 2.378345540837497385 0.2464998825961050577 0.43860982543475773854 3.1540820158584934596 4.8644818872481279115 4.3313404912710593564 4.5738973865604402036 4.81803712085880953 5.02719e-09 6.19382e-06
55293634.496919922531 5489 3.2097175840660203683 0.10081616652912708809 0.32817523734136128111 1.2871139833851992229 5.5371539659554773749 3.0957427146625691172 3.0908638221688140568 3.0857517290998446313 1.80848e-09 4.40509e-06
55293634.496919922531 6756 3.2168589019719213695 0.073041385675102765695 0.32975914751485152498 2.2290644230242673274 0.085389803691786614337 3.4277841340376715706 3.4491812079839072602 3.4712953092928695575 2.22448e-09 4.71983e-06
55293634.496919922531 5116 2.7229259786402972843 0.16668623079356900685 0.053547646025594926311 3.3663678025086154477 2.7286094015411519464 2.9903449710769294256 2.9627665215156500089 2.9331172835908025931 2.56354e-09 4.94838e-06
55293634.496919922531 6951 2.9799912181783141385 0.037737309552239139965 0.084127499890496296175 1.6871489949465166003 0.62423872050322903871 4.6622809990575655448 4.7000155718594864851 4.7377499926341668512 2.54062e-09 4.9336e-06
55293634.496919922531 5559 2.0514061592661394506 0.15167981383364212422 0.075875486851945436739 0.27440366010859895685 0.25311765769584182451 6.1853336597391264107 6.1991864409464456642 6.2119123956918436136 5.44342e-09 6.36025e-06
55293634.496919922531 5923 3.0077765696782621241 0.047979640867790454561 0.15095490761411137215 6.06057979960320381 1.163328221371258353 6.2249017492660767559 6.2276327562567752594 6.230296776973036188 2.22479e-09 4.72005e-06
55293634.496919922531 5234 3.0258245708351689807 0.25628190549219098671 0.074866218855546229349 5.254976149439394284 2.0317218411420840951 0.63956095925275979752 0.49896081705561851072 0.37632651389079663229 2.35138e-09 4.80793e-06
55293634.496919922531 6863 3.1593780794951658031 0.14090837370722877897 0.048628837141830409674 5.4754415366421067546 1.429418568391773281 5.2102128578339224063 5.3304246025522132868 5.4452674998609840173 2.72515e-09 5.05026e-06
55293634.496919922531 5146 2.7643623810834649923 0.084474347510900396618 0.064816462916449685272 6.0895955777669614761 0.6491558659966920608 3.0225442624293665794 3.0120528141349072193 3.0011405994377535755 2.55901e-09 4.94547e-06
55293634.496919922531 5492 1.8204462029586812033 0.23787255342383742396 0.38239558344799462475 4.1148629964880223397 5.211471234281249032 3.8628756842679430328 4.0376755199737823787 4.2234268612319505465 4.51271e-09 5.97488e-06
55293634.496919922531 5047 1.4413871849261499225 0.12616936899986955223 0.25195538165728370572 4.0704425777131110209 1.0921930240520474342 3.8337438366278706603 3.9186805847781522871 4.0071513299627268267 1.0218e-08 7.84583e-06
55293634.496919922531 6657 2.356397545367411972 0.18859067355216843631 0.35638257455598248979 0.29055400989789303967 1.2660598913004150745 0.0027142676846019890557 0.0022426246904173347679 0.0018196869440450995185 9.52311e-09 7.66378e-06
55293634.496919922531 1444 1.8871442996747451737 0.54799791443068335273 0.69268773942034733704 2.6907248807578865168 4.8871645704076778216 0.15496903403872377969 0.08385823498857948588 0.037957937981299136321 1.72307e-08 9.33865e-06
55293634.496919922531 6628 3.2512582781701140355 0.10157642240572695158 0.17781552193556701691 5.7216597776948425746 4.3502860638298992413 5.5352371372023752016 5.6019847332494494552 5.6659500580060297992 2.5094e-09 4.9133e-06
55293634.496919922531 519 1.4901579500204735762 0.18701334614951131696 0.15876806068592669297 0.81473839722572216626 5.6509682400502505573 2.3269165729125211861 2.1804160365096727503 2.0270901871462481125 3.92741e-08 1.229e-05
55293634.496919922531 2992 1.7481575994743401292 0.16314411898968456116 0.16674736314478263988 0.42709950287250608714 5.2881624870347048173 3.8494728291325865932 3.9632522277682400436 4.0827189168977158218 2.26492e-08 1.02298e-05
55293634.496919922531 4502 1.8565753273824106007 0.51249159470115068782 0.32016712684992021387 5.7341515358680004155 3.6552047144835952963 2.2123469116816973923 1.6950828622947826663 1.1865444403430558395 4.58456e-09 6.00643e-06
55293634.496919922531 5626 1.4487023172941750904 0.1761900720048905078 0.20089114361687754329 3.4048231908289356973 2.7033790736250602471 0.47625923559307142829 0.40083678481661871862 0.33208936813367667673 7.93289e-09 7.21097e-06
55293634.496919922531 753 1.4940765011243604121 0.34163075199569276075 0.13181751691647483615 4.9208750172228370445 5.9073267758566316843 0.476061469117880387 0.33671545638035166315 0.22384448901072143134 1.27811e-08 8.45356e-06
55293634.496919922531 6244 3.1700850610947268748 0.14929956387655810013 0.28326746943306041482 5.135967868986933027 1.7376727760704679948 3.0207677786682598509 3.001214529313226187 2.9803249032000875829 3.08558e-09 5.26376e-06
55293634.496919922531 5020 1.7742896526709066585 0.44329189102582411408 0.58221099214993932147 0.16411100941533987574 3.1103833677460768214 0.42187755652973785159 0.26441824394520618835 0.14856489434833533569 4.40916e-09 5.92883e-06
55293634.496919922531 6390 3.2306799753596084912 0.12962995988656544899 0.28983261598931586711 4.9306686123429104285 2.6442019699805254795 3.0770533397815835741 3.0680743309892082316 3.0585527364717601806 2.74624e-09 5.06325e-06
55293634.496919922531 6914 1.8320932907310403248 0.22822315770138174029 0.33813093762534141007 1.9795597440755348106 5.926947781942790705 2.7164040802783757655 2.609873000153012601 2.4941601341093972977 4.41745e-09 5.93254e-06
55293634.496919922531 6451 1.1594811380437719528 0.47344762147704333444 0.15678175933573998413 1.5672123057525320089 2.6001969436923793033 0.086432018418343622979 0.051689444734336613407 0.027228096098928639829 2.57122e-09 4.95332e-06
55293634.496919922531 6702 2.1117501609674982355 0.19252882904296578226 0.23821743080595075837 5.2141229331989755735 5.7716014911010873334 4.432850153006686611 4.6242132635614145997 4.8159941257232379286 3.70623e-09 5.59535e-06
55293634.496919922531 5195 2.7401844590227049103 0.15188853826628362365 0.12839100628350064159 3.6223210774385328214 4.7002884235261825907 5.9214599692973219902 5.9719094224690456585 6.0184288499582869747 2.26107e-09 4.74557e-06
55293634.496919922531 6935 3.4910835730468599003 0.14634205899431523834 0.431640426411108169 0.18298940410048858407 1.4087003876011019443 2.8243441430859799191 2.7750059173652883437 2.7225523791329271361 2.603e-09 4.97365e-06
55293634.496919922531 6667 1.8394930811297176554 0.41529062482967976644 0.12850106061165508797 3.0456019828757847634 0.21081985037622943957 1.9121783500330991057 1.4771587184938479442 1.0636873982255714566 1.85586e-09 4.44323e-06
55293634.496919922531 6816 3.1193076987786039211 0.075539809687128950388 0.15173054125051468888 0.56348336373522744935 3.9704383733648032084 2.6703012615122041495 2.6347601679304260003 2.5980923608254875568 1.76213e-09 4.36713e-06
55293634.496919922531 5291 2.1301715254326634152 0.60710351511934712576 0.65939091621217649219 4.7909321660750467942 3.7859003643485529267 3.3153153480739336878 3.490252999121806976 3.6976632765585000229 2.6037e-09 4.97409e-06
55293634.496919922531 6595 3.0530858945304393259 0.024833118183545083157 0.25359193892634657175 2.4576007821614846982 2.9232300331048803876 0.037377773681356092628 0.03646101684828614159 0.035555776710820205522 2.5233e-09 4.92235e-06
55293634.496919922531 5950 1.3269211058779635248 0.099595171954326044972 0.32720607244967048199 1.2616085793146838423 0.64362295193084340106 4.745598056100265083 4.8451389832407176783 4.9438578820689400573 1.07677e-08 7.98408e-06
55293634.496919922531 5351 2.9715495626842147736 0.16812257185404097526 0.12434269530263659942 2.2788256250941945069 4.9288566235034156904 1.8891512036026480992 1.7243283824526351999 1.5581834216883494459 2.44807e-09 4.87295e-06
55293634.496919922531 2768 1.6099505536978102604 0.03448861911384140666 0.0431938690637766326 0.77607990836836615589 1.7322947904573477995 6.0852897802883365586 6.0919596488682010715 6.0985146370194733834 1.05906e-06 3.68544e-05
55293634.496919922531 5194 1.8870191856511202566 0.31313553200742511029 0.14136460414769069782 5.0708514709315206659 0.84448398785052636306 3.9295063787197501703 4.1849006659146361642 4.4554729652865718847 4.75382e-09 6.07945e-06
55293634.496919922531 5310 3.4784192004151424094 0.046938807982238754668 0.36921780157205269512 0.60941628621320154124 0.021328498276555238333 4.0741181541715754122 4.1123673194541723319 4.15110701530062709 2.51895e-09 4.91953e-06
55293634.496919922531 5888 1.0331596831204370446 0.21677690429875462463 0.49034908925152176362 0.18646342870118834401 0.3091464201455558225 3.9914809554829009386 4.1686834162319525987 4.3542005778509214053 2.79797e-09 5.09485e-06
55293634.496919922531 5072 3.1110480794675381411 0.092517788259769570547 0.2330244112542666779 1.095700522551933398 5.317983101043320282 2.0047616809480408584 1.9190196049193937178 1.8320546913933795086 2.73643e-09 5.05722e-06
55293634.496919922531 6639 0.97231755584069090581 0.15725405403054637521 0.26420232541783056357 4.8770197055932618113 0.39674081597418348055 4.7922722119662868323 4.9486966786444819277 5.1015804886430196063 2.07227e-09 4.60963e-06
55293634.496919922531 5312 3.0085241512990363866 0.035087017710752246846 0.13206412532827208062 5.4851421252762557756 0.23830750373616374493 3.6562907934361170703 3.6738360389321864652 3.6916415662746016046 2.46345e-09 4.88312e-06
55293634.496919922531 6126 3.0318438325263517008 0.2782207294720353552 0.14888015332590304185 4.6799609308773986172 3.9806645367634372334 3.9112314664319076662 4.130270883059343312 4.362668660174265689 3.04059e-09 5.23805e-06
55293634.496919922531 6734 2.1202052145871688182 0.1113286074630836231 0.30216400967667783606 2.9824738120036462519 0.41134182537585844974 0.45594953771625640337 0.40913310020924120725 0.36484500748196091457 1.24231e-08 8.37387e-06
55293634.496919922531 6073 3.2540404716905255711 0.011928370370046528781 0.26232687565554124731 0.92936299561618884724 3.0538429956131949439 1.0701134522926594173 1.0596788277353543783 1.049274921883378564 2.87152e-09 5.1391e-06
55293634.496919922531 6692 1.86656546315527061 0.13404295019826140134 0.3040016337757863174 0.04210386341525450965 2.0690455901362008184 4.0420102841049505571 4.1520154901160672978 4.2655574636799924448 1.32225e-08 8.54977e-06
55293634.496919922531 6028 1.5242075500353124973 0.52120439149436892379 0.026274128837726416774 1.7894540590130691982 1.2674704941974885841 3.1672517265641642048 3.1873233485072725024 3.211150080704223253 2.1303e-09 4.65226e-06
55293634.496919922531 5030 1.2118177053070562366 0.47593031294515797391 0.31645192403358896049 0.18971540240879888883 0.82970759963153195571 4.7630288649291721015 5.2524193096140727732 5.6606214492163937635 2.14686e-09 4.66428e-06
55293634.496919922531 6521 2.9544007338742499513 0.12205435432503958237 0.17325924041901777373 1.5498181041988507989 5.8469778466080315482 1.4518137090440583759 1.3311921356922888915 1.2126246321661215966 2.953e-09 5.18726e-06
55293634.496919922531 2010 1.778539227442550219 0.5688751429730373177 0.18591408847857632258 0.0028207597336331203391 2.1682814696348104988 4.0573906457145803017 4.6507049971343326078 5.2184982227847838132 1.54172e-08 8.99881e-06
55293634.496919922531 5717 3.1666338486568710309 0.17293183571701670198 0.22264260106791214366 0.59620925439676830671 1.4269614487459099106 1.3796734645163979405 1.2117823509087493061 1.0498760058083433933 2.31886e-09 4.78566e-06
55293634.496919922531 6832 1.4204791526537627888 0.28834910719040246496 0.31801137161716896973 0.62442225335716683432 2.6211995497298863356 2.5127465794193271087 2.3166518581824129264 2.1048572454013996236 7.86044e-09 7.18895e-06
55293634.496919922531 6842 3.186801413527776905 0.050854788102034781394 0.16476557785472623063 1.9247968141622016081 1.8642027133385326021 3.9815421632679557362 4.0200835196697273233 4.0592303381841983168 3.94698e-09 5.71398e-06
55293634.496919922531 5372 1.842021749226328442 0.36831835957193564957 0.1010191761209111444 3.7000836975092177283 2.7363019972148285852 1.9993457196453023883 1.6265945088763258397 1.2588493685847155223 1.39548e-08 8.70479e-06
55293634.496919922531 5131 3.5313212942777512104 0.076190086119016398047 0.24127327775889498285 5.2032365721529396652 4.8844942445249515117 1.4401403092841429388 1.3648993445144195213 1.2903185458101313898 2.25296e-09 4.73989e-06
55293634.496919922531 6291 1.4530626403756539133 0.18319722872912291844 0.35121189091875759658 0.085652478158044692558 3.2632967939630863619 0.27015419637607823722 0.22488407008667485321 0.18403230582202906307 4.97801e-09 6.17355e-06
55293634.496919922531 6119 3.1070758483109002235 0.077168855268419780935 0.1759134929097824207 2.7896117732710217219 4.0663773635737179291 5.0503031597292675769 5.1222633700810309421 5.1930403973635526071 2.96829e-09 5.19619e-06
55293634.496919922531 5525 1.925731572238415179 0.35288416195263955233 0.34124196667978129449 5.4230167620268501238 0.66051388473466277063 2.418810002417546734 2.1412266597387819012 1.8442151144489677961 2.22151e-09 4.71773e-06
55293634.496919922531 5240 1.5458087095723374027 0.35024929012949723717 0.426080783891338577 4.1330004293081934463 5.4852888627146754175 3.4444529316341467862 3.5746553157385778654 3.7216383753040811477 1.54708e-09 4.18172e-06
55293634.496919922531 6997 2.9110545933862850276 0.016064698073763702263 0.21126236574012152714 3.2693091179553426251 4.4858580956607054802 2.7185198667349452784 2.7118752050323466918 2.705182427612543794 2.77488e-09 5.0808e-06
55293634.496919922531 5667 2.0705049310617176239 0.2337990065743221213 0.81819501459487897765 6.0100717342514951014 6.0207399413480118255 1.8866423203026021493 1.6537289829877859226 1.4207335300768959563 3.20823e-09 5.3326e-06
55293634.496919922531 6103 3.3007364997511658977 0.094985788442852700508 0.11811745175522038453 5.6347123869436464005 2.6992421115777998075 2.206193438404132845 2.1273855084764501377 2.0467366888857037033 3.07621e-09 5.25842e-06
55293634.496919922531 6333 1.3610066956508084512 0.17992230214647828013 0.35552404391190223221 0.22173587476926001627 0.90718227026635556154 1.9290830718186751103 1.7540671001816443564 1.5771579809184439469 1.94245e-09 4.51128e-06
55293634.496919922531 5252 3.1461331514214045946 0.20759459697263951683 0.19522635943690827554 0.96011733649293751203 0.30849505311700420318 2.656636362536505036 2.5488875814996818647 2.432923840640385027 2.42859e-09 4.85999e-06
55293634.496919922531 5316 3.3562790338273247315 0.21615752178250735582 0.14151015657740165232 2.9059762485595790338 4.3798897915114229917 0.085578156970953445093 0.068718967079143877807 0.053876533623372795112 2.96988e-09 5.19713e-06
55293634.496919922531 6874 3.3118390695141339819 0.093056326152485047132 0.23416438808198272725 4.5748091853638204185 3.3536213808067345532 1.4343388521306179584 1.3425938869094535821 1.2519500809065364777 2.61974e-09 4.98428e-06
55293634.496919922531 5053 3.032787832761017377 0.2140346834115386121 0.26407057863452848556 2.6923343152395959876 5.6775116509296639222 2.7604519567595171559 2.6709619013842686996 2.5739081837034571976 1.90259e-09 4.48021e-06
55293634.496919922531 3953 0.94698353549124048012 0.075149679241858113876 0.31926356886618639797 3.3599398071287684964 4.8057375993661404223 3.9278781515968708149 3.9825803238573982412 4.0385895293332909617 1.87457e-09 4.45811e-06
55293634.496919922531 6204 1.455228816131914904 0.21377994041433748262 0.34647778912619042746 0.12834484313129088107 2.2798168520472317233 1.0826953931226670491 0.9013895196167164281 0.73374545114922817834 2.26769e-09 4.75019e-06
55293634.496919922531 4189 1.1137430821895166755 0.028548746840910101813 0.039289814336243115978 1.5661806146064989331 1.7465384375108359283 4.7462063581564706283 4.7747288948385158136 4.803222185645772413 2.43199e-06 4.86225e-05
55293634.496919922531 5324 1.978615538923663042 0.22189384120158545111 0.31476432553435212958 0.57149261459629918658 1.6838215659809527835 2.4089630783112379042 2.2453517262192832504 2.0720560304024941978 4.64884e-09 6.03437e-06
55293634.496919922531 5185 3.5484055621631962474 0.026387543932140950648 0.2545485693701109442 2.3064631360337282118 5.3450819978667993837 4.4769665422257105547 4.5027084949751881027 4.5285180849552890692 2.64564e-09 5.00066e-06
55293634.496919922531 5451 3.2850568572464511341 0.086165889942171627891 0.062965358133361501447 2.7826255138363960029 0.19681160854394505466 1.3047149387806049603 1.2224076576914584269 1.1414182684650664434 2.58702e-09 4.96345e-06
55293634.496919922531 6192 3.2143498607142944046 0.24198837342045209642 0.31432778972051511612 5.9217410852373726371 2.3224717009670352574 0.3293003348284806453 0.25816616669735220624 0.19638461781348820478 2.79503e-09 5.09306e-06
55293634.496919922531 5992 1.7410204996187368387 0.14950968054311342126 0.23707940569822591459 6.0489406223771098325 6.1132634804726633249 4.0925701732543489086 4.2203707907459122595 4.3521458198781681759 8.41385e-09 7.35386e-06
55293634.496919922531 5853 3.1431420958116502717 0.1579597504337875713 0.16636358770629716686 6.2755162678546891897 2.973541918414241092 2.8782911936807167308 2.8334881150342221545 2.7855863503178053264 2.34516e-09 4.80368e-06
55293634.496919922531 5360 1.5012216792191372949 0.39230071388914339314 0.14894287210222723061 3.904707743198510439 2.9163965971439282931 3.7713555083869314544 4.0576882890070180565 4.3688730702736888745 3.7029e-08 1.20512e-05
55293634.496919922531 6233 3.1569765114941183981 0.095592213148670931999 0.20230479040917823119 3.6915319800660957306 0.73443851466395304595 1.8956480568801035158 1.8035029513980878058 1.7104873518181507031 2.38928e-09 4.83362e-06
55293634.496919922531 5650 1.6914636303829937436 0.1085888867335891711 0.39906341012871510143 0.83547406798551249185 0.17155519607325553366 1.7322298333152530425 1.6238919096785342511 1.5154560506764345185 1.14639e-08 8.15256e-06
55293634.496919922531 6255 3.2195742750226665763 0.10096570514304462063 0.17767986839378552277 4.6349377896033381319 5.4974268726922854711 3.9359498654323732403 4.0107850678918595122 4.0879034746570521719 2.45838e-09 4.87977e-06
55293634.496919922531 6952 3.2396374184901759463 0.10391652080798725877 0.10958037722947480685 5.478411216332776057 5.3609933416467621115 1.5669596223035104909 1.4628766928650758228 1.359564724502279276 2.57429e-09 4.95529e-06
55293634.496919922531 6140 1.7947752429267307406 0.34523489231874543437 0.3369704280361557891 0.84001510581211058515 5.8463038268900531236 4.4285116325271705051 4.7845810912592376951 5.1289167437324376664 1.67728e-09 4.29587e-06
55293634.496919922531 6956 3.5055014278128528993 0.08091631525962492133 0.40218083382703273543 3.8160574489472338655 0.17495549389028977605 4.425022084807642031 4.5036103824311402022 4.5827695835990285289 2.20649e-09 4.70707e-06
55293634.496919922531 2850 1.6713613214915774563 0.22602431251760193853 0.31123902089419525074 3.4790724042525087434 4.7144065062651714371 5.8541510945098336194 5.9403720442118812528 6.0163474013516617944 2.86233e-09 5.13362e-06
55293634.496919922531 1284 2.3941931379998591112 0.25042042915638035305 0.31219255203200768634 0.92943860129594058073 4.5480915690279726249 0.47950173580986044097 0.37410938949467598125 0.28259483030555221372 3.64405e-09 5.56389e-06
55293634.496919922531 6722 1.5048679563603208909 0.11291146566299586906 0.49318863498246073851 2.0859783853756059813 3.4371852162772862371 2.2848223677397427878 2.1959789828916798093 2.1044240170243302401 1.78527e-09 4.38616e-06
55293634.496919922531 6089 1.6660678485043103336 0.24102940453306409552 0.2531741599215410754 3.6615358175134686824 1.259639331046271904 2.790117656176137384 2.6950383229359724524 2.5909472883264887955 5.81535e-09 6.50193e-06
55293634.496919922531 5211 3.1819740052599847502 0.060331023543361894657 0.27459027130637930769 3.4048108864593338296 3.1938050679068807902 5.9815981059220906246 5.9990318627102983129 6.0159453601129095901 2.07199e-09 4.60942e-06
55293634.496919922531 6295 3.2514041519729133256 0.012297010671213104774 0.24117161127435648993 3.5714663317140948884 2.8374947414366316067 1.4457162168265407232 1.4335243164142130734 1.4213429839270899091 2.30061e-09 4.77307e-06
55293634.496919922531 6211 1.8532485614808780205 0.29911818018328312219 0.45863713139488532233 4.7663242287836720124 2.8315930757027292231 0.45818779611132071095 0.33926574680255161542 0.23972077733212548978 2.33777e-09 4.79863e-06
55293634.496919922531 6969 2.1827590657331561452 0.03338554432842041203 0.11338030617329762639 2.6659805487375001221 1.2183148189897967661 0.65207680454160554806 0.63207762077915841115 0.61235269802930247796 2.41679e-08 1.04535e-05
55293634.496919922531 5578 2.8785210971231594002 0.055515743194889832779 0.23518197688660449907 3.4450286372374692156 5.2673594278060127394 2.3453264045869528509 2.304834660091326537 2.2636155924732674904 3.04211e-09 5.23892e-06
55293634.496919922531 6286 1.7645319829397549949 0.20291800907577767221 0.90352594593659552036 3.6015808930612354111 0.80403291457523629049 2.4811582101602742689 2.3444985429595521786 2.1993455053915029751 2.66284e-09 5.01147e-06
55293634.496919922531 6886 2.7176677650402458752 0.52780422006219218645 0.75614244988630352484 3.193631188776026697 4.8019011380065457217 4.0042899900155486392 4.5246227399503364808 5.0431500884075912694 2.88448e-09 5.14682e-06
55293634.496919922531 5290 3.1987982162264296804 0.056367332928947404269 0.14442916903040656229 0.25153297853671269246 2.5499114408504026663 6.1817312976338358865 6.1872887631408488573 6.1926859145153487773 2.68653e-09 5.02629e-06
55293634.496919922531 5080 3.2033734685338588477 0.18491364540419572005 0.21723363111836982431 4.3176384949056441087 1.9464622097368857734 2.7529031148550200392 2.6755774525458093649 2.5924902081771361573 2.57476e-09 4.95559e-06
55293634.496919922531 1410 1.8260858408258799912 0.071133457747183562181 0.31397067364365449649 4.4806311154941287356 2.9658989050651878294 2.5459340203470812725 2.5047657454551157663 2.4624664257509607523 1.96181e-08 9.75145e-06
55293634.496919922531 6186 3.2442426373149930718 0.018948335843235918768 0.20912694512888294063 0.90781102036883076778 6.2341592342196996412 2.8359738236628397878 2.8302200976882034844 2.8244149816872545777 3.14704e-09 5.29848e-06
55293634.496919922531 6417 1.9528504202164644887 0.41151903747914470033 0.8685209452928187579 1.6426938286051262494 0.83851212767688854122 2.7234121026734294801 2.5065720632185839456 2.2624614018704045648 1.63097e-09 4.25597e-06
55293634.496919922531 6572 3.0034992360449073168 0.14766343497170869581 0.17534056883413845496 0.51253243717440621907 2.1578532281099955803 3.434411402671060376 3.4805409013540073992 3.5296383088476028789 1.66053e-09 4.28153e-06
55293634.496919922531 6029 1.8103332107049459054 0.39787963520923508298 0.56459582715555745036 0.11223641381670758366 5.5851011938890344766 2.0919042616592786743 1.6957745053054937845 1.3009981770401164436 1.2969e-08 8.49478e-06
55293634.496919922531 5063 3.4870202415435134213 0.096233297533744946439 0.45322438338242182487 1.4693991970734916475 3.9856872978220714288 0.13770529433860173585 0.12506843980792220483 0.11306404432246004721 2.23728e-09 4.72886e-06
55293634.496919922531 5643 3.294881164067574808 0.098057791365058488697 0.08546609682511314976 2.0902441780130978088 5.8606143614725327851 2.2095488179241860038 2.1282965495526320332 2.0450866385973367478 2.47115e-09 4.88821e-06
55293634.496919922531 6335 3.1055768431439250143 0.10546785747015016699 0.25385082453994084473 2.2902910675062591039 5.1989845449426503876 1.2786088099326899936 1.1789308639054907335 1.0814576573878165178 2.80706e-09 5.10036e-06
55293634.496919922531 6290 1.9889079851313675729 0.32699147978452414165 0.30593405344476620744 5.5751674536462596521 0.33502594033221649861 5.6693262369582395621 5.8391954335620273042 5.9796532863082516585 4.66797e-09 6.04263e-06
55293634.496919922531 5878 3.2213119702383279375 0.065883825055941008797 0.077301802846732631247 2.7214599884580570333 0.63432277762836819512 4.7905180736894665827 4.8560800459086026493 4.9212848847337689051 1.44428e-09 4.08696e-06
55293634.496919922531 5257 3.2080286127780017758 0.12025854107143700567 0.19004167423761486599 5.032976199317014121 1.0975152877459961598 5.8958584793556187975 5.9390280181131949178 5.9796036710980331463 2.20895e-09 4.70882e-06
55293634.496919922531 6327 2.9844869362834876014 0.16423990040618341446 0.13891399389862826852 5.4976505689805090782 4.5586428943169696737 2.9441285189919774723 2.9088285476618587211 2.8709436638569609812 2.25041e-09 4.7381e-06
55293634.496919922531 5405 3.1702254288507192292 0.030239718752117721035 0.08327639345785066427 4.5570625958165864589 4.7993553672382986974 1.9849261787504024479 1.9570686513662531869 1.9290569996419824061 2.93677e-09 5.17774e-06
55293634.496919922531 5231 3.1546224954742112523 0.10312335797940944127 0.26886027596928063765 0.6488408155772881214 1.3769749497121908099 3.1370309721320297491 3.1365335861876233459 3.1360118803943111132 1.89135e-09 4.47137e-06
55293634.496919922531 6129 1.3324986607892033152 0.3136011255391120689 0.69206779025373754699 3.4621090044161455523 4.906115781017497568 1.4604842251020238031 1.1488351810472707815 0.86274079196323538721 7.14833e-09 6.96495e-06
55293634.496919922531 5034 2.8686850576605888996 0.25690216220752820631 0.15421362715953274014 2.6124189000244046888 4.6691621336580597657 5.4222531635616011414 5.6043718902609658272 5.7656730320765765541 2.20492e-09 4.70595e-06
55293634.496919922531 5534 3.2257850848940914368 0.16678988527163648992 0.13173756588018026292 1.353375945029496652 0.62886465505986888225 2.8142439559070728805 2.7555881126453822816 2.6927933963992995992 2.18919e-09 4.69474e-06
55293634.496919922531 4112 2.0868302637871694039 0.38572755847972195475 0.71945016142734752318 3.8278427594613306795 1.2846026962026704243 1.8749270809130726967 1.4731116554436041177 1.0892229970682709705 1.99037e-08 9.79854e-06
55293634.496919922531 5288 3.055946154490496891 0.23983257558859016889 0.2893165965515389626 1.0123050879087158727 3.8513508684841455398 0.32920612301020951707 0.25867657357301832022 0.19732706950543993374 2.94866e-09 5.18471e-06
55293634.496919922531 5938 2.2938604016735211211 0.37809505183500163872 0.49354497466713509457 2.0119964067358289128 2.1441349900233990233 5.5046734669860359901 5.7454277996675857665 5.9390923558972650298 1.88863e-09 4.46923e-06
55293634.496919922531 5446 1.1223293483658542957 0.12445591925721090354 0.28699428248615471704 1.0918354463164734458 2.4193350348787201476 3.4494257326460608937 3.4896733288018153551 3.5321245229632194373 5.46354e-08 1.37196e-05
55293634.496919922531 5914 3.1945457258212921481 0.038845272366040031753 0.1006861169737295475 3.1232345495452014106 2.3915546014103821193 5.2796372253738566016 5.3120695593286235692 5.3441369505301432596 2.63408e-09 4.99337e-06
55293634.496919922531 6154 3.1600271534628991965 0.16769139260502402555 0.25336009330653980198 2.9363539331344639116 5.2038064193955655412 6.2731824816444534676 6.2747402637429168237 6.2761564080043399372 2.04677e-09 4.59064e-06
55293634.496919922531 5511 3.2144486489472456903 0.14089750541105136583 0.1713715817807442976 4.0005701898902490399 3.7015256345761811119 3.6773812066568378754 3.7543211283272106549 3.8353515251677094966 2.90982e-09 5.16185e-06
55293634.496919922531 5957 3.2383684419825344847 0.048955133794746745479 0.10291031957126499374 4.0111267857563408512 5.4535259283749200065 2.6019271637624399318 2.5762177190028303642 2.5499908655360390419 3.45473e-09 5.46581e-06
55293634.496919922531 5962 2.9027945038964197977 0.20763500218298852618 0.22199009273704772838 1.6542051171255556241 0.35912469414058251216 0.68166355871407791067 0.5595146594295919984 0.44930720607564927915 2.88829e-09 5.14909e-06
55293634.496919922531 5160 3.0564549264060834055 0.12047001216319683237 0.20466496616284415855 2.9845065474340715106 5.5092081492833511192 0.94847089569533671316 0.8536436604691154395 0.76284780155622333719 2.48083e-09 4.89458e-06
55293634.496919922531 6827 3.0796796044174383766 0.091500959357247890757 0.15536873349161300917 4.5630305990978223818 5.1285226770875320668 4.923146164889206311 5.01190041369058914 5.0993278195515152618 3.04652e-09 5.24145e-06
55293634.496919922531 5481 2.1570081786970090043 0.47161949958987386955 0.31880903116934861119 0.2173163100403136816 1.8470035453167554795 3.238005696586243598 3.3022723380959613237 3.3777263517357298817 2.0621e-09 4.60207e-06
55293634.496919922531 5196 3.5596829653402393134 0.1586093022651168527 0.18388585467556753383 5.7479624362305692387 3.0494098729286651661 3.1115874557145128954 3.106383639516073103 3.1008003161113624202 3.02458e-09 5.22884e-06
55293634.496919922531 6960 2.9536378252260786503 0.18737744320344373872 0.13142131055529529537 1.6970006128138599433 6.0081750167843841481 4.23517214251412355 4.4102754313459762159 4.5891665050554584226 2.28045e-09 4.75909e-06
55293634.496919922531 6928 3.2216138475448881096 0.20577384517089938876 0.22181902901092739877 5.2048207614443953162 1.8084267463756498184 3.9856073798688695931 4.1522016257040537113 4.3265240860197895501 2.08658e-09 4.62021e-06
55293634.496919922531 5929 3.2872370253654015215 0.14026185650659311888 0.17641331017786526791 5.7822587769136353231 1.3636808100656558906 2.1741747333300445177 2.0534179349729355657 1.9291766093003182014 3.18574e-09 5.32011e-06
55293634.496919922531 5640 1.3473203011015797426 0.17100355885711723825 0.30629024889222178363 5.4692373598836336868 4.4426145790426758708 3.7997220062514647232 3.9126755229281524606 4.0318499951157820149 5.24602e-09 6.28242e-06
55293634.496919922531 5762 1.4089363605653100198 0.12174477066517198909 0.45147950982974732748 2.6719246219727503799 5.4379272007483825391 2.6704104196568612117 2.6117622782275282667 2.5502340561776990491 4.50081e-09 5.96963e-06
