88213552.361396297812 0 5.3975781452839735053 0.052947927160878240083 0.012455552291615120883 0.63046987204145865658 2.1908850314551511218 0.31193817673610574337 0.29607711105749529024 0.2806284804012621481 0.000954966 0.000356051
88213552.361396297812 1 9.0365077298118894333 0.033669243606058045504 0.060054197633093497899 0.58368443788555723906 3.5505351209038913396 4.1215750789483891481 4.1498078670606926011 4.1782880485413995686 0.000285285 0.000238018
88213552.361396297812 5775 3.0462928855341830925 0.11913727574731533543 0.066911608255108001586 0.82378375322546448789 0.88438515409016704716 6.1658784011452398843 6.1790873971150173105 6.1914669519829228506 3.02463e-09 5.22886e-06
88213552.361396297812 6920 2.4245818767607603128 0.12715680442132701322 0.4042842343372053393 2.1655940033124871924 3.6715109383130259957 2.4492582719304758498 2.3635993562675072788 2.2743541735319170449 4.48089e-09 5.96081e-06
88213552.361396297812 5134 3.5399645424106789271 0.038509416073444331652 0.34180447359207216662 1.9773468919373071717 1.5810398502044593627 5.1611016915089802382 5.195520761339656346 5.2296225584774402861 2.31886e-09 4.78566e-06
88213552.361396297812 5278 3.2020102777643506542 0.0081687911950579002868 0.28987950688609431804 5.3180684787535152935 2.3980430700492316731 0.30814731776898773852 0.30567933999284796487 0.30322101504825910157 3.13887e-09 5.29389e-06
88213552.361396297812 5451 3.3028725962622025314 0.11979738701235932707 0.056167797895093386773 6.2266976763053074606 3.1812607664622665204 0.72546185173159338788 0.64916182118386756006 0.57674203265248802364 2.58702e-09 4.96345e-06
88213552.361396297812 5063 3.4626500439523004715 0.15209998191478324436 0.42287501097591922994 2.2976401008185529662 1.2062715449128462719 2.2988353200236546492 2.1786513391345838642 2.0537962778956906362 2.23728e-09 4.72886e-06
88213552.361396297812 5878 3.2356797529547698389 0.1391856915719136556 0.075319031639316386117 0.64698186429637549733 1.7596703266226645379 1.7198009528918560829 1.580260183648142025 1.4410807250841655147 1.44428e-09 4.08696e-06
88213552.361396297812 6255 3.1881592838946231083 0.14526784572918147176 0.1869759389346257461 4.6091991606054296682 3.8423522832290708529 1.8459459471803525421 1.7027970987659069024 1.5587930047229017205 2.45838e-09 4.87977e-06
88213552.361396297812 5548 3.1793416594551953125 0.11185907991161898878 0.3091905502129798089 2.2530569493326799702 1.0513670968610961953 3.3584443602999511924 3.3839854092526864271 3.4108345099884687102 2.11518e-09 4.64123e-06
88213552.361396297812 6443 3.2089984212221791537 0.19269963993385599843 0.27348264127372273746 0.62581693362019430449 3.8536535387703776401 0.86218531841491119483 0.72350548453427987461 0.59593522842399238026 1.88164e-09 4.46371e-06
88213552.361396297812 5990 3.0834708159558048557 0.081714595321630278946 0.16565231006515199197 6.08523604848827393 1.8777641947788896726 0.42750259447471322671 0.39478841126682034934 0.36335992505261788255 2.30118e-09 4.77347e-06
88213552.361396297812 4189 1.1112390905918738682 0.031819905232108813831 0.030081351386293385397 5.6684698191569351522 3.8627332051068203889 2.9049256358020865143 2.8973459029644250684 2.8896510384490312617 2.51666e-06 4.91804e-05
88213552.361396297812 5098 3.120952037259832057 0.10669190273180147177 0.071941527728630702554 4.6780097984046733472 4.2505092190267799168 1.9618247109063726707 1.8609305086640750559 1.7586977409509576553 1.90652e-09 4.4833e-06
88213552.361396297812 5929 3.2450289827795151254 0.12972777034019788989 0.18667073800758737789 1.3456806391816600321 2.8477553263713928366 3.3133521145426705345 3.3371447461053707073 3.3623519071504341937 3.18574e-09 5.32011e-06
88213552.361396297812 5467 2.9468912823876007856 0.19022958559465130701 0.17847104479453715364 5.5619414910923605788 3.2831373995650925401 3.3744221314948692481 3.4232723981633541577 3.4761504372376648142 2.43648e-09 4.86524e-06
88213552.361396297812 6282 2.8411013718344828582 0.11241215379509897354 0.083293934868121449755 4.3522055940168407062 6.0507240757766371786 6.1808921994520646948 6.1917959340057127093 6.2020549158182722849 2.68214e-09 5.02355e-06
88213552.361396297812 5694 3.1178166484302827222 0.18567729245067912669 0.2929822462967575647 4.3889010853094863052 5.3384695187255513105 3.7007620893271133689 3.8085884908101799162 3.9234537483903610955 1.21025e-09 3.85309e-06
88213552.361396297812 6392 2.9669874939475362474 0.21541651666767594464 0.18977728538049584706 2.0122578849626311381 0.10226384636069767164 2.655846544367593598 2.5433451834648050927 2.4220236392182812324 2.75286e-09 5.06732e-06
88213552.361396297812 6484 3.1223953589490420768 0.13354127523979747449 0.24131602169363772226 3.0615500456263120554 0.57285912658774784667 2.1724820254809813491 2.0576600560892166492 1.9396356724933601079 1.88476e-09 4.46618e-06
88213552.361396297812 923 2.0187811819870442598 0.31232857500478367063 0.45668035919988381188 0.50849196978717636775 0.039137889999159396204 3.9580977622912008052 4.2188210137199684269 4.4938725700288237874 2.53731e-09 4.93145e-06
88213552.361396297812 6739 3.2070467574411201106 0.17035352283883370417 0.21234681203675589978 2.6276687601723827115 4.3261075622476257152 2.3079475095293937592 2.1733186169213940531 2.032962850528377885 1.84353e-09 4.43337e-06
88213552.361396297812 5885 3.5272166699729554651 0.068841044466475515007 0.2763616091631511118 1.8326867755499032242 1.5944656838245456765 0.086649997173697312913 0.080883306568895640964 0.075321284456151688103 2.25928e-09 4.74432e-06
88213552.361396297812 5405 3.1684462466920786383 0.076337410334751651386 0.12453041527437830327 6.2428670445204499373 1.8122487883238265205 5.0050922705016445136 5.0774595315560731024 5.1487661978185021994 2.93677e-09 5.17774e-06
88213552.361396297812 6764 3.2856221668010885395 0.034753780314476873103 0.27036062909311270319 3.6304301526957356572 5.9028190112419895996 4.0129404182817243196 4.0398413850319307983 4.0670270814628217693 2.4069e-09 4.84547e-06
88213552.361396297812 6362 3.0029397363834142709 0.12933454787921258577 0.27017340102290526849 2.6227897948693352781 5.8577161002339206419 0.28946929091485235075 0.25457160900826714123 0.22200118023556350555 2.92709e-09 5.17204e-06
88213552.361396297812 6775 1.5970165563550473564 0.10465112336802512294 0.1898833579581438169 1.8703371743516565839 1.2813521587352247888 5.9365184951885305864 5.9704931356111430318 6.0026860578893197484 6.39874e-09 6.71246e-06
88213552.361396297812 6055 3.2516989993545815096 0.10947992964045807907 0.049097134337500132617 3.563952881521954108 4.8995459480662661989 3.5860968846900025397 3.6357688093985185418 3.687695855263342537 3.0525e-09 5.24488e-06
88213552.361396297812 6498 3.2414359862885957497 0.042672347025415759136 0.12662718420934027108 2.912200810517854066 0.95016722787474938716 5.1549972231590306393 5.1932209777246658433 5.2310547251058627793 2.50157e-09 4.90818e-06
88213552.361396297812 6313 3.2482193263568328589 0.1020724855850427687 0.34622873664540060323 2.9234345258829415037 4.7856735510116399368 6.0680206374088232479 6.0888299768113949284 6.1085436486418780433 2.33149e-09 4.79433e-06
88213552.361396297812 6300 3.249021501254539146 0.082957650233646582083 0.20195929747967061862 5.5111030314186990609 2.4383129781305887818 5.5069334318614098223 5.5634632193460422656 5.6181468873844790934 3.26125e-09 5.36181e-06
88213552.361396297812 5323 2.8337377237512266781 0.1864105625365527763 0.16331482781819278705 3.1382655755059674085 6.2039378157659399449 2.8421042599798402861 2.7811630052524036749 2.7154204164222917051 2.25995e-09 4.74478e-06
88213552.361396297812 4755 1.8612122532937573904 0.039100702253761637772 0.058754221473601084269 1.0918661563373877055 0.42462138585138814451 0.0029216102562600004648 0.0028095219050277057092 0.002699667770064611682 2.45943e-07 2.26531e-05
88213552.361396297812 3800 1.8321940883092484587 0.2600408761734465668 0.44596053499291926636 1.9016167181629999305 2.2403032387544978832 3.7430457482552146331 3.9106997451029394952 4.0915565967286902094 2.3176e-08 1.03085e-05
88213552.361396297812 6956 3.495344027074525517 0.27182492201008517929 0.3802615551239616476 3.642681016620325174 4.5723323082776214932 4.5052054390948264029 4.7824829296090394237 5.0536403650749939231 2.20649e-09 4.70707e-06
88213552.361396297812 6197 2.0293456981289890173 0.28347926424796410227 0.42131202024011010776 1.0734712256513794237 4.0864015549141408101 5.7768394030359573321 5.9012732305621131701 6.0069246676807850349 8.02678e-09 7.23931e-06
88213552.361396297812 5080 3.2039478940482073455 0.14209577124762121092 0.22392415317822855769 4.9436765094141117416 2.9733920375740270359 2.4643482302475758772 2.3696468848805176677 2.2705307067382967112 2.57476e-09 4.95559e-06
88213552.361396297812 6233 3.1578465155680972565 0.14832252045869223633 0.18806427535600675482 5.0514808455520547881 2.4867581795241981979 2.9555381914110250285 2.9257688160814918632 2.8940052182175213247 2.38928e-09 4.83362e-06
88213552.361396297812 5489 3.2148175389045379191 0.079736882173280884678 0.33154445274507138297 3.5380799645290434974 1.8264459725918584798 1.6101410273211880231 1.5302557737505440016 1.450584407839106138 1.80848e-09 4.40509e-06
88213552.361396297812 6756 3.1699338545600546091 0.077275106960790540533 0.29339019186415465912 3.0784059376576675682 1.14185623361362798 3.4975139424207895011 3.5254941751061115163 3.5544368587506283141 2.22448e-09 4.71983e-06
88213552.361396297812 5116 2.7549511045182768498 0.16932335302043211023 0.092979505350781962991 4.5584259872205654673 6.2179746687741497269 5.9973809324805218424 6.0418213559121980438 6.082294253474125334 2.56354e-09 4.94838e-06
88213552.361396297812 6951 2.9735419362433841428 0.065430898276339785613 0.0041266214609722217874 2.3597969444259656591 0.15234354323203119774 0.57039095159298880411 0.53597510486148736142 0.50256087669384996719 2.54062e-09 4.9336e-06
88213552.361396297812 6295 3.2626921955952217225 0.062720791190115574021 0.25036168628656796376 3.4688849060499005184 5.9201727405891197975 4.5682287132401242502 4.6306212757820546244 4.6931325094962774713 2.30061e-09 4.77307e-06
88213552.361396297812 5923 3.0082432118667798981 0.060053259347809480329 0.20241011253992535757 4.669068096655991873 5.2224124422880660035 1.8217206919055020098 1.7630746110028032714 1.7041280483894918341 2.22479e-09 4.72005e-06
88213552.361396297812 5234 3.0301756923129521404 0.11061407417765373173 0.083447347323736084657 4.4531384388380104156 1.5381352377994188529 5.75637654631445983 5.8095966043390392386 5.8600457960362657417 2.35138e-09 4.80793e-06
88213552.361396297812 6863 3.1489278914846963175 0.19339793772973465358 0.050970639607759091194 1.8326913014478927177 0.98573297766519896168 3.7322816547347819061 3.8504742476567717091 3.9763734442043512374 2.72515e-09 5.05026e-06
88213552.361396297812 5146 2.7780661497761256484 0.021926757479445120602 0.094006433975779429835 3.4181776073879013289 4.6098398680178682696 2.3288313719390081324 2.3127858905314795379 2.2966231171613671336 2.55901e-09 4.94547e-06
88213552.361396297812 6969 1.7958673280908521441 0.41473611788405984058 0.25497838172402642609 0.95007769120109575312 1.2464310047317006536 3.6346668249399778361 3.8874982249242111543 4.1689535855692625432 2.41679e-08 1.04535e-05
88213552.361396297812 5853 3.1255391316606679908 0.17388582227532006774 0.1675108840227648721 4.7931615624163503853 6.2757778184652677211 3.5142895676047158915 3.5837329878830672669 3.658134376956085454 2.34516e-09 4.80368e-06
88213552.361396297812 6657 2.2473004153132465355 0.22200335656788727778 0.14263815534616597347 2.4249677178199271488 0.46866516150067849544 0.70129518910636567952 0.56791646602885215156 0.44850602223792623846 9.52311e-09 7.66378e-06
88213552.361396297812 5962 2.8352855152328602095 0.17314017365886580357 0.22509144764682542661 3.7168031604044236005 0.5107086574935889578 4.9696943283745591557 5.1343717311267074166 5.2923238165172694636 2.88829e-09 5.14909e-06
88213552.361396297812 6628 3.2335681899761481439 0.13774947235121906552 0.20623697751643854659 2.5036134557038596249 5.0974808851008983623 4.1123894234370084177 4.2311290972498998286 4.3532319419294127627 2.5094e-09 4.9133e-06
88213552.361396297812 5290 3.2216841219284320097 0.067710685119995367431 0.14421150418911207747 1.6216675614943563133 2.0669659894897396413 6.030999702303690313 6.0473764534585159325 6.063195669073717653 2.68653e-09 5.02629e-06
88213552.361396297812 2992 2.2110148385017689421 0.29546321085263099748 0.7842430264383053462 1.4088836060510305792 2.8702275428240264787 4.4021703248687567012 4.70161321812013977 4.9970592749801951982 2.26492e-08 1.02298e-05
88213552.361396297812 6827 3.0930592783924182321 0.15772255431283366267 0.154518793437030455 0.72563739017618611449 0.79867923523915873574 5.7592065506015694965 5.8334769991708848025 5.9020394449960695837 3.04652e-09 5.24145e-06
88213552.361396297812 5324 2.1017341309282482342 0.2331016947987415433 0.17082982228638413091 5.5758384376509191327 2.7056323835771336483 4.1079815318801582436 4.3157166343269466324 4.5307183884745523272 4.64884e-09 6.03437e-06
88213552.361396297812 1410 0.82078622447974602938 0.37056636525510261437 0.02420661077337066952 5.4319312177239362782 5.4698296696376527137 2.6794579754829292995 2.4732919163631366111 2.243669292639478563 1.96181e-08 9.75145e-06
88213552.361396297812 6244 3.1771683173882552254 0.01120005094927834649 0.28656667007847980155 0.97913759266712141471 5.3065239333579725667 2.1780372970014494349 2.16880982050501947 2.1595534751006235652 3.08558e-09 5.26376e-06
88213552.361396297812 6327 3.0079114005882212624 0.11040627378436240758 0.16148695260602471957 0.90212247495669173336 5.2013944593459218169 5.116442188425390114 5.216017399445596503 5.3127153246808838105 2.25041e-09 4.7381e-06
88213552.361396297812 5650 1.7965755095398185937 0.50058883674247967033 0.24782696073802923387 3.2367792537392543473 2.4419192886192826464 3.2478926163796399962 3.3255077941491313354 3.417055519568908295 1.14639e-08 8.15256e-06
88213552.361396297812 4112 1.8850171571205620591 0.3312434528298076053 0.89177847990672276524 0.54132801507911365579 4.2278246303676194628 5.1109514993251208281 5.4035051677572640827 5.6587398549139864556 1.99037e-08 9.79854e-06
88213552.361396297812 5511 3.2225515505626827206 0.054134677306101275374 0.17118217017989934003 2.7539157414391697287 3.0936284641441136323 6.0551072044270179973 6.0670413152506901255 6.0786513056555637746 2.90982e-09 5.16185e-06
88213552.361396297812 6186 3.2432975203647416151 0.031131691794822457381 0.21329302725006166197 2.19362733741677296 0.60605487075209207859 5.0116343798691449507 5.0412516504798023931 5.0707150034854331366 3.14704e-09 5.29848e-06
88213552.361396297812 5195 2.7401236186552067053 0.12322912933661162027 0.04997550797953472651 4.6262759855895261296 4.3149960647079543818 0.15575267385443841706 0.13766923748858042598 0.12075791511074479567 2.26107e-09 4.74557e-06
88213552.361396297812 6935 3.3547159867237792419 0.24345508311049549044 0.36320583692674179854 3.9501933708799397138 6.1326661127534753959 2.7996915830366524425 2.7059676208426881594 2.6032351405474924988 2.603e-09 4.97365e-06
88213552.361396297812 6667 1.4181442755505038189 0.05879339167983860942 0.4296612993315330753 5.7300144352079191989 5.6049006963888565735 5.9096348228801049984 5.9305351703100983585 5.950841588609077526 1.85586e-09 4.44323e-06
88213552.361396297812 6816 3.1378548565786106295 0.1316624462087991887 0.11652178057210904605 4.885334252482327777 0.78393170313155402518 2.4742521970199526926 2.3879804683496628215 2.2978868447459959157 1.76213e-09 4.36713e-06
88213552.361396297812 5762 1.2245583898098437725 0.29704809128722436951 0.37103598378510349587 0.75581499254479722616 4.4921589518563731502 3.1816022748351553417 3.1959340408268772649 3.2120681028361817155 4.50081e-09 5.96963e-06
88213552.361396297812 6595 3.0459228141628047482 0.10247962979453661969 0.22526399186595524871 1.1073338458709702792 1.8603685318350726696 0.94612305814506247881 0.8652521272756548143 0.78723860939472278808 2.5233e-09 4.92235e-06
88213552.361396297812 5950 1.8786403015984787235 0.34887580132150086687 0.23027543230088454163 5.1882001468886933537 1.7572838895647484581 3.765617462727686604 4.0108677856147920693 4.277360516478680097 1.07677e-08 7.98408e-06
88213552.361396297812 5351 2.9803617295834374801 0.19399722759312704179 0.11450053394296300091 3.9491183135692282669 5.4482537858184461044 3.7747452120609970017 3.900399584097942185 4.033880574529479901 2.44807e-09 4.87295e-06
88213552.361396297812 2768 1.5686635862120226204 0.031475178450569595012 0.050483831709651379172 6.0001425156052849985 0.6738235258066166411 1.5856705063308538239 1.5541862400022488089 1.5227154033737697603 1.06163e-06 3.68842e-05
88213552.361396297812 5194 2.1051498794749377019 0.61827982508329981659 0.5385204175442160901 1.5802337054516031323 5.1088905939267661438 2.8698340291622872478 2.5927781107173291097 2.2702362220945917493 4.75382e-09 6.07945e-06
88213552.361396297812 6928 3.2222921977419671791 0.37846685991018941264 0.22356932133331883228 4.1909304222550680663 4.8830601480793465186 3.2306861710155736489 3.2741680009549583019 3.3241965232270498376 2.08658e-09 4.62021e-06
88213552.361396297812 5914 3.2002906204891643505 0.098560335814080732297 0.064470505129236799213 0.38987489652041745769 2.9800566534902590554 1.2019645438952686334 1.111482502935140726 1.0231372645655587572 2.63408e-09 4.99337e-06
88213552.361396297812 5072 3.1288746298180001304 0.13636058893769534284 0.22016085181896175027 2.054030087674192373 0.6229835889554702355 5.2257304401881814471 5.3410606689645074852 5.4513503900341246933 2.73643e-09 5.05722e-06
88213552.361396297812 6154 3.1678794431308157087 0.078893079475037583559 0.22411510923218488922 4.1131032756713175047 3.1752337360469256033 2.989404290263630859 2.9769386613967934174 2.9640072168439837164 2.04677e-09 4.59064e-06
88213552.361396297812 5312 2.9861028184476547942 0.15090318267588812007 0.16032256361392255295 2.0377288162893330004 0.37457289639026947192 1.5478692648690506317 1.3966890736619987923 1.248067308535270481 2.46345e-09 4.88312e-06
88213552.361396297812 6126 3.0301679215807553192 0.24231494339431150498 0.1621776415103566571 3.1747522067746580809 1.2469444520311623315 2.3572128488790955458 2.1674581556536907101 1.9670113850369943531 3.04059e-09 5.23805e-06
88213552.361396297812 6952 3.2804268705997778888 0.10116824237821502031 0.1079464852971184774 4.3655235246539447758 2.1054443091683867628 2.1645337486650251257 2.0780632116605222137 1.9896345305359155464 2.57429e-09 4.95529e-06
88213552.361396297812 6073 3.2047840190027701013 0.043570806061812593357 0.26677188417880093319 5.3876614928380828218 3.1057902169387547886 4.3328161997091827473 4.3736289696627945744 4.4147235361926204789 2.87152e-09 5.1391e-06
88213552.361396297812 5578 2.9059182211498071347 0.13911288419169820507 0.22846529926845515757 0.33546854647073609534 0.24723982350836248845 0.13815179653578293917 0.12014754337861428823 0.10347365555017441763 3.04211e-09 5.23892e-06
88213552.361396297812 5231 3.1590521047858506343 0.15095857646209226433 0.28613876932539450415 3.0628140750486458899 5.6723891452262460433 4.760413672012798969 4.911229975153844407 5.0592140907450184883 1.89135e-09 4.47137e-06
88213552.361396297812 6029 1.9551300118511836246 0.38755242802701284077 0.51147912724948441099 0.25613222146464215134 5.0083326889812154192 3.7558794546861964392 4.0324280638837226576 4.3337877830412141478 1.2969e-08 8.49478e-06
88213552.361396297812 6192 3.2184724994885525184 0.1686139064518592523 0.3148571076457039597 3.3692691438341508814 3.9335090409085422536 0.70978660118971459436 0.60590378334613015365 0.5098772855536891635 2.79503e-09 5.09306e-06
88213552.361396297812 5211 3.1235076391273937091 0.020749607976562084444 0.28011030531120501008 1.842746632259516959 3.5009215823732806605 0.68160049429509128593 0.66863075988714648634 0.65576782547959877601 2.07199e-09 4.60942e-06
88213552.361396297812 5717 3.1252828734012334522 0.12741539749967065176 0.17756932618830403858 2.8873977369772538815 5.8352726223745783329 2.2184970354931321523 2.1124744704663740436 2.0032992649708227795 2.31886e-09 4.78566e-06
88213552.361396297812 5643 3.3335778618750975255 0.023296182170334297362 0.058718961026905200362 0.99453968214238930301 5.0299803163891994018 4.1543216727532445987 4.1742080725405585895 4.1942111651633915415 2.47115e-09 4.88821e-06
88213552.361396297812 6842 3.1973698925918689895 0.015643499959216315698 0.14988943389906134174 1.6274505254607325444 5.2120261262751474973 2.5885036806836581036 2.5802303430069715162 2.5719026833453595415 3.94698e-09 5.71398e-06
88213552.361396297812 6572 2.9507477986999601782 0.095306471753162536054 0.1935350706023741818 3.568829130387519033 3.8773214889526825822 1.5464884667577145638 1.4511757529099458264 1.3565503425071450128 1.66053e-09 4.28153e-06
88213552.361396297812 5131 3.5381237083444472269 0.14853302735980369875 0.25763857833015763044 4.5861524445632539937 4.7469895177423193644 0.75237675449063912136 0.65565954243736412899 0.56510160555006638816 2.25296e-09 4.73989e-06
88213552.361396297812 5534 3.2315823329496753402 0.15216828594122111529 0.10470061608202199666 4.1386835153740904047 3.9274908469686735657 2.9021249745617541116 2.8629107057997158492 2.8210509317203920077 2.18919e-09 4.69474e-06
88213552.361396297812 6119 3.1451258830343813422 0.14032202342670913042 0.19809903490421587602 2.6155473421455082139 0.75301300490733358295 2.3533449641529817775 2.2482105696905154701 2.1388722070284056365 2.96829e-09 5.19619e-06
88213552.361396297812 5257 3.228693138465216883 0.11262705467873927734 0.23276409875903897317 4.7252283514675905707 5.6502135393195862534 1.2084932665975507415 1.1050078796940121517 1.0043792407951388501 2.20895e-09 4.70882e-06
88213552.361396297812 5240 1.5869254906729479693 0.26951315290775174072 0.35915037902362317856 0.37528667557902545271 4.171617641256212039 4.624756341283474903 4.8998745993951606792 5.164664802103592578 1.54708e-09 4.18172e-06
88213552.361396297812 2850 1.7199921682772469911 0.18284922722530883021 0.575691029767374296 1.8641248501964378104 1.0529644564513909177 1.6414137175497804932 1.4567913532209277871 1.2751290975113955817 2.86233e-09 5.13362e-06
88213552.361396297812 5957 3.2234219733936702035 0.024682930337424247025 0.10855010345871392297 1.6737966809607796037 4.3368266661546313046 5.1034008340540282234 5.1261164262420928495 5.1487168246818297845 3.45473e-09 5.46581e-06
88213552.361396297812 6103 3.2787937614993714064 0.098296904893232325828 0.16951451243778473121 2.1180035021905889714 1.1912041344269019838 5.5064643174300522688 5.573162941361517575 5.6372378507933182945 3.07621e-09 5.25842e-06
88213552.361396297812 6335 3.0901693266094567569 0.022577421519440532549 0.2405429469516892349 1.7722517761767395683 5.0205377204788472767 2.3514825454670549298 2.3353126756692881294 2.3190181617901819422 2.80706e-09 5.10036e-06
88213552.361396297812 5252 3.1188004193127700781 0.1590686164176966233 0.18852067995685420354 5.5066186792077260748 3.2398356508053489655 5.4236284383827326749 5.5387541185369908447 5.6465316281741015914 2.42859e-09 4.85999e-06
88213552.361396297812 5034 2.8333725648425547305 0.2173318846925005321 0.1466471393475173024 0.61298152144273376773 0.52012571296534171328 2.5652069246438502503 2.4333433847351511048 2.291967888612301163 2.20492e-09 4.70595e-06
88213552.361396297812 6874 3.2738185613291981291 0.13210808828509626456 0.27514366504460724405 4.6379498465522726036 4.6889202242715199986 0.67685569663455125156 0.59787427613713151064 0.52351238190604054701 2.61974e-09 4.98428e-06
88213552.361396297812 5185 3.5322399723113546699 0.055679956020176370191 0.23955690896167858295 5.1681118459541783849 4.4125602359133617725 2.9543595224518210962 2.9436953181799796475 2.9327481854887742507 2.64564e-09 5.00066e-06
88213552.361396297812 3953 0.97252337585600567849 0.25172997929674262307 0.30588583500660837533 0.90723760711196599349 1.0204692629905900425 2.4255838703925207689 2.2402434081632041085 2.0428455939268839181 1.87457e-09 4.45811e-06
