51843942.505133472383 0 5.398696430658306511 0.021144543624175910629 0.032498060085161921406 1.0104810313587395676 1.052185158693681899 1.0372291382349141386 1.019119573982175897 1.001111888809946171 0.000954966 0.000356051
51843942.505133472383 1 8.9909258374146396875 0.088938205231027064879 0.03718605703585563943 5.7328900191971614575 2.9594664858420101083 4.0736025827336614924 4.1470651374488110008 4.2221659067390255871 0.000285285 0.000238018
51843942.505133472383 5775 3.0309979086168961082 0.15027550242095408239 0.16475696840445722136 0.64850304429580796217 1.0924313962849361292 2.0071491972224637657 1.8658934244827130033 1.7221137448083252419 3.02463e-09 5.22886e-06
51843942.505133472383 6920 2.3552273478987517663 0.12446950961566453919 0.16523672761684443655 2.2955156357124208988 2.2223650380562771645 4.6213100076945377026 4.7462956642596596524 4.8706936317217603971 4.48089e-09 5.96081e-06
51843942.505133472383 5134 3.5378389601119222263 0.073301068166650384939 0.31350675570649988444 3.3039090023204096269 4.3204384318657158559 0.17271688615076813411 0.16054273636091073718 0.1488252683435775936 2.31886e-09 4.78566e-06
51843942.505133472383 5278 3.18451893443475198 0.092622885033604190896 0.27223480245691500379 4.6951236962666849095 1.2238570514383810828 4.4256630157070544485 4.5158189789145355419 4.6066581552907859276 3.13887e-09 5.29389e-06
51843942.505133472383 5740 0.91994447937551815375 0.22829685546265252039 0.30603204180187293382 2.3929196437104565121 5.5834585338944320299 2.1350386394744824692 1.9274064204640031228 1.7134727199733601477 3.09097e-09 5.26682e-06
51843942.505133472383 5588 2.8073850846180707919 0.23966970589579200679 0.22389908880973130589 0.57441944279114853789 5.5364963631582915227 3.6020636120500029165 3.7232057530504789611 3.8548737035025073538 2.40685e-09 4.84544e-06
51843942.505133472383 5846 2.8175949431803193335 0.13024323228222320359 0.18129443937481418136 1.6695454096089401563 5.9056505498771834084 1.3078043776621883776 1.1837722187539425622 1.0631622497077959366 2.37403e-09 4.82332e-06
51843942.505133472383 6171 1.9609234703871485372 0.57158761049801853904 0.29544763541798391149 2.0258518070956763601 4.3571209949957436791 2.7543981791604879028 2.4231728853810365898 2.046956308320522222 2.39216e-09 4.83556e-06
51843942.505133472383 5548 3.1695989541328661865 0.059367495538742862116 0.3341417878104792627 2.2386013249651504076 3.3766328144607196116 2.0228888725665958859 1.9687489857809943317 1.914020683911965115 2.11518e-09 4.64123e-06
51843942.505133472383 6443 3.2155431593138841251 0.22616365184047088066 0.2804611567855491705 0.3638108282185493203 1.2487437075306506706 3.8568845314793955836 4.0210156032965667094 4.1952455405512747433 1.88164e-09 4.46371e-06
51843942.505133472383 5990 3.0964898822742576989 0.06213018836075987622 0.12735533004771351639 4.5347326097922833199 0.36333922511399607824 4.0763078033634974062 4.1272659824247384108 4.1790604511227735784 2.30118e-09 4.77347e-06
51843942.505133472383 6883 2.3275361183107028396 0.27921307011589285851 0.36374314420861919572 5.7441878317552514943 3.2605772790767035829 0.80865089123817701644 0.62158220427637145278 0.45899024766561968836 1.23696e-08 8.36184e-06
51843942.505133472383 5098 3.1872566411547724741 0.045746725469981451562 0.10366944828512708598 6.2189511179372418681 1.6248316447188462242 6.0548141437065501336 6.0649501945332611186 6.074854677852631113 1.90652e-09 4.4833e-06
51843942.505133472383 6793 1.3228427527157404775 0.50432359219963263097 0.40546415241484889957 5.7678092336062052325 4.5258068884966755618 3.5105789848212416437 3.7702397783775301043 4.0668078007188963596 2.0508e-09 4.59365e-06
51843942.505133472383 5467 2.9579981794911018866 0.15461357697993044491 0.19267757970184168359 0.99271103723468312463 5.3745910648762382777 3.5778389405023993675 3.648519517405600876 3.7235833086703316042 2.43648e-09 4.86524e-06
51843942.505133472383 6282 2.8277053974308454798 0.087825191121595494459 0.08882436685558883771 1.4710396858553986821 4.3735537303360416672 3.8730278320780242574 3.9337741953408622564 3.9962958114598485793 2.68214e-09 5.02355e-06
51843942.505133472383 5694 3.1006575572481276382 0.09971918119711595252 0.32093803348518123997 0.020285887754317031423 0.20165088414816195739 2.3489597413760070488 2.2752063601802374748 2.1992209685973138633 1.21025e-09 3.85309e-06
51843942.505133472383 6392 2.9642028815500434114 0.19344359439441899395 0.17800035293658331148 5.9647351769479977079 2.1335178385696962344 4.8091850897449948121 5.0011500808949671537 5.1865846087075588855 2.75286e-09 5.06732e-06
51843942.505133472383 6484 3.112619065123103379 0.12091417490370622023 0.18283317188532943742 4.1857460402767374674 5.2357241557859346415 5.3091953751816651774 5.4061895021463248767 5.4991508925623140414 1.88476e-09 4.46618e-06
51843942.505133472383 923 1.7450767600876915253 0.11764679001763027333 0.1329663675853889615 3.7230033058428220194 5.7769704288966590155 1.9400487541714941386 1.8276711215012300116 1.7138844771330048466 2.53731e-09 4.93145e-06
51843942.505133472383 6739 3.1582768277395265599 0.025762939059649471452 0.26956069959950279546 1.4083762442440757034 1.0277963686435589441 1.4259759860226783879 1.4005271986123037919 1.3751368122752296586 1.84353e-09 4.43337e-06
51843942.505133472383 5885 3.5047955272527206994 0.025266401011946146293 0.26185262925869229322 5.5692139529106894358 4.0441675050843501893 5.7281540581702792281 5.7413291427355339636 5.754359711806304567 2.25928e-09 4.74432e-06
51843942.505133472383 6655 1.3810985153357699939 0.32647075639908934575 0.043945528633009170449 0.23685325222800901468 3.1860387315578764245 0.78746619287028085665 0.57560472997737233136 0.39789292805340853443 6.32791e-09 6.6876e-06
51843942.505133472383 6764 3.266322852717357339 0.019341059502507119972 0.27142302812606039497 2.8813670967712363691 6.0802901925762311564 2.0600960182439456148 2.0429452559377412335 2.0257202435422358988 2.4069e-09 4.84547e-06
51843942.505133472383 6362 3.0122726010661908802 0.12861187037480042994 0.22250403286458067531 3.6410237187799010528 4.1275175613422527832 3.1888050089515820318 3.1953203655069613021 3.202227063018840969 2.92709e-09 5.17204e-06
51843942.505133472383 6809 1.6145788193434578162 0.38453758867864562543 0.475148037765451281 6.1399008297348629526 0.25571312133241180797 0.81238730880693099667 0.55854782669209057655 0.35476010236254906793 1.72631e-09 4.33733e-06
51843942.505133472383 6055 3.2306872773261874343 0.060437672265643296865 0.08703926483890371546 0.90770335356547648953 2.419443747549052226 2.3718790446504596225 2.3288521379123081623 2.284963869672709702 3.0525e-09 5.24488e-06
51843942.505133472383 6498 3.1901875996127939672 0.053786863172228562002 0.15267041264579556126 0.49917259685737325192 0.80867527065711930501 0.97369298795530045965 0.92985130298182505637 0.88673946282604265701 2.50157e-09 4.90818e-06
51843942.505133472383 6313 3.2557619645909978701 0.066096628527453502033 0.38834009754831461114 1.5920883778636760741 1.1973826758635015555 4.8475255672846460087 4.9127771643079718444 4.9775511585672962411 2.33149e-09 4.79433e-06
51843942.505133472383 6300 3.2502940149969159478 0.063134559986652044605 0.23268415020072893973 6.0078073677618846204 3.9648320767587073021 5.8248798525996354769 5.8520681260521127953 5.8784511761410671582 3.26125e-09 5.36181e-06
51843942.505133472383 5323 2.8326594705256495921 0.12206896580074105829 0.14704912173626694116 0.39328214295515184773 3.6442321433940558784 4.0025720036169101235 4.0992957601496868847 4.1991325608525604807 2.25995e-09 4.74478e-06
51843942.505133472383 4755 1.9121736016771795352 0.061978493587563049383 0.029305073508241481078 4.374373319929434345 4.1792409153306557812 1.6655537269357927332 1.603631910939691485 1.5416868261995753109 2.39615e-07 2.24572e-05
51843942.505133472383 3800 1.2908255701476107902 0.2954288179923719726 0.25327928893250795106 1.7669828927032211752 4.9249787035525631751 3.6267852319852638132 3.7890950739949675885 3.9672966254882986448 1.79108e-08 9.45995e-06
51843942.505133472383 6104 3.3265501986747887386 0.035372042194001973581 0.20162577240103574105 1.4128608916350204883 0.28591777543516672111 5.5962515387135898237 5.6183867220189807057 5.640207756902746894 1.75259e-09 4.35923e-06
51843942.505133472383 6197 1.7951539120102018021 0.059552946555901806192 0.29692432808699864566 4.4126071923801291064 4.7585092528294685721 1.6238789920495391161 1.5642804855321301716 1.5047288031672840791 8.02678e-09 7.23931e-06
51843942.505133472383 6815 2.1993555219224623087 0.11450404872429634229 0.25665946410740259065 5.0195311774274742334 5.4899226830644352049 1.1546322451948098919 1.0520306631918565632 0.95259170196744624715 3.57143e-09 5.52668e-06
51843942.505133472383 6425 2.3893948741699571059 0.17160860554609783102 0.46446577180241827021 2.6700862313368309842 4.9610843362682874869 3.2835005633137845926 3.3102396868404699859 3.3390439735460688553 5.02719e-09 6.19382e-06
51843942.505133472383 5489 3.214256632034644845 0.062854094441865862586 0.34679805631830301627 1.8478058900053426772 3.5712420776449156357 3.827646319789078877 3.8684917475813387355 3.9102617953635729897 1.80848e-09 4.40509e-06
51843942.505133472383 6756 3.2158341216756851644 0.048061433762147262594 0.26275710458884776743 4.6552152824553942878 3.0681302325537727071 0.10539876184172579376 0.10045775234816288479 0.095637725385574121062 2.22448e-09 4.71983e-06
51843942.505133472383 5116 2.7179577143362680935 0.19564458232522347059 0.10139780034241958895 1.5285220344814838267 3.9810807908686185463 3.3589984230535043785 3.4061501059824776938 3.4573076706624328303 2.56354e-09 4.94838e-06
51843942.505133472383 6951 2.9833942365234151772 0.045382100743802680776 0.11598221528550103909 1.3232122859219153099 6.1710790707877114514 4.2889253329528349568 4.3307039409388412565 4.3728202686472652516 2.54062e-09 4.9336e-06
51843942.505133472383 5559 1.9745147526629420742 0.27286827598519058924 0.11265104356157945587 4.9648663466080602547 5.9431303809646642833 1.33371165222431598 1.073378596560736975 0.83357714204361732513 5.44342e-09 6.36025e-06
51843942.505133472383 5923 3.0210942952543509143 0.050452223276383205419 0.15049282675131359088 3.1796005227187200681 3.5672403461091164445 3.1711185608672849412 3.172647518232848185 3.1742140533736833419 2.22479e-09 4.72005e-06
51843942.505133472383 5234 3.0316159689579591507 0.22494840995521450666 0.12252329988252766424 2.0966582412838561389 0.42628335738777078934 3.4571994315267464692 3.5364776037110075002 3.6230157059320720059 2.35138e-09 4.80793e-06
51843942.505133472383 6863 3.1575040982419460001 0.1359991622387093646 0.028191966376221979512 4.0744947213635436256 3.3966091091504591049 4.3141443429492030148 4.44333314013944225 4.5744393658418642801 2.72515e-09 5.05026e-06
51843942.505133472383 5146 2.7649639341051566177 0.087794460003232099865 0.15764942114643448745 1.6660339342789409756 5.2600346842538909797 2.2086736909434887544 2.1361377570797772663 2.0620036107596058095 2.55901e-09 4.94547e-06
51843942.505133472383 5492 1.8584906055353662691 0.14577224862137552752 0.40325411894743296015 0.2711573606408857473 0.27753825820096772459 3.6829724193359556494 3.7635119273933868023 3.8484382774919412284 4.51271e-09 5.97488e-06
51843942.505133472383 5047 1.3062605487188316822 0.26892080136772711363 0.16880270576552192097 0.39214912396665785321 0.059697574813589150688 3.5835641518416858631 3.7171071369365207282 3.8634717119790602524 1.0218e-08 7.84583e-06
51843942.505133472383 6657 2.3592610107616303061 0.16193173120387246988 0.14801048380022804873 1.4206828548675960455 6.0748309009974432726 2.3902044780562490267 2.2720173922458255511 2.1482926457365345563 9.52311e-09 7.66378e-06
51843942.505133472383 6413 2.8797929071347736496 0.40926913515956780953 0.16013484328863183959 3.8053868064546190197 5.6420145218143691324 4.7032491261549571604 5.1256869105243652029 5.500496096919494704 2.71272e-09 5.04257e-06
51843942.505133472383 6628 3.2499099292314905796 0.11807054137219134826 0.2254379793352595529 0.50814392342099190536 0.70263756585728853743 3.6098347145808573622 3.6662788955395493318 3.7254253270020329936 2.5094e-09 4.9133e-06
51843942.505133472383 519 1.5319526026623173642 0.1974532692453146443 0.093120597413951150534 4.476765943792264224 4.4735041538323407906 6.1325813737324974539 6.1598143826218709762 6.1841126272716744339 3.92741e-08 1.229e-05
51843942.505133472383 2992 1.7876377713652529255 0.21406505667123404413 0.047601068109276792328 6.0732703813672017645 3.5121265465482265355 1.7555098698830580162 1.5391468111239889893 1.3251889591139547342 2.26492e-08 1.02298e-05
51843942.505133472383 4502 1.5864196415582656474 0.28986217457725427238 0.14139019145697695468 0.44338297026767331532 5.6445834753339241274 3.5249432344655478033 3.6532047564449308119 3.7951165134737698814 4.58456e-09 6.00643e-06
51843942.505133472383 5626 1.4409316177041191498 0.12028375653266695777 0.2099862515527285145 5.7043203314399324455 4.1185811124476687795 5.932556371480454338 5.9717933911689584647 6.0086463986658689151 7.93289e-09 7.21097e-06
51843942.505133472383 753 1.6814598264426585672 0.41704396405798616065 0.090087085076201348088 0.35600606138638318798 2.4429663906059966294 2.8417182141798660311 2.6789554422140144929 2.4928247006413268849 1.27811e-08 8.45356e-06
51843942.505133472383 6244 3.1701708184151620173 0.11630396247161413348 0.35252459165755278825 1.1841557504423214642 4.3130689885558473051 5.6048950319490451477 5.6749089627983932971 5.7413713063057061348 3.08558e-09 5.26376e-06
51843942.505133472383 5020 1.5990502142011404629 0.40546248688914221514 0.4071905120367440567 3.2975053640256164478 4.0707676226599573965 4.1363802604864972068 4.5327447942361356326 4.9316823078196492247 4.40916e-09 5.92883e-06
51843942.505133472383 6390 3.2250354731859101065 0.087270383827495148776 0.34581247034718470834 1.6150985749131137048 3.947032117054571021 1.5323083035565345789 1.4451378458992989451 1.3585555579627333067 2.74624e-09 5.06325e-06
51843942.505133472383 6914 1.8192102547903119536 0.26641288343088032065 0.29452950126154797683 3.4318095246972610823 4.317370853900260208 2.3689939114389186869 2.1600034760181006099 1.9385127256051768452 4.41745e-09 5.93254e-06
51843942.505133472383 6451 1.251550795948848549 0.48878442759382106919 0.065460114136963329368 3.4607010630935728379 0.42462963149586990808 3.9140885332626473847 4.3549736389760926869 4.8128689461719007525 2.57122e-09 4.95332e-06
51843942.505133472383 6702 2.0936444649067160739 0.19506039372055430925 0.24855281009496124622 5.5056083818022454324 5.291597257259977205 4.8458582870862860759 5.0379409341253147403 5.2227556516123190278 3.70623e-09 5.59535e-06
51843942.505133472383 5195 2.747196039383464683 0.069050227186886040109 0.064856056955804694542 6.2145587335198513301 0.045249071020446091085 2.096201054477661696 2.0353564525052099121 1.9736242561729893108 2.26107e-09 4.74557e-06
51843942.505133472383 5437 2.1415443301594310199 0.39067844186637801229 0.56032519372703093463 5.6842502164791515185 1.8820629242910520418 6.2650138675061954885 6.2711569598062633091 6.2758560625024655266 4.54448e-09 5.98887e-06
51843942.505133472383 6667 1.9275784946609508808 0.4015531339393827448 0.17701976985726394775 2.4482164229956784318 5.6950502696969715899 3.0749014282804902898 3.0395821592432361591 2.9986905324115991078 1.85586e-09 4.44323e-06
51843942.505133472383 6816 3.1215160462684630183 0.10125130739830767723 0.19189593405861651854 0.99148910292488623419 5.8860924136771419768 1.3276421934251234624 1.2303824093759068159 1.1349412514492183135 1.76213e-09 4.36713e-06
51843942.505133472383 5291 1.7712633331885745402 0.29766589321629394194 0.68511400992235926832 4.5981860040920992105 0.05960569177908973254 3.2250089456810644428 3.2549232555059872674 3.2885857430458429462 2.6037e-09 4.97409e-06
51843942.505133472383 6595 3.0500917153443070085 0.078209985135484466623 0.26691498668332980237 1.1918299759603001586 4.3433064503652349941 4.7166515823671453234 4.7949277553328197854 4.8728714830766843846 2.5233e-09 4.92235e-06
51843942.505133472383 5950 1.3147458628462107555 0.092735247990143973573 0.19922075182629744861 3.7093324849037725421 1.012739508600243088 3.4301819849827581699 3.4578628263839226165 3.4867057045730946996 1.07677e-08 7.98408e-06
51843942.505133472383 5351 2.9684013027077531532 0.1440218999865715277 0.15991606101577027221 1.2685168342627084481 1.6888846048758550111 3.4199302952355594698 3.4626780546804845073 3.5081308876273764596 2.44807e-09 4.87295e-06
51843942.505133472383 2768 1.5993952879845532156 0.02714689018674040083 0.04927828325889878347 1.3411027768163215068 1.6987375554502579522 1.199180482231082312 1.1740073600301299539 1.1489696019052337839 1.05906e-06 3.68544e-05
51843942.505133472383 5194 1.8877666289222125862 0.30567730152876110283 0.16202108340524182251 4.9283717653601097908 5.4746553491623384247 2.7950511479019253258 2.6704732094212340066 2.5317311540433284911 4.75382e-09 6.07945e-06
51843942.505133472383 5310 3.4679404822556136878 0.10483009234716324232 0.34103712917455286657 5.6261732094311334151 1.402927415992686333 1.4691763919672868877 1.3652472920449794103 1.262623970474710422 2.51895e-09 4.91953e-06
51843942.505133472383 5888 1.2600726300986195838 0.28507774025463228362 0.41191860059739532351 5.8441882761217502917 1.9435763502429439509 4.265736961862499399 4.5440998000276078272 4.8251501800235478967 2.79797e-09 5.09485e-06
51843942.505133472383 5072 3.109738794915544613 0.071511602350916164683 0.23542279627443046808 2.1998306717084252782 3.2265499350214081886 0.27268832246219981696 0.25404730940621128576 0.23607476960714707248 2.73643e-09 5.05722e-06
51843942.505133472383 6639 1.2690731500166831935 0.19597564159808072981 0.27638719275853707025 6.0751542617888709685 3.0689244294360333853 2.1216955646658677281 1.9443348381154512694 1.7618732983098279732 2.07227e-09 4.60963e-06
51843942.505133472383 5312 3.02121906053894973 0.05328653516510100524 0.12051953292388255246 3.4867705390003700394 0.8273456181137371912 2.3096874512733678309 2.2695538463925726269 2.2287554357267431726 2.46345e-09 4.88312e-06
51843942.505133472383 6126 3.0265166295886491987 0.24615707986191306955 0.20355145003417329796 1.3935615415610320689 4.0966350318702584588 4.4013358232799273395 4.6475583669696325373 4.8931983278493094147 3.04059e-09 5.23805e-06
51843942.505133472383 6734 2.1153896973607930754 0.117053719599417419 0.32621603387289110909 5.7341355051106202012 1.9745003459907419785 6.2025516657910522156 6.2114891811506733887 6.2198742913609113003 1.24231e-08 8.37387e-06
51843942.505133472383 6073 3.2561802160610415768 0.044115267219482667826 0.25966781741116917726 0.047243825853578752527 1.3058641346368808911 0.4655799094849491504 0.44614890142243079918 0.42711340154614746423 2.87152e-09 5.1391e-06
51843942.505133472383 6692 1.8518282670157839576 0.11433620036699021494 0.25886890157102293575 5.6779834273839675518 1.3016695363524097839 6.0522839135610908556 6.0771468656089986382 6.1005381939651748269 1.32225e-08 8.54977e-06
51843942.505133472383 6028 1.3333940365457042088 0.48630447761268974505 0.30089091481571766939 1.924122816617187981 1.2748796088164349172 4.6197634258829767262 5.137431109026145748 5.5804648763882047646 2.1303e-09 4.65226e-06
51843942.505133472383 5030 1.2754863471145412301 0.43746033716386745205 0.28935271421913427714 3.3744648284260461146 2.3518669231080981952 3.4113961610708782857 3.5688950635561065283 3.7501861829491374145 2.14686e-09 4.66428e-06
51843942.505133472383 6521 2.9626532983236737451 0.092610400872550319162 0.18886876284031833828 2.3137709479957733194 6.2490438543153521422 1.2755533891561803284 1.1879982515478495486 1.102090700861713124 2.953e-09 5.18726e-06
51843942.505133472383 2010 2.050813251234536061 0.59606062309278640132 0.1574625451887879668 2.8835466921811669927 4.1041605947464727677 5.4613685749696667671 5.8516188239787467751 6.1009475075556318657 1.54172e-08 8.99881e-06
51843942.505133472383 5717 3.1632646413281575448 0.13053975552550711736 0.27564802245825653637 1.3949713041595916962 5.7010399419523993814 1.0299398809466693283 0.92132763197201805738 0.81736508862176482371 2.31886e-09 4.78566e-06
51843942.505133472383 6832 1.4724617017712113842 0.099696414129301344498 0.27433205248088859962 1.487231628096129743 3.7356309603429602717 6.0868773734964580768 6.1054603076651190463 6.1230857231740536406 7.86044e-09 7.18895e-06
51843942.505133472383 6842 3.1824177882065796119 0.064449383482111641253 0.1581119493818818611 2.2870100620512241463 4.907618358364481459 1.2660046377828619857 1.2050707001712226418 1.1448837086743526292 3.94698e-09 5.71398e-06
51843942.505133472383 5372 1.7123222389425685197 0.32896370179049044813 0.1980449533352498237 3.2354412264233083363 6.1611679739490377017 3.7493649098090400251 3.9728258719769216079 4.2158521091784768586 1.39548e-08 8.70479e-06
51843942.505133472383 5131 3.5511559192705015597 0.066268344609243801102 0.29268975574895600422 0.64386234781916262815 5.7026800865401021667 6.070300418719262403 6.0838766541392645948 6.0969972374925420766 2.25296e-09 4.73989e-06
51843942.505133472383 6291 1.3689440597570692315 0.22752875331861258101 0.25317676205166717018 5.6916485889762986616 5.0189485324912279651 0.56427838251348905185 0.45203971082704053064 0.3526548602038874769 4.97801e-09 6.17355e-06
51843942.505133472383 6119 3.1172397159617744045 0.06069576883460782446 0.1993936815460539691 1.5086658661298912865 5.5392928164243224742 0.85860253151839138752 0.81352038113249380835 0.76941216026402758921 2.96829e-09 5.19619e-06
51843942.505133472383 5525 1.8458908235344373416 0.34135883007962658509 0.22096089191577072963 2.0844487806271305708 2.1883720696990169863 3.385019756801092683 3.4872256011274287424 3.6028753309325356469 2.22151e-09 4.71773e-06
51843942.505133472383 5240 1.6456113386678234978 0.29248118128518707515 0.45433635404314681727 5.7186901678740200694 4.6379814227801734461 3.9162482458047320755 4.1493630985334544192 4.3966980335637195765 1.54708e-09 4.18172e-06
51843942.505133472383 6997 2.8945664567512130461 0.026224437255139117914 0.23893442188343463894 2.0718419347475736103 6.1694061892350751108 3.545851442505493889 3.5562940857095304281 3.5668603491151054108 2.77488e-09 5.0808e-06
51843942.505133472383 5667 1.9939747272767629482 0.4627225533479019659 0.65250354902646701127 2.0309291157050992638 2.233269414400297137 4.7251588497207457351 5.2047400564489540997 5.6125022497937226973 3.20823e-09 5.3326e-06
51843942.505133472383 6103 3.3093585869439334779 0.069525716452330313389 0.1457396652565730033 2.2076558139272659531 1.1547659543709838381 4.3755364484960601601 4.4419743962553610572 4.5089735642268413685 3.07621e-09 5.25842e-06
51843942.505133472383 6333 1.2270190341656448396 0.28705470910429103926 0.29522287904116001345 4.1816646162512558504 2.8824561359357310231 6.1134303590476362089 6.1567066564532746398 6.1929162284257248672 1.94245e-09 4.51128e-06
51843942.505133472383 5252 3.1622049646489327479 0.16291607335715369009 0.21665721573518667564 0.90008225490140825187 3.3640689758072679361 2.0240963911346927517 1.8714532818053253305 1.7158452749396524428 2.42859e-09 4.85999e-06
51843942.505133472383 5316 3.4869112630008962661 0.086675106850342784059 0.23595161658951724348 0.069894541543267213468 4.0279357492121441453 3.7034121233305379306 3.7514288236502517648 3.8010705323158195945 2.96988e-09 5.19713e-06
51843942.505133472383 6874 3.2986783892996482948 0.074533273978185168862 0.24678056309195511853 2.8242130392684554607 0.8585508337255182143 0.92355903218885271322 0.86534390672539029943 0.8086003620085864263 2.61974e-09 4.98428e-06
51843942.505133472383 5053 3.0373232062815951338 0.21596002454886920052 0.19199205085492324074 4.3219727121685371785 1.5143292704177349073 4.6777202813689857663 4.896085991991649955 5.108412509936639978 1.90259e-09 4.48021e-06
51843942.505133472383 3953 0.92374123296687649098 0.083452521361148404577 0.57415029730567390676 0.27476270982090861272 1.3010068752957124616 4.2687815039314118692 4.345629795294980724 4.4235322546637272367 1.87457e-09 4.45811e-06
51843942.505133472383 6204 1.5799625256519187477 0.17275882697472319527 0.29478514231290026126 4.3357784189585295564 5.5292064132708569346 1.9353061183013309243 1.7678599915265826859 1.5984447887006887346 2.26769e-09 4.75019e-06
51843942.505133472383 4189 1.111804885767462725 0.056240282648510935004 0.0053515801823793007763 2.4411717432607864531 6.1875526089705452648 0.3720191811118275238 0.35208315046432592244 0.33268846871452761871 2.43052e-06 4.86127e-05
51843942.505133472383 5324 1.9104477002822330967 0.14913719709404835156 0.28373942330477580631 3.2517999379763069534 1.4303067960290032357 2.7267030702440058221 2.6618178832040797488 2.5929792272939842235 4.64884e-09 6.03437e-06
51843942.505133472383 5185 3.542936459407867833 0.037653013155102249554 0.26259526083269801866 0.17452106791014329601 2.7120336347852536107 3.3323015523519541325 3.3395758839425071507 3.3469819439452344056 2.64564e-09 5.00066e-06
51843942.505133472383 5451 3.2748218189849809256 0.042967698697190706558 0.028999587913386769278 5.9092677035670471142 4.9604232145655693387 5.5829049137572770434 5.6101578419392374997 5.6369420203323477025 2.58702e-09 4.96345e-06
51843942.505133472383 6192 3.2018588967488805785 0.24981897214120951656 0.2730882819486878943 4.9147271663386167262 1.9487047210665240371 4.0597320182632632424 4.2773833864270498495 4.5039361393451438076 2.79503e-09 5.09306e-06
51843942.505133472383 5992 1.7349592284570143352 0.14770020295412544797 0.19838506079829554274 3.9702815179161219383 0.57257168685786108409 0.07467160469056599581 0.064356050034411055316 0.054857208446563887616 8.41385e-09 7.35386e-06
51843942.505133472383 5853 3.1533637635209901262 0.15204261700476603969 0.18575451900099818059 1.757517345523805119 4.6481984350328451328 6.1613706961968039977 6.1786425789099350681 6.1945085915888054018 2.34516e-09 4.80368e-06
51843942.505133472383 5360 1.6384649495457133117 0.44044084631647573147 0.22055245144856044925 1.7432318113182363462 2.0192542664059698332 1.5708284290785228254 1.114735493974308822 0.71931020086751296105 3.7029e-08 1.20512e-05
51843942.505133472383 6233 3.1533461001950517932 0.13635718801397070377 0.16900881097435538347 4.898369907057373851 2.0015433616704720876 1.4875116228567597521 1.3519709160376793822 1.2188654234002103127 2.38928e-09 4.83362e-06
51843942.505133472383 5650 1.8132737465742643224 0.14853367500075365104 0.35519961701210478466 2.1222751584027261806 1.2872150051136559412 5.2803710793043858729 5.4012711878205816873 5.5159328053340885845 1.14639e-08 8.15256e-06
51843942.505133472383 6255 3.2318042590589302065 0.12205802696900697191 0.17762536744519591414 3.5154945069666161395 3.6631141766027859319 4.3702194698342511359 4.4879190701085427406 4.60691493416332154 2.45838e-09 4.87977e-06
51843942.505133472383 6952 3.222481314098006866 0.13344784766529696474 0.12662593424437088019 2.4228321808905417534 1.9100710866987316017 3.4385120546218965742 3.4804106345188663418 3.5247650299926287509 2.57429e-09 4.95529e-06
51843942.505133472383 5708 3.1374758583746711338 0.31854927475900285394 0.22129405150113068412 3.4896634459309257004 0.7896170404711885249 4.0947440907857739489 4.3871768735168270581 4.6890287437771851486 1.65544e-09 4.27716e-06
51843942.505133472383 6956 3.4871902448872957869 0.20072133119317076 0.41767393410747483129 0.31124822924309364369 4.9190682241349348303 5.655954640055548488 5.7658302558496670187 5.8651036271043661685 2.20649e-09 4.70707e-06
51843942.505133472383 2850 1.6857966539935278494 0.21057619214043110656 0.37644203401088210947 0.30740919373965847061 4.9457003165360156061 2.7280794370528886894 2.6333296945667323818 2.5308505757828969607 2.86233e-09 5.13362e-06
51843942.505133472383 1284 2.3186848868709328819 0.19633586231774438624 0.26595833889781328452 5.5875287845763663697 0.96439810986565555062 4.2284625205244568136 4.411931446690209313 4.5994716937941957369 3.64405e-09 5.56389e-06
51843942.505133472383 6722 1.5005805981762936341 0.16374154982986774409 0.4847175358633182829 0.091011549768188260146 5.1718562029782066958 2.7230091948894354914 2.6505758173675686429 2.5733679379571623436 1.78527e-09 4.38616e-06
51843942.505133472383 6089 1.7786882969103836594 0.22110897039919916174 0.30596063986673532886 1.8713246356904116308 3.1677772877811158914 4.4882587214644829032 4.7111800818165887605 4.9322888906475306214 5.81535e-09 6.50193e-06
51843942.505133472383 6473 2.323752881450400043 0.50087048735835426605 0.61386349127514994173 2.0584226815564705682 0.38716640483321429489 2.4315548775933897296 1.9989087349833667417 1.5432413023296254195 5.43469e-09 6.35685e-06
51843942.505133472383 6295 3.2711452164653311847 0.018261929993574108066 0.23009936252296853132 5.5233097868748366466 1.3338263113999053733 1.5839368888766527377 1.5656733289689810373 1.547411638618033658 2.30061e-09 4.77307e-06
51843942.505133472383 6211 1.890940191117075786 0.3321315280770514855 0.42066502316724535548 2.8696284107960261522 1.6692688246326261581 2.3545684227105514452 2.0809614479584954694 1.7911222575541572155 2.33777e-09 4.79863e-06
51843942.505133472383 6969 2.1789315908601620819 0.033177999841917271695 0.1348141133490465271 4.5365372440951974298 4.2199751145851225331 2.138143690817371656 2.1099060573512544714 2.0814338239162060162 2.41679e-08 1.04535e-05
51843942.505133472383 5578 2.8843386077788499833 0.078609165134180605805 0.26351362566835995205 0.91237961351107854657 5.0756732062285259133 3.5855748367542608079 3.6206357758104976696 3.6568691154744978888 3.04211e-09 5.23892e-06
51843942.505133472383 6286 1.8493386288391455707 0.42660243384187584992 0.77636254659866754668 1.6203490286028392475 5.1793776911828146581 5.0050270330173542987 5.4026295572273266288 5.7315796465599975207 2.66284e-09 5.01147e-06
51843942.505133472383 6886 2.7130500545835625203 0.37550810233822851103 0.85392358111105703955 1.0118407038650918395 1.7113613843302337703 3.5540582935353959293 3.7436944459652110595 3.9563731887856823377 2.88448e-09 5.14682e-06
51843942.505133472383 5290 3.1858338635742384781 0.062210123498678597531 0.15875340612522184647 0.46233060311498763717 1.0209719762518796315 2.8205850830049521427 2.8003398722255421482 2.7795201411085748155 2.68653e-09 5.02629e-06
51843942.505133472383 5080 3.207038006420829479 0.19931775718491567817 0.21892037369935993252 3.2017484201957828738 4.5441387655099436671 5.488456381753180402 5.6224798150396573249 5.7447959468714993037 2.57476e-09 4.95559e-06
51843942.505133472383 1410 1.8800482946350116631 0.060274154963128864781 0.31477998856200251065 3.9131760995931088587 5.7386356640022855302 0.96585804266913977134 0.91708178753219704582 0.86923433563190011242 1.96181e-08 9.75145e-06
51843942.505133472383 6186 3.2262463747912746292 0.007929540753677938314 0.15249842160164539528 4.3911507309844663993 1.2005936838274562373 4.9134101811471388999 4.9211739830433476328 4.9289313216952308494 3.14704e-09 5.29848e-06
51843942.505133472383 6417 2.0245527386899486721 0.13358792964177107487 0.84703028917465927883 2.0331429576301833784 1.4042525901516100806 6.2180516285356430828 6.2262375753568237613 6.2338409936897924979 1.63097e-09 4.25597e-06
51843942.505133472383 6572 3.0077630478853860652 0.1499583705903581865 0.20754210491493699231 0.9795162596661630694 1.4640407291768156028 3.6528936443760926522 3.7318407019642405587 3.8153026002955630069 1.66053e-09 4.28153e-06
51843942.505133472383 6029 1.8388700213985251786 0.54808942414209749217 0.62673110845258406254 5.2800583854779610249 2.6349734904643309363 1.9925718135533834197 1.3909941341563933914 0.85174041198773031702 1.2969e-08 8.49478e-06
51843942.505133472383 5063 3.5011747582914582999 0.14477517022285027459 0.38464270841157066627 5.0875900018585173967 1.827328730794808509 5.7872130698834789442 5.8522853082948023129 5.9127562611759865163 2.23728e-09 4.72886e-06
51843942.505133472383 5643 3.2904193831737149623 0.078416068699005872511 0.04140350206520022891 4.8658729088703207566 4.83604354320522134 4.7669745854553093878 4.8451870533096865756 4.9229126910160214692 2.47115e-09 4.88821e-06
51843942.505133472383 6335 3.1132346792134542035 0.075284054844733452883 0.18542973871086071425 3.9218487202263485614 3.9687491790491900012 1.8671231289570711098 1.7942477191163959116 1.7208353431459830762 2.80706e-09 5.10036e-06
51843942.505133472383 6290 2.026140942330407313 0.353054337908488447 0.34278495058339852886 3.394395237621618211 0.22286086447946365507 4.155188556339451722 4.4945661705871842173 4.8392779274853268134 4.66797e-09 6.04263e-06
51843942.505133472383 5878 3.2332539094963794746 0.070344705011182062648 0.04757881101375897176 3.1597195321078808128 5.1127834315453126734 4.5054279866088435824 4.5748314682773782991 4.6445116883805726005 1.44428e-09 4.08696e-06
51843942.505133472383 5257 3.1955452772209076429 0.13497833879907070176 0.21504903419423082589 2.6557022436755715056 2.7580281385228069269 3.1603105229411370125 3.1630330469853160658 3.1659268139509690876 2.20895e-09 4.70882e-06
51843942.505133472383 6327 2.9999787732846541211 0.18530438714000746492 0.18504992014555105007 2.0697447027310849066 1.3240638447600685534 3.1210269114136375279 3.1167867711541705766 3.1121906037071451756 2.25041e-09 4.7381e-06
51843942.505133472383 5405 3.1789219969569439961 0.050631836446685937747 0.15894465778597635652 1.4894219771903371985 0.38952383200141921238 4.5607532913814274877 4.6110180580937925043 4.6613899692459686008 2.93677e-09 5.17774e-06
51843942.505133472383 5231 3.1516746678010494342 0.078958757428184575544 0.25437328950562976271 5.6651493347260597488 5.3424007255852874465 2.574944043195991128 2.5310340606586749779 2.4857650136622844173 1.89135e-09 4.47137e-06
51843942.505133472383 6129 1.383594120759923829 0.23515297388621955732 0.6784787202175258658 3.0793385105870783036 3.1949588449719490413 0.93649445851899304483 0.75754745768282805152 0.59596404721243423364 7.14833e-09 6.96495e-06
51843942.505133472383 5034 2.8759683600069627651 0.21065614741433344448 0.20388099481422364279 1.8212189197181154476 3.1194537655750678162 4.1694858521748896507 4.3619260913022399606 4.5597772706650880892 2.20492e-09 4.70595e-06
51843942.505133472383 5227 1.9151989504694020283 0.56098007859610576897 0.50972023984259073881 5.3752462058017700386 2.5899595103505097526 4.2889459723658092116 4.9086825798599260651 5.4588897050093150298 5.94474e-09 6.54979e-06
51843942.505133472383 4112 2.0508903092348669261 0.35758680754370053556 0.81179617757782551735 0.68970500844658966244 1.844502712408655043 2.9380891990094379906 2.846884954241854615 2.7430202315438516614 1.99037e-08 9.79854e-06
51843942.505133472383 5288 3.0824261871324258877 0.2384865331445634451 0.26095680962951628423 2.2647300474281752969 2.3924738541013623738 2.8506726066504421979 2.7722062603742951836 2.6861022998447516841 2.94866e-09 5.18471e-06
51843942.505133472383 5938 1.8780891497986882399 0.33096819312179581729 0.029593159139113370953 0.42256168333148752536 0.60294165745107952681 5.5869758190052918323 5.7795490242457576713 5.9392787424669029051 1.88863e-09 4.46923e-06
51843942.505133472383 5446 1.2404125895862145867 0.2794926894624237268 0.13713569906335548731 2.0684212686856966457 5.0897163366690367781 2.6874339777874634017 2.5441848134651117164 2.3869698466996491781 5.46354e-08 1.37196e-05
51843942.505133472383 5914 3.1890604862208733472 0.065073081017353248678 0.13950202913583426012 0.56066288287680166036 3.8529432460702137675 2.0526294923789643043 1.9940361409829290285 1.9347049080497098483 2.63408e-09 4.99337e-06
51843942.505133472383 6154 3.1391238357899422518 0.11563307827710515852 0.2856032443911284413 1.6391290698897509337 0.65404511339446991247 3.9249485958910859118 4.0102786787597146656 4.0985623360242717794 2.04677e-09 4.59064e-06
51843942.505133472383 5511 3.2192842698734716045 0.12878533043578188622 0.15162998150395459729 5.157620929109383745 1.595095493880780424 1.2885107061295881792 1.1666539498489827409 1.0482435683776323287 2.90982e-09 5.16185e-06
51843942.505133472383 5957 3.2174986912917065141 0.047821302898720934038 0.14252551340904590083 1.5887816599588120425 4.3878015393158422697 4.8925834197869741971 4.9394478116814166668 4.9860416709986434824 3.45473e-09 5.46581e-06
51843942.505133472383 5962 2.890405654365873378 0.21744537634363866885 0.21134391237664801322 0.35167001772821948613 4.8948259068666555294 2.1555379113087211884 1.9607751405575351011 1.7596561905276015825 2.88829e-09 5.14909e-06
51843942.505133472383 5160 3.0492529867414708278 0.084601557788049258635 0.2401785354630641689 1.9151545014772375364 3.7113657649500746416 5.4526283539940783029 5.5134449319141065615 5.5723232868868333156 2.48083e-09 4.89458e-06
51843942.505133472383 6827 3.0893764625531581203 0.11292202515465742108 0.20566687035739286693 1.8700132793870529735 2.3593753287632406312 5.0423513311976808637 5.14749605224939355 5.2498965582139289765 3.04652e-09 5.24145e-06
51843942.505133472383 5481 2.1735949328586130491 0.4435620186547151178 0.56669560403600549581 0.36228456570770295464 0.049850798932219560211 2.5081336477720950207 2.1701221489866222569 1.8038658502800415384 2.0621e-09 4.60207e-06
51843942.505133472383 5196 3.5569805843171073967 0.16464742205816135234 0.14697138526278566428 3.8413819956010475387 4.9656920347516173564 5.1278578432899619699 5.2743605094433529956 5.4136861814469448007 3.02458e-09 5.22884e-06
51843942.505133472383 6960 2.9589926815804412641 0.16852179241414227961 0.14963290596326431214 1.7275894089140420018 4.5199855776682413833 2.4950173011837257775 2.3854387707880446712 2.2698111573334140978 2.28045e-09 4.75909e-06
51843942.505133472383 6928 3.2207593401444674086 0.14343423756729251073 0.27680485072466359808 2.0770671713640731504 3.8091580534885483011 4.7508463028505119041 4.8942747438313265462 5.03534293844377423 2.08658e-09 4.62021e-06
51843942.505133472383 3089 1.9638355505373428223 0.45156948712050215544 0.43681632881274945479 3.185103636830072471 1.3807423265539680024 1.4384223176087431728 0.98755456130497798473 0.6106377774084044141 1.46985e-09 4.11094e-06
51843942.505133472383 5640 1.4383794849514044412 0.1008047234072662196 0.32796282860854575336 0.85487041167472366254 4.2433910322863628295 3.3949846345121916791 3.4216213026214661319 3.4494820328130408882 5.24602e-09 6.28242e-06
51843942.505133472383 5762 1.4460961313932860772 0.077132971450807982783 0.44965312410758606632 3.1926379528974284661 3.1812844543399800834 3.2926866808585719681 3.3047754966455169523 3.3173064870867690068 4.50081e-09 5.96963e-06
51843942.505133472383 1444 1.9231506709988683834 0.43532170948088100282 0.80386377679849319033 1.0890209322219004395 4.5806409500868126017 2.9630538409657023458 2.858101051414447813 2.7363373986985628505 1.72307e-08 9.33865e-06
51843942.505133472383 5176 3.0790124892569661341 0.23023836717898896187 0.066228704765217041861 4.4127366745070251142 2.3227983991425240617 4.6377271074006269913 4.871424145807758066 5.0987570290200174838 2.68297e-09 5.02406e-06
51843942.505133472383 5642 2.9100547397774647607 0.20434116632510665457 0.15731593478979069567 1.9283377499202269956 1.160363882809041236 2.4762299397166285253 2.3376854509528541826 2.19054493871540501 2.80041e-09 5.09633e-06
51843942.505133472383 6140 1.7724737536746071331 0.36593174819534302067 0.27023369293015614412 1.3289808160752647481 1.8981089715218213421 3.3347676238413690442 3.4241122761516864514 3.5261253624316402089 1.67728e-09 4.29587e-06
51843942.505133472383 5534 3.2506888221249874427 0.13346644124815418286 0.13417405451720015863 0.22852359167104818738 2.0962921956083393482 3.6043275916661943192 3.667971736305122743 3.7350260612997834286 2.18919e-09 4.69474e-06
51843942.505133472383 5929 3.281905883425500825 0.12569753263584187986 0.22534405867748782959 1.5297115598141506343 4.4012523916376018462 3.5609489234285436332 3.6154622492685102308 3.6728221682131025894 3.18574e-09 5.32011e-06
51843942.505133472383 6935 3.4863257843419486193 0.052836749970664495524 0.45621837395931580383 0.50044333698682552658 0.80040637903681910448 5.0886687600155742217 5.1373605600716505393 5.1854975049550242616 2.603e-09 4.97365e-06
51843942.505133472383 6775 1.815725760859474569 0.21856199501402207019 0.34935308483085558695 0.31105445062038350468 6.1821751959126576281 0.85126769483699160634 0.69648802994286274082 0.55627447410728092514 6.39874e-09 6.71246e-06
51843942.505133472383 5211 3.1878172130191901879 0.062351865777382858846 0.28985577518976440858 2.4228362892353594304 2.0248218766548289338 4.0009221917054089701 4.049167674527484273 4.0983017615202488315 2.07199e-09 4.60942e-06
