65544147.843942508101 0 5.398848802385932899 0.046574208768400369995 0.035159206440711639197 0.2771428140500441506 5.758932225325155585 5.1215590603553717841 5.1639128262977340711 5.2058195186096858365 0.000954966 0.000356051
65544147.843942508101 1 9.0346331044780168185 0.047996244615613685436 0.029342852806703453167 1.9660013901204849152 5.3393118046882346306 3.0612304613708669621 3.0572807781086934753 3.0532389172728429116 0.000285285 0.000238018
65544147.843942508101 5775 3.0372933921752474085 0.10064443740251120818 0.0583163165277638465 3.0589725240280443153 4.4884184102595092725 4.9254327319500568194 5.0229339752574322375 5.1187643047042445943 3.02463e-09 5.22886e-06
65544147.843942508101 6920 2.3897778233887589927 0.11566748398905388195 0.13558739642905789924 4.8369477217807563818 3.4344035498589038369 4.1609127742539540051 4.2627760677977519777 4.3669479856863615552 4.48089e-09 5.96081e-06
65544147.843942508101 5134 3.5489256756884346444 0.067200856271743297787 0.30822056011831933109 2.5515706973388900813 3.711019019212445702 5.9980001092483901104 6.0163350875326448985 6.0340555804970161802 2.31886e-09 4.78566e-06
65544147.843942508101 5278 3.1997374221970447117 0.1685631632636864774 0.32444907829853453229 1.3056461608691283249 4.5579917146191233357 5.5774296986156475242 5.6807739810885014009 5.7762870920223239324 3.13887e-09 5.29389e-06
65544147.843942508101 5196 3.5638321297396449161 0.18004608843502403759 0.15164757294565059387 4.1366442027787968527 1.8142081524683415505 3.6026101548938380681 3.6904540235543699112 3.7843869810883696836 3.02458e-09 5.22884e-06
65544147.843942508101 5063 3.4755585746485548881 0.096845026602770334367 0.40224132299379017352 2.3820037064492383116 5.1946826876134402085 6.0393996464222423626 6.0617760441742616351 6.0830436673906067568 2.23728e-09 4.72886e-06
65544147.843942508101 5846 2.808699810892212323 0.20415233563211687695 0.14399548444732709895 4.7707674461894953311 0.88662137557025166856 1.2815506947541990268 1.0900366440880153718 0.90902622894838147616 2.37403e-09 4.82332e-06
65544147.843942508101 6960 2.9427360772130475297 0.19359928268775980498 0.15234964248163190836 6.1229833633714783048 5.0536027085226224997 5.6035276993324627526 5.7175706754617898753 5.821327273301778682 2.28045e-09 4.75909e-06
65544147.843942508101 5548 3.1533442270477625158 0.021534600035237244642 0.35338647213548163295 0.35394897293767846325 5.5735604906093341171 4.1114910761818777019 4.1293638260110840932 4.1473409309653233024 2.11518e-09 4.64123e-06
65544147.843942508101 6443 3.2261542705392360908 0.19981942221121931635 0.24594033799086581493 4.0937939144968513716 0.66404386215279798122 3.0964911444568858911 3.0863698749539105748 3.0753408988077333142 1.88164e-09 4.46371e-06
65544147.843942508101 5990 3.1028524137923771953 0.10790220202967316931 0.23081409856992554652 6.2338378238226708206 5.424989442483072466 3.6505489305941241085 3.7058809846093310192 3.7635886590261171669 2.30118e-09 4.77347e-06
65544147.843942508101 6883 2.3228744471943905125 0.22197707648336337249 0.36016486157536975465 1.938927547268649132 2.7311542336964755862 5.0950908171300826055 5.2945480256718235879 5.4799604815674225478 1.23696e-08 8.36184e-06
65544147.843942508101 5098 3.15998522650696545 0.064559309772235465297 0.13938651536746635151 0.056706744595984952262 0.21906323762640625419 4.9010910014922268729 4.9641671204220454428 5.0266909378644326623 1.90652e-09 4.4833e-06
65544147.843942508101 5929 3.2623082947954933353 0.10367556884943385231 0.22728643072736531838 5.7714336799835406211 3.2038682131805500397 3.8055440270721505591 3.8723145079970726634 3.94150834659506355 3.18574e-09 5.32011e-06
65544147.843942508101 5467 2.9573755623511392976 0.12396594178785635965 0.18737807933221731216 6.0813650628856112945 4.8128964457537239952 1.138041621647871926 1.0280519548345030678 0.92190060406760321321 2.43648e-09 4.86524e-06
65544147.843942508101 6282 2.8474817265028993241 0.084854563289619808208 0.1254496522912182388 5.9545742819909825982 4.0456556591124739342 4.5927851054155519606 4.6775650717430981018 4.7623681884719859525 2.68214e-09 5.02355e-06
65544147.843942508101 5694 3.1143134548494106895 0.14651409463903797281 0.34546466066328357369 5.8886770383480051549 4.7167087930669033824 3.9402891305417417911 4.0514304875056712518 4.1670893292556216991 1.21025e-09 3.85309e-06
65544147.843942508101 6392 2.965094891014096401 0.21132855712613685117 0.1908518766278437806 1.6091353436773108143 5.3149727260435737364 1.4320380221009223476 1.2241852667448394065 1.0254245506956483069 2.75286e-09 5.06732e-06
65544147.843942508101 6484 3.102914941669032256 0.12765036125660861321 0.18482368849859481807 2.8732607231019988703 4.2922380057150402166 1.8800812390534415997 1.7557198017523596434 1.6302458377621924512 1.88476e-09 4.46618e-06
65544147.843942508101 923 1.9712648986998659861 0.4032966498394169319 0.26609740584481211823 5.8226804605294830708 4.9216818457728974678 3.9265749464203989483 4.2728807820281975438 4.6378485342773929645 2.53731e-09 4.93145e-06
65544147.843942508101 6739 3.1872263053443732339 0.11678152216103582228 0.23374220100266071554 1.4168814200208703635 5.2414686506227905483 0.19931580437358398239 0.17737485984455467203 0.15676920030027416408 1.84353e-09 4.43337e-06
65544147.843942508101 5885 3.4963091922339626372 0.043328811586118169685 0.31482151682688824801 0.13444688153771469641 6.2471975159125960886 2.5860275081892418747 2.5627362679175220705 2.5390325054711402331 2.25928e-09 4.74432e-06
65544147.843942508101 5405 3.1891442498151905127 0.011643942823542252629 0.17520117696283249442 0.30133795134971186336 4.3826898605755797433 2.3149627530172196543 2.306362700462101234 2.2977292893732492729 2.93677e-09 5.17774e-06
65544147.843942508101 6764 3.2856413891097098201 0.076327342387004795676 0.28682029743503273389 1.0291635518369337543 4.7687123174456234054 4.8832726944510396194 4.9580768831160346721 5.0321121337517062955 2.4069e-09 4.84547e-06
65544147.843942508101 6362 3.0045967181798345358 0.16305225717829469056 0.31839599687274505735 0.68783439709992921784 5.8177438605388784865 1.4598817602785045811 1.2985593159610797631 1.1415119792208798799 2.92709e-09 5.17204e-06
65544147.843942508101 6775 1.7028546623911484659 0.34866244111251643023 0.2768783467699666434 0.67036021408811630184 0.43545885545799384309 5.9586794714773256842 6.0566449020224837341 6.1349571621790799369 6.39874e-09 6.71246e-06
65544147.843942508101 6055 3.2219713354108612258 0.072885147165935373903 0.081624820208767531748 5.8340166245269875489 5.041255509015730496 1.8165169760909600782 1.7451233283105529459 1.6733428655770286042 3.0525e-09 5.24488e-06
65544147.843942508101 6498 3.2076792737404713485 0.093589795443606682568 0.15843301024411382549 5.4798383295504518031 0.73195776538773593689 3.6799763183723626092 3.7300771126686447232 3.7820289073105248789 2.50157e-09 4.90818e-06
65544147.843942508101 6313 3.2559751994301864286 0.087881793241474978617 0.39700021018041026233 6.0019491766094414942 6.197915427591304649 3.5722093084261996587 3.6104921054852643358 3.6502063094655907705 2.33149e-09 4.79433e-06
65544147.843942508101 6300 3.2213554848533871855 0.032816370341830047863 0.16242919884099191186 2.7883979774093017312 1.3309949995261027844 2.9237974362386061067 2.916589167523400139 2.9092675150016202856 3.26125e-09 5.36181e-06
65544147.843942508101 5323 2.8211747320293372177 0.059371615434146089718 0.10244433718497898689 4.5984205140656175814 3.6556697340008823538 0.47527304631688610526 0.44878315072793373286 0.42302361739086441483 2.25995e-09 4.74478e-06
65544147.843942508101 4755 1.8612769333745133871 0.07466690306467331506 0.044697440595210122249 3.899606898680249234 4.4421283802222930603 1.3922250576404751055 1.3191606976065188839 1.2468453192894861647 2.45943e-07 2.26531e-05
65544147.843942508101 3800 1.7418704957505659614 0.30780245501106207051 0.66607572928021585579 1.4050586903867348099 0.059800441937574076723 4.2028277371330684531 4.4989817768176312285 4.7998017250697033731 1.79108e-08 9.45995e-06
65544147.843942508101 6104 3.3758000872329185782 0.043157835979182358754 0.12367984841115972627 2.5652949579324624274 2.3708335470015793334 2.8174122513267807477 2.8033715841802337998 2.7890514054874455674 1.75259e-09 4.35923e-06
65544147.843942508101 6197 1.6914002412691306887 0.15656729443663042201 0.52281653717347698063 2.4351335168412755472 0.89863798689163709721 2.1371815957523798701 1.9985985606199596631 1.8561411517387018666 8.02678e-09 7.23931e-06
65544147.843942508101 6815 1.9084230543991969054 0.46246183049797950915 0.24143205960123248488 5.9592770128986662925 4.4130592962801333812 0.39014579548903027817 0.23844217037796469616 0.1292136993148454982 3.57143e-09 5.52668e-06
65544147.843942508101 6425 2.461543746447313108 0.32075631315151476031 0.56963621183595358755 3.6569195199709696453 3.0439427970409909108 3.4515290000895513245 3.5705704415200538726 3.7039862807836341219 5.02719e-09 6.19382e-06
65544147.843942508101 5489 3.2233076137420524354 0.060397755046133330681 0.26164621919718367149 3.3222051189949626249 4.1060583601462017356 5.0415610555639887025 5.098199583689306813 5.154157723157585913 1.80848e-09 4.40509e-06
65544147.843942508101 6756 3.2047141293812870799 0.034180725095453737272 0.32223031534795892883 1.1433971485243730193 3.288686669520431316 5.710396753226871347 5.728664392597393018 5.7466617770824832689 2.22448e-09 4.71983e-06
65544147.843942508101 5116 2.7164106962665957035 0.17053425270712471717 0.053358576702505579326 1.1832537942943048836 2.3603465216549359695 4.6323856169536288263 4.8043869551310747212 4.9742000475062475573 2.56354e-09 4.94838e-06
65544147.843942508101 6951 2.9952533907515705991 0.049442175630461070168 0.013216151665324565173 5.2436747260957661254 0.92025633251203609042 1.5672451856285487537 1.5177874984226302768 1.4684147711995312324 2.54062e-09 4.9336e-06
65544147.843942508101 5559 2.3006396570262159784 0.5760022709349619241 0.57725135251023063088 3.2436556036497612432 5.220588048295819128 2.8906770899969296273 2.6645427453837808862 2.4000652814708547389 5.44342e-09 6.36025e-06
65544147.843942508101 5923 3.0052018154954067697 0.091065474219876846318 0.13326364231002618688 3.7100521582352841143 1.5617322657467123115 3.1517889931727309794 3.1527639260316702163 3.1537812220946159769 2.22479e-09 4.72005e-06
65544147.843942508101 5234 3.0312893622424401663 0.14755100459689085568 0.11113043114064266592 0.70242043752420302294 1.3102945253430067218 4.8150334088508772723 4.9612411760046084552 5.1042469832686050424 2.35138e-09 4.80793e-06
65544147.843942508101 6863 3.1384551881901674442 0.10897962781364328722 0.042937344564672741409 4.680504776802794531 5.5950493372464009667 5.799328525054815664 5.8478209406691474825 5.893782096790790348 2.72515e-09 5.05026e-06
65544147.843942508101 5146 2.7617912701889313354 0.11188316331590295039 0.10019502882296020541 0.8214885671261394906 5.068430903002999699 4.747233059532421251 4.859064885997988803 4.9697466882646335051 2.55901e-09 4.94547e-06
65544147.843942508101 5492 1.8233095862018717792 0.17386617916416821639 0.53804565957400263265 1.3047316495733407571 3.6630892365307068381 2.5147567724643971054 2.40425148919701126 2.2873574207552280768 4.51271e-09 5.97488e-06
65544147.843942508101 5047 1.5049956890990439096 0.064857302630073637717 0.18371761522399535083 0.18340177665931500783 0.96206906453888874076 5.7137560545080194885 5.7478259404963196744 5.7809129037054436395 1.0218e-08 7.84583e-06
65544147.843942508101 6657 2.3760988341383528777 0.18244721636305918921 0.32528276264637345783 0.20527988133664032411 0.22544272609508697602 0.35329405568797200843 0.29470969973445287904 0.24171570215150936511 9.52311e-09 7.66378e-06
65544147.843942508101 1444 1.7383109862096770559 0.44608096657168433419 0.72658883512020933093 4.5656385362804927652 4.5221769839574905703 5.5531908536434260171 5.8187253340508702237 6.0185428638157780767 1.72307e-08 9.33865e-06
65544147.843942508101 6628 3.2471038213504979097 0.11461846054169616549 0.23472302327425195734 6.204314736494854543 4.5335069064027138097 4.0530462971490415214 4.1471885609484573365 4.2439817047283883156 2.5094e-09 4.9133e-06
65544147.843942508101 519 1.9628766356518259073 0.24777603661010860758 0.13716181552307338265 5.9762519134079417071 2.0849801761282731327 2.7356746274898249283 2.623411787103488102 2.5006881581856257313 4.21586e-08 1.25838e-05
65544147.843942508101 2992 1.8997121722926106901 0.223351354899097021 0.10860314843527869855 4.2891995142912762162 6.2753842696534922752 1.8379368801242232934 1.61397805188804222 1.3908349019563328586 2.26492e-08 1.02298e-05
65544147.843942508101 6827 3.1100705881718795354 0.070400987624902031103 0.20759261374053203375 5.7436787141801071144 3.6410705361861839258 1.8108835559790994463 1.7418656897759250413 1.6724923252273125041 3.04652e-09 5.24145e-06
65544147.843942508101 5626 1.4121091556300409131 0.37320790088104144333 0.43849100807266772062 0.78625355214107317536 1.2273713181054910493 1.8740628529653347023 1.4867753553322371474 1.1148840146542242646 7.93289e-09 7.21097e-06
65544147.843942508101 5938 2.2377652737827222751 0.54633341826229953053 0.61039433664180531292 2.5471881821871029672 4.1315591691193631618 2.9434478748528776215 2.7786110616308579147 2.5846282104431819171 1.88863e-09 4.46923e-06
65544147.843942508101 6244 3.1500848813437891671 0.13272759765382502462 0.34524492046764088116 5.5524373004840175128 0.071626333540421582846 4.2831529392470031326 4.4076740308716964023 4.5342872015837567545 3.08558e-09 5.26376e-06
65544147.843942508101 6327 2.9883947113096418491 0.14167200432624066364 0.13401804724824969983 2.3769869114209445371 1.2219990725721341374 2.7327456128154663517 2.6722002278144958431 2.6081156747328839707 2.25041e-09 4.7381e-06
65544147.843942508101 6390 3.0465571567678524367 0.18316416010150771143 0.082750711290486819727 4.49068003985587616 0.39356299503751507318 2.7274006545138784752 2.646235333490326358 2.55916897321970227 5.26519e-09 6.29006e-06
65544147.843942508101 4112 2.0488891792786079193 0.27722448412323269507 0.74798496383241375174 3.0252736352256306418 1.8099375092248681796 3.4809299407711642438 3.5894242449686215579 3.7094657665731443075 1.99037e-08 9.79854e-06
65544147.843942508101 5511 3.2072186469135068876 0.13652670290451121571 0.14482410925691469039 3.5927421208353718107 3.1801435171434153659 2.9397909211461334955 2.910319203154033918 2.8790249271835142153 2.90982e-09 5.16185e-06
65544147.843942508101 6702 2.0189536301531290086 0.5159157906016275108 0.38883439775858602561 0.52184834027271831403 5.4245282812505006831 2.7644344493926666928 2.4901987715673268298 2.1774013677330796845 3.70623e-09 5.59535e-06
65544147.843942508101 5195 2.7580572162481526988 0.069639653011067018107 0.13205049108235233923 5.9036009348471036873 5.1807804462599307271 1.9991316946114467967 1.9347966975195602934 1.8697198268191095316 2.26107e-09 4.74557e-06
65544147.843942508101 6935 3.4426123530166008457 0.12311200944222662479 0.41185822796932852752 3.7437782271007624679 2.8820267352053345888 6.1220236940399308523 6.1407137832804776778 6.1581944610047134603 2.603e-09 4.97365e-06
65544147.843942508101 6667 1.4147195625646731276 0.20998243243489994603 0.41636485527267125262 2.3117340901467544612 1.5807810142602867209 3.546358015400043584 3.6389596594925732731 3.7391450518170525896 1.85586e-09 4.44323e-06
65544147.843942508101 6816 3.1096519682419936359 0.15739238783765827079 0.12915933419912489777 2.0552879257957399339 5.8153600349802161418 0.12412655835529280701 0.10594700940217913199 0.089302935080628143005 1.76213e-09 4.36713e-06
65544147.843942508101 5762 1.3747901583358310695 0.10969699775066009406 0.49739599581084825708 1.465930920629705092 4.7832782782067750915 3.0585797555605123144 3.0489272895391725804 3.038776718811670996 4.50081e-09 5.96963e-06
65544147.843942508101 6595 3.0634226991607120816 0.11015904702664408576 0.23669759458386874229 1.6583634153607440531 3.6879712723359951987 2.4799102428492676431 2.4089525320693039312 2.3352743433521911953 2.5233e-09 4.92235e-06
65544147.843942508101 5950 1.4366838447415926083 0.23462439407487320486 0.087527354801430770626 0.063680456028233523025 3.7394009300099941839 3.2831626451858682003 3.3212138780955240414 3.3631311461106232485 1.07677e-08 7.98408e-06
65544147.843942508101 5351 2.9715349534350812277 0.13556029922549828193 0.089535270977014677629 4.7569804467364900091 2.5676578325049859153 2.8998917028831434628 2.8649900709110944774 2.827970050653470846 2.44807e-09 4.87295e-06
65544147.843942508101 2768 1.5805792860906853203 0.031891998274844512995 0.0042798085305568072181 2.3173761496385121283 5.18806522829787653 4.049792944748035417 4.0751907754985259302 4.1008244738576138388 1.06163e-06 3.68842e-05
65544147.843942508101 5194 2.3333003142402466423 0.17122304520752174017 0.15055507277299848279 0.10721403050741294682 3.5324238635113283102 3.2555207258902107981 3.2769674640691812684 3.3000760176288306269 4.75382e-09 6.07945e-06
65544147.843942508101 6928 3.2294224291026210061 0.2196555832369803396 0.2221476082245458783 4.6050258403368342641 4.5600757801497779909 6.0506103188557345263 6.0968512384587896236 6.1375441208809764504 2.08658e-09 4.62021e-06
65544147.843942508101 5914 3.2197008875532686645 0.076430472999304804871 0.11147922592053502444 6.2382365132318078338 4.6042769960540921304 0.60651022275968724529 0.56421718714068103129 0.52334564798032789934 2.63408e-09 4.99337e-06
65544147.843942508101 5072 3.1156408649016493762 0.14156492160172995387 0.17943112938991084837 3.6852031804764413536 1.813303947884762346 3.7029176717667091623 3.7834651973742108311 3.8682195996359949319 2.73643e-09 5.05722e-06
65544147.843942508101 6639 0.89644109181853393054 0.37217990369571485321 0.21430468225718693476 1.9935773194530344021 5.7763918459776046888 3.126446941658207912 3.1192019484720443501 3.1108692742939512144 2.07227e-09 4.60963e-06
65544147.843942508101 5312 2.9947977283138071947 0.050556998017241713828 0.16782454802148388806 1.2562957040995765823 0.80562099226637462479 1.4656049834424844658 1.41543905692367189 1.3654909515984923196 2.46345e-09 4.88312e-06
65544147.843942508101 6126 3.0182625933491049608 0.27961697105381949635 0.14300616503037788529 1.9479860275802052261 4.726495734764669443 0.28692360796060945027 0.21592843626304886184 0.15601927087011197015 3.04059e-09 5.23805e-06
65544147.843942508101 6734 2.1279614160454527472 0.24671068406433216413 0.31642463758340172442 3.0963976926086815844 1.7588855612232223713 4.052064108789951824 4.2656333625211191318 4.488130270057738791 1.24231e-08 8.37387e-06
65544147.843942508101 6073 3.238101555331179604 0.026334865462563972205 0.26702636151034842005 4.8149322450129865558 0.66315258139190058628 5.023345079428377602 5.0483193739823359891 5.0731822262313670535 2.87152e-09 5.1391e-06
65544147.843942508101 6692 1.9955699000823505784 0.18127715428485552396 0.32881345848379189833 2.6022062757164361457 2.350724335529467357 0.78795080932313033006 0.66636548622865543479 0.55431208030703416068 1.32225e-08 8.54977e-06
65544147.843942508101 5231 3.1397848748439489697 0.15388186940829909344 0.31749579686992979166 5.8857337528800632853 4.8806700594887812983 1.9170140204759515967 1.7677456725175584307 1.6168386338889333409 1.89135e-09 4.47137e-06
65544147.843942508101 6029 1.6346909196537131592 0.32945312064906623339 0.51231457131915014713 4.0961368186057258711 0.79806354158067116522 0.69165812315198349491 0.50102870689507583712 0.34278312859135273705 1.2969e-08 8.49478e-06
65544147.843942508101 6290 1.6931917455489453594 0.21826399580098629349 0.2825223088981779207 3.2495841388585215981 5.7013438023750424577 0.69188912544342451305 0.56217080558426801851 0.4458308201582702468 4.66797e-09 6.04263e-06
65544147.843942508101 5160 3.0719241744974916664 0.10197518512510075905 0.18507649436288334255 5.2988928421701118054 1.1147774663087208769 4.071126604098491697 4.1555913694608488385 4.2421633893406882621 2.48083e-09 4.89458e-06
65544147.843942508101 5717 3.1567645518218596656 0.15313532493608109086 0.24370876338400060401 5.815527620344824733 5.3307598182120203845 5.3353190223261934833 5.4549062487262141019 5.5677315870771995066 2.31886e-09 4.78566e-06
65544147.843942508101 5643 3.3236340463460818384 0.056059123163321386563 0.020901923147551983856 2.3975546720935230205 0.23567335064094960262 5.47385421628834834 5.5136868504149090242 5.5526913917585316582 2.47115e-09 4.88821e-06
65544147.843942508101 6842 3.1961798650106767461 0.052122013294903873915 0.10946584193638431159 3.873573110024140842 0.94672016154864313542 4.3880359877778385425 4.437877818506296812 4.4880482702646107285 3.94698e-09 5.71398e-06
65544147.843942508101 5372 1.9735828765500964543 0.25125196502358149164 0.29418197565857134856 5.1248270822507357991 2.0629688234319614182 3.7288648563029647143 3.8868473659260036612 4.0572361534094438795 1.39548e-08 8.70479e-06
65544147.843942508101 5131 3.5385779675580408821 0.12507580992982442192 0.24191842416640085833 2.1558439309404135997 4.3382077623517352194 4.9699032686357469402 5.0892785874288719583 5.2055758077930223138 2.25296e-09 4.73989e-06
65544147.843942508101 5534 3.2267079016919657519 0.11113374367202845383 0.13570928686760333481 0.64654814086009959606 0.89894027295573197822 4.760359949968152371 4.8712999746551819413 4.9810334549823060968 2.18919e-09 4.69474e-06
65544147.843942508101 6119 3.1315906026286417507 0.11327856803929985119 0.13508583187502976042 4.5790691068820770226 1.9691912523487742348 3.4753993663687010596 3.5147413124527866479 3.5560369255461936611 2.96829e-09 5.19619e-06
65544147.843942508101 5525 1.9930832705311665176 0.41689822743600590815 0.35254477670644712717 5.9465076075096590102 0.7848211069070054613 3.3197654708676878066 3.4182908496581116964 3.5321794956881888972 2.22151e-09 4.71773e-06
65544147.843942508101 5240 1.708205258590786757 0.42467907546863287171 0.34678434404734626018 2.9027913295788252412 4.5162076843830947226 3.1806848469927868628 3.2030978559197635924 3.2292013633329532674 1.54708e-09 4.18172e-06
65544147.843942508101 6997 2.9093479508778670173 0.10065410515645556444 0.13546686179116904092 3.7493297976919306436 2.0517685564832635059 6.0973533753364703713 6.1151166844643833898 6.1319539520605248484 2.77488e-09 5.0808e-06
65544147.843942508101 5667 1.8717377571130242586 0.37892470473157513489 0.68442209327557235188 2.9185562807558755871 5.7301450407308216484 4.0449674150039012233 4.3934207701549778946 4.7532323154779243524 3.20823e-09 5.3326e-06
65544147.843942508101 6103 3.2897281908600510825 0.093129235270918570011 0.16449058865535728935 5.4430208460788289671 0.72741325778663945556 3.0607137024119905888 3.0528055345234990092 3.0445477176146602538 3.07621e-09 5.25842e-06
65544147.843942508101 6335 3.1150201487041515591 0.07856421463394262783 0.23188040233564818915 4.6916778823051270564 0.15537364928532723662 3.432910297993968296 3.4563939639304184226 3.4807196093591352692 2.80706e-09 5.10036e-06
65544147.843942508101 5252 3.131325948788986846 0.19972324762401666431 0.13901092288873051483 2.8857975879835047195 2.6017558390030686155 4.8500977682098733723 5.0465792798841881961 5.2352530794160818672 2.42859e-09 4.85999e-06
65544147.843942508101 5034 2.8661737074525750479 0.23128552378219796593 0.17993243379863482767 1.1415666300497304686 3.4600625786753287372 1.402278725683153926 1.1765563293052925253 0.96301300647442067415 2.20492e-09 4.70595e-06
65544147.843942508101 6874 3.2774679597296452194 0.086127569615093935163 0.24693976540855377966 2.0424588220985344655 1.8696255747143015746 2.9595446960237747902 2.9432309229031257125 2.9262583267304216328 2.61974e-09 4.98428e-06
65544147.843942508101 5053 3.0347736476318178944 0.16674918978089128818 0.23733171703998068303 4.7821088086877363565 4.9509652212897083956 2.1934705207644484837 2.0502832159028407943 1.9023380404544083522 1.90259e-09 4.48021e-06
65544147.843942508101 3953 0.94470055676432462821 0.078686886441596576303 0.55060884751323069253 2.9014664704107566706 1.3972375708249260562 5.070635675390457564 5.1434034238475687673 5.2148937957310996794 1.87457e-09 4.45811e-06
65544147.843942508101 6204 2.0275076615823515169 0.20675276156171162878 0.031675358439963739732 1.5558234728397546398 0.31736794177897326152 2.5625755204069675663 2.4374050637457895796 2.3035502505069063162 2.26769e-09 4.75019e-06
65544147.843942508101 4189 1.1103123756350548046 0.047007598709176659502 0.057289785149372100814 0.48672652968571561427 0.17850135455478016722 1.9652597277958121502 1.9214491688369710332 1.8773020457543598827 2.51666e-06 4.91804e-05
65544147.843942508101 5324 2.0302120702522761242 0.061933956648850027604 0.18041748407744390148 3.2116409836594530525 3.7788292064886936927 3.9694757430617024774 4.0161033782695287897 4.0636209546022525885 4.64884e-09 6.03437e-06
65544147.843942508101 5185 3.5310169268982165569 0.039868795198608239505 0.28149913289505984482 6.1020368974180483335 0.22388426436983099865 1.0309125515465191736 0.9970511421257746143 0.96356637548241597102 2.64564e-09 5.00066e-06
65544147.843942508101 5451 3.2772093817394818416 0.041330515902988397559 0.042589327393795721466 1.8156802563004068585 0.98129294188080418149 5.0621691136329065586 5.10073553194201601 5.1389884295524517199 2.58702e-09 4.96345e-06
65544147.843942508101 6192 3.2307415026086587773 0.18332186174849854354 0.27007317578696554694 2.9078382545354548583 5.0912054929064991526 3.1723362388481937124 3.1785980564231404166 3.1853804075595344436 2.79503e-09 5.09306e-06
65544147.843942508101 5257 3.2215967756653540732 0.097101396833272665687 0.18418438047613075459 4.2403931678552257978 5.4610246769599939398 4.5758980902105657051 4.6728908953664394232 4.7699165581640672329 2.20895e-09 4.70882e-06
65544147.843942508101 5853 3.138879389577077017 0.16623544291776326531 0.21969635619691957329 0.26565256273913928631 4.7074494812126417287 4.9836019970410241342 5.1410199869759196645 5.29221703881384542 2.34516e-09 4.80368e-06
65544147.843942508101 5962 2.8809295618134633798 0.12844638712907444078 0.19558191019022794221 4.89688669165804491 2.300608771890931159 5.1005773881583866824 5.216984955141426461 5.3294230527825110499 2.88829e-09 5.14909e-06
65544147.843942508101 6233 3.168540696503473697 0.15458887803995574606 0.1757791631498521745 4.266063101295234361 2.1401317667071309003 1.6510185487250270686 1.4953381619545631498 1.3411891846085837177 2.38928e-09 4.83362e-06
65544147.843942508101 5650 1.8977379444596123026 0.24858766782280006247 0.12982580942663399237 5.0361988911504074196 3.4619747869100940818 6.2345310666033499913 6.2454381325329162422 6.2548193864628256478 1.14639e-08 8.15256e-06
65544147.843942508101 6255 3.2204709065502572507 0.08287266948968100011 0.17159229781592674757 2.3797453214510473352 6.0969108787745813771 4.4648805899175627587 4.546148319233680013 4.6278784907492296341 2.45838e-09 4.87977e-06
65544147.843942508101 6952 3.2549720048766297431 0.12481551333380533353 0.14366913846374587682 1.1921545427585189536 6.0060056715000955663 4.2921470150234783958 4.4094160738182601733 4.5285467041775344654 2.57429e-09 4.95529e-06
65544147.843942508101 5878 3.2452894721732152838 0.086202399473569904509 0.083368710522122177475 5.6292747278218397966 1.7164994288586954418 5.4493044339356604411 5.5114366671554488875 5.5715533189589327989 1.44428e-09 4.08696e-06
65544147.843942508101 6956 3.4952873430797657406 0.15826883876076131008 0.41862233924947050978 5.4842095476032781676 4.3522273552108075023 5.3802678817513021059 5.4993002587249000257 5.6110437626285909474 2.20649e-09 4.70707e-06
65544147.843942508101 2850 2.0662366277147801163 0.64634346629554906283 0.37468175588662039344 3.5591514550490428448 1.3942054100698211272 4.0163013631779254098 4.7211382085809159292 5.3674569365632018858 2.86233e-09 5.13362e-06
65544147.843942508101 1284 2.4173513172334217813 0.2187248474649846619 0.2447507249046640132 3.4797549776991627546 5.791959707901554566 4.1127421508244923487 4.3070860167063411694 4.5080904291827366137 3.64405e-09 5.56389e-06
65544147.843942508101 6722 1.5897743500936083461 0.33596903362784752423 0.25390277027137958532 3.4721093390658803735 2.552624006065195239 3.0352186475887901196 2.9908535612993274455 2.9404014662351167786 1.78527e-09 4.38616e-06
65544147.843942508101 6089 1.6086436310541147865 0.29383127954253940306 0.35070216460844855222 1.1304200608750529788 5.7277836976434812755 5.119925831984401654 5.3788224700427873515 5.6097830905957843939 5.81535e-09 6.50193e-06
65544147.843942508101 5211 3.1641911183101556482 0.11091557512966024324 0.22830969216259464072 4.0770708425954715892 1.2926294713583257323 3.3126692510186321883 3.332708168756126188 3.3537770500785328842 2.07199e-09 4.60942e-06
65544147.843942508101 6295 3.2685183089185887439 0.013977628134623597614 0.2734738896776285344 1.0147778248745997765 0.058597336019818264952 4.4112388059118288197 4.4246155688416122231 4.4380184117136476374 2.30061e-09 4.77307e-06
65544147.843942508101 6211 1.8551083359340523327 0.4486249545596324162 0.41880798970681926141 4.4083584589955542299 1.8843708311051616811 4.0323042694643609352 4.4586088665565144495 4.8928644922618467206 2.33777e-09 4.79863e-06
65544147.843942508101 6969 2.1896227313886744703 0.065643744636919548752 0.21140835967370044668 1.3380594131479841558 6.1782916498589397492 1.0033960439044042889 0.94895391859811195623 0.89559825154758498922 2.41679e-08 1.04535e-05
65544147.843942508101 5578 2.8907438418939856994 0.16392778838127008978 0.25076259031543401967 5.3718928431810306634 0.0017142673422439415245 1.1699789059004543912 1.0230210894780615849 0.88307835179515103974 3.04211e-09 5.23892e-06
65544147.843942508101 5640 2.2073558746290791177 0.38843764233311872669 0.82569799556214462655 1.252468811713512542 0.61628017463441198132 2.5898077691388530219 2.3351744466074961792 2.0547951482622495156 5.24602e-09 6.28242e-06
65544147.843942508101 5957 3.2291382666285706193 0.090041149476104642702 0.10798963788975332601 5.0468383059966583915 0.25249581381172214734 0.28712732322273515351 0.26263679505926040836 0.23925960702985468731 3.45473e-09 5.46581e-06
65544147.843942508101 5290 3.1979240860549307257 0.08871900598358907486 0.11987688617963516979 4.5013565608255667883 1.9347544942636132337 3.4121122087285562507 3.4369293305991601706 3.4627520589842415433 2.68653e-09 5.02629e-06
65544147.843942508101 5080 3.1784128811164551465 0.23061244462623675666 0.26508328278499632136 1.0778260034145521473 4.1319759610002844141 5.7413346837024947789 5.8508084485809117581 5.9474420056760530784 2.57476e-09 4.95559e-06
65544147.843942508101 1410 1.8313444042561517477 0.23576827507839873133 0.32840526620501070409 4.0685322856899510668 2.376234939885043751 0.8446451949482230992 0.67936214291002561261 0.53122966281955330548 1.96181e-08 9.75145e-06
65544147.843942508101 6186 3.2442563833432909171 0.012112179243602909373 0.2081609818538345813 5.0845123464945194414 1.5416379943987337242 0.68399051610503736054 0.67637245533313683499 0.66879061613319690238 3.14704e-09 5.29848e-06
65544147.843942508101 6154 3.171475456812194782 0.14684072893029134765 0.22961688298658880503 1.7448564714897243366 3.1502830397947216845 0.21374876249402560702 0.18453982846601574286 0.15759540714920908244 2.04677e-09 4.59064e-06
65544147.843942508101 6572 2.9738818753488187596 0.14369120716340011423 0.22041762431150063728 6.0227793055046312531 0.99710715586649389941 3.98786870429219098 4.1013439081787250728 4.2190340308301701455 1.66053e-09 4.28153e-06
