53420944.558521561325 0 5.3986132182338852914 0.028887106170288695539 0.026995600983566049591 1.1204496073287786295 3.1128944500982083099 5.7331896537851196882 5.7481076085046467483 5.7628373715603613547 0.000954966 0.000356051
53420944.558521561325 1 8.9904470707011192587 0.083771837777037241879 0.047373280930280044221 6.0488503755625524505 3.7300802628186211507 3.4196183930137786788 3.443617939010594764 3.4685362431260999827 0.000285285 0.000238018
53420944.558521561325 5775 3.0253286949749202961 0.14134655422662173452 0.10590941007087963099 4.0946241731716419565 5.3491579128639958896 1.7589457102088490448 1.6177491473342675565 1.4765583684860896785 3.02463e-09 5.22886e-06
53420944.558521561325 6920 2.3809415757203375996 0.14760198542704397462 0.32248365565724179671 0.75770737171250701625 5.8380887395225791181 1.7971901876110143448 1.6503770284243777233 1.5032421845684982298 4.48089e-09 5.96081e-06
53420944.558521561325 5134 3.5575431426650969691 0.047899685123190385849 0.34780864335363764761 2.5551876374107851397 2.643060196880335333 4.7913279070594940734 4.8390067008399686443 4.8865229336630733314 2.31886e-09 4.78566e-06
53420944.558521561325 5278 3.1827445991034437611 0.084119046937591784863 0.34140379221431221834 2.2613470339532897313 4.5119327860161932975 4.8981272748775754877 4.9802606130951527774 5.0613796732931621847 3.13887e-09 5.29389e-06
53420944.558521561325 5740 0.88162751735309896617 0.40314286567415918983 0.18468512148958679542 5.3692201541841226842 5.3764020252549444834 2.8312551133100085643 2.6708013870840074944 2.4879391649165092382 3.09097e-09 5.26682e-06
53420944.558521561325 5588 2.8182023415023276236 0.21641615233782271477 0.18297636677746684231 6.2792701050540422614 5.9014345160384085176 2.7161489585065266006 2.6158268363969128245 2.5072128636000217128 2.40685e-09 4.84544e-06
53420944.558521561325 5846 2.8063277421988184201 0.12675329548972263938 0.10754709131761856777 3.5735842486565916332 0.80785199312591815524 1.4770018230350401289 1.3512114700914237275 1.2275017795752150018 2.37403e-09 4.82332e-06
53420944.558521561325 6171 2.1780482681573807291 0.64307569344965032077 0.24816128552162899923 0.40742375760578736221 4.1867616968125895838 2.5319820902900267434 1.9540753834356734409 1.3576590913226467272 2.39216e-09 4.83556e-06
53420944.558521561325 5548 3.1719206118550227202 0.083367901541035904778 0.31271594580500977623 0.20192374514295607923 4.9224577213336182524 5.5305857861929590413 5.5859677509415019969 5.6394972022278846424 2.11518e-09 4.64123e-06
53420944.558521561325 6443 3.2092967521671762476 0.23039528986414273271 0.2247080346345541324 4.2275078778185726236 1.5326609200634633279 2.4703827657502150927 2.3108601325041568941 2.1407303675993887282 1.88164e-09 4.46371e-06
53420944.558521561325 5990 3.0930137016220107249 0.062126299212337851574 0.19672275094721530797 1.9713741039318721793 2.4543686041868606473 2.8195818913535264372 2.7993040661392223356 2.7784517594008919517 2.30118e-09 4.77347e-06
53420944.558521561325 6883 2.3345507499933537687 0.25461411108126152936 0.25458758784327184532 4.4613879479062994449 1.8490539772856189327 5.5463828852158405525 5.7047815262080652232 5.843976021051429548 1.23696e-08 8.36184e-06
53420944.558521561325 5098 3.1855809880242760279 0.030474272975840800692 0.088347687437382235731 5.9982663444359634042 1.4360621098098163007 4.3239619325373919168 4.3523344822760527961 4.380854672462074717 1.90652e-09 4.4833e-06
53420944.558521561325 6793 1.3521228341138515905 0.41378120130451701009 0.4563043829169242116 3.6567978584983436008 2.9862580003060332778 2.5027256143811817957 2.192561887855155156 1.8562192857168557936 2.0508e-09 4.59365e-06
53420944.558521561325 5467 2.9564926392688097856 0.15782557276510467137 0.19598576715342513888 1.5690357406420545328 3.0711666264634929213 0.42489220242035163899 0.36385873886411446154 0.30769130321829007979 2.43648e-09 4.86524e-06
53420944.558521561325 6282 2.8259674337026958746 0.097790353460578072209 0.071585784893546625107 2.1460026581997406758 3.9886474048083058186 0.0029521976282911072294 0.0026763290692249060501 0.0024146102160060751995 2.68214e-09 5.02355e-06
53420944.558521561325 5694 3.0990813794077909371 0.14157433408232009131 0.27468222332840541711 3.8050850771001707429 1.8303105675205759706 2.1173253528958304592 1.9912610953727085672 1.8620179810040431434 1.21025e-09 3.85309e-06
53420944.558521561325 6392 2.9587782746577584447 0.18062047142012263579 0.19952331572139542226 0.6503790142888016268 2.1915305011726502471 2.0805850065178446151 1.9146135581744674337 1.7445639354849789004 2.75286e-09 5.06732e-06
53420944.558521561325 6484 3.1143086681255582882 0.14930937863889456874 0.19125880206318957022 4.5235756006515632777 1.221998748003688684 3.7904475670122934616 3.8868779220706426436 3.9881367774950642335 1.88476e-09 4.46618e-06
53420944.558521561325 923 1.5164891124730546235 0.038793305895810953343 0.21873089629192471461 3.6128676209309902312 4.1511529463296898967 5.4297654220298854355 5.458638125357369475 5.4871217395033511366 2.53731e-09 4.93145e-06
53420944.558521561325 6739 3.1557491330009335151 0.04435342806954462036 0.20539540895273855625 3.679148133191777692 4.6761760963058431884 3.4854484329766406425 3.5007270678740165515 3.5163157012272918678 1.84353e-09 4.43337e-06
53420944.558521561325 5885 3.4892660045196808305 0.045195020714401193396 0.27302293959825801872 5.9653766594021977454 3.1170971461641605593 4.6599291602328420936 4.7051309756450061528 4.7503248059586828944 2.25928e-09 4.74432e-06
53420944.558521561325 5642 2.9041391860119150081 0.22924557164287312494 0.14686614741563849829 2.499899288211274051 2.3263724974688586578 2.608403739381417008 2.4773696102834730226 2.3360517401490001888 2.80041e-09 5.09633e-06
53420944.558521561325 6764 3.2716739483914243358 0.02655605468191517271 0.28745899407217673227 2.7178607603464861597 2.2115596220757764989 0.07358752874660662302 0.07166027910945040047 0.069758893125861143325 2.4069e-09 4.84547e-06
53420944.558521561325 6362 3.0106093837184708661 0.084753878240328081595 0.26139336494876419525 3.1637272030863172745 5.7363168858369153469 1.4381355562427173833 1.3544937153296792154 1.2717148010633798627 2.92709e-09 5.17204e-06
53420944.558521561325 6775 1.8139539293585065227 0.27953337914154663402 0.31677079579107714213 1.3909578921974332655 2.3153809820813773257 2.8523082859152402158 2.7581330064765383625 2.6535508772132612165 6.39874e-09 6.71246e-06
53420944.558521561325 6055 3.2294371267835746409 0.081212886388998636877 0.051729005694713586783 0.38891089642042903085 4.1217975178662946689 2.6191444474745368964 2.5770750450466328729 2.5336254742110253524 3.0525e-09 5.24488e-06
53420944.558521561325 6498 3.1888955157417036013 0.040600093185224513104 0.15754099227077844603 1.8830004770137094283 5.5890389656720707023 4.3184554556163146088 4.3562514540509518213 4.3943039112450694716 2.50157e-09 4.90818e-06
53420944.558521561325 6313 3.2574691862330888981 0.049954805541899377497 0.36046827867977282445 2.6574749928008674082 3.517503748748906478 3.4428318195834024529 3.458025202299873424 3.4735700495183703396 2.33149e-09 4.79433e-06
53420944.558521561325 6300 3.2523907304527277518 0.0458166341630258378 0.2360710119584979727 2.8041739902755637992 6.0798282726416967847 4.8269534496228114762 4.872366836644685506 4.9175984295483221587 3.26125e-09 5.36181e-06
53420944.558521561325 5323 2.8323918359167068459 0.11785137570510678673 0.12320987201630269336 3.1276628802677435282 1.0710118762439115869 2.4655994577599287254 2.3880658974695605501 2.3074302179983274819 2.25995e-09 4.74478e-06
53420944.558521561325 4755 1.8823219435751390449 0.021540632818628831918 0.043081013388498241856 6.1253251457983148853 5.0232136403578095951 3.2988318336197779423 3.302241588785545634 3.3056872029836568139 2.45943e-07 2.26531e-05
53420944.558521561325 3800 1.4746310326411056213 0.43426256296480558738 0.2379491093977037508 1.73804045233107618 0.90744300764511742763 3.6306515309937501534 3.8979434715955720847 4.1959656247189061062 1.79108e-08 9.45995e-06
53420944.558521561325 6104 3.3177722476916930994 0.067159656575808648893 0.17390538663888832627 2.407204113257099376 2.7879111219408820865 2.1634806908898984723 2.1066605526297506046 2.0489148202368294704 1.75259e-09 4.35923e-06
53420944.558521561325 6197 1.8206882525867584821 0.051681454656811114112 0.35863004306746743 2.4019520711446382677 1.319687562432082073 4.0663837681858758799 4.1083255816505941382 4.1508611987464121285 8.02678e-09 7.23931e-06
53420944.558521561325 6815 2.1620887918730682387 0.21105121398068665828 0.27293822743657886187 0.25700428182612267136 5.3507744423461840455 1.0773452441271273994 0.89887595460980918016 0.73370142904254320726 3.57143e-09 5.52668e-06
53420944.558521561325 6425 2.3906563316573614664 0.31893498710797496543 0.45323775243148822778 1.3200573405592992415 1.611118467230333362 4.7121172446696375502 5.036737002867003099 5.3390423074083983579 5.02719e-09 6.19382e-06
53420944.558521561325 5489 3.2054065368712003625 0.062949901243995964872 0.27932474494772330242 4.0445665081411057429 0.058315145458232714448 0.23652912051725030751 0.22220250215152084761 0.20832969682041693749 1.80848e-09 4.40509e-06
53420944.558521561325 6756 3.2111468570647829779 0.078114917317375090478 0.30260492606425054563 3.2127350763992295057 4.4253540113186531357 4.0719372589201956458 4.136146999994016582 4.2016476254397421286 2.22448e-09 4.71983e-06
53420944.558521561325 5116 2.7176695457764652453 0.14901650497830143394 0.098575146036584987419 1.7380823274684302771 0.56725356557441386496 5.6447799390051471846 5.7289618071593686466 5.8073866893184469262 2.56354e-09 4.94838e-06
53420944.558521561325 6951 2.9777540980922836411 0.021179204520225931863 0.093986594710619902893 1.0380906487098935376 2.1674250236820657989 1.8721359998315947326 1.8518457822502873977 1.8314975462298475062 2.54062e-09 4.9336e-06
53420944.558521561325 5559 1.8346450334038153507 0.21424347323218423389 0.044748255797225279518 3.7526305183943100552 2.6383255362779602926 0.17367847777370543083 0.13983703676278907979 0.10997540782569537043 5.44342e-09 6.36025e-06
53420944.558521561325 5923 3.0189775138612486849 0.035347591898144584133 0.187460189412379713 0.75361818897669496931 4.8114033581242257043 3.4283287346275295171 3.4385013907035122394 3.448842880247143583 2.22479e-09 4.72005e-06
53420944.558521561325 5234 3.022019149005985561 0.20353409521129500748 0.061545337139482542144 4.348764423680725244 4.4749331600825454913 1.9251711962191035976 1.7257891190631708955 1.5246948596153702127 2.35138e-09 4.80793e-06
53420944.558521561325 6863 3.1628842056548100992 0.1111550444112913566 0.047462179938532085555 3.4714777106230934045 3.9965268857949030057 0.86308616865642029392 0.78137097160388424566 0.70308965362344943983 2.72515e-09 5.05026e-06
53420944.558521561325 5146 2.7707593927072746709 0.063338382540531049103 0.11678564301272612025 1.3289290287025110615 3.996278935200058946 0.28475830125447437746 0.26747338020037991768 0.25073333038384637561 2.55901e-09 4.94547e-06
53420944.558521561325 5492 1.8217521148109956375 0.17730871197245937076 0.40610796769194656974 2.3047122968542175236 5.8228819211638898068 4.4242059443830523691 4.5995748955172039985 4.7757564980840925273 4.51271e-09 5.97488e-06
53420944.558521561325 5047 1.4339809750729743953 0.28397931774342927147 0.23878229738137676796 2.4181338002841328283 1.7122396861382191968 3.2292367032284974293 3.2588981552692404264 3.2921341446360461447 1.0218e-08 7.84583e-06
53420944.558521561325 6657 2.3578362341437424377 0.19439284204583667792 0.2664057765698247815 4.5457037827350994519 4.4865229681249427784 0.43596230058473200986 0.35988989750187627692 0.29143033965947490183 9.52311e-09 7.66378e-06
53420944.558521561325 6413 2.9632947747753530798 0.35469374458414343332 0.20785875603360068342 1.3262675857280137315 0.89206020234140981362 3.0087250749162981478 2.9493913290781366143 2.8816376783318116139 2.71272e-09 5.04257e-06
53420944.558521561325 6628 3.253738419070636656 0.094481839500286199374 0.18914804125538900448 3.1794088907218251983 3.6602124825993427315 4.9991987925429155482 5.0887639451675372726 5.1766323516940078164 2.5094e-09 4.9133e-06
53420944.558521561325 519 1.4560349009490978212 0.11424163007495201361 0.16998787558598801861 3.2724931841936091281 0.011011897071932369441 0.13698295774128585456 0.12217255712624210118 0.10825006029882991432 3.92741e-08 1.229e-05
53420944.558521561325 2992 1.7067457031658574973 0.13209768117149656153 0.034930603307901549048 0.47125643058715332989 5.3809071094341920372 3.0488521404209483201 3.0356962198720416346 3.0217336768358991073 2.26492e-08 1.02298e-05
53420944.558521561325 4502 1.5946356975650322063 0.4734386731052855346 0.13649016811953842976 4.238216768617498964 3.9352895247468846485 2.8302779976769927295 2.6281654543559578308 2.3956287385821743996 4.58456e-09 6.00643e-06
53420944.558521561325 5626 1.5093731839030388731 0.10542999103721364951 0.25250539743780830992 3.9703866804218641562 0.8539086278044646372 3.2847675041596371415 3.3006854783458101643 3.3173879666917098774 7.93289e-09 7.21097e-06
53420944.558521561325 753 1.7538990911666203498 0.31917416477349214166 0.20708559584773814088 4.95830007173965015 3.3225034623856846139 6.1316518219719329252 6.1742226418917285358 6.2089319312167923215 1.27811e-08 8.45356e-06
53420944.558521561325 6244 3.1753485354723975931 0.10330979453946688429 0.31737228190059330046 2.8862876056084725285 2.0391494872037849717 2.4324681370992653484 2.3622844058379026677 2.2896795761975128336 3.08558e-09 5.26376e-06
53420944.558521561325 5020 1.5784711345927207038 0.29324308156145767468 0.45111775638986056913 5.9072199547163632971 4.1206836017621686352 4.9566039765946223739 5.2355408372336498246 5.4895622979012346221 4.40916e-09 5.92883e-06
53420944.558521561325 6390 3.2257006621942623248 0.10748325611110569333 0.28034820916435915228 5.3806420845430791289 5.3356278856287309154 4.2971447870746155573 4.397886586914816931 4.5000978353049516656 2.74624e-09 5.06325e-06
53420944.558521561325 6914 1.8250260755290672599 0.24652683394975538622 0.34785766212650215401 0.42611757082162954324 3.9934503931411344801 3.8424294724038414728 4.0205088963733928153 4.2103463694318703503 4.41745e-09 5.93254e-06
53420944.558521561325 6451 1.2203893137497145993 0.49162211650499504367 0.1600636408686472445 3.4732623515478016074 1.7816861543739879181 2.8064519698028385086 2.5775370710523488604 2.3147070712446367047 2.57122e-09 4.95332e-06
53420944.558521561325 6702 2.0959260745604084697 0.21725787425919557139 0.18832130721706677456 2.8087707934167722712 6.2392032143462490268 5.5381109827664189993 5.6758328656455256933 5.7998209326683527465 3.70623e-09 5.59535e-06
53420944.558521561325 5195 2.745937152659612579 0.10651665424334708088 0.064226339399940768349 5.7108365298159586843 5.9324997183418819446 3.0182956233108613198 3.0044232237550074771 2.9898581701649260545 2.26107e-09 4.74557e-06
53420944.558521561325 6935 3.4792393197824664774 0.10372230991196686178 0.46066168373216698217 1.6516667612471735982 4.0770568422733237668 4.7783080498476957487 4.8816386562363431878 4.9838789227729591857 2.603e-09 4.97365e-06
53420944.558521561325 6667 1.9499197112997874726 0.40059219698419573641 0.10542516887224685773 1.2965779691606742485 0.30661861705838233672 2.4539184432157736815 2.1400082961922346492 1.8025790891869002408 1.85586e-09 4.44323e-06
53420944.558521561325 6816 3.1255862994067320493 0.087351474820325528126 0.12534589252568587026 5.4727586006412893838 4.4959842553673405874 4.0731044530831361783 4.1451918660152351492 4.2188649902559038907 1.76213e-09 4.36713e-06
53420944.558521561325 5291 2.1741633492472325351 0.58844916584403839099 0.54531405980699254599 3.1099395128041287251 0.88647871333328254195 0.98321902839419084152 0.53217850105425801299 0.23359247047420111931 2.6037e-09 4.97409e-06
53420944.558521561325 6595 3.0547370763060821552 0.085817463521899617351 0.22146974879236061562 3.0969553421209785604 1.7123269156255898071 5.1426997932779165978 5.2194237420928724092 5.294444358677618645 2.5233e-09 4.92235e-06
53420944.558521561325 5950 1.3212817534525891361 0.12500719391675857439 0.32832731677933202352 0.30918047842015899951 4.2174255109456666446 3.6278801507191951181 3.6899568143376675344 3.7551220566095357967 1.07677e-08 7.98408e-06
53420944.558521561325 5351 2.9743416905771633552 0.12938090613345207269 0.13103948543405735672 0.76323369525638218303 0.54443390077639342017 5.6110363273970236264 5.6879862748694147712 5.7605267296216329242 2.44807e-09 4.87295e-06
53420944.558521561325 2768 1.6036417598857466427 0.03638861860626063649 0.017430331417660181043 1.7760595342703815458 2.6967153030061057351 3.7645133125184675471 3.7860676109203255102 3.8079291213289212514 1.05906e-06 3.68544e-05
53420944.558521561325 5194 1.9139084522098990249 0.37553130393437933465 0.1113890681933139698 0.51871839409918107933 4.2719226448869953572 2.9759354915432822963 2.896403369814530393 2.8052469192365347972 4.75382e-09 6.07945e-06
53420944.558521561325 5310 3.4694315758821554496 0.092423630015603913668 0.37325826965207681285 0.37366262424016394306 3.8541504305990730295 2.0480466134382808718 1.9640354821531791352 1.8786662963743747667 2.51895e-09 4.91953e-06
53420944.558521561325 5888 1.1768628954188729008 0.32853419854954302171 0.37115793786527612186 3.5979442726446420053 1.0642209637450035231 3.1205453877128688234 3.1119883792719038595 3.1022637833409643093 2.79797e-09 5.09485e-06
53420944.558521561325 5072 3.1042814810278769322 0.073646577625940692902 0.21176253848877149566 3.1473753304295275512 6.1955292520564775316 5.5927214571192127579 5.6383841193651278445 5.6826486256722077428 2.73643e-09 5.05722e-06
53420944.558521561325 6639 1.060740914015955827 0.1685360956181276848 0.2661373759971153441 5.7147324183580909818 5.8880591337766245985 0.57536851850213888149 0.48919360952868956582 0.40999609985785734345 2.07227e-09 4.60963e-06
53420944.558521561325 5312 3.0110775783618817236 0.095820957192795611079 0.13407079221153367365 5.5901757522079993379 5.8218604031253056164 3.7841150153280831425 3.8439480479904912791 3.9058500539624319003 2.46345e-09 4.88312e-06
53420944.558521561325 6126 3.0261050762691410476 0.24134152088467999975 0.17647770794845024644 2.3777660795556991857 5.3197397589758548264 1.7134959686833828307 1.4679663379891703112 1.2278996665718431291 3.04059e-09 5.23805e-06
53420944.558521561325 6734 2.1104911431099022678 0.068163494119645381963 0.36285584299033829536 5.9928395252112967029 6.2526780863889745987 1.4141356312938615503 1.3471105472816879978 1.2806452460007913263 1.24231e-08 8.37387e-06
53420944.558521561325 6073 3.260543847502646031 0.028294007456024977687 0.22068342749738900643 4.8092403916423842603 3.4944467617006540472 2.0130189080606259999 1.9872871815383235106 1.9614119097721025575 2.87152e-09 5.1391e-06
53420944.558521561325 6692 1.8881062035522411247 0.1345459700850619722 0.25400283486562891255 2.3229818780502848874 0.842484833558049373 3.1529860134593343801 3.1546375129429242712 3.1563925964216146269 1.32225e-08 8.54977e-06
53420944.558521561325 6028 1.4717408730211063439 0.52492640826516134833 0.21183739130729883904 2.1106422914443281336 1.3733311678126505218 4.2635965190168736427 4.8305647695245248485 5.3518300072359670239 2.1303e-09 4.65226e-06
53420944.558521561325 5030 1.2022133433184432061 0.49383722862846951562 0.28621616945234618079 1.6993653603888980719 3.9399443988103737269 3.7220473145486954181 4.0897044425488893182 4.4908561839955130068 2.14686e-09 4.66428e-06
53420944.558521561325 6521 2.9609401235125019092 0.088821703598133711077 0.19917345529860888687 1.5046012089919991173 1.8457606253225986581 5.589722157240423428 5.6447135849593390589 5.6976485596631940567 2.953e-09 5.18726e-06
53420944.558521561325 2010 1.9269458815341180546 0.61377353364132525293 0.12665506309825197429 4.170994864770959154 5.3423274817851602592 0.3016843046501443415 0.148444937286039913 0.057667615998721180604 1.54172e-08 8.99881e-06
53420944.558521561325 5717 3.1689870241044726384 0.11795820047960527133 0.25348068525839201337 1.6866214793121052651 5.7484127623901777326 5.1271759730124966126 5.2328874526904636255 5.3352246127467726211 2.31886e-09 4.78566e-06
53420944.558521561325 6832 1.5013155513689027121 0.2178605015887096763 0.33735497158834498732 5.7246436032111631675 4.1262681055346615011 2.2193019550116344085 2.0315742604522553094 1.836435113730524149 7.86044e-09 7.18895e-06
53420944.558521561325 6842 3.1877830027128486456 0.040580796692240100887 0.17163613771481209258 2.3185596978317275507 6.2078318877745175541 0.29152662803520074108 0.2800809589769900354 0.26886306919250380076 3.94698e-09 5.71398e-06
53420944.558521561325 5372 1.6734028800605749154 0.33220388550581514409 0.18969570699137888736 4.3319908015468699958 5.730028754139026681 4.2514759057116036089 4.5799249647813917719 4.9092185659956815158 1.39548e-08 8.70479e-06
53420944.558521561325 5131 3.5511445861992614326 0.090172484440781547343 0.22855051926176267463 4.087726904569874975 1.5207270894008384499 1.7321420724676168668 1.6423674357844890714 1.5524258036079505718 2.25296e-09 4.73989e-06
53420944.558521561325 6291 1.292735870188024494 0.17013596920513304744 0.32793019910843351772 1.7065851260006075218 0.00076442837528458535638 4.7798557270942900743 4.9494612236501804858 5.1148384466311682672 4.97801e-09 6.17355e-06
53420944.558521561325 6119 3.1112043256768915356 0.052045625639489889736 0.18813598650456611616 1.787835400112834483 0.96640162364256687599 1.9920252727274787574 1.9439946289281986314 1.8955315106493244581 2.96829e-09 5.19619e-06
53420944.558521561325 5525 2.0708196446876123709 0.40920348468781747586 0.19630667118184400022 2.7442383493342026313 5.3254104085497164789 3.599409555867066679 3.8324204513292752239 4.0931548452698933716 2.22151e-09 4.71773e-06
53420944.558521561325 5240 1.6380343096872962416 0.39440508300688481569 0.41345926221481188456 5.7748512550901143214 4.4329581537386584245 3.3113495453213315223 3.3983836231734874112 3.4985538604931143425 1.54708e-09 4.18172e-06
53420944.558521561325 6997 2.8987180826465968053 0.056912604407605794921 0.14934959203452385923 4.6590411703477396799 0.86220495051316237145 4.7045184264546300312 4.7614727959472062935 4.8183168565984573206 2.77488e-09 5.0808e-06
53420944.558521561325 5667 2.0732728269878801797 0.2298138416384489513 0.7560661381248524604 3.6470941180843574614 3.1250992480205224133 3.7960493139101014748 3.9519600630653513029 4.1184694881609855699 3.20823e-09 5.3326e-06
53420944.558521561325 6103 3.3045738518065230771 0.054787422421388946858 0.10322879289654106338 3.960421815874206164 2.0364856829330593158 5.9899230198098942779 6.0053670668071772454 6.0203929666924649311 3.07621e-09 5.25842e-06
53420944.558521561325 6333 1.1231893482907597814 0.15855215154724527915 0.36527396243041077017 2.0607338809536352997 6.2778756548301624107 0.46522099744031003565 0.39842764197677538185 0.33691422337557580535 1.94245e-09 4.51128e-06
53420944.558521561325 5252 3.1522915395555624052 0.18874134844504350528 0.1642763119169303454 3.3573577597979267217 0.42641583998371707098 5.2923109729915669419 5.4434367294652634683 5.5839499979621605164 2.42859e-09 4.85999e-06
53420944.558521561325 5316 3.4386170452604183367 0.15391171314349400001 0.19580991675701958643 3.9988356975674830274 5.4306957850103909635 3.9566039138256852148 4.0754601634258786902 4.1991938019103569601 2.96988e-09 5.19713e-06
53420944.558521561325 6874 3.2904558660384837232 0.098162631038017630902 0.22896133800498208455 5.1937447918646517664 6.1783207162601279094 3.9753646436451299806 4.0506833460810565128 4.128128295394642322 2.61974e-09 4.98428e-06
53420944.558521561325 5053 3.0417324822361275771 0.20765150609097374201 0.21404296056629806833 3.8606497438166447189 1.0807629644362528598 2.6243468983043620746 2.5102356807472774314 2.3876713132243616577 1.90259e-09 4.48021e-06
53420944.558521561325 3953 0.94865856397617664975 0.13268539230922474226 0.29785147793401611782 0.48334845390443237356 3.4685990065510701186 0.7481438689265980102 0.66175566730798496273 0.5802201129441704186 1.87457e-09 4.45811e-06
53420944.558521561325 6204 1.5639569369150758682 0.212060176579342341 0.29150632800246317755 0.092046721772397741002 4.5605785211618492525 1.406041622198123342 1.1988488777051977685 1.0012890896225863369 2.26769e-09 4.75019e-06
53420944.558521561325 4189 1.1142880403197905625 0.041706053783617060005 0.022857711795991667719 1.7626801484024992028 2.8629221320297983944 4.6601105889065417287 4.7018172166293386027 4.743520939854731111 2.43199e-06 4.86225e-05
53420944.558521561325 5324 1.9788239838370349499 0.18769833261853210993 0.30072593214244663917 0.92574795080756966392 5.1328612001169346968 3.4250051530290170909 3.4832420650442315058 3.5461288200047298425 4.64884e-09 6.03437e-06
53420944.558521561325 5185 3.5385231714231912825 0.032307275061178843123 0.23617126134279844973 5.821263675945647087 4.4512277623298537321 1.2473845644344927486 1.2169031040462392479 1.1865978908042382756 2.64564e-09 5.00066e-06
53420944.558521561325 5451 3.2902068795756522768 0.049500938895463766909 0.079029089722972026277 1.6452778568279626814 4.8232832446117663849 3.1288804417982598594 3.1282348184162138693 3.1275736126972701889 2.58702e-09 4.96345e-06
53420944.558521561325 6192 3.2282542231208282146 0.19472950582355205706 0.3394933031292230452 6.2322614638562603417 0.16092745570702202129 3.6449153161995972994 3.7485916634029776695 3.859666372200980522 2.79503e-09 5.09306e-06
53420944.558521561325 5992 1.7241554322893470896 0.22036795086632185448 0.21672145586824934083 5.3746966095840900124 4.7904166983890279496 3.1334277001183972189 3.1313773117246745947 3.1291262169224305367 8.41385e-09 7.35386e-06
53420944.558521561325 5853 3.1497311919161394833 0.12754929001912715392 0.18666734905980680859 2.0548281052045616057 5.7624704686031682499 4.9586623825993445536 5.0808091054990107693 5.1997995178766318602 2.34516e-09 4.80368e-06
53420944.558521561325 5360 1.5095381919280945748 0.36770129664405570846 0.17287051436833394957 5.4764164995267048397 3.7654304518735139951 4.0566088114605944881 4.3950483275182889997 4.7443897844564544286 3.7029e-08 1.20512e-05
53420944.558521561325 6233 3.1492713887370809012 0.1452123391927087892 0.20748111300103125321 2.8937094206963140941 2.1475579724280806637 3.4463214858052895195 3.4933917524923612241 3.5434300768995989905 2.38928e-09 4.83362e-06
53420944.558521561325 5650 1.8286048954055498239 0.12067356317424021706 0.33736417039798216599 3.2395881034921210073 3.0762323538919442711 0.5185531163772906238 0.4615400421214479465 0.40780078126538005234 1.14639e-08 8.15256e-06
53420944.558521561325 6255 3.2332185231788068691 0.12865244820403276549 0.22665253063188045557 0.78218626145657654813 4.783418956743256345 0.51306363845024449688 0.45304784897397154531 0.39673565136292093802 2.45838e-09 4.87977e-06
53420944.558521561325 6952 3.2322435505259390354 0.1350438598587872796 0.14937931611009924726 1.645281872765851805 4.3173666148222800132 5.811828367344456403 5.8699060796883939517 5.9241416691241806092 2.57429e-09 4.95529e-06
53420944.558521561325 6140 1.7193793257087703896 0.28374264993749281905 0.30558465057515660224 2.9456700184731356984 3.4670630451643296155 5.2292595825265602016 5.4632163445462698093 5.6706675915976889613 1.67728e-09 4.29587e-06
53420944.558521561325 6956 3.4931609988487819507 0.18247226080773121248 0.42378328046023033826 1.3309091310129774755 1.6084990898989470764 3.8237848683174844311 3.9485678177253125121 4.0803489641476931027 2.20649e-09 4.70707e-06
53420944.558521561325 2850 1.6478329322325304673 0.2488674025224728581 0.36875853854329831982 3.5535476703690425104 5.275338525353536312 1.5394497920142731218 1.2890431409246991823 1.0499887147801891807 2.86233e-09 5.13362e-06
53420944.558521561325 1284 2.3950428806890440292 0.30455088642714189806 0.29318232559279699956 4.6935635312377339545 4.6052338562117176579 4.4841409541553076679 4.796561463353247845 5.1000341140507288173 3.64405e-09 5.56389e-06
53420944.558521561325 6722 1.4704186787597695041 0.16573256923797588525 0.49348869436183390169 1.2704270650339566373 2.5715544268504415548 0.53920989798113772018 0.45928891754005085613 0.3858178751164479392 1.78527e-09 4.38616e-06
53420944.558521561325 6089 1.7355012770651874199 0.32129276186531080528 0.31335824757383734518 5.9024614417373477693 3.9063047419146519346 5.0248427469243885923 5.3215468440727420329 5.5850487281505900583 5.81535e-09 6.50193e-06
53420944.558521561325 5211 3.1977776702651712348 0.066689895668692877884 0.24170039537788870487 5.2648584608786750394 0.035070919088484933668 5.1022999537646915869 5.1632604020271264389 5.2232858245108486628 2.07199e-09 4.60942e-06
53420944.558521561325 6295 3.2640558127558931822 0.027838708500386298572 0.26895377003218506884 2.2368104164500612896 2.6619114848041554033 1.5645947746661463817 1.5367554077120406664 1.508932827181550751 2.30061e-09 4.77307e-06
53420944.558521561325 6211 1.8773881685762414673 0.31152153704824431246 0.46329957778548558345 5.2586397449464037379 5.4518260692458069272 2.4611694886818322736 2.2326902195942301965 1.9869527983522836667 2.33777e-09 4.79863e-06
53420944.558521561325 6969 2.1738745398502183903 0.047501665064021494911 0.11400811180277894974 1.519218974186336224 2.076654598991340972 2.411495454022118512 2.3792280975032573664 2.3464218594872492396 2.41679e-08 1.04535e-05
53420944.558521561325 5578 2.8831161351857494957 0.023353672549430336963 0.22426478484708992078 3.1749532877870780823 5.4113465984716739854 3.9847154709626617652 4.0022926794648761017 4.0200017483473988733 3.04211e-09 5.23892e-06
53420944.558521561325 6286 1.7793556925688516213 0.57368922123106858013 0.74949085159437400794 0.97675062744705964946 2.0234480254135647215 3.0824578141721010738 3.0280655556416529173 2.9630760951435926032 2.66284e-09 5.01147e-06
53420944.558521561325 6886 2.711472925125213429 0.23427953777762730581 0.60044546313592184195 4.6837524976056377213 1.5260609472109811779 3.2547127901919452597 3.2851179970954151877 3.318627723734290047 2.88448e-09 5.14682e-06
53420944.558521561325 5290 3.1987113196379670654 0.059052826323993237723 0.11055693478006288488 3.682942191135744725 0.22283503260828563253 0.10258314068520764384 0.096703514095789408489 0.091001794649122169645 2.68653e-09 5.02629e-06
53420944.558521561325 5080 3.2157758353771539461 0.17661859540818455883 0.2568379545679241871 2.1822943092707487445 5.069197841905958235 2.6439100695297432786 2.5517805680402383395 2.4535444456132937674 2.57476e-09 4.95559e-06
53420944.558521561325 1410 1.8574330639963052558 0.05921528716297616568 0.32962739231913590343 5.0508977853495000687 1.1648894710615416148 0.27624329461024588195 0.26052694680581617304 0.24527369565380777172 1.96181e-08 9.75145e-06
53420944.558521561325 6186 3.2289815620554040976 0.03256649962205181853 0.15843906184628245293 4.5706465307817403243 1.3414036257691961396 1.4225626172508714085 1.3904247956121675855 1.3583866187371012035 3.14704e-09 5.29848e-06
53420944.558521561325 6417 1.984070999810192637 0.18867724761342169471 0.89506987207755583924 1.8502706851435124502 1.1568775799473305366 4.5074580217972251006 4.6969742160696004163 4.8856290478586714698 1.63097e-09 4.25597e-06
53420944.558521561325 6572 3.0038578008927756535 0.13978852946031969373 0.19788434710816632522 0.70055473947721236261 3.049187374849294585 5.3878747304134488871 5.4927957674651342046 5.5921333258972305558 1.66053e-09 4.28153e-06
53420944.558521561325 6029 1.767617638135354774 0.2849900179496939745 0.46062193140576446204 5.6322250924732841781 4.8677319943800547719 5.333913359682994404 5.5511742448750398538 5.7416521333222583223 1.2969e-08 8.49478e-06
53420944.558521561325 5063 3.4643207606334782689 0.15471367429142190986 0.44847482183441050863 2.0799551957669293323 5.2221693126078037039 1.5510586157130954454 1.3959883512401400907 1.2436325204976172998 2.23728e-09 4.72886e-06
53420944.558521561325 5643 3.2874011378927838756 0.085563240257330933081 0.058251911673912450118 5.7387080915198307451 3.9996146771754541582 1.3018481872278160338 1.2201853024132538472 1.139827471413532356 2.47115e-09 4.88821e-06
53420944.558521561325 6335 3.1087556586326119401 0.055703362210545934174 0.24776379330360875919 2.6122901566847209764 6.2654383361098568983 1.1304260093100200191 1.0806003866255537993 1.0314566174141692745 2.80706e-09 5.10036e-06
53420944.558521561325 6290 2.0420752487054989466 0.37924202091119862956 0.22435325108710424402 3.1965290880877699209 2.710760435987734418 4.1951899432400843182 4.5701155137496147773 4.945525745652853189 4.66797e-09 6.04263e-06
53420944.558521561325 5878 3.2277020737019985752 0.065599610573650865564 0.10429534969352520501 1.4086943519387609136 1.8358743193226148005 4.4735772475976931517 4.5378611685114629282 4.6024642318453228285 1.44428e-09 4.08696e-06
53420944.558521561325 5257 3.1898209178036980305 0.13846223345196309595 0.23964052031717739122 0.90941354197478585508 1.9103446508062702502 1.3251129932223804087 1.19259830204118078 1.0639209845829560308 2.20895e-09 4.70882e-06
53420944.558521561325 6327 2.9909454252316849399 0.2063766296715397186 0.15241267718751286275 5.8443774342697345503 5.041464925222220117 3.329423360048426872 3.3728200231942917497 3.4201158507316953283 2.25041e-09 4.7381e-06
53420944.558521561325 5405 3.1776530619203096073 0.058832682780523212762 0.13599922207666953478 1.1088224711659588895 3.1860440622862404858 0.24030904310460468598 0.2266843872196761811 0.21346186086581767083 2.93677e-09 5.17774e-06
53420944.558521561325 5231 3.1498894201697180684 0.093705423721758912547 0.25410929011065785943 3.5585973862920825539 2.026832541943925925 2.7706320069413719054 2.7350336081018151724 2.6979776855277952663 1.89135e-09 4.47137e-06
53420944.558521561325 6129 1.4357524140032400517 0.36679531872346393673 0.72023710050706835073 0.070129984301891823417 5.1727518559693539402 2.214145465259871326 1.8742700302594357264 1.5242357252074496543 7.14833e-09 6.96495e-06
53420944.558521561325 5034 2.8812400112160170274 0.18511767380066501687 0.19546835053078046029 2.2498879569120200372 6.1279348793898460457 2.6389614777009806623 2.5410693256106942073 2.4364640824722805235 2.20492e-09 4.70595e-06
53420944.558521561325 5534 3.2396020992487346568 0.14360321305213363807 0.12279417302703039827 2.6326961928724030848 0.82135733325471949051 6.1762221627509479305 6.1906008775899037389 6.2038773128446491611 2.18919e-09 4.69474e-06
53420944.558521561325 4112 2.0846692212438520109 0.53141159682852912027 0.64407420059452713534 3.5752026123623319442 1.6809463317396433624 3.0818840786757344397 3.0337241725340136078 2.9765127099348931417 1.99037e-08 9.79854e-06
53420944.558521561325 5288 3.0833881094168615888 0.25587837914121630556 0.26336327356637523334 1.4298409590653358148 5.1606408148089109034 4.3367390061799833134 4.5895819792906511481 4.8435332597283089484 2.94866e-09 5.18471e-06
53420944.558521561325 5938 2.1177950704241070845 0.33973313139553623641 0.20049676195796264921 5.2825701530411697249 3.4643134991386306254 3.2952411248839141855 3.3600173468912375441 3.4336348037463442218 1.88863e-09 4.46923e-06
53420944.558521561325 5446 1.1261929518341893264 0.16389033618037168738 0.25105875515430581268 2.1195133853452627903 3.2640062642569742657 2.6243302486807573715 2.5364877384909134683 2.4432589885486648562 5.46354e-08 1.37196e-05
53420944.558521561325 5914 3.1925712060279174409 0.073047850193615801451 0.12748966655328372588 0.93608986875266231298 4.5539535020273858024 4.9333836904339314344 5.0041532087237179383 5.0741139033302538053 2.63408e-09 4.99337e-06
53420944.558521561325 6154 3.147731820410029524 0.15313974297361415688 0.27216974434426116636 1.1943781950967331529 4.6991174977615894903 0.53179624694771954196 0.45857680108041060096 0.39078606400645854446 2.04677e-09 4.59064e-06
53420944.558521561325 5511 3.2071955408979460067 0.13007586992809372362 0.21466454156128450537 1.6012717608021103111 4.6308710923822058447 1.8821321736670575397 1.7554124595452544888 1.6275469962872226581 2.90982e-09 5.16185e-06
53420944.558521561325 5957 3.226250419225358268 0.038931148119615156811 0.088458609204418697791 3.3223014380759536834 4.2636834871372055744 3.1938182722342207676 3.1958916408595827718 3.1980045241546628532 3.45473e-09 5.46581e-06
53420944.558521561325 5962 2.8964461218808206233 0.16906850749788332466 0.15139661843788465578 5.0694467590838829807 4.567552255187154131 4.4383634777493643497 4.6057783668833423008 4.7738869827033285631 2.88829e-09 5.14909e-06
53420944.558521561325 5160 3.0496379737223380246 0.070238161755048059143 0.23735807448508494666 1.7277340633166675676 6.0157793983888767642 4.3791146942788881091 4.4463181844199626269 4.5140847703572664074 2.48083e-09 4.89458e-06
53420944.558521561325 6827 3.0816602597768332217 0.11100712366054540925 0.17329982340386723694 3.0123035086801071003 5.2468637597392362437 5.6750841569554397736 5.7359015728504720855 5.7936663076588912347 3.04652e-09 5.24145e-06
53420944.558521561325 5481 2.2096352809790311689 0.40890820092057611479 0.3227206157073840842 5.7427999335832762284 1.0134269533297426413 3.4681465671171447518 3.6397194158714212264 3.8350878940960093644 2.0621e-09 4.60207e-06
53420944.558521561325 5196 3.5515429248336998214 0.17156769522506462589 0.18611280495270976498 2.7639096287457225465 1.0234471719067426143 2.7299875025662339034 2.6549205393408996656 2.574680561306976756 3.02458e-09 5.22884e-06
53420944.558521561325 6960 2.9538711591440014459 0.18486894906893336366 0.11023160969885645311 5.9698186557740804403 5.2849663352153086748 4.8665245862190422699 5.0476923276249374695 5.2222660238180305114 2.28045e-09 4.75909e-06
53420944.558521561325 6928 3.2384589018940812544 0.14554551213082420058 0.27567245307306187385 1.0903721244712010208 5.1617288449232194836 3.7530988772343745197 3.8423975473050813179 3.9362501103792655321 2.08658e-09 4.62021e-06
53420944.558521561325 5929 3.2590741480954350529 0.13177289591825003257 0.20560163352106172741 2.3730132486838528827 5.5761387632101548917 4.0963168656992285932 4.2085116462944478499 4.3239074215235016041 3.18574e-09 5.32011e-06
53420944.558521561325 5640 1.4206594741377049917 0.15752144878917692661 0.23243015050607354621 0.77662965716026455265 2.3654047503861335144 4.6414801811847512525 4.8001518600179577945 4.9570670575433588567 5.24602e-09 6.28242e-06
53420944.558521561325 5762 1.4450966217941050296 0.060553696539999771198 0.48541036163296941153 0.40723617155848335081 3.559592025186723685 0.084152183538564920284 0.079207133778606803043 0.074415862594274587161 4.50081e-09 5.96963e-06
53420944.558521561325 1444 1.8840877193245602061 0.55443389903497430904 0.72957658908394051878 5.1701513652176283031 4.6032979680898034047 3.2744908118932416485 3.3889171641128288393 3.5246485493423871382 1.72307e-08 9.33865e-06
53420944.558521561325 5176 3.0800405947124365191 0.22134558296714987313 0.081115557245368355432 4.0100234141484136785 0.73190063877262812042 2.9213768124068342225 2.8664214388541582323 2.8062792510421417091 2.68297e-09 5.02406e-06
