58250513.347022593021 0 5.3977741149963538447 0.022109428167209368293 0.012320469968495100649 0.53032842439213212504 5.1212925681719090321 1.6887713349045745392 1.6667851788310255046 1.6447775290648998237 0.000954966 0.000356051
58250513.347022593021 1 9.0243981885418627087 0.084635825285476501412 0.060709241220411359896 0.63472290489196525609 4.704397799556995885 3.4413022093634477727 3.4673904944691753549 3.4944794394612728183 0.000285285 0.000238018
58250513.347022593021 5775 3.0383725987394365475 0.16073099693504788732 0.13293435038176745766 2.6761999828890976616 4.3594938309976809521 2.8613230346470106547 2.8128090884930379012 2.7609103370369343367 3.02463e-09 5.22886e-06
58250513.347022593021 6920 2.3863014626253900019 0.19306332742199855401 0.084842245960045678532 1.0394040260660302177 3.6647918995776374018 2.439525083857044585 2.3037528481536320157 2.1602682731601570154 4.48089e-09 5.96081e-06
58250513.347022593021 5134 3.5405179344287258658 0.023505093496542638076 0.34116708920390387272 6.0925779620476401277 5.0353584317836599382 4.7012899579685711871 4.7247988352459930894 4.7483021188207050756 2.31886e-09 4.78566e-06
58250513.347022593021 5278 3.1897086362653390701 0.047489371959165888049 0.31992430143639477569 3.2727796053034907686 5.9522789457589082573 2.7109947953642721252 2.6907239138858183303 2.6700305328881315248 3.13887e-09 5.29389e-06
58250513.347022593021 5196 3.5496327158757696729 0.14482708786872422468 0.17873600415277682285 4.6168803173107821891 4.3137116906272323646 1.2396703648382900731 1.1053704095191525525 0.97594850751160711066 3.02458e-09 5.22884e-06
58250513.347022593021 5588 2.8131550565512069007 0.20061670569428496913 0.1707338984938207016 1.912269725034337009 4.4669798307185697439 5.2083999072469486791 5.378042448371155082 5.5358301734073052103 2.40685e-09 4.84544e-06
58250513.347022593021 5846 2.8048021558467883807 0.13775050741988031922 0.13420544618100313516 5.0954581777411140919 1.7755630366900418959 1.0833976242778102783 0.9650820774714470307 0.8518379845447874299 2.37403e-09 4.82332e-06
58250513.347022593021 6960 2.9566069731073709725 0.16466618895801876654 0.10556592167028672202 3.9683613459181366068 2.2515224005841747434 1.2111074880368160045 1.0606042537517232915 0.9169081844331976594 2.28045e-09 4.75909e-06
58250513.347022593021 5548 3.1689787822589452482 0.071968911611489050362 0.30614682393451192466 5.4086488198217672618 1.941251035176087214 5.8611935041339426888 5.8897674365038401589 5.9173565322176049364 2.11518e-09 4.64123e-06
58250513.347022593021 6443 3.2054524317877102213 0.20925835332743814021 0.26476398045893845268 0.83100739247166222068 1.1476386856248779189 2.9270457140403203233 2.8768114284661456814 2.8220489099918664166 1.88164e-09 4.46371e-06
58250513.347022593021 5990 3.0947826934456665882 0.032826240628526993925 0.16659697991414351703 5.4505312765036997291 5.6711272602698761247 0.66566184770051040065 0.64564273449016540418 0.62589079410751735644 2.30118e-09 4.77347e-06
58250513.347022593021 6883 2.2882735990914726543 0.193821448385737366 0.18962357839292420802 0.99488424035888678443 0.59574323830060049723 6.217902125524288337 6.229531897821654951 6.2399260907185762903 1.23696e-08 8.36184e-06
58250513.347022593021 5098 3.1714241331744030816 0.050015171790891224668 0.10125163154112480635 4.1591387821016425619 2.0820470256619505456 5.9402686702998259705 5.9567082686615613341 5.9727485420617965062 1.90652e-09 4.4833e-06
58250513.347022593021 5929 3.2856441240870699616 0.13263188909306677932 0.1837099156132251665 2.6646884502916452497 2.4688493207564103926 1.4030025365655856007 1.273280493700631455 1.1464754335678253305 3.18574e-09 5.32011e-06
58250513.347022593021 5467 2.9552347063358435086 0.13723571718327573499 0.15178777930648512662 5.5109778716241537566 1.535201179508872249 2.6629790270042210665 2.5953609985808130389 2.5240710344785144414 2.43648e-09 4.86524e-06
58250513.347022593021 6282 2.8362871551239132728 0.064088051682810176501 0.018071409894589884892 3.4686647720356211799 1.0300167626118861275 5.5305111428638280557 5.5733565639465378894 5.6151229963295312686 2.68214e-09 5.02355e-06
58250513.347022593021 5694 3.1118895182574304314 0.036713049213441178997 0.29177995917121235525 1.1006436265471095659 4.0280537144186636667 2.1929907057580022567 2.1628270143408019344 2.1323621894005766464 1.21025e-09 3.85309e-06
58250513.347022593021 6392 2.9785339268387747147 0.1963822555851620355 0.18483780573712157991 5.5781011288558319805 0.19342681573644732174 3.3466467380173554602 3.3913614081891267915 3.4399031537206403719 2.75286e-09 5.06732e-06
58250513.347022593021 6484 3.1101935534493017066 0.13824374826776134051 0.22860521270149833373 0.76353213708967160311 1.7883345722266401623 3.4218439154029898219 3.4630083147282277878 3.5066809028629748468 1.88476e-09 4.46618e-06
58250513.347022593021 923 1.6709261775164894193 0.10438003281167521075 0.20447171344268680326 3.3213334157412184311 4.5346616595407116534 2.5698948438195867716 2.5106744349314631393 2.4491020673604877445 2.53731e-09 4.93145e-06
58250513.347022593021 6739 3.1423421022625999122 0.022889523560493438281 0.21691761833392647629 5.1072518545826586234 3.3426450272173622302 3.2027789083121760427 3.2041949196741290606 3.2056269199454914265 1.84353e-09 4.43337e-06
58250513.347022593021 5885 3.4994218163633719065 0.04735046431146477941 0.27166869196038645473 2.6928749969397296482 4.5046658560853485298 4.2005644003122171171 4.2423489488999699404 4.2845642628273648 2.25928e-09 4.74432e-06
58250513.347022593021 5642 2.8996558581658247178 0.21726743644222068497 0.12959927103456561626 4.3788736268784171912 3.9024387527110095952 3.6075776236015442144 3.7170286827342140512 3.8352657631472153454 2.80041e-09 5.09633e-06
58250513.347022593021 6764 3.2756572699320916087 0.029567154255129700358 0.26850811482023168031 0.99128509638034090212 5.3948374050259015888 0.63392149970116073998 0.61661144942239143329 0.59951353399505058483 2.4069e-09 4.84547e-06
58250513.347022593021 6362 3.0058589096875092395 0.11257555366967036958 0.26388910237238299983 5.995454633035019576 3.7133659230189905998 1.2341296487340667198 1.1295824518935517755 1.0277878132504507658 2.92709e-09 5.17204e-06
58250513.347022593021 6775 1.8110778791162589485 0.22635163474698413721 0.31025875526674251415 0.1636549279658153222 1.2706745761694311359 3.6883904408031664701 3.8203855121526379968 3.9625012746537424668 6.39874e-09 6.71246e-06
58250513.347022593021 6055 3.235966060178315562 0.093435690197506762744 0.059517226346318209684 5.971287979754395181 5.6258068771355125293 4.1138957126950916887 4.193314416809666767 4.2744426307261544906 3.0525e-09 5.24488e-06
58250513.347022593021 6498 3.205716484460307214 0.061326441013544910619 0.13332982561013778655 3.9267373622175769654 1.7311305424077083615 5.5243897679943128054 5.5656989926088487053 5.6060206852679268508 2.50157e-09 4.90818e-06
58250513.347022593021 6313 3.2601996492571316821 0.042410308579566756426 0.33379074458349361487 0.94445998757674420876 4.6858189112327801595 1.0947439714298101698 1.0573997090476292549 1.0204568812604515315 2.33149e-09 4.79433e-06
58250513.347022593021 6300 3.2316473000788712433 0.07470606898818543673 0.20621800652170790835 2.2363308914201445177 4.3514561964021698515 0.72521862086087263144 0.67695740354803501937 0.63015970828088097022 3.26125e-09 5.36181e-06
58250513.347022593021 5323 2.8407969309799754321 0.11500523441804025304 0.12382093374873967551 0.40488115118574341533 2.3808828952657505873 5.2979753594388316884 5.3910994506035674334 5.4806175607103115865 2.25995e-09 4.74478e-06
58250513.347022593021 4755 1.8762777564690074072 0.051570662449546791906 0.090118589465979059838 0.081663360331952150606 4.2999133794939350395 3.3369064373819661284 3.3471816411088490817 3.3577094710403625477 2.45943e-07 2.26531e-05
58250513.347022593021 3800 1.6847798526435726618 0.4368400490397956748 0.19697881300066416577 3.2772287065851086751 3.6778793793592785555 2.392202793118230808 2.0198275500753712919 1.6262923007220368987 1.79108e-08 9.45995e-06
58250513.347022593021 6104 3.3564226846502247525 0.04542309482162022044 0.15772916736166084362 5.7836171939780864903 0.91677209777331247764 4.5980150468487144266 4.6432743305181727322 4.6885889792085819749 1.75259e-09 4.35923e-06
58250513.347022593021 6197 1.9892577245541838149 0.18106290779856476503 0.39587308022923345385 2.3454721914537142169 5.5383727683442245393 3.18863354896342166 3.198080031835073278 3.2083023624935118612 8.02678e-09 7.23931e-06
58250513.347022593021 6815 2.0528084007047975312 0.34663411153209156002 0.15734245707847277496 4.8196238398405393255 1.0728350527622296795 2.4540693967571041156 2.1921429570770061268 1.91029639730846168 3.57143e-09 5.52668e-06
58250513.347022593021 6425 2.3892027146814855953 0.1724981449602921435 0.54941603361759516755 1.703688710961894337 2.5449356109352114785 4.7678465304593364849 4.9401209186893852987 5.1081653266846469563 5.02719e-09 6.19382e-06
58250513.347022593021 5489 3.2097445691456396588 0.094866081240484539938 0.30915834989237322983 3.6823977384628583387 4.8299842334485392215 3.8899253918684824072 3.9569299994689841604 4.0259884209256426857 1.80848e-09 4.40509e-06
58250513.347022593021 6756 3.2106055892329634638 0.063112409651761958163 0.30457815342664451563 0.18159870104956873926 0.18694560689265599107 2.5876353032736716386 2.5534873477554596022 2.51847348874774557 2.22448e-09 4.71983e-06
58250513.347022593021 5116 2.7208103634078866229 0.18348092610924976453 0.065405069961981268656 5.5533154287056012421 4.3440899819044673791 5.938157120670826572 5.9957167378086957399 6.0477382744611487553 2.56354e-09 4.94838e-06
58250513.347022593021 6951 2.9930407355441972506 0.027694517335427607657 0.059365049398466873676 2.5230955797300400612 3.2149653995920686178 4.124834656965143509 4.148066516956511407 4.1714670317909563479 2.54062e-09 4.9336e-06
58250513.347022593021 5559 2.1267728728871473365 0.39316652525212814062 0.61016952395566748102 6.053130338581233616 0.0074365223292997906582 3.0245906214175488635 2.9645736731643044237 2.895338650223908683 5.44342e-09 6.36025e-06
58250513.347022593021 5923 3.0153366336085367649 0.055239465982185154136 0.17151655172959209827 0.0064360016434647157602 1.9610836848139601152 1.5420492103604395151 1.4868482701017844416 1.431803333724926075 2.22479e-09 4.72005e-06
58250513.347022593021 5234 3.0204593727713557882 0.16916653700082712186 0.092064328683498106165 0.3639404984177329605 2.0368462325949789893 1.1344077925825326592 0.98562471933026096771 0.84460456546251372334 2.35138e-09 4.80793e-06
58250513.347022593021 6863 3.1694998746273932433 0.13474224668587525544 0.060786865455861538443 2.411012904575946969 3.9085074873993512767 4.6271989272563214257 4.7626412167736900116 4.89721336781950356 2.72515e-09 5.05026e-06
58250513.347022593021 5146 2.7792216769386945963 0.045095249551059590765 0.11193838528067100169 3.3636421932774291932 1.113511951039829917 2.8530954804174530892 2.8399752549003061119 2.8265790355197588646 2.55901e-09 4.94547e-06
58250513.347022593021 5492 1.8057024851049936487 0.30803323513575131543 0.44862419159893751619 1.5706337773490717247 1.9206493089982181743 1.700828995470883287 1.3839232307222755214 1.0812528612973968389 4.51271e-09 5.97488e-06
58250513.347022593021 5047 1.5540416877845586452 0.13346157584139400898 0.25870607701649450672 0.015669271163342241016 4.6319416042349237372 4.1390431633518129928 4.2557835678377884392 4.3755725861395022847 1.0218e-08 7.84583e-06
58250513.347022593021 6657 2.3569941573814245928 0.17121381480013705967 0.39378490243750813304 1.3391883649273659262 5.5949957149293974012 3.3162079362210459266 3.3489524130873480345 3.3842013892681572784 9.52311e-09 7.66378e-06
58250513.347022593021 1444 1.8948211612855672126 0.31141357615528753033 0.89008472598529442266 0.89136411943741999941 4.587671584224802146 4.0402408393025606159 4.3159589028051126292 4.6032208972090726817 1.72307e-08 9.33865e-06
58250513.347022593021 6628 3.2471538430551478704 0.10256578780626167402 0.20648087548492427556 5.9941061762667358082 2.3279721789325806824 0.58838149019149343921 0.53366017482281280504 0.48148619216664079179 2.5094e-09 4.9133e-06
58250513.347022593021 519 1.7563845105622599707 0.092152606827056171568 0.16158999815870159211 1.8936793735947139439 5.3478812613243835727 6.0113103681850095228 6.0350524282304442991 6.0576845972306969657 3.92741e-08 1.229e-05
58250513.347022593021 2992 1.8193591592270541568 0.22066634798048836985 0.11710318547310447079 0.33722398359752697727 2.601238272845403543 2.9533352576112443799 2.9063774904089751949 2.8549507060585401774 2.26492e-08 1.02298e-05
58250513.347022593021 6827 3.0956737989281712942 0.072319667214746446993 0.14860137260303044049 3.3251411213091004448 2.2419436129318186524 3.6316193854797038654 3.6668223065892910917 3.7030842350058321699 3.04652e-09 5.24145e-06
58250513.347022593021 5626 1.4448391926597357049 0.20052712530723351692 0.24206002555641956131 1.1120256644002954882 1.6948008718174967235 3.5752336309821162175 3.6689026296934117433 3.7698099933636619596 7.93289e-09 7.21097e-06
58250513.347022593021 753 1.5910112787904453491 0.42038130880221458163 0.11300347967411360217 3.0363283351845451463 1.6681529938655696998 4.1693749481217867725 4.589005346517026851 5.0061908708012250457 1.27811e-08 8.45356e-06
58250513.347022593021 6244 3.1674559268489779207 0.12303987300444739483 0.30526037964819163761 1.6341967756695015002 1.4277056149557669773 1.6582108098141590258 1.5346637474539255308 1.4117041838821773325 3.08558e-09 5.26376e-06
58250513.347022593021 5020 1.7927777179402872854 0.48732155531821669259 0.61206417233618215512 0.54713860133321579049 2.8808684040949881222 3.2043866188125416095 3.2484801229642523701 3.300469562710873106 4.40916e-09 5.92883e-06
58250513.347022593021 6390 3.0599381629249293724 0.1164522896107476474 0.086346334278184125322 1.2865845591859397246 5.1840969442654678545 2.380793908069203102 2.2967155339526157398 2.2096220838299918121 5.26519e-09 6.29006e-06
58250513.347022593021 6914 1.8138735442388078667 0.18303021707916342087 0.33479572534571272469 4.0942122749571403517 5.5599414505931195052 3.3084088188298776956 3.3421243509538873795 3.3785822133813359081 4.41745e-09 5.93254e-06
58250513.347022593021 5481 2.1026361381871119249 0.39574406994340682875 0.42494428936627337556 2.3195168977556122059 4.6482229155799883458 1.6021539258991339683 1.1928961531109929517 0.82507520845991288994 2.0621e-09 4.60207e-06
58250513.347022593021 6702 2.1122412119589411006 0.24989722026942753907 0.18412682738562943796 5.1860901867551394417 6.2163011876617959572 4.1545364985948669556 4.3844690258015566187 4.6210503029314971002 3.70623e-09 5.59535e-06
58250513.347022593021 5195 2.7477618235448257877 0.067154319258984629393 0.12813100214722630832 4.8264308120440251315 0.53977047512158005116 5.8540396532405551966 5.8811823555002078479 5.9074573156643301886 2.26107e-09 4.74557e-06
58250513.347022593021 6935 3.4593014051775718976 0.11055386072660920715 0.44369853881720483502 3.6011367525048116889 3.6870240248995753696 3.690370190321861088 3.7510710214381273175 3.8143564543933110578 2.603e-09 4.97365e-06
58250513.347022593021 6667 1.3691066205270285838 0.28734944950146301679 0.31963146699734795719 2.0510804490575735848 1.9934449367002367026 4.8131600642412877278 5.0989986290126214641 5.3651395955221126144 1.85586e-09 4.44323e-06
58250513.347022593021 6816 3.1161797769476411446 0.16531747940764865423 0.15830068992166923536 2.3610016038942336358 4.5989753714116856642 1.4137172932199857378 1.2517720464664039426 1.0947961737987943476 1.76213e-09 4.36713e-06
58250513.347022593021 5762 1.3916066038828811546 0.14975112967510559314 0.47181078895478928414 1.1885680275513699211 2.0805128105497465718 2.8400502133852705278 2.791867102575632309 2.7405563778014747633 4.50081e-09 5.96963e-06
58250513.347022593021 6595 3.0535920157843405853 0.056790469350331537757 0.2295397075514243046 0.12379092139356792646 0.075477350876057502926 0.54654451669165315941 0.51770668429119226506 0.48960172560360060157 2.5233e-09 4.92235e-06
58250513.347022593021 5950 1.3160205587029027985 0.11755408053558219494 0.33214075140177617973 4.5241415269481288775 1.3600881571137322101 2.6577386316826436818 2.5998561321862907469 2.5392423511185930884 1.07677e-08 7.98408e-06
58250513.347022593021 5351 2.9599801990323286738 0.13927087713361843702 0.11411060407740175604 4.1669878415018803963 5.7295531275433688734 2.2954939175784816463 2.1857244825623953766 2.0719659555497114134 2.44807e-09 4.87295e-06
58250513.347022593021 2768 1.5930297917465887636 0.041432747333715748417 0.021356465475467059645 0.97472838573377762472 3.5167425114833261723 6.1428906332214108232 6.1485702943468645287 6.1541309343410608435 1.06163e-06 3.68842e-05
58250513.347022593021 5194 2.3823195500834910554 0.15963344113859148643 0.39691299230306820167 5.8469348977197137529 2.4598418098701344547 5.4115982717820934056 5.5283844284531467039 5.6377562654948061294 4.75382e-09 6.07945e-06
58250513.347022593021 6928 3.2165356755679481715 0.20098003046986315234 0.23865640170638363626 3.1105738777128353334 4.2102978023218913251 4.6752808883262808592 4.878260114569714645 5.0764816730707247316 2.08658e-09 4.62021e-06
58250513.347022593021 5888 1.0167241887030895597 0.27095327527278922908 0.46514346886646679158 2.1389882383946803301 2.655332437580657956 1.9491105611343184645 1.6803594661927208076 1.4110308373465298981 2.79797e-09 5.09485e-06
58250513.347022593021 5072 3.1134972138801506603 0.07188431603826282712 0.23559654275077757113 4.2580847158821049092 0.98857713219718412745 1.7988206057450308872 1.7281606577344708064 1.6571645612736043418 2.73643e-09 5.05722e-06
58250513.347022593021 6639 1.020729565133972061 0.24360870791171373995 0.28891171016653838244 6.0823791246110099351 6.0741371635214749247 3.450703792596601982 3.5359418624026206501 3.629538137832275968 2.07227e-09 4.60963e-06
58250513.347022593021 5312 3.0127274725806652 0.078215134623350640597 0.16065000111137295313 0.39378364997071269027 3.7890051751314874906 4.7905336797473179189 4.8683523901964953495 4.9456181761855253498 2.46345e-09 4.88312e-06
58250513.347022593021 6126 3.0273063321459048325 0.25714664624481292643 0.15482733059399025888 2.4501982850503467581 1.7169149416236175743 2.5252694274579425837 2.3564288671248783125 2.1746413515894258417 3.04059e-09 5.23805e-06
58250513.347022593021 6734 2.1299478914344933678 0.055027760592591463962 0.27365076467276105987 4.1593887734317274152 2.9433393647025525297 1.7423332575251926357 1.6878292591596697481 1.6331779181941779022 1.24231e-08 8.37387e-06
58250513.347022593021 6073 3.2368038310022959614 0.043451455166040785227 0.25476744952974994529 1.562820316343560556 1.7531487530930085494 0.62780877653222333379 0.6027172488362628755 0.57808535634450397556 2.87152e-09 5.1391e-06
58250513.347022593021 6692 1.9463546560702886801 0.12826127139274007272 0.29873339967501327807 1.3559917297133112779 5.1052920781446147203 2.8299074667464383381 2.7878386263616268259 2.7434061240937430703 1.32225e-08 8.54977e-06
58250513.347022593021 6028 1.0457008087119747941 0.28064995988239777036 0.12857633297004811279 1.601210363561910377 6.1500714741709874289 0.77948931962661349715 0.5972861695373123947 0.43944847045879231739 2.1303e-09 4.65226e-06
58250513.347022593021 5030 1.1827008473567917068 0.38547166809471578031 0.39082023533163395834 5.4711265861969220481 3.0485570886759747466 2.2490878148188251373 1.8956769041109011731 1.5303697013533157367 2.14686e-09 4.66428e-06
58250513.347022593021 6521 2.9430777838991604156 0.087346472212422587855 0.15042806064507263653 4.3806363008727222663 3.1955471732106852656 4.1348365287650601374 4.2099148321918065108 4.2864647307893424255 2.953e-09 5.18726e-06
58250513.347022593021 5160 3.055353448749134504 0.097806528801613029644 0.18893369010730109991 3.6394720668512836603 5.0122138527466022495 4.261576877233034466 4.3516883520021316656 4.4432010092229932141 2.48083e-09 4.89458e-06
58250513.347022593021 5717 3.1601515346001254336 0.12927619026149747561 0.2190387100985242419 3.5496525038235513527 2.7625328656676360062 3.7575069077922895744 3.8366596596020126064 3.9194529024354252122 2.31886e-09 4.78566e-06
58250513.347022593021 6832 1.6264149222826127517 0.41700267000061896905 0.16911837146155409006 2.9819212293117525192 5.770661487833223191 3.559426878834092367 3.7800418641828601451 4.0285549565462401844 7.86044e-09 7.18895e-06
58250513.347022593021 6842 3.1906827432035957948 0.049492117650333830592 0.15424930355831034667 4.5038713976689290774 3.649818500202368643 3.4365768491566530685 3.4513233627832455852 3.4664086676761196593 3.94698e-09 5.71398e-06
58250513.347022593021 5372 1.9365114767774731508 0.16904865977141642075 0.24061381646471230455 1.4270404435475299021 4.4120161862592652824 1.248982487508808692 1.0920086053638324852 0.94196877836370662695 1.39548e-08 8.70479e-06
58250513.347022593021 5131 3.5346293909749584294 0.076242612111978982914 0.26944270995287078474 0.7816543689343551371 3.5347803202155496649 2.0865939024508919353 2.018924964963683788 1.9502105862569154571 2.25296e-09 4.73989e-06
58250513.347022593021 6291 1.4220781412526830589 0.31362088313971425713 0.28401887745270754104 0.24575503953961749803 2.7029456490630372478 4.7001373551833030007 5.019736975931815337 5.3186613451509074935 4.97801e-09 6.17355e-06
58250513.347022593021 6119 3.1193892782794945262 0.071861574020950252928 0.17853611961288609611 6.0959429835562151112 5.9707593961129550308 0.24577736999947491503 0.22886080948314130312 0.21255770466249804262 2.96829e-09 5.19619e-06
58250513.347022593021 5525 1.9905458387134520315 0.3607150297362488045 0.43815980469337156844 5.4294256721628455509 6.0094970630514099597 2.4743577362596589353 2.2053158651971753734 1.9148116343578829301 2.22151e-09 4.71773e-06
58250513.347022593021 5240 1.5776406308783803567 0.33905257996298199252 0.35815161554989910497 3.4072159913993642633 1.1524268316379950861 2.4305924355561936423 2.1692856553776542761 1.8891645970191937032 1.54708e-09 4.18172e-06
58250513.347022593021 6997 2.896499407216925448 0.1152773891641773879 0.19525003368573942697 1.2394625151240843408 0.66693830558065625436 4.3152623818289104207 4.4242562851038265137 4.5347814981433423043 2.77488e-09 5.0808e-06
58250513.347022593021 5667 1.6926312348966752186 0.48337140901819808381 0.61026697699730980684 0.56312761057326876646 1.2751750223151268049 4.8188848595732496349 5.3078007878310033973 5.7079924880516363928 3.20823e-09 5.3326e-06
58250513.347022593021 6103 3.2967510253264724618 0.066074461388895416869 0.13120738188451686046 0.44161213469928034536 1.3323837542069456585 5.0799626928753394139 5.1409470283545966041 5.2010461061005237582 3.07621e-09 5.25842e-06
58250513.347022593021 6333 1.619313295148982812 0.39083429713057210586 0.43483418007840296537 0.96950837987436699894 4.2047585196537049512 3.4474851098418919371 3.599279575520914598 3.7719791998679830236 1.94245e-09 4.51128e-06
58250513.347022593021 5252 3.1502484485238886336 0.17149340972370341607 0.1807603505336378702 4.6916215880138070204 5.9051668906758072453 2.0113285387886303823 1.8494284682445598644 1.6845491212463179487 2.42859e-09 4.85999e-06
58250513.347022593021 5316 3.4128068198994596649 0.11308065840610148634 0.27024474716829999243 4.9004128073463490978 5.7929711132677246255 2.6571676385439850776 2.6015588662860760216 2.5434167528334001851 2.96988e-09 5.19713e-06
58250513.347022593021 6874 3.2809848705788176026 0.10683898562548713174 0.25480003862848199514 6.0238016808316157125 0.87723293163106408343 1.771375264630477897 1.6653444163424326874 1.5589826101604802311 2.61974e-09 4.98428e-06
58250513.347022593021 5053 3.0373944806136683461 0.20630487806737443646 0.24334324861949116481 1.4743683194587058338 5.2730245047080801513 1.662963216544370626 1.454051216999654228 1.2491506508320882052 1.90259e-09 4.48021e-06
58250513.347022593021 3953 0.94773398711228507008 0.038097050457861360295 0.45996954621823327169 4.1793075403428785464 3.2255930595246895543 1.9946906549478935489 1.959681968869060098 1.9244295432042137772 1.87457e-09 4.45811e-06
58250513.347022593021 6204 1.5129680813584962529 0.10643060027545364621 0.34000169505082472599 0.74327947322010201603 2.7549972232218951085 1.9946362546604523569 1.8952454046021873779 1.7943676615812951258 2.26769e-09 4.75019e-06
58250513.347022593021 4189 1.1089565248349904092 0.045211502483363440186 0.018792999166704165565 5.5110365333293644952 0.30959797402396155297 0.42549803021708004769 0.40720372489014650119 0.38929801447290329763 2.43199e-06 4.86225e-05
58250513.347022593021 5324 2.0313184830565851335 0.15606722260876923492 0.29032576555826372644 1.5218502177803350239 4.0625203529770264055 2.2039643275300111469 2.071400951439722693 1.9344843430228497727 4.64884e-09 6.03437e-06
58250513.347022593021 5185 3.5442471933638528547 0.021015828909357846255 0.24406420583375096345 1.8604913852241320438 3.720460696863075345 3.7058676828351515553 3.7172088484903746952 3.7286488526474395044 2.64564e-09 5.00066e-06
58250513.347022593021 5451 3.2813194702046581952 0.054389034607595504456 0.064672477109550874363 0.66164689514119867653 3.4925964747843103453 2.9773301063171899727 2.9681840665891101594 2.9587997384392927813 2.58702e-09 4.96345e-06
58250513.347022593021 6192 3.2246800965467614652 0.17069535679788822025 0.32931989865569943898 3.2474389440394073603 0.35686966299677364001 3.8967313925239324135 4.0222954544735678439 4.1539334056478240953 2.79503e-09 5.09306e-06
58250513.347022593021 5992 1.639010520317626618 0.18907491308746215974 0.12202177698962991814 3.3485375348733183998 0.2564505456524079352 2.5917685698854380227 2.4833498905057553863 2.3676875283111278314 8.41385e-09 7.35386e-06
58250513.347022593021 5853 3.142217054226789319 0.14080732541601226337 0.17289097915437978692 1.4610108600910451937 1.6535958845497267244 4.1421382473782148992 4.2658312228904504693 4.3928308442014438739 2.34516e-09 4.80368e-06
58250513.347022593021 5360 2.0130863235519838028 0.62290439091585059206 0.65869035981426860005 5.2760866623885682714 5.6307032813272002159 2.2999875850582016668 1.6449906891327950031 1.0237999949755538509 3.7029e-08 1.20512e-05
58250513.347022593021 6233 3.1563600748928157813 0.12397231668499980595 0.20944129707071199031 5.0439892961458099307 2.6616362630224621455 4.1290732974654771326 4.2365292873200148804 4.3467281832148119136 2.38928e-09 4.83362e-06
58250513.347022593021 5650 1.7577931900109935448 0.12965536227893967314 0.39173506310048056278 1.279935028230556826 3.4613684620870510678 5.4477095944711360076 5.5401650425870840877 5.6278788663521437385 1.14639e-08 8.15256e-06
58250513.347022593021 6255 3.2321527214362513192 0.12011932565735208844 0.19517115488783459698 3.4186092724195256132 1.6915048158493519725 0.20673450899745640652 0.18336822822264275956 0.1614653866950441774 2.45838e-09 4.87977e-06
58250513.347022593021 6952 3.2340265087309529868 0.12487144787193305007 0.1216301769442862668 2.6538329164079215161 0.28853826028649487423 2.9521781948093956949 2.9270275123603775036 2.9004395638352238329 2.57429e-09 4.95529e-06
58250513.347022593021 6140 1.8618025906880324438 0.37740972321584181914 0.27294255929899591262 4.6812656326036190535 2.2356012194805328086 1.7451504214957584971 1.3508012153289894464 0.98248762646512532992 1.67728e-09 4.29587e-06
58250513.347022593021 6956 3.4977056207900871776 0.13027349250411740522 0.41745001488640604004 0.15783996485604478988 5.7078346228840688426 4.8829068282432599446 5.0102524539346058319 5.1347894437299057557 2.20649e-09 4.70707e-06
58250513.347022593021 2850 1.6206605448810424974 0.036621596572316630902 0.38786459341049167593 0.40471706145578839608 0.71028338216333619659 1.3687223800017382924 1.332969167011338385 1.2973783888654906171 2.86233e-09 5.13362e-06
58250513.347022593021 1284 2.4265796672991943872 0.29740884394451683193 0.32558598193938470544 1.1589964038753415299 4.2680336114773904654 3.2057479223067892882 3.2287478688145725414 3.2546357972968178451 3.64405e-09 5.56389e-06
58250513.347022593021 6722 1.4920981037027571947 0.075897522581984525059 0.48718811950453749793 5.6134807654117286901 2.4372337215262001031 3.4844874259360474333 3.5109891813938012284 3.5383921893136891512 1.78527e-09 4.38616e-06
58250513.347022593021 6089 1.6269048407578752258 0.26331301362874981464 0.25818066624340246795 3.0303137423792456673 4.9905252557846040418 3.5591652166053213691 3.6828857118875961696 3.8185563278671748044 5.81535e-09 6.50193e-06
58250513.347022593021 5211 3.1671263543884835556 0.077478530987895893878 0.26546964990291932462 3.7781561795331999321 2.104075355995961516 3.1509552327951335648 3.1517110349456434193 3.1524949788919989224 2.07199e-09 4.60942e-06
58250513.347022593021 6295 3.2524103977655687281 0.015176762640836907736 0.23982331117429941947 2.2218388057780109612 5.2589259899544709143 1.2106294725017252567 1.1964637869380265744 1.1823379864724745669 2.30061e-09 4.77307e-06
58250513.347022593021 6211 1.8721105586079413996 0.38877582042439656762 0.41071829100932549794 2.5587608000005714892 1.3428046186119282357 4.0485371671477068389 4.4087393330679915948 4.7797292757202667346 2.33777e-09 4.79863e-06
58250513.347022593021 6969 2.1721119261272883172 0.018106614132493363545 0.20485837032837272975 6.0783938618835833267 5.2992626693656168513 4.1924844192763544015 4.2082705129738773309 4.2241246756493229242 2.41679e-08 1.04535e-05
58250513.347022593021 5578 2.8879273982528252951 0.041478821240532433301 0.23554599120416741531 4.4814431400399925565 6.1671981563289701711 0.66405879796516842362 0.63889612864138956017 0.61416190655336699855 3.04211e-09 5.23892e-06
58250513.347022593021 5640 1.6675488593400624726 0.49606302596544854522 0.29866688835844451555 6.2271101981895506938 4.3085999490927395783 2.161567158912873321 1.6551009390697053458 1.1607996956269546196 5.24602e-09 6.28242e-06
58250513.347022593021 6886 2.7067714031723930646 0.56489949608477341148 0.70788801464906381256 4.311459690938534095 1.391927092770335106 5.2110003704302112482 5.6759937559300519538 5.9983046565099904512 2.88448e-09 5.14682e-06
58250513.347022593021 5290 3.1886484936808492385 0.065294975821062375965 0.13536228188281246299 1.6109422552865726441 5.6963943747770322545 4.185800535864109051 4.2432379968443836304 4.3014780121151350301 2.68653e-09 5.02629e-06
58250513.347022593021 5080 3.188992018371252346 0.18267188931003885966 0.24399935650204498949 3.9216527996824637192 3.7618564515255208391 1.1957253355694921204 1.0302841484474676292 0.87365300655844890798 2.57476e-09 4.95559e-06
58250513.347022593021 1410 1.8133853860373365663 0.073136755728410690613 0.30222847868362462398 4.1179033328981589079 3.1321457388550006939 2.430939344392109458 2.3818122956680669589 2.3314384611359590949 1.96181e-08 9.75145e-06
58250513.347022593021 6186 3.2489855629406738657 0.024979610325416321676 0.19465595123910181541 2.2854284051439863745 5.0872461320641626514 3.6942502976641313772 3.7075061636059931658 3.7208999092410310894 3.14704e-09 5.29848e-06
58250513.347022593021 6417 1.9446182801203308887 0.4306473745177697432 0.84106046406977874597 2.2682145005345817346 0.95904885878702417212 1.4713155861142772629 1.0376714972010920857 0.66678800659280235141 1.63097e-09 4.25597e-06
58250513.347022593021 6572 2.9920806615032269349 0.13391616031754602356 0.16098721200257704034 0.8274816228112288341 4.0259635699532791975 2.2351954407513483503 2.1248179062147363183 2.0109335136454462578 1.66053e-09 4.28153e-06
58250513.347022593021 6029 1.5729588356001398264 0.24377279653553424188 0.59139040294869260617 1.7219329385078938621 0.39875044995000114012 3.985176392266292833 4.1859684839657447242 4.396737149132280642 1.2969e-08 8.49478e-06
58250513.347022593021 5063 3.4926089513690126154 0.097340277086442050791 0.42647734379264656823 1.7341451311225202225 2.5348794664063323268 5.6269771610779422133 5.6842763476122826205 5.7391511172920051109 2.23728e-09 4.72886e-06
58250513.347022593021 5643 3.3068900980520630206 0.07231793835134042725 0.057223958677557085206 4.1584260381398010509 1.0375091889269181245 6.1825109087563712151 6.1895356277375919163 6.1962982843128724397 2.47115e-09 4.88821e-06
58250513.347022593021 6335 3.1094914731089056126 0.062188503379534007531 0.24284695479797843709 3.3820433560376379489 0.71717266291319825555 1.6550692689629773469 1.592898537366469025 1.5307252231503385431 2.80706e-09 5.10036e-06
58250513.347022593021 6290 1.9613269063875027332 0.37064230003924947265 0.21166223053717536651 4.3092721407893952446 1.8743336868974169729 1.5745806345582789021 1.194613086152973791 0.84988847448192250678 4.66797e-09 6.04263e-06
58250513.347022593021 5878 3.2329627213789526863 0.070583474142630511783 0.070584213483131527656 5.6273967286209467531 0.069821263470352001868 1.7242816135196137317 1.6540902912878867603 1.5837515256125851426 1.44428e-09 4.08696e-06
58250513.347022593021 5257 3.2220506810443434453 0.14457291797742666262 0.22860158863352317282 1.9775419093491366507 3.2748346453961167946 5.2950286951053575635 5.41158847858408798 5.5222384658361329812 2.20895e-09 4.70882e-06
58250513.347022593021 6327 3.0039722258176086989 0.15885254687241404103 0.16439790968262671389 3.9336947908270070151 0.12527082625860042064 3.3168958348906425471 3.3471575282602348267 3.3795825377918267129 2.25041e-09 4.7381e-06
58250513.347022593021 5405 3.1849396991242122645 0.024948878116360255486 0.11466283597106974312 0.042565067732676556411 4.879559831462756847 2.2687680243725667495 2.249496604713962622 2.2300766644938367911 2.93677e-09 5.17774e-06
58250513.347022593021 5231 3.151197518282733423 0.063599703927903789014 0.25793790057724186315 1.8123692836900073821 3.8491982297782398881 5.5310176031460596136 5.5735199526393959246 5.614960244682698054 1.89135e-09 4.47137e-06
58250513.347022593021 6129 1.142563317009340329 0.39281066101218425901 0.69429041034351668404 5.2224361438817084036 2.07407323060171489 0.0285964114416098307 0.018881837612722818937 0.011465291213149500504 7.14833e-09 6.96495e-06
58250513.347022593021 5034 2.8776038420382281657 0.22788949806433669854 0.15039238653874203999 0.16321806742803485202 0.88790634589721040282 3.6019324398477756688 3.716234866743692411 3.8401006720213839429 2.20492e-09 4.70595e-06
58250513.347022593021 5534 3.2269943367075382135 0.13718202311781080294 0.11693202078790629339 6.0619978040742319436 0.95285261946984067816 0.17368907273312483852 0.15138412129617945245 0.13069617119896825841 2.18919e-09 4.69474e-06
58250513.347022593021 4112 2.1037114237013718743 0.45506220937356256506 0.63783954038713241985 4.6151883111546183613 5.1153508221634194086 2.5046862998639354281 2.1533315771002281558 1.7733225115377271308 1.99037e-08 9.79854e-06
58250513.347022593021 5288 3.0384792490048662117 0.30631042345798387139 0.25454431170816382846 3.7597268361715885376 1.2075128821526801559 0.018216315449041214219 0.013274725784748517277 0.0092086583300681028319 2.94866e-09 5.18471e-06
58250513.347022593021 5938 2.3336073789170685977 0.511081213446182403 0.41669119953393396472 1.0586139557543166045 1.4331090322123249958 3.3975474473010414123 3.5865511938998686503 3.8065310038525930203 1.88863e-09 4.46923e-06
58250513.347022593021 5446 1.1267471974306624283 0.11178885659668506836 0.23327257112515351056 3.8778594362899077019 3.1679428607521655792 1.5457070529810068571 1.4338762007346181893 1.3231335677374318482 5.46354e-08 1.37196e-05
58250513.347022593021 5914 3.1966118011203032978 0.067294089060599235341 0.082001335644022205207 4.9913352039140610472 3.6438434137747388597 5.0219524268603636941 5.0854473885367976749 5.1481127895695717456 2.63408e-09 4.99337e-06
58250513.347022593021 6154 3.1625995403743405454 0.12516171259362804391 0.24717817200986194615 4.7537653230213630096 2.4809961790940469051 1.6987467171314103442 1.5732757724175765457 1.4481144445489899653 2.04677e-09 4.59064e-06
58250513.347022593021 5511 3.2133578044162121046 0.11644692457552464904 0.17794925072633061003 3.1668417463572278159 1.6989116005724747005 0.56229315982138816654 0.5029515581336169161 0.44682254720448855156 2.90982e-09 5.16185e-06
58250513.347022593021 5957 3.2341821430243116176 0.054646848771427815328 0.11482995473739200654 4.9135032619955412159 3.0528544391356899901 0.40860803902670361776 0.38741153635712022307 0.36676633665056895817 3.45473e-09 5.46581e-06
58250513.347022593021 5962 2.8933959018204395974 0.2250803163655185346 0.19403288196357215689 3.8798898083094379707 4.0756732868607059572 4.9144427685602813938 5.1319523632532284552 5.3375107634368514908 2.88829e-09 5.14909e-06
