54209445.585215613246 0 5.3965319810965635128 0.0365987051183590123 0.023812021988562942498 1.1539453981246103886 3.9964296993427810278 3.2779356397584216154 3.2830037400745406551 3.2881619709308607113 0.000954966 0.000356051
54209445.585215613246 1 9.0295022769756414505 0.077149494971748069916 0.05141521590677738951 6.1986516857300761885 4.124329423789221849 6.1317179127554144458 6.1429473145236350717 6.1537311764091553457 0.000285285 0.000238018
54209445.585215613246 5775 3.0268703167837585077 0.13597573408173807552 0.15495701041009810051 2.7087142491863662741 1.0338960494361622011 1.5430539649440826455 1.4069650605630297235 1.2728100893078477807 3.02463e-09 5.22886e-06
54209445.585215613246 6920 2.3910124213088370659 0.19837105764120865903 0.23239673176581399083 1.1931670130729710166 4.0637714803484161763 2.0118763012228764175 1.8231575285978292023 1.6310697649835121936 4.48089e-09 5.96081e-06
54209445.585215613246 5134 3.5451608611640730295 0.012644919301406815429 0.31178788965817594292 4.2536027222015153626 2.9536195661074398089 0.55354759895493288457 0.54693538165823996078 0.54035911171765305117 2.31886e-09 4.78566e-06
54209445.585215613246 5278 3.1886933961547079264 0.055719124192694736986 0.30998786668240296827 3.375629406837580504 1.7201383169508521753 3.1138586354872432871 3.1122679853850336862 3.1106342747267294868 3.13887e-09 5.29389e-06
54209445.585215613246 5176 3.0808081183182807194 0.18901194778575433619 0.088501233501071280285 5.4229606016973335159 4.0523772499736878672 4.121314498489348388 4.288186853737736115 4.4604461854506167739 2.68297e-09 5.02406e-06
54209445.585215613246 5588 2.8189248386287291126 0.18360818440991369394 0.16515900673530448106 3.3961912147608988022 1.3014080062503057267 4.5616366755912256536 4.7467698433137002212 4.9302695219603522858 2.40685e-09 4.84544e-06
54209445.585215613246 5846 2.8047394734526824855 0.14490189698540947849 0.12392644398861880906 3.456811900810401017 1.4417166331224340325 6.2634427031644364092 6.2661232324634266178 6.2685954395030556441 2.37403e-09 4.82332e-06
54209445.585215613246 6171 2.0747335207015860092 0.58333316410338054148 0.24518378590232864367 2.712916936776325727 4.8508707767011189915 4.4844301179280812164 5.1366025114433719878 5.6682306155958048777 2.39216e-09 4.83556e-06
54209445.585215613246 5548 3.1705604717068731624 0.017376291578320480352 0.33954174333539405284 1.5529756828883740649 2.7716620515598426877 2.9412747252706230583 2.9377872211175461992 2.9342703038295541162 2.11518e-09 4.64123e-06
54209445.585215613246 6443 3.2072301041372943686 0.21446342812950272561 0.29799571736535357402 2.2218634548114515326 3.73577925691595647 5.3767856355959562364 5.5365656010782906549 5.6822209146982043393 1.88164e-09 4.46371e-06
54209445.585215613246 5990 3.0945824771365799677 0.06458886004777709966 0.16540500900914315019 3.4403104934525789993 3.5367244727358979617 0.90270181047905573291 0.85295312492850605679 0.80430310724894438223 2.30118e-09 4.77347e-06
54209445.585215613246 6883 2.3242631782689913145 0.32333189211392221463 0.33360760375566378411 5.5270626230311865612 4.7733474834555167376 5.6486860171328334701 5.8219621164202361996 5.9658589760741760344 1.23696e-08 8.36184e-06
54209445.585215613246 5098 3.1941107627787279633 0.019215491854105024028 0.10745922866341862945 0.43790376109207462818 0.73811953199925983693 5.4314103937860291893 5.4457792525518335935 5.4600546192823316005 1.90652e-09 4.4833e-06
54209445.585215613246 6793 1.3734602189757278978 0.52235367434944757203 0.33599704513996564437 5.5657239341250148712 4.3565079388587193421 3.666580335220801512 4.0361309528704767402 4.4435251327077889272 2.0508e-09 4.59365e-06
54209445.585215613246 5467 2.9502358078779828965 0.17063752421741046339 0.17335094084817886939 2.4185378707362064077 3.6642455117809360488 3.7760061200283878691 3.8853594342878330359 4.0008920904703071386 2.43648e-09 4.86524e-06
54209445.585215613246 6282 2.8279618429126176515 0.075658773919039051803 0.032592713650851729001 2.4782590147036294148 2.0191361325255505754 3.6100692699408551967 3.6454734788442877402 3.6820036279440917504 2.68214e-09 5.02355e-06
54209445.585215613246 5694 3.097462627891319098 0.063840349193805628891 0.28415052223226344719 3.9133136388816991413 1.6805101438364324906 4.7505138675105342827 4.8142736699404418133 4.8777829586117045224 1.21025e-09 3.85309e-06
54209445.585215613246 6392 2.9696176079190679253 0.19770882437303199941 0.18468050465102672786 0.37485904537949016335 4.0107715321356813831 3.7390705991219927995 3.8613559908534713649 3.9916869782838642067 2.75286e-09 5.06732e-06
54209445.585215613246 6484 3.1071847837089663358 0.11358903895108234117 0.20743486771202693242 5.5802177781169364224 2.0485419396196027364 3.064359783091587186 3.0550377275105149444 3.0452183081466097647 1.88476e-09 4.46618e-06
54209445.585215613246 923 1.5861475082081804011 0.1160764456297575381 0.21133305155682624576 1.4516907444343221112 4.4769020907915724194 0.74460668955463760188 0.66895426864857476801 0.59696760590202191388 2.53731e-09 4.93145e-06
54209445.585215613246 6739 3.1564409190351017109 0.013434576222389825462 0.19417090214841242757 4.8448687267940124812 5.1754808288929332605 2.7105016669410337826 2.7048531537604665331 2.6991704991306875172 1.84353e-09 4.43337e-06
54209445.585215613246 5885 3.4954588534336785699 0.02830531382385690492 0.27102948671544552228 5.9797523565689933989 0.97351286634010636423 0.5636760062140432348 0.54872866367361639028 0.53396452815917005985 2.25928e-09 4.74432e-06
54209445.585215613246 5642 2.9043210924691136299 0.2051032674246566212 0.12244341367459843362 3.8201996738277923527 0.58108619173139297587 4.2249406869401564535 4.4168574742370658726 4.6130689975767253941 2.80041e-09 5.09633e-06
54209445.585215613246 6764 3.2743025767096503031 0.035786193425458523443 0.30256103249432225732 1.8876544285640666221 4.4054370687688928498 2.1943635896351882941 2.1649981987013942053 2.1353459165457229219 2.4069e-09 4.84547e-06
54209445.585215613246 6362 3.0082995039755120459 0.15507760014233373802 0.26865726792836464032 0.20557796768628536221 0.34529922453844213992 0.97781692951613352616 0.85399501485689377489 0.73708029922535234224 2.92709e-09 5.17204e-06
54209445.585215613246 6775 1.8182244819162474148 0.22277692069559618115 0.32948430957165664168 5.97233359693057686 2.4979016443018560167 3.586196686787122001 3.6941300250714528275 3.8110542057245386793 6.39874e-09 6.71246e-06
54209445.585215613246 6055 3.2256319228724601444 0.067927398398221136566 0.072259116363408953942 1.4396777096186184064 5.4483222843291452264 3.5574109438789647264 3.5857611748526130313 3.6149500690601770181 3.0525e-09 5.24488e-06
54209445.585215613246 6498 3.1929957925632965754 0.023875731228207942858 0.1139028154033200485 5.9093583584575499756 2.1187207397901155481 3.2448204179165185401 3.2473106043445469915 3.249829998684881982 2.50157e-09 4.90818e-06
54209445.585215613246 6313 3.2579122212697169125 0.043210400760267352049 0.31420093627860434804 4.4665842577819372394 4.7685103361819667356 0.69903970988369479311 0.6716760493360381945 0.64478626715402964642 2.33149e-09 4.79433e-06
54209445.585215613246 6300 3.2502474048017719888 0.066374182412553495158 0.25298315129179099747 1.1928624054691632228 5.2933995809893987783 1.6554369336021736991 1.589065247947221815 1.5227021415337922416 3.26125e-09 5.36181e-06
54209445.585215613246 5323 2.8343838548123541088 0.16575526741316240487 0.098312159915924290932 5.4969637812822895739 0.78733861081051503827 2.7284000847041873783 2.6558653978047468414 2.5784822825107673872 2.25995e-09 4.74478e-06
54209445.585215613246 4755 1.8824557462418147757 0.015647474040940478196 0.03132912550184329542 0.73900131491292220254 3.6439159841748285373 0.60739656126866381491 0.59852257812224429756 0.58970643935621425147 2.45943e-07 2.26531e-05
54209445.585215613246 3800 1.6465162328449520768 0.48893373129136652455 0.24833513877025054084 4.4815905871829970764 0.0035537142714363307953 2.9374554278549771524 2.7954412520404932074 2.6295558115004586952 1.79108e-08 9.45995e-06
54209445.585215613246 6104 3.3194091103167435719 0.064332908749898193301 0.17179247514377626871 0.49701703898435628526 4.4576060363817653354 0.016169552081189135506 0.01516076324088103805 0.014185464605589274967 1.75259e-09 4.35923e-06
54209445.585215613246 6197 1.7971446869580776085 0.075700206082937801511 0.37041049707528045376 4.7886098772775227417 5.9032500399498264443 1.3503778034069244818 1.2770438551942560057 1.2045863352739620833 8.02678e-09 7.23931e-06
54209445.585215613246 6815 2.0949299236479173025 0.23580045844814737088 0.15836732950791806984 1.9743003768158851052 1.3036254318304687505 5.1912527265034551505 5.3917628298177344703 5.5752076365732827767 3.57143e-09 5.52668e-06
54209445.585215613246 6425 2.3866361550975723205 0.16806174509035501363 0.49885127579343474524 5.1030081215473455103 4.4679817036560312005 2.1488111868397092863 2.0004426084955126974 1.8476554664185922405 5.02719e-09 6.19382e-06
54209445.585215613246 5489 3.207344887827539015 0.10026571044423771006 0.29357005882352843473 3.6664212863134229003 1.7610557824238364244 2.3702629471027756303 2.297604820014888638 2.2226763626232508564 1.80848e-09 4.40509e-06
54209445.585215613246 6756 3.2177867782673970076 0.059534703020548404573 0.33895518970823518279 1.5391733642422811279 2.5715273147982373736 4.7399151832119699179 4.7994137979248634451 4.8587232055405902287 2.22448e-09 4.71983e-06
54209445.585215613246 5116 2.7219749177293381948 0.19194788144315555467 0.063482423614376212728 0.98242323352268812187 3.9282544824679446194 3.2859513215775604245 3.3167765797135198014 3.3502310323131649916 2.56354e-09 4.94838e-06
54209445.585215613246 6951 2.9740181059186823198 0.055677200243673410918 0.094584150929774027383 1.7040793179126116907 3.9441901176550300256 0.067814152364380791971 0.064140531892748098297 0.060571814784810343313 2.54062e-09 4.9336e-06
54209445.585215613246 5559 1.8451569099418352327 0.12572823042297004426 0.14352266387703258022 0.66365397062192643673 6.2798775124170278517 2.910268467747923804 2.8794365376563799686 2.8468523566440762096 5.44342e-09 6.36025e-06
54209445.585215613246 5923 3.0128594125569705398 0.048687984874804149382 0.13469353455223764815 4.4348696398510938366 1.7494521230532606992 6.2815890445034971989 6.2816649602110130601 6.2817389828127065954 2.22479e-09 4.72005e-06
54209445.585215613246 5234 3.0382087300896052362 0.2289230371741640957 0.11968439041469861039 1.78785034851932223 2.4774761600857480026 4.2495051179894716142 4.4675665283344887513 4.689663166399909322 2.35138e-09 4.80793e-06
54209445.585215613246 6863 3.157699609534045937 0.10735876562916457644 0.042760780947099757965 5.1572351790523862647 2.9867754034830826804 5.7262529779122726126 5.7806649945251029621 5.8323728190718338027 2.72515e-09 5.05026e-06
54209445.585215613246 5146 2.7701406733260252047 0.10958826406574141699 0.05648962801142837914 4.34898688270236633 1.8492932751572317418 5.2823642133440076307 5.3721809329397895993 5.4587687871347156943 2.55901e-09 4.94547e-06
54209445.585215613246 5492 1.8320599468083527128 0.24377470230780193261 0.40741555572393417517 2.3168263357340648234 2.784914455417164092 5.3675242732322043793 5.5495249159297106445 5.7127546992878404097 4.51271e-09 5.97488e-06
54209445.585215613246 5047 1.43594490703099531 0.22207859309974550821 0.29903699934963434703 0.24369160542921394774 3.7594232994551486371 0.64718056480858909829 0.52290997610610656654 0.41200317973350442102 1.0218e-08 7.84583e-06
54209445.585215613246 6657 2.3544341018993786285 0.1785067001040794854 0.245633829510622681 4.0652463544566748155 4.6315500356276571026 3.7942145213997804376 3.9117718991369478942 4.0360596720651997771 9.52311e-09 7.66378e-06
54209445.585215613246 6413 2.8205408381750078917 0.54663734826705223657 0.14494439381901386144 2.747840712940177621 5.2106947255775803995 2.4995921020894198428 2.0400984073127754748 1.552561221036106609 2.71272e-09 5.04257e-06
54209445.585215613246 6628 3.2569128561746318873 0.10023007465078601075 0.17486905972086203009 4.0925550042384788441 2.9027891845970361651 2.4295298842771178016 2.3613052091273183386 2.2907949815215542522 2.5094e-09 4.9133e-06
54209445.585215613246 519 1.4796558560430239648 0.20903532492432583267 0.14062999481068366725 4.8427269183851304746 0.067621885991420577211 3.0307370925437866482 3.0046106016834013275 2.976065978707839399 3.92741e-08 1.229e-05
54209445.585215613246 2992 1.7726835182111080336 0.18715443490711250463 0.092395843861808393815 4.8262723889091567742 4.2688992466379147572 3.6503092390064177941 3.7504575305863530055 3.8574980185890046513 2.26492e-08 1.02298e-05
54209445.585215613246 4502 1.6887279842800233531 0.51972549978057391851 0.27018177339451759922 6.1742366925834106794 3.692048163897660995 4.3365032927629414417 4.9021402728886815936 5.4125373108171821457 4.58456e-09 6.00643e-06
54209445.585215613246 5626 1.425547066922098427 0.22836490619915808531 0.34730754264714436275 1.1119057927222468773 3.5602830099648850037 5.7487136820894999545 5.8558195034627607001 5.9504710398912177283 7.93289e-09 7.21097e-06
54209445.585215613246 753 1.663110794655592084 0.33467348460699491985 0.17895143286751241662 1.3428825052669022266 1.7140908142427593308 3.9061080573964175322 4.1768520652741010224 4.4646695096628778998 1.27811e-08 8.45356e-06
54209445.585215613246 6244 3.171354958264494428 0.094478439349196738362 0.28992930885290379983 4.2619540062423570959 2.6368560507857994324 0.14895984442313084384 0.13553565184618604489 0.1227696240482037543 3.08558e-09 5.26376e-06
54209445.585215613246 5020 1.7267477732129581369 0.43824086321829414103 0.46649174147566130344 3.7481757787207796717 6.2048530049602002023 2.0045772128886230057 1.5488084872712508666 1.1106735568634655831 4.40916e-09 5.92883e-06
54209445.585215613246 6390 3.228991450093630533 0.078797640894191889327 0.30665977081353551492 0.12336985620624962845 3.5889782333343509535 3.7740002186671386397 3.8221733910679671631 3.8717563719198149208 2.74624e-09 5.06325e-06
54209445.585215613246 6914 1.7883198620618268038 0.22803503963850596525 0.31739922136310372291 4.278695951004040765 0.56638769648161924053 3.9606310544481324598 4.1433817955228651186 4.3354867940109205193 4.41745e-09 5.93254e-06
54209445.585215613246 6451 1.2011862915572091293 0.40399717382420907708 0.21746843174156141321 5.2218213982166616915 2.2134171874234573885 3.4762754234378547835 3.6489504765996803037 3.8452404218886533371 2.57122e-09 4.95332e-06
54209445.585215613246 6702 2.1056294918535254368 0.2270516863829213916 0.25707837715891584951 0.92256361707963607799 2.6451685961848325768 1.6472335055676341486 1.4168411617884881792 1.1924749761853858931 3.70623e-09 5.59535e-06
54209445.585215613246 5195 2.7433134107752166209 0.067059609735394487551 0.14731194745799497392 2.9420210749066288969 1.1839692645344894739 0.73007524875174800716 0.68640058611062815253 0.64390108693235115211 2.26107e-09 4.74557e-06
54209445.585215613246 6935 3.4650121758401382088 0.109747604875524013 0.42573625796908903807 3.8374964207376414116 0.58719451415645296244 4.8891730200395269179 4.9963957142537793743 5.1017468787395285901 2.603e-09 4.97365e-06
54209445.585215613246 6667 1.8190892941505947267 0.3626083536426512044 0.22049334083036850607 0.63768350935663853374 0.0099927632198377643047 3.1385388316747180326 3.1371276104087510994 3.1355085538316926907 1.85586e-09 4.44323e-06
54209445.585215613246 6816 3.1169662229790717767 0.12641695538572964019 0.19081214361390774759 2.0159771341484979956 2.4166729357721905558 6.1180315862429974771 6.137668791044209371 6.1559996928157083573 1.76213e-09 4.36713e-06
54209445.585215613246 5291 2.2828959182292001273 0.61229058167573535698 0.4864493787675610581 1.797057850700554793 1.0520554864152029673 3.2291065976895394485 3.3196963339321006181 3.4281719195724367211 2.6037e-09 4.97409e-06
54209445.585215613246 6595 3.0507328564504887503 0.093178288656714597371 0.25278716392579020367 2.1216273850522697764 4.3066355245724805556 3.2283577019396885177 3.236844498678406179 3.2457064877194734542 2.5233e-09 4.92235e-06
54209445.585215613246 5950 1.3208398197246717931 0.064557585140919235278 0.25536530902987392144 2.7251924191744207882 4.0831125554794240884 3.9028245002061296987 3.9484636461482858216 3.9950823689177599185 1.07677e-08 7.98408e-06
54209445.585215613246 5351 2.974878568708700044 0.16835180930274515343 0.1294842938640448915 2.5417835966964226202 2.5325976075573808366 3.4576155320309118757 3.5149165151339150093 3.5763165000906584901 2.44807e-09 4.87295e-06
54209445.585215613246 2768 1.6084727701844441228 0.034303108474625455815 0.024645100582734773276 0.50590647832031221398 3.7970029074692908111 1.4557947217245283955 1.4217784230616623553 1.3878554834621112946 1.05906e-06 3.68544e-05
54209445.585215613246 5194 1.9420801723550711326 0.40018986049900523438 0.22724512609632482874 5.4967417320394442726 5.8351337698289755807 1.057703786341698704 0.73061987554733887062 0.46356060677301219597 4.75382e-09 6.07945e-06
54209445.585215613246 5310 3.4813136074916730678 0.083269178166155977117 0.37466273301932762063 0.77461792153907094161 4.6302354362323496773 0.85061042634650607663 0.78960696748756586949 0.73047947394730339266 2.51895e-09 4.91953e-06
54209445.585215613246 5888 1.0658719262045384113 0.25983205257230984619 0.50672721201736314889 6.1243793322216557584 4.203469630678600133 0.072534205896541539826 0.055607095378538119734 0.041166034653161848178 2.79797e-09 5.09485e-06
54209445.585215613246 5072 3.1029403315720589518 0.10722224453711197423 0.23756197013155935793 2.4673709875789029411 2.2316921934561992913 1.9352796162185743611 1.832937650354660164 1.7293784103716700606 2.73643e-09 5.05722e-06
54209445.585215613246 6639 1.0226831310694723953 0.071150330515960175104 0.35423133079548152491 5.2410324860260049107 4.8240867847869228768 5.0660833471265558359 5.1320756790989756624 5.1970513453921043379 2.07227e-09 4.60963e-06
54209445.585215613246 5312 3.0107389030730020707 0.061000325405744286467 0.17364110122047171636 2.8840961803455864576 0.25969947603839332873 5.2299543076379002571 5.282213183027918646 5.33357520252865136 2.46345e-09 4.88312e-06
54209445.585215613246 6126 3.0260767577909888359 0.28560355182306590427 0.14585868018443637339 3.4055992668990695549 1.8133483679378024078 2.6593645919443149594 2.5043379539389736266 2.334406353934960876 3.04059e-09 5.23805e-06
54209445.585215613246 6734 2.1165739700881358587 0.11338140685029347854 0.31150706023364427288 4.1572524874072165346 4.9747939482929321997 0.35375611492394348767 0.31635127882107588748 0.2810782121505442932 1.24231e-08 8.37387e-06
54209445.585215613246 6073 3.259987563925193399 0.03638076202195170139 0.28333467236567289049 1.8615494339580447303 4.9864034979318221374 5.6938694254566240005 5.713794200372469767 5.7334077720896878816 2.87152e-09 5.1391e-06
54209445.585215613246 6692 1.8874800528568984603 0.098353215746732905456 0.24620347226559269327 2.8655129988686329767 5.6147468060848702009 4.1361318190841540599 4.2210330441346393116 4.3077504753882589483 1.32225e-08 8.54977e-06
54209445.585215613246 6028 1.5101263497555030835 0.52793653439408227968 0.22434208136281971746 3.9365973410397310239 2.0961853283159692651 3.3816994316274104904 3.5690245709618926284 3.7878728115138615706 2.1303e-09 4.65226e-06
54209445.585215613246 5030 1.1601136139113361612 0.48261868461833568045 0.22543687459303871079 2.8130960834928866454 4.7489058241371466806 3.4192733940092630007 3.6061588663371932917 3.8223889435968549932 2.14686e-09 4.66428e-06
54209445.585215613246 6521 2.9576520438029652027 0.11220888482181819168 0.1846790853989783987 1.3212530699517932575 5.2302472141256908245 3.7667616357529603022 3.8357609375633803239 3.9075461694196631512 2.953e-09 5.18726e-06
54209445.585215613246 2010 1.8858936573886975197 0.53368037111217359048 0.1510972970122689274 6.0302429648552369201 0.75636462946047422484 2.0056057027466729359 1.4252315324714126543 0.89719529048896895507 1.54172e-08 8.99881e-06
54209445.585215613246 5717 3.1745134347267822683 0.15519320447319898126 0.24864599485064040052 1.5281321587075127333 4.0040025921718713775 2.4678035161116342877 2.3641434050089968899 2.2552809947880372299 2.31886e-09 4.78566e-06
54209445.585215613246 6832 1.4801203559250317721 0.11014055281988777146 0.27518243549639781476 2.7013200582665914951 4.7025113037358421408 5.8036921981418165828 5.8522676652245912976 5.8982738953118918346 7.86044e-09 7.18895e-06
54209445.585215613246 6842 3.1920745175852713871 0.04848736368224349641 0.15876857695772988999 2.6737038055838140416 5.1474947691671610883 0.32487916068766653499 0.30974146095088905817 0.29496191073186323051 3.94698e-09 5.71398e-06
54209445.585215613246 5372 1.7347538803515794026 0.34929660338606499659 0.14031416650876504804 5.0166274457575221746 0.46172090240246466131 3.8937319718835294857 4.1756174494425142285 4.4757904038927645018 1.39548e-08 8.70479e-06
54209445.585215613246 5131 3.5441633264818857008 0.063607107880604155103 0.23117479992235939745 4.7439200209786385187 5.284490413662612518 3.983350480194597143 4.0318571046993394447 4.0812949767677677571 2.25296e-09 4.73989e-06
54209445.585215613246 6291 1.346407825796402058 0.19448834085573266095 0.36222265209019099963 5.5054687886815543152 2.0742065359659087598 4.3837822515188662464 4.5751342194763804372 4.7677934643215156285 4.97801e-09 6.17355e-06
54209445.585215613246 6119 3.1121849290318626124 0.069290047536378698845 0.12582428742537304922 4.9851423021119440904 6.2552473330059275014 4.6493573363605733562 4.7187167731006978144 4.7880054334216719525 2.96829e-09 5.19619e-06
54209445.585215613246 5525 1.9518045360902076535 0.42210543074244438744 0.38272427729886698833 5.6471376530727157572 5.6798438483161870494 2.1644069098460074763 1.7514521529916251552 1.3362160369321816056 2.22151e-09 4.71773e-06
54209445.585215613246 5240 1.6221603707108676051 0.37048957999386011863 0.42241586012501131098 2.1088871643400519673 2.3767596226112819302 4.2458936342630018146 4.6171258826132195452 4.9859356263921377206 1.54708e-09 4.18172e-06
54209445.585215613246 6997 2.9000924463274779797 0.076022669678318222086 0.16983937258817305427 5.9732935648671316997 6.0101017927627982118 5.92643482371711805 5.952105651995111657 5.9768179032499055836 2.77488e-09 5.0808e-06
54209445.585215613246 5667 2.0527355056564173807 0.57708776103828940407 0.52048910009530180432 2.4562869012147734438 4.8254762153575692096 2.4563609105745154437 1.9352710712908840485 1.3960915578529244918 3.20823e-09 5.3326e-06
54209445.585215613246 6103 3.3020019934498496816 0.086798841564336315368 0.12456583142209017023 3.2434721863112332407 2.1874212902837228967 5.0293624518573540882 5.1108431593987244668 5.1908423415377065169 3.07621e-09 5.25842e-06
54209445.585215613246 6333 1.0253074618869126855 0.20222626722182698855 0.30025409392993096525 3.0813667280707655038 1.2150048204396592944 3.3845590757552765915 3.4391173520327584789 3.4984009039826062804 1.94245e-09 4.51128e-06
54209445.585215613246 5252 3.1552203917297538815 0.15227326931630544293 0.16891516386114255321 6.2003466614019897563 2.7356853781755976485 4.4058540863546511446 4.5550575908351067511 4.7054501217100588306 2.42859e-09 4.85999e-06
54209445.585215613246 5316 3.4844397158724782493 0.12454753486474838542 0.23486886855300057042 0.42755103461353394234 4.781474344906817997 5.4636175145917151852 5.5512032248577973803 5.6344439870389120273 2.96988e-09 5.19713e-06
54209445.585215613246 6874 3.3001754059016086273 0.071526156364588741599 0.23723141168096134601 3.6621967752847019995 5.1952494064968552934 3.625155535979430077 3.6595401205047730642 3.6949525678029164766 2.61974e-09 4.98428e-06
54209445.585215613246 5053 3.0393176264087560234 0.17241256848443017868 0.22643502769002787911 5.9901266536814086194 4.3795443598610868108 0.87377788030412251175 0.74778284082063839477 0.63053973991368961194 1.90259e-09 4.48021e-06
54209445.585215613246 3953 0.94632265398544745949 0.097615670173799504172 0.22965980611717504156 2.9613310856167438523 2.2517382197093689378 4.8593226325070517646 4.955355330293812699 5.0501038909099511542 1.87457e-09 4.45811e-06
54209445.585215613246 6204 1.5564533535919007345 0.12426210052212731394 0.37971153801963358765 6.0295015933561275645 0.63648024486492005281 3.6639779041846995966 3.7297524708012401717 3.7986969361773588183 2.26769e-09 4.75019e-06
54209445.585215613246 4189 1.1130035712113559576 0.051815160340586141619 0.058096431798910413979 6.1264320769004108058 5.3078401312146947788 0.18604768097858873088 0.1766950191456344299 0.16758710482471445014 2.43199e-06 4.86225e-05
54209445.585215613246 5324 1.9924052653588320005 0.16014905277193244859 0.28746157503514901954 1.9755542985203531359 6.1967133873104938147 5.3290247899509575191 5.4545066475478956036 5.5725427431066023587 4.64884e-09 6.03437e-06
54209445.585215613246 5185 3.5500959900695150395 0.016409336627497463773 0.22408273838661060817 5.2721585910460202484 5.5964132140638662705 4.0848799582440307177 4.0982281965676508051 4.1116388475704210848 2.64564e-09 5.00066e-06
54209445.585215613246 5451 3.2819354015046657835 0.06127091719636994227 0.03242857147856000738 3.6760958569937751683 5.7352492937757668656 3.4308111426135736721 3.4488313935492573847 3.4673614244580597266 2.58702e-09 4.96345e-06
54209445.585215613246 6192 3.2005775746943774251 0.24895639867939944878 0.28445590135700254963 4.6951120006584012856 2.057930537203856769 2.9847304210268439384 2.9395835954836893045 2.8896334966951817691 2.79503e-09 5.09306e-06
54209445.585215613246 5992 1.7140507754530684981 0.15534688838030930036 0.20858609187258303486 1.9951070503337922091 4.9126056483683013809 3.2467845677776003832 3.2645776702311986028 3.283634883916381586 8.41385e-09 7.35386e-06
54209445.585215613246 5853 3.1449295006503912298 0.11963731451926656879 0.18355389958230938774 1.6844688260342635111 1.0605684873673166813 3.9376744032826023201 4.0271792815369060747 4.119812822228195337 2.34516e-09 4.80368e-06
54209445.585215613246 5360 1.5136445103385343103 0.37306906839364778472 0.22969447533875997358 0.2628741294265711792 1.5752802834687025246 1.2671092939853527692 0.92146636649229107796 0.62432091298100345078 3.7029e-08 1.20512e-05
54209445.585215613246 6233 3.1539321126979897869 0.10319674123297312152 0.19249352694232221839 5.7772253468205043703 3.8450457700819935525 5.8559834833943309462 5.8969213706006531339 5.9357987048165297139 2.38928e-09 4.83362e-06
54209445.585215613246 5650 1.6961421967619227935 0.11166554390416386089 0.34178676079562897439 4.305526809446525327 1.4084843301011051864 5.0123569640154022053 5.1175315514856798416 5.2201573466369541876 1.14639e-08 8.15256e-06
54209445.585215613246 6255 3.2310519666751047474 0.097618874162637925274 0.17095944202354160235 4.0918096552344271899 4.9057622202947559487 3.571071366886013454 3.6137072650899657589 3.6581014582804276536 2.45838e-09 4.87977e-06
54209445.585215613246 6952 3.2280666742045198703 0.11373463589075563651 0.13760726700700628977 0.77089157022024801247 1.6471259643580913323 4.1595347663101902569 4.2595569357674252231 4.3618284455047753312 2.57429e-09 4.95529e-06
54209445.585215613246 6140 1.7097797335329525392 0.39465312832537119414 0.3237768595318344933 0.31231662816299671226 4.5399433543709912797 1.2433747514571158455 0.88202870851360126725 0.57734469887670614163 1.67728e-09 4.29587e-06
54209445.585215613246 6956 3.4948454594101328041 0.18052327590484326669 0.41308049758415837927 2.1286957857509833936 1.6429334732242024675 1.5112996346146065907 1.3310706214761358623 1.1557097446218480563 2.20649e-09 4.70707e-06
54209445.585215613246 2850 1.6439385172088476494 0.17013878796248849135 0.39840986695271379814 0.17454966442396005477 1.2249365391259587899 3.7031610878065288617 3.8014860651050654816 3.9057866962074170303 2.86233e-09 5.13362e-06
54209445.585215613246 1284 2.384237616841687224 0.21815518899311650558 0.40170353439095374259 6.2442643012949243797 2.7440534558357456696 5.1442043129852361716 5.3353084631013443229 5.5124894540172375557 3.64405e-09 5.56389e-06
54209445.585215613246 6722 1.5122897227696068256 0.11735008307947325523 0.45393754705100280988 2.3075481830563515651 3.5097977319125654994 4.2857336050450145493 4.3955010658851216832 4.5070082622563401031 1.78527e-09 4.38616e-06
54209445.585215613246 6089 1.7079618936386578021 0.29439472661923338226 0.31971609824875329986 0.7922907461035824106 2.4387623472697224081 1.5500460404401519288 1.2522038186035686635 0.97262385081943469878 5.81535e-09 6.50193e-06
54209445.585215613246 5211 3.1830527686198450965 0.07666171290796409965 0.27654657033921337117 3.090653121544053139 2.633078404736907796 0.99410855027695310682 0.93109069870293037496 0.86958718970951454086 2.07199e-09 4.60942e-06
54209445.585215613246 6295 3.2634040158375370311 0.013917922899237617634 0.2146105420261302521 4.6234709146719321637 6.2428081435939093424 0.91542455669391609163 0.90443631134693969198 0.89349575438809181183 2.30061e-09 4.77307e-06
54209445.585215613246 6211 1.8678351839136559942 0.31546630947918014032 0.39840181097219856676 4.7727121076791352294 1.5344004622247635616 5.1470227910659351878 5.4202071405248437586 5.6598928482096724224 2.33777e-09 4.79863e-06
54209445.585215613246 6969 2.1787718003069560524 0.027352289362968185138 0.13139984181371683336 4.7364023109916306709 5.2858831082432402582 1.762359086943505071 1.735433603993336682 1.7084511758834068917 2.41679e-08 1.04535e-05
54209445.585215613246 5578 2.8863750401472683116 0.096150781918436234452 0.24111752348921736133 0.9953030688017857619 4.2289769276221100824 1.771680821037923792 1.6764001407647362019 1.580785005484589556 3.04211e-09 5.23892e-06
54209445.585215613246 6286 1.7618293409686465179 0.12955557878665460714 0.9097532492875888277 1.7419019220551485994 0.98867738610780508957 1.8598956714924801403 1.7330051300695983318 1.6051502308846454792 2.66284e-09 5.01147e-06
54209445.585215613246 6886 2.714404586426283128 0.12028765684098219335 0.56332282769408370537 3.9423414505741329883 1.213224682036266433 4.1900345399754783671 4.2978057030450953491 4.407903101953159819 2.88448e-09 5.14682e-06
54209445.585215613246 5290 3.1907034013550341633 0.032748192133534255455 0.12982526423494411549 3.4702509302728441476 0.22422274459094918009 2.6882789096918884297 2.6737189588892240621 2.6589498675479874557 2.68653e-09 5.02629e-06
54209445.585215613246 5080 3.19544437922654323 0.19347134579756244954 0.21820375219172338799 5.4884998728967868686 4.6240136502316691036 3.6165649871321012832 3.7143031813930265095 3.8191476368704453392 2.57476e-09 4.95559e-06
54209445.585215613246 1410 1.8365004332856622593 0.12561722694509314113 0.31657777276066484395 2.6399811787040392552 1.838546324405091914 5.5606080264699739857 5.6402026629804353774 5.7155208865521762718 1.96181e-08 9.75145e-06
54209445.585215613246 6186 3.2378074785232606736 0.011254633606838862145 0.2228066246005500628 1.5159989378553542227 0.3742313902305927642 0.59216359003396357163 0.58591074959312217096 0.57968740476931357453 3.14704e-09 5.29848e-06
54209445.585215613246 6417 1.9449113746923716306 0.069345994984821010543 0.94264822599949416038 0.8213020986125532108 6.0360926522339761746 2.0287948241385369563 1.9655710270292630071 1.9015589014272242796 1.63097e-09 4.25597e-06
54209445.585215613246 6572 3.0040702269842554095 0.11453805345384515668 0.17345140633346717296 0.42974644514081294933 1.5700540381571146398 2.6801205173298328077 2.6261899490553708425 2.569735828517880627 1.66053e-09 4.28153e-06
54209445.585215613246 6029 1.7837583860571388783 0.40179146659322573232 0.48687685117543660906 1.1029987585079681356 1.1209469681786752293 5.038755168228234993 5.4068326340358856541 5.7155731582323392459 1.2969e-08 8.49478e-06
54209445.585215613246 5063 3.4775574339502339782 0.14335468156619626812 0.40538767144147486166 5.7119628800193655849 1.7660336057071268634 5.5118487416233907794 5.6072925117248004767 5.6969743517389126453 2.23728e-09 4.72886e-06
54209445.585215613246 5643 3.2941497502323038304 0.055723090653082875401 0.090741505954892748287 2.187932972958313016 6.0002708243800961796 1.4610350619685599227 1.405787082012648348 1.3508208871924012318 2.47115e-09 4.88821e-06
54209445.585215613246 6335 3.1038727040590909922 0.08790766991174810141 0.22239517143032264124 3.5177214943299150995 2.6879415096208569835 3.430112820480756497 3.4562772407013673259 3.4834861205001055318 2.80706e-09 5.10036e-06
54209445.585215613246 6290 2.0346699639072354238 0.46997148977489572319 0.34404350819186407806 0.30398247376537140818 4.6745388451102565242 2.0616464615950604866 1.5726002969344816673 1.1026295718754302033 4.66797e-09 6.04263e-06
54209445.585215613246 5878 3.2207704423069847266 0.054439285137623708022 0.091425125534636636493 0.89927863357833959235 0.65381210919889554134 1.6542941855319177602 1.5998941106644539722 1.5454778702557010472 1.44428e-09 4.08696e-06
54209445.585215613246 5257 3.2027621229260447855 0.14730519211158657478 0.20661978762258795261 0.10913317098362937396 5.5251307300017042934 4.7338599397319205409 4.881435390133357366 5.0266408423929851423 2.20895e-09 4.70882e-06
54209445.585215613246 6327 2.9985342931077947348 0.19179692129078595997 0.1617956641721875477 0.038478289798040708758 4.3850774483034822282 3.7975671988055763606 3.92528246470176434 4.0606714822866054604 2.25041e-09 4.7381e-06
54209445.585215613246 5405 3.1809738293672911169 0.055345584560407952435 0.077720138796614351984 4.4931001541969557422 1.7680914593040513161 5.637064966649673714 5.6696893944557205103 5.70155347307437399 2.93677e-09 5.17774e-06
54209445.585215613246 5231 3.1473216711769156362 0.086456769608557609841 0.2908075580932313331 0.76209713395113598544 5.7732976714949044705 3.739703381758327172 3.790276632650519506 3.8425084714645478812 1.89135e-09 4.47137e-06
54209445.585215613246 6129 1.4727982098328666893 0.39674961199363989461 0.6566291051535806389 2.6209362862897367386 4.4464520478182958385 4.4519356650670820486 4.8680924452018974335 5.2600424523019162493 7.14833e-09 6.96495e-06
54209445.585215613246 5034 2.8795340743293347252 0.22931010636829651794 0.17300292999532138061 2.3179887929791087586 4.9368792175320361793 0.096762163615374749415 0.076637456461186373446 0.059080910760799520975 2.20492e-09 4.70595e-06
54209445.585215613246 5534 3.2317386654549382641 0.11208548370690485374 0.088636798436595512496 4.7552866021313056066 2.9987853761061593616 0.045341316713124156512 0.040515911813985644452 0.035975908577220085116 2.18919e-09 4.69474e-06
54209445.585215613246 4112 2.073733331561655735 0.29292118873791445077 0.78064619986515193517 2.5336748036239953308 1.3714141457187525308 4.327035665861289182 4.6190228532402013428 4.9106682379437112118 1.99037e-08 9.79854e-06
54209445.585215613246 5288 3.0596588209637496369 0.29299509808511969844 0.29514195822641570155 1.7066127275999523061 3.8819752545389225595 0.68584011478713713394 0.51623173425863011499 0.37160746563783864094 2.94866e-09 5.18471e-06
54209445.585215613246 5938 2.2785676279881039719 0.38072962879464866681 0.31139176985884037263 3.857963797338142875 5.160987087091793768 2.6058693194952078365 2.3637129836669399374 2.0965281738588790184 1.88863e-09 4.46923e-06
54209445.585215613246 5446 1.1241153986525096453 0.16701777947284426884 0.21108190900543929991 1.6635578798351402519 3.7616451609027619085 4.1776119732300749376 4.3285208598015163517 4.4833835740710092921 5.46354e-08 1.37196e-05
54209445.585215613246 5914 3.1888045828457731723 0.045576842446009548093 0.13162444139847634395 1.7782515406071304209 0.37598025573255011711 5.6595059929032069945 5.6856524492338156307 5.711294187568196179 2.63408e-09 4.99337e-06
54209445.585215613246 6154 3.1590771376309665364 0.1441405517629511801 0.25656611711283144883 2.4861083591853212482 4.5528227912200689431 1.2781690368805189717 1.1424803077675218521 1.0113604818670087759 2.04677e-09 4.59064e-06
54209445.585215613246 5511 3.2082114790769029611 0.13691146973779660945 0.17943593719585235191 6.0519810954761874555 5.4190284661614498418 1.9391234770711491819 1.8077208858984961104 1.6746341174133705376 2.90982e-09 5.16185e-06
54209445.585215613246 5957 3.2300837019892267854 0.024775198068429947484 0.12009325299363138306 0.36036810872193897337 1.2917001873958113833 3.419684571011667007 3.4265689263726355485 3.4335340937811826834 3.45473e-09 5.46581e-06
54209445.585215613246 5962 2.8978343662450987139 0.18306315456054783608 0.17932874391537126368 3.8487795393537140853 0.81783214580589669307 4.2789245358521723617 4.4527919514997620354 4.6297212996856611511 2.88829e-09 5.14909e-06
54209445.585215613246 5160 3.0532191290376564652 0.078624530143276291638 0.22219693164139983632 2.1236294450473800488 5.2160246102835623461 4.3066818708236187518 4.3801449610755316399 4.4544697360789857754 2.48083e-09 4.89458e-06
54209445.585215613246 6827 3.0804588774325503131 0.079893634616087574885 0.18918242556725567427 0.73588820313156655395 2.2016255191567148941 1.2502409122170969891 1.1752762900307256455 1.1015507376033224496 3.04652e-09 5.24145e-06
54209445.585215613246 5481 2.1849502273657290807 0.4279942206025098006 0.27691245981517864649 4.7879168943696779337 1.4089991243500188389 3.3834653488953443379 3.5210125678218870959 3.6795337956510092425 2.0621e-09 4.60207e-06
54209445.585215613246 5196 3.5366511090533152561 0.19039770030577155002 0.17828241070036759952 2.7373286182672202926 2.1760292113613290965 3.7638102225514775689 3.8851407417789238785 4.0140216711832126251 3.02458e-09 5.22884e-06
54209445.585215613246 6960 2.9500604635450842217 0.19351694773693192686 0.085914188913360139965 5.0079858156483352261 1.2795781109590869118 6.0877468909514158568 6.1223648544612112588 6.153352360692153411 2.28045e-09 4.75909e-06
54209445.585215613246 6928 3.2134633735705810942 0.15204853898697209824 0.23461330240472785813 4.088617186697499406 0.1356171894092489949 2.5021032380172298915 2.4049423785147374666 2.3027945785702277348 2.08658e-09 4.62021e-06
54209445.585215613246 5929 3.265394491294395074 0.15298311159491745359 0.18929845669622044624 2.975561195030382855 1.1460050525118141707 3.5695556778290460365 3.6382029493724523661 3.7110914537593835405 3.18574e-09 5.32011e-06
54209445.585215613246 5640 1.3724669676492322612 0.23468088432851347269 0.32762827347801187772 5.1038030825443421179 5.5549470443516995033 4.5028004793409621698 4.7403827745728106535 4.974971710773790079 5.24602e-09 6.28242e-06
54209445.585215613246 5762 1.4468388377215863905 0.065598315803444093297 0.48856642826860952056 5.6027521436597087501 3.8302099465163013114 0.56993165490226571634 0.53545492240097614101 0.50198454008889392686 4.50081e-09 5.96963e-06
54209445.585215613246 1444 1.8585288375478641321 0.54153562179004632871 0.71737824335489885907 4.9329969618811038146 4.5515074843443699137 4.7390920731454189152 5.306939607748012655 5.7555478752443400836 1.72307e-08 9.33865e-06
