30357289.527720738202 0 5.3994831742098599037 0.063414717669076581252 0.013781334613404057701 0.20284468212915798824 5.4263758476024754884 0.46005545565578614964 0.43265219018682210539 0.40606366206821781217 0.000954961 0.000356051
30357289.527720738202 1 9.0571009288278734317 0.0097311621927837280155 0.060947976955595298265 0.82591418884205447526 3.9633801418309881903 1.4010407981231458585 1.3914572348992062523 1.3818821430318612986 0.000285285 0.000238018
30357289.527720738202 6992 2.2734394734368508217 0.29935046242887047852 0.34828559476219855817 4.8584475049968993687 1.6872644698702632393 2.5440563654580450326 2.3473294584643613625 2.1337885730323344902 1.98059e-09 4.54062e-06
30357289.527720738202 6819 2.0779019301148484722 0.18762698163560784237 0.27213451423981577237 0.96339973600427042388 4.8226650173845406755 2.394983147591467354 2.2570336763646130507 2.1118787607019533503 2.46721e-09 4.88561e-06
30357289.527720738202 6751 1.2598465066212780616 0.2498864980233574673 0.22594997627689372699 4.0435856400081116035 4.1585408143704523098 3.4515279416901298859 3.5395654226391215502 3.6364090199204346376 2.66624e-09 5.0136e-06
30357289.527720738202 4781 1.8849973528644743404 0.48775700981839964498 0.36323197147623209613 3.6072845408713969384 6.0675215275881875243 6.2226259558979730713 6.2476434383270813555 6.2649755843989893833 2.90062e-09 5.1564e-06
30357289.527720738202 5740 1.4601355313300745653 0.32019020839828116198 0.12594055047347815779 0.33564621435769087521 4.6601258369076790089 1.0669223544914112622 0.80169138685432661529 0.57162400701726312491 3.09097e-09 5.26682e-06
30357289.527720738202 5588 2.746845358175071361 0.1749770088731829043 0.09829164486716744642 1.6268229470567967532 5.3580808165285809253 2.4492070657961653168 2.3285883973085859111 2.2014929138123320307 2.40685e-09 4.84544e-06
30357289.527720738202 6582 1.6632615296580079978 0.28432189701559890116 0.25500589669046508368 2.7657009401027266016 2.596418258975636828 2.5880353671782536651 2.4143507004299795682 2.2253301268788723277 1.86721e-09 4.45227e-06
30357289.527720738202 6171 1.4900063372719376531 0.11603699324435047535 0.32157332007590838652 0.3115673855532536396 0.46755934628414513865 1.1556226830768481229 1.0516217140441892486 0.950875031140250071 2.39216e-09 4.83556e-06
30357289.527720738202 5921 1.5434480352911119638 0.23696164737460201355 0.30628228971637894151 1.3908530540191867964 3.9449147303053644364 3.0985225658328792164 3.0867600331718922924 3.0737733150708739238 2.32801e-09 4.79194e-06
30357289.527720738202 6443 3.2100645709933370853 0.24918802916791363278 0.26040935772993872854 0.049862801307687221186 5.0752723550878142689 1.2395675031602528815 1.010620257628900287 0.79951773502311962449 1.88164e-09 4.46371e-06
30357289.527720738202 5990 3.1408460953689933959 0.053489566243433393777 0.1758435603501881106 1.4363976097099591112 2.4764156238260657261 2.2618673833979072718 2.2199110813877709347 2.1773002645794181653 2.30118e-09 4.77347e-06
30357289.527720738202 6883 2.2235789812247301889 0.16246309011340742678 0.19336543790033630663 0.22143341569267072089 0.97645030125152554312 3.1033289462816777693 3.0965157474873263865 3.0891948938576092587 1.23696e-08 8.36184e-06
30357289.527720738202 6035 1.8923956908469017346 0.22171587427912498036 0.082582457581433565963 5.5906182180089842859 5.4693580403682098279 4.8751698433526016174 5.0919009465629407885 5.2978407490220860154 1.65258e-08 9.20954e-06
30357289.527720738202 6793 1.3827596108903814631 0.081444493569824943924 0.1690870980929167211 5.7899175431877463183 2.5942348626386659838 3.0447347008784584332 3.0365115731006304678 3.0279690391502507296 2.0508e-09 4.59365e-06
30357289.527720738202 5467 2.9625341858822911156 0.18444986005503991033 0.15192682661362463814 4.3883651951729438778 2.1171753854473425172 2.6527909196256245217 2.5576844405399241644 2.4559992953159612838 2.43648e-09 4.86524e-06
30357289.527720738202 2413 2.1034448402285708113 0.48208530732856613721 0.53171120535900062709 0.91594748488440203005 1.7286789247045415419 2.8027000672545381299 2.5781534158058003747 2.320673117524596929 5.65036e-08 1.38742e-05
30357289.527720738202 5694 3.1219124795242820802 0.14287366042291885226 0.30068743131757591502 0.91244748148320453662 5.2221606295901423778 2.2401174996878059353 2.1223766889797479607 2.0006915606310564648 1.21025e-09 3.85309e-06
30357289.527720738202 6253 2.1912332105616747491 0.29394119364622156576 0.13422109275059754263 1.6519599864612366513 6.2771985845356264022 0.78487267295248230869 0.59344494036662465142 0.42906707051205594805 1.17298e-08 8.21512e-06
30357289.527720738202 6484 3.1564840536165585938 0.15758421036423447825 0.23356296805497445135 0.1675249731236923556 4.9970725916302427549 0.96724858384278156187 0.84247398589015010106 0.72487012939971140479 1.88476e-09 4.46618e-06
30357289.527720738202 923 1.6940539168094819189 0.2739422386194829695 0.1588769153252702071 3.5056518697082892366 0.20602773617508174375 5.111581454406710634 5.3544584545606879189 5.573847331904739022 2.53731e-09 4.93145e-06
30357289.527720738202 6411 1.2382923951998765499 0.24201656700829637936 0.20274615165360998503 0.26059266397881541977 4.2220123177018962224 4.1651195629092470085 4.3883012675998767094 4.6177188474269481588 5.10394e-08 1.34117e-05
30357289.527720738202 5448 1.8063826334418175978 0.11602204666348255035 0.29779988899084491871 2.1624893989988840381 3.9807094065645554082 3.3351963257223067316 3.3589499457068878741 3.3839700829164161 2.56033e-09 4.94632e-06
30357289.527720738202 6528 1.7143620311677756352 0.18053969640771327931 0.14255136659546274736 0.52032048029417987678 5.9191904818168525892 4.7517452853742279117 4.932496849832789465 5.108680828074719571 2.31313e-09 4.78172e-06
30357289.527720738202 6764 3.2726267958904604605 0.022963722175436490636 0.27536141759531324036 3.3780860104506778008 2.7283564887773490426 3.310795460646982491 3.3147072573865159484 3.3186627867665823288 2.4069e-09 4.84547e-06
30357289.527720738202 5259 1.7796744133945818778 0.13568048069639279674 0.11164355751941049122 1.3348914704344134741 4.5652867390095233091 4.0678109661690777799 4.1813021184940009078 4.2982935784898499421 2.21606e-09 4.71387e-06
30357289.527720738202 6618 2.4989766518384533001 0.65410676111526444565 0.6996170006803815733 5.546284910910260102 0.50075901175384573971 2.1455495237315678203 1.3985027735819535177 0.75408062150714649796 1.98254e-09 4.54211e-06
30357289.527720738202 5328 1.7188193951665104997 0.51095609376382411515 0.59681777436061311803 2.7168916487444692009 2.660794614251764223 1.3657866770295381542 0.86687662722697644835 0.47736908526236543349 2.1043e-09 4.63325e-06
30357289.527720738202 6498 3.2296747992473462396 0.048316008188860878891 0.13209564892563455119 3.7950995533157354522 3.4807278858351051731 2.4270342147827732582 2.3947686162236982987 2.3619469957597125642 2.50157e-09 4.90818e-06
30357289.527720738202 5668 1.2488171003224437516 0.23539856398925640413 0.15150697926010606165 3.1521799672917096835 0.93771178367618734928 2.5367181870368771257 2.386448812911355688 2.2251081868664699392 5.17696e-09 6.25473e-06
30357289.527720738202 6300 3.2596902675000523075 0.074950678953951965777 0.2633179932888564112 4.4399679999826782151 6.1764562064418919718 3.6803072557644900265 3.7200900297078347556 3.7610705448524548444 3.26125e-09 5.36181e-06
30357289.527720738202 5204 1.1321321225031009128 0.4133301978941426591 0.23806155538541998173 2.6975474804732000322 5.8746259869381649565 2.5713702376626561552 2.2877163306344159288 1.9761343618418247825 5.21728e-09 6.27092e-06
30357289.527720738202 4755 1.7872447435291891615 0.085394655186671830638 0.021112918974349772355 4.0188335764040106213 0.31852317104791144642 4.7679694948590833903 4.8531342837942714752 4.9376845326552212256 2.39615e-07 2.24572e-05
30357289.527720738202 3800 1.5398993113549923617 0.1701867365129546561 0.15930099207476011713 6.2821081821669668699 5.4862086475802493979 4.5081549740692636874 4.6785855709191972451 4.8486750830097093967 1.79108e-08 9.45995e-06
30357289.527720738202 5861 1.6678800896617271832 0.15758873249508750791 0.098733214682202585788 2.8280752150080332719 4.3311122376824240376 3.5444835936654488506 3.6115262179160740885 3.6828866591495437177 1.95257e-09 4.51911e-06
30357289.527720738202 6719 1.6180046128020435514 0.064564444532009532263 0.23871301632319869013 4.3233792929409142758 5.994319532927471883 3.4971454328920552612 3.5203461954938348732 3.5442197149552590041 2.09817e-09 4.62875e-06
30357289.527720738202 6923 1.9156304703249276145 0.56238362668306318692 0.54331580053989347867 4.2551804049914885297 2.4718537272774621094 1.7625504695887070916 1.141274687549271416 0.62997514368426432707 1.67707e-09 4.2957e-06
30357289.527720738202 5480 1.619727105834437797 0.46314045200539161184 0.20856143213295549876 5.2436034595539213754 1.9382680638370459736 5.2084599923775805053 5.5904258179362633641 5.8862164889259611655 1.6026e-09 4.23115e-06
30357289.527720738202 5093 2.0391851496803967692 0.21375715825259580805 0.25289689546094251682 5.8221249901914937652 5.4039243087348776129 1.1106513141376750387 0.92628988010885571214 0.75541317880578529032 2.98948e-09 5.20853e-06
30357289.527720738202 6676 1.8484287139478450257 0.33503575939423929642 0.016023920089812810491 0.19201588382711809455 5.7571500120776386566 2.2115436073455079224 1.9055798225836420023 1.589144756916912371 2.23147e-09 4.72477e-06
30357289.527720738202 6526 1.1516423706534362204 0.25478557968870307882 0.21184106050996576176 0.8057041662822731487 5.8258879079466154849 4.0818318876639860804 4.3074144953883122255 4.5415910938260690699 1.74858e-09 4.35591e-06
30357289.527720738202 6951 3.0094171212902853796 0.080216525562654447667 0.068572153017095224814 3.3841860307561471011 2.2944473320566096675 2.1805800847806819931 2.1131891950257264412 2.044485668699705716 2.54062e-09 4.9336e-06
30357289.527720738202 6202 2.2178814646333142591 0.47265052117213940397 0.46287852502440396396 2.1070554166295476506 4.7036974180615569452 3.5731749791307096942 3.8438545319790748955 4.1491612539596642861 4.75227e-09 6.07879e-06
30357289.527720738202 6083 1.9783453434130342519 0.035239400893432686057 0.076072476733907642976 5.2814813249341181489 2.5805690100823723832 2.4226571536804977214 2.399130878656760224 2.3753053854515067123 4.91269e-09 6.14644e-06
30357289.527720738202 6402 2.9898636905203637149 0.25901262629153887218 0.21446861235268213641 5.0104710295388645847 1.3281309685706623736 2.7176455566504436057 2.5946095051686057786 2.4598936932695796287 2.16272e-09 4.67574e-06
30357289.527720738202 6242 2.0073567703332364509 0.28483747432997869042 0.25178945526941243216 4.1911505230281402845 3.9515770949795268052 0.53467280107309944626 0.40313498411602372018 0.29139212194699914971 2.33848e-09 4.79912e-06
30357289.527720738202 5146 2.7749580059895264661 0.020566432560852939554 0.14247676716929597029 4.008956327343899062 1.1023152867553436263 5.0918684943464294079 5.1109007178606518096 5.1298555551095512683 2.55901e-09 4.94547e-06
30357289.527720738202 5492 1.8149152171967501967 0.2155743756041350323 0.18798166096553800553 2.0099321824286437987 3.577144520271478445 4.8020982235337417166 5.0164331928266197025 5.2221199335152324039 4.51271e-09 5.97488e-06
30357289.527720738202 5047 1.8031678050210571129 0.15799012538556142515 0.21137522684851212107 2.4706882361483373245 0.91809885766107690586 2.3872751722041201106 2.2718345912406929799 2.1511028178732027882 8.23744e-09 7.3021e-06
30357289.527720738202 6657 2.4218665271421513374 0.20292033779050802633 0.25964305660122466435 2.2583990012699217687 2.6897195506239368612 0.32540744842559254923 0.26567518465971579067 0.21239625355233418547 9.52311e-09 7.66378e-06
30357289.527720738202 6413 2.7331243491676655566 0.33377327845527193784 0.14703625136163372966 4.2281136803454604234 1.585973092583730315 1.8042644237790923523 1.4595761449659203635 1.1278651152253060808 2.71272e-09 5.04257e-06
30357289.527720738202 5928 1.8367116981645872364 0.18021653059509434858 0.11664647077694201283 0.79987301714787839568 0.55925111353843448558 5.4009886463399618961 5.5334372470657662291 5.6562465942125683682 1.85148e-09 4.43973e-06
30357289.527720738202 5018 1.3989389579673354724 0.016872054896132093055 0.3395627635914277298 0.82805281505182304347 0.14345885452148895989 0.47112133594437216599 0.46351998595167398509 0.45597649961660330353 1.65949e-09 4.28064e-06
30357289.527720738202 6615 1.7576083427434112672 0.31556530735448351521 0.16168311300334198277 3.9422134600170353202 4.7678534313298372993 2.5807520582885334903 2.3817908954319522152 2.1644365366049460597 4.67657e-09 6.04634e-06
30357289.527720738202 5423 2.1093018230312932104 0.4420416912573085777 0.67566637330525503025 2.7315995192564850313 4.8583642987394775048 2.7181029315470675023 2.4761124258910598428 2.2031795474952677871 2.52578e-09 4.92397e-06
30357289.527720738202 5626 1.2720182394281356331 0.42961201138703919433 0.22203495125989636261 0.4343908271697309309 5.997319301581113038 3.3564230692034948689 3.479757145559849274 3.6222835499310321872 7.93289e-09 7.21097e-06
30357289.527720738202 753 1.3795289793426581682 0.39231135042376080735 0.12542574979039192162 5.3885839499416006149 1.7539588556400491637 2.3612002843139183739 2.0279308411553027547 1.6759016498647600901 1.27811e-08 8.45356e-06
30357289.527720738202 1124 1.8498352072621195852 0.14551687020341563805 0.17749725495690316102 2.5838665075882247812 1.2534386419137009128 4.6087921420432182984 4.7551505347051277184 4.9005343827053007288 1.32419e-08 8.55396e-06
30357289.527720738202 5020 1.6502261711467978156 0.25304157534997456791 0.24007798906376537351 5.1016062418678842505 4.6899088769369887686 1.6021988338529995488 1.3454753283371660988 1.0988300265777855014 4.40916e-09 5.92883e-06
30357289.527720738202 6161 1.8966928588554552437 0.056024885996155328327 0.19348401434370457452 6.1484594913168413299 4.9693827036574873546 5.9107101023665737927 5.9305949095043741792 5.9499419835633986509 2.19638e-09 4.69987e-06
30357289.527720738202 61 1.8140865294491683724 0.13950598933806593327 0.053430291235297820707 0.88454487199486697691 5.2540458452999985184 1.3123299246816555463 1.1793769480235782865 1.0504220063372735616 2.97121e-07 2.41265e-05
30357289.527720738202 6451 1.8306741525668615012 0.36847610244613077102 0.13063794760959782093 2.155945552663621978 1.2777215565852719781 2.9095438152775372487 2.8017715487234031713 2.6789516718115851113 2.57122e-09 4.95332e-06
30357289.527720738202 6876 3.0626992422851913034 0.13369569680653659027 0.15530454134067664396 5.3230135040520414336 4.9628987745419221866 1.4100284011263453099 1.2790590314577290343 1.15101255992396867 5.7202e-09 6.46627e-06
30357289.527720738202 5132 1.2400292585949694857 0.14067560507187135133 0.25892801624131128735 3.5242803603031234161 4.5667741086915771831 2.8125087275772195916 2.763552698854047307 2.7116293986667847626 4.5221e-09 5.97902e-06
30357289.527720738202 5470 1.6295766799011022208 0.084561361085260230985 0.23976997885505288433 3.7715544435465173656 5.4304072269691232577 4.1565356431271363036 4.2301070760877266252 4.3050232734903346454 2.3944e-09 4.83707e-06
30357289.527720738202 6270 1.9858898781591154403 0.27078577619559063283 0.19051186712873424689 4.9357470271820744756 4.7928914288139878863 4.4006388219615235613 4.6731844445680010836 4.9437621491389212025 2.07589e-09 4.61231e-06
30357289.527720738202 2778 2.1051423121754817558 0.2991240427379938116 0.33056354877975036022 5.2805864364800534361 2.8815400718156034543 3.295687275264914895 3.3510333873130822013 3.4132251307790082429 1.15158e-08 8.16485e-06
30357289.527720738202 5605 1.5621367737568703227 0.39616694719102918398 0.26219864170945011983 4.3114426760128328198 0.80497864936135177238 2.4868022691735163221 2.1882046200701510408 1.8651773830513640462 2.44051e-09 4.86793e-06
30357289.527720738202 5518 2.0654284902726014472 0.41907905161411179717 0.16666348252899143567 0.92585624757670004215 2.6748830205535498727 4.7403399716759198057 5.1700503665405452836 5.5460012677209782339 1.73658e-09 4.34592e-06
30357289.527720738202 5490 1.5476192059870930162 0.079867690534583285489 0.24269045697685326379 5.1928325087341207222 5.5050893599547903179 0.41585391198726928685 0.38468123485109512183 0.35470979085833581612 5.31486e-09 6.30978e-06
30357289.527720738202 5374 2.0781892065237799194 0.43320491951536271857 0.42597089282389488663 3.6848036100600096709 0.48573384685494452873 3.7201855607132507942 4.0257236423644791046 4.3607488873871620427 1.21754e-09 3.8608e-06
30357289.527720738202 2768 1.4130323905794353045 0.059024878301168343109 0.032070439341370104991 1.916335402805342758 3.5331272397431736643 2.8353202520797036179 2.8169926614110574192 2.7981678751175911302 6.30548e-07 3.10044e-05
30357289.527720738202 5194 1.7729980881710762919 0.19132344795565628393 0.13182722387025877508 0.92358499478833688823 4.8524305007534280776 5.3813913506514623464 5.5240712675688596889 5.6557551787793789444 4.75382e-09 6.07945e-06
30357289.527720738202 6395 1.559262268671955054 0.33558042135244842141 0.16105773860030711542 1.3366639142328313739 1.2995236872135587092 3.1256903337469150728 3.1190468847045451639 3.1114816070401807302 2.27089e-09 4.75243e-06
30357289.527720738202 5888 1.6339883554085836703 0.21088795423230902171 0.28787531214152822789 4.3037188162322532747 3.23457556595594653 3.1816840475014478429 3.1912521959084338974 3.2017204913660988197 2.79797e-09 5.09485e-06
30357289.527720738202 5952 2.0463794539083188795 0.54841830855793460842 0.60051080052067362658 6.1115015035147424172 5.9456399901361196569 1.7647606832257383136 1.1617779789693212233 0.65859777721730106137 3.30338e-09 5.3848e-06
30357289.527720738202 6639 1.511573251716482158 0.28322489882718576704 0.2896310404744227851 2.6271807196371241844 5.3205264679724759702 4.5072259313864773134 4.7968554546541293249 5.079070607942091975 2.07227e-09 4.60963e-06
30357289.527720738202 5312 2.999353614222477038 0.037638717808451065128 0.16924086303805024878 0.14978154479181055025 0.68158434720625071801 0.59921626734295141414 0.57830651700676227733 0.55773294482126900551 2.46345e-09 4.88312e-06
30357289.527720738202 5514 2.1891314973093036755 0.39889380724835254988 0.24653030903003916863 2.4678795751972049111 2.4341061012364053617 4.2654738633445692386 4.6721512809883902761 5.0707222128160589492 2.23079e-09 4.72428e-06
30357289.527720738202 6734 2.0794746951328888507 0.2516107348986997283 0.070386763546809172354 5.8457569748718229974 6.000897909676581321 2.0104800704550687129 1.7669702720977358279 1.5201855512953570404 1.24231e-08 8.37387e-06
30357289.527720738202 6073 3.2529742379057928758 0.044953806768044383968 0.22958853523998692947 0.60304881009198285646 3.2524326984931550832 5.8790710313593432801 5.8963973155674311855 5.9133545947095207396 2.87152e-09 5.1391e-06
30357289.527720738202 5364 2.6222700184786749134 0.18161259580038274786 0.08913780400694994166 3.9594166957310075183 1.968921608219211139 0.7047347557020797737 0.59394345215667909699 0.49230696618908753592 2.91675e-09 5.16594e-06
30357289.527720738202 6028 1.6031521188573385484 0.1781534375545343607 0.15577474782280911758 5.56972627759027894 6.0311248949873039749 4.0542922360552484662 4.2043506267791252995 4.3600033669399556047 2.1303e-09 4.65226e-06
30357289.527720738202 6691 1.5894362340480365781 0.38685697499329413374 0.31950703729239804396 0.53818043631681988792 5.5654411260895360058 3.8160084112555461289 4.1120649748388800049 4.4312810229827377384 1.99622e-09 4.55253e-06
30357289.527720738202 6521 2.9840547079727257618 0.12525048519722345453 0.16808687239449202067 5.1540198956376013228 0.33941677791677060672 4.5811726109902384252 4.7067061545632871145 4.8319546173144729551 2.953e-09 5.18726e-06
30357289.527720738202 2010 1.8192967135277327007 0.2262823360753064561 0.14328722208809241412 5.250205357526077421 5.9753401964740877617 4.3425104160037069079 4.5645849060408432152 4.7884000515764322259 1.54172e-08 8.99881e-06
30357289.527720738202 5455 1.7344751030112481871 0.27240366083978417855 0.17961452610840247801 0.13626886784165997968 6.2008769726607573247 2.4660600629072826351 2.2719564943588177464 2.063814417370424259 1.18753e-08 8.24895e-06
30357289.527720738202 6780 2.0296009618214081449 0.47675740444583641908 0.21530842125572244306 5.7421077052676352537 6.156093430678517997 3.8390126589000206359 4.2382154532272480196 4.6623724018780512424 3.2776e-09 5.37076e-06
30357289.527720738202 5170 1.1404092650735657699 0.36697775878287897111 0.038992175067959246315 0.95093159985325093064 2.1844139908046842358 4.4334720082417131692 4.8145315979572806953 5.1795966601005849483 2.19546e-09 4.69921e-06
30357289.527720738202 5540 1.9600163431009867132 0.39916275082733054802 0.072468172353292920063 0.27669540079086835105 5.3379441017250615076 3.8006371028298091552 4.1035884217012528197 4.4310354168724686019 2.31531e-09 4.78321e-06
30357289.527720738202 733 1.9790597142632690986 0.1469235093459685948 0.068871834878978507866 4.8566745227515628613 2.9873849207081244472 6.2786104607252610776 6.2792397942048800985 6.2798194813132859338 4.51209e-08 1.28719e-05
30357289.527720738202 5469 1.4219081569860727576 0.40634709175803274128 0.20717618223581191206 3.6302551758924619385 2.9383281343610558878 3.9233078713109321711 4.2719927422705215037 4.6395673399234151901 2.51139e-09 4.9146e-06
30357289.527720738202 93 0.96769261232754821833 0.04776784481112805042 0.032616149181106481036 1.7910908561516543092 4.449721901703641791 6.2060868618074449543 6.2096824671471750889 6.2131903787309541443 9.74894e-07 3.58511e-05
30357289.527720738202 5525 1.707320228304591625 0.40073917329589053837 0.23525536026288204616 1.319758303505090824 0.42780825590428284144 3.2625685908235482202 3.3262486025874249407 3.399827657949240578 2.22151e-09 4.71773e-06
30357289.527720738202 5178 1.7940217557178841368 0.22259205438095147622 0.15538758577148922835 2.5629950567375372472 5.2217574444111587439 5.8340990144818061225 5.922884310162403132 6.0013604565603433372 9.33283e-09 7.61239e-06
30357289.527720738202 3770 1.4424461357154159113 0.24852715483616694137 0.12095763749238112872 5.7598786150123029159 4.4861048337040596579 3.0198522051583740478 2.9848009415350222895 2.945993405750174432 1.55823e-09 4.19174e-06
30357289.527720738202 5688 1.2313349895987828475 0.046105655673281779883 0.20499990062708900451 0.94734740778001136352 5.9565994834520976653 1.1832153243159229117 1.1408822145885104682 1.0989721020976430665 3.26046e-09 5.36138e-06
30357289.527720738202 6103 3.3127655419697918937 0.071430067902691685156 0.13681081849211557122 0.21437774401334186436 6.1696007205591474332 0.70825124336935818548 0.66296405672766089978 0.61900201164081691818 3.07621e-09 5.25842e-06
30357289.527720738202 5181 1.2546953174530033337 0.095415393944929538517 0.30313173964823963979 2.246404776111403212 4.05385242349829511 4.2543247721253241167 4.3418963801072054665 4.430837753759624853 5.47157e-09 6.37119e-06
30357289.527720738202 5623 1.4718318042712106308 0.46353124954229352195 0.1379767049774635046 3.1148528917668234506 2.3777951408554955925 2.6925713761709086924 2.4202300918924430917 2.114110141913116081 2.3084e-09 4.77845e-06
30357289.527720738202 5316 3.4721825203854757014 0.10153455934024409324 0.2015088023488768032 1.7663225189883715593 1.843160584732092433 2.1322931837070089323 2.0437832090354928205 1.9533959670014502397 2.96988e-09 5.19713e-06
30357289.527720738202 6874 3.269569015331693862 0.11517211535322711968 0.2636661700661400709 3.1589005435486199325 2.5553898451558239024 4.9125124929825050302 5.0243600736586380151 5.1339728795190842092 2.61974e-09 4.98428e-06
30357289.527720738202 1959 1.1239154647322351366 0.44831469801257300967 0.11004720678924286015 5.3203603830477756986 0.64113282953564898481 3.3911427580417274896 3.5425804218606273821 3.7175701775507565827 2.04943e-08 9.89451e-06
30357289.527720738202 3953 1.5852929778461168908 0.25389230585842309518 0.3712816803362185003 5.2897594803947285413 5.5480979309030011848 2.4861671059142764761 2.3113577556979940653 2.1239624147323636905 1.87457e-09 4.45811e-06
30357289.527720738202 6642 1.8218296529910711357 0.41274528280146044468 0.1021333750988529937 2.8501975209356777974 4.4457427990816524854 3.2128105463586473789 3.2519878131869068838 3.2974603999672207344 1.26355e-09 3.90884e-06
30357289.527720738202 4189 1.1577434301417797169 0.069290683602403646546 0.020309358609603020418 1.3471790437723683009 4.693906741330789778 4.4776455193083712913 4.5456395003899192631 4.6139690868566107795 1.29564e-06 3.94166e-05
30357289.527720738202 5324 1.8214808947617047163 0.15482154617607346569 0.35537374779040642458 0.50729817152141265524 5.739720433651317677 1.5621760793390893074 1.406838877245274233 1.2540936334455186074 4.64884e-09 6.03437e-06
30357289.527720738202 5380 3.3627977085191069762 0.052769979827311040699 0.20512346896966288101 3.3408457936914981445 4.2819950663588475237 3.1226094648849938018 3.1215799053839408117 3.120523903558020784 2.14422e-09 4.66237e-06
30357289.527720738202 5451 3.2625251815306279823 0.043899421102151295337 0.04847219378479802887 2.8170815665075137346 4.6537946045946867457 3.3864578998041050539 3.3973370530525728306 3.4084420993801631816 2.58702e-09 4.96345e-06
30357289.527720738202 5538 1.647802754084339405 0.26155251400703533049 0.21716647125977209254 6.2598860897149650739 5.1397531040734758534 5.1051881961327172377 5.3381217598351016207 5.5501190056477369694 2.97954e-09 5.20275e-06
30357289.527720738202 6532 1.8412915938420828521 0.13499811609374071097 0.1900771911154897631 0.91059227215730498273 4.7828103642730219747 3.9110878577194654326 4.0101976439366078253 4.113259074045493513 5.62757e-09 6.43118e-06
30357289.527720738202 5853 3.1132426154106500604 0.12968562168516184485 0.18572422316818618104 3.3808563457325075952 0.72942343287765942783 2.7582096605373735976 2.7063743017552823744 2.6516977532487744362 2.34516e-09 4.80368e-06
30357289.527720738202 3751 1.0238359689066649505 0.082567235738932986955 0.16874826826193156659 3.4079413548429475789 5.3865585917237641667 2.5121083924146971889 2.4617422824567962714 2.4098341876698228248 2.30157e-08 1.02847e-05
30357289.527720738202 6233 3.1171803568322262734 0.19104291233268894112 0.21047969917433456688 3.0567892007443449032 2.0401959368624953406 3.2861344731959669652 3.316834614307953899 3.350142257866902451 2.38928e-09 4.83362e-06
30357289.527720738202 5382 2.0790267167765259515 0.36367552083826065745 0.25945733769199508245 4.8570880101962146114 5.5936736331853804671 3.4103378624145932463 3.5323490262015244667 3.6708686251360904684 2.55203e-09 4.94097e-06
30357289.527720738202 6255 3.2509002782503015894 0.081713475104083999057 0.19887408034380760213 5.4523116322203852846 2.3383687770627785696 1.7452419121308850869 1.6641017133376609927 1.5827436747288401442 2.45838e-09 4.87977e-06
30357289.527720738202 117 1.3174346890695045609 0.12781146416868366389 0.23779164770995839251 0.41820238393839059832 4.9959899482602327936 3.7687751929006361173 3.8481781577730682642 3.9311585434253828453 1.39228e-08 8.69812e-06
30357289.527720738202 5708 3.1449567984426121114 0.22654465987983529729 0.20028508765552044402 5.6896231535549626201 5.4493058730216006325 4.0403535485931065807 4.2331938733434215649 4.4342219740945330031 1.65544e-09 4.27716e-06
30357289.527720738202 6956 3.4732848297453120523 0.13541261957484862499 0.41603844785557270169 0.79571740946612656842 5.5429295689728741436 1.4944119813140182007 1.3596741623048984593 1.2272681940692626856 2.20649e-09 4.70707e-06
30357289.527720738202 2850 1.6098068311834299315 0.31255221855940379383 0.3805983380977207009 2.5633909011251034826 3.8499364845541861335 3.0219602914640804059 2.9764660217731235825 2.925089550223637147 2.86233e-09 5.13362e-06
30357289.527720738202 6683 1.6681340686736987333 0.1108360649709274337 0.1608771599213952852 4.3810121482584492014 2.6534584801201099857 2.8832028949030745757 2.8531828309792790499 2.8216579411083899664 2.07491e-09 4.61158e-06
30357289.527720738202 6722 1.86938499001151337 0.32364939129040443122 0.2883633715295534361 5.9423460213504402105 0.024087059299431782394 4.1729106302513017113 4.4824333518178605118 4.7975631615077904968 1.78527e-09 4.38616e-06
30357289.527720738202 5002 1.1059289530340910002 0.14033837061848694616 0.33844281284970595403 5.7427120041793981997 1.6869718013168568671 4.3506878964719772895 4.4857687243728143756 4.622518830665739209 2.79003e-09 5.09002e-06
30357289.527720738202 6473 2.0185544180632604139 0.14398758154169591372 0.30242461784566371241 2.2154081741814000139 2.4384359299469737792 2.8132215659298989152 2.7631197195039569614 2.7099160337742196347 5.43469e-09 6.35685e-06
30357289.527720738202 5815 1.4706497953622228447 0.37329009832888548903 0.26972006984279839337 0.76823796144379796758 4.5048918279097645012 2.5016994176335702882 2.2296100566971461809 1.9344424843094851774 2.67562e-09 5.01947e-06
30357289.527720738202 6211 1.8599287731401368262 0.19653692642265419011 0.1915611624274696223 0.97668919965976119801 2.5394029049412236709 2.1656638241186079163 1.9920421877176306413 1.8126864763622125842 2.33777e-09 4.79863e-06
30357289.527720738202 2174 1.1207682351707022317 0.24024267661585516076 0.4104479747351776342 4.9697039294681957244 5.642716125605320876 1.7429853667493442337 1.4988730544288013657 1.2592514925245030799 2.03153e-09 4.57921e-06
30357289.527720738202 6225 1.8494949828616762399 0.33442726362688940389 0.085918869082385482261 3.6975906702510368262 1.6371322035795410343 1.2046943896917883254 0.90412278983442773139 0.64130208447460668175 2.38341e-09 4.82966e-06
30357289.527720738202 5873 1.8172313507135875454 0.39281701823662906747 0.19029696134348414449 5.6062485435372995113 1.6919587547664480809 4.2650653781001732767 4.6644996930354709619 5.0568663572501204584 6.23622e-09 6.65514e-06
30357289.527720738202 5741 1.8975173408647878492 0.39324349756858661964 0.057840319201376541591 1.6657791607451197802 3.1422758467767448742 3.7762379374458312498 4.0651477400192757017 4.3788578703137428505 4.83963e-09 6.11581e-06
30357289.527720738202 5780 1.5457601958634372696 0.13924123454335884942 0.084039742866300420898 5.5855566613745555316 2.4817084799937418893 1.511814873231209333 1.3729327618883213624 1.2364082930140638528 1.95079e-09 4.51773e-06
30357289.527720738202 5080 3.2276361720288533341 0.17465328437327798383 0.26287165863644867958 5.9235093997004089061 0.68663849445862346066 3.582703563698439897 3.6642999462636693941 3.7514917132473870609 2.57476e-09 4.95559e-06
30357289.527720738202 6155 2.1765854742682329004 0.21571766618333315657 0.11165896887675764992 6.1252940348886069089 2.398925928561304044 3.0882536335446379994 3.075192580715231383 3.0608794350771235671 3.03729e-09 5.23615e-06
30357289.527720738202 5782 2.0182025702297550218 0.33704938302957276886 0.033727901346694469376 4.3092507661266088448 3.0770606323336302523 5.9609407963872209635 6.0552833712717006875 6.1314343569425568958 5.0598e-09 6.20718e-06
30357289.527720738202 6417 2.1215391524405999846 0.39782639244305839643 0.2807184067620679957 1.9481600481913632361 4.0533555351850418802 4.8572013133085052417 5.2507150657001293581 5.5922761152328721579 1.63097e-09 4.25597e-06
30357289.527720738202 6237 1.2875999287268806714 0.18896580913404317781 0.3057334379104019173 2.8297179496216435801 1.016787189930761004 0.48998880122061466702 0.40726066605520111485 0.33241215272271895653 1.89473e-09 4.47403e-06
30357289.527720738202 5750 1.5820672352412581407 0.36668775821475990684 0.089709876209754943477 1.4651329740343081998 6.1692226693176159813 4.0625794601098039749 4.4010820238223091749 4.7501445896121703427 1.52873e-08 8.97346e-06
30357289.527720738202 5661 2.7227194051501557581 0.15519310034313360536 0.081507923378034655149 1.3959756919635259997 1.7847607807106915523 4.7203184946121732324 4.8760405248297793435 5.0291600816902279902 3.01386e-09 5.22265e-06
30357289.527720738202 5643 3.3118262990947378022 0.03769168709150549218 0.068419489982904091452 2.1258921128269170353 4.0116570880800122012 3.0896605602030842164 3.0876657810118079972 3.0856341712289325763 2.47115e-09 4.88821e-06
30357289.527720738202 6335 3.0890396954537142626 0.1337797761193328383 0.25047036226069485654 5.4018833738726348415 0.45765955879419223384 4.7331961552062740139 4.8671625445194734993 4.9993431790864217845 2.80706e-09 5.10036e-06
30357289.527720738202 6290 1.7890976650594179187 0.35484802376263757662 0.044369284492437294221 5.9242888775043063276 6.1822391954175577311 4.118202109962331825 4.4537093662550413242 4.7967510927920464781 4.66797e-09 6.04263e-06
30357289.527720738202 5215 3.1075535213251641586 0.32717627791886816357 0.26574654964041771743 2.2055311005654307799 0.77721719274817613332 3.7073306110314119266 3.9167524982068360195 4.145720358752858381 2.09099e-09 4.62347e-06
30357289.527720738202 6358 1.8142309508038982901 0.36342061819741688922 0.13088178738244854449 1.3876412452511748263 4.5422522011964270305 2.9331628588710549899 2.8378074088673601594 2.7290958499698425577 2.40091e-09 4.84145e-06
30357289.527720738202 3761 0.96618126799311643271 0.18765910235207386436 0.20233578984953229374 0.75744702607544367456 4.9290333986783947395 3.2670975824726649073 3.293253877323488954 3.321605507492014997 4.38307e-09 5.91711e-06
30357289.527720738202 5048 1.7189552509318626328 0.13691026129657898891 0.15762790858125919069 3.984344202620053732 2.4385951956549063446 0.50518557192110036258 0.44241174403132771387 0.38379768823987309156 1.54672e-09 4.18139e-06
30357289.527720738202 5673 1.818903365325624133 0.14728420452565230137 0.21391900277178849121 4.249599956167539716 4.4679844622052069525 0.75773989282859499639 0.66122915348682187453 0.57078377775439415043 2.67237e-09 5.01744e-06
30357289.527720738202 3324 1.5415025520200553721 0.11894756747852487655 0.02825406725527707108 4.8368814796939840761 0.32877964594420783229 0.43601938466599193811 0.38820137981715824305 0.34317684212371701857 1.99813e-08 9.81126e-06
30357289.527720738202 5034 2.8374353629538004995 0.20861191243367435688 0.1550636787940614103 3.8163780287525264079 0.56710046483697185149 3.2283304180594427635 3.2487479081853698482 3.2710590165591244549 2.20492e-09 4.70595e-06
30357289.527720738202 6957 1.4043080463847925632 0.07796354747246611594 0.38977238613973852477 0.60776491185935321848 5.0240936963554094774 1.0532188564311213419 0.98667414256714924825 0.92163722461055330726 6.68595e-09 6.81142e-06
30357289.527720738202 4112 2.0882222280987527974 0.2949009168556409044 0.14289175144445934174 1.6409310436770165875 3.5642061744756166064 3.4373182095832808258 3.5399443047799912243 3.6543362477989900228 1.99037e-08 9.79854e-06
30357289.527720738202 5344 1.9513741631979011348 0.16740515675606512658 0.23173569241712960176 1.9751210911186776187 3.9588240559407772423 0.42740439422890214027 0.3625220950712054746 0.3031546132001525784 5.14004e-09 6.23982e-06
30357289.527720738202 6577 1.7679574208202826213 0.25388253399824040057 0.27133660842681633918 4.1869271523497531007 2.748193622320838525 3.690807876957275635 3.8419242508319730867 4.0055442502977296471 1.63583e-09 4.2602e-06
30357289.527720738202 5446 1.412620247965227005 0.12843304057488486025 0.16542456343173680966 0.10481533952020206935 2.1511826262400433052 2.9244668878260653422 2.8948194645543727788 2.8634463320899068428 2.99275e-08 1.12255e-05
30357289.527720738202 5123 1.3835025011725730071 0.34245161442674393326 0.12756949525203561957 5.9065700602112034545 0.23552324567765201002 0.65332786983825386073 0.46563170539489312505 0.31187526463929582388 2.85229e-09 5.12761e-06
30357289.527720738202 5200 2.2955927352768812355 0.34643654662104750308 0.16348159523132144155 5.6343871230491027191 2.3059571474025570836 6.2259226166391830048 6.2432843096769987667 6.2571038057979517788 2.18438e-09 4.6913e-06
30357289.527720738202 5511 3.1550305692805675761 0.045360429926147194379 0.15449302812629125969 2.9769786178945278898 5.0204095161673798486 3.8338793820908669829 3.8633606947192320469 3.8933309142935206282 2.90982e-09 5.16185e-06
30357289.527720738202 5957 3.1846593039998203345 0.086266631958670375591 0.099825051146426646564 0.53277084227396043214 5.3241000499293917869 0.85997576165409284066 0.79629610766588554416 0.73463525110831584541 3.45473e-09 5.46581e-06
30357289.527720738202 5962 2.9000937679466654018 0.094148764048423955186 0.16459805895871768011 3.0695564352463655666 4.7569315504922240478 4.0358042308629435979 4.111580144876462839 4.1892414495205096969 2.88829e-09 5.14909e-06
30357289.527720738202 5160 2.993824474420400783 0.1065211863791217517 0.1900723885026635307 0.54981279257288973028 4.2644789938146860919 3.3316113058273280068 3.3529042038878329457 3.375246219233389855 2.48083e-09 4.89458e-06
30357289.527720738202 6891 1.94139489288267586 0.13911071938466179621 0.086757904959572543224 3.8194952465753004844 2.9568652635756613734 4.9484597697116470272 5.081988091332479307 5.2117049752158273179 4.39964e-09 5.92455e-06
30357289.527720738202 1399 1.6053752140879817834 0.15175490212396455791 0.16998913971142287638 3.8276268842246694568 4.564672299089290064 3.8714527215847485131 3.9792603316872985353 4.0920270256884823112 4.64728e-09 6.03369e-06
30357289.527720738202 6752 2.1015258216183521078 0.34968871111701838039 0.38199037013412406871 0.72355379808699782362 3.2669238645302254298 3.4497704503585966407 3.581861822134394302 3.7308931992230127683 4.12549e-09 5.79885e-06
30357289.527720738202 5597 1.6569418498506232051 0.20207522969593200157 0.33522576694794331553 4.7267802375329175391 1.4441179842349076701 2.8943444609533077738 2.8388981680206644143 2.7786609017811807476 2.41109e-09 4.84828e-06
30357289.527720738202 6928 3.1865509347673781626 0.08484902677116196168 0.211823049229071525 3.8502132357073817204 3.2478190264116331143 3.1865388247427643975 3.1905274093201159147 3.1946778188206716997 2.08658e-09 4.62021e-06
30357289.527720738202 1123 0.74606565393516166562 0.11652405733135424992 0.0029037434218754545716 1.7585982903638801567 3.6248891269792706815 6.1311473774372062806 6.1478878064172910456 6.1636051654202903549 2.24683e-06 4.73559e-05
30357289.527720738202 5640 1.4673793090633449054 0.24411452666064215045 0.21101976015397574948 5.4887631424986809137 3.4434304130048620785 2.6629793371866830043 2.5348915790602331022 2.3957071453218872215 5.24602e-09 6.28242e-06
30357289.527720738202 5842 1.9307606614052947869 0.676794648397865517 0.53051079751136953622 1.76479583303832821 1.770194722313756186 2.8250250967668502078 2.4441718797911651251 2.0095053589055340559 2.75394e-09 5.06798e-06
30357289.527720738202 1444 1.9225879732764090679 0.33983345996019342916 0.076082304665807246047 2.3183925657810444676 2.2895602627647968497 4.9129240653859458376 5.2415999069649972242 5.5349460882804635276 1.72307e-08 9.33865e-06
30357289.527720738202 5176 3.0841878094590127191 0.067317653448504238822 0.092309513879182264473 6.1163259495567512403 2.3663304723410121255 5.4105722755613276931 5.4610916116324466074 5.5104066793501695898 2.68297e-09 5.02406e-06
30357289.527720738202 6404 3.1078267809788173714 0.12033988621884880721 0.26683493456326279336 4.7778094204995582572 4.8363068202840615584 2.8950957890708730602 2.86379403181249792 2.8307921015451689151 2.07676e-09 4.61295e-06
30357289.527720738202 6140 1.9739380039649951915 0.19680179994978827529 0.1122020020453585315 3.5740303352181079788 3.4950829283814339732 3.7905844386386502443 3.9208455684885636927 4.0591476614625330299 1.67728e-09 4.29587e-06
30357289.527720738202 5534 3.2551371221885729845 0.17176538902921170693 0.11059461797657138549 1.4373603034087500951 4.6102684049727837845 1.1084116900617944079 0.95956350103368837079 0.81889775591719493608 2.18919e-09 4.69474e-06
30357289.527720738202 5929 3.2439496582525588764 0.18983528578433148115 0.21443333317595680843 4.6389712382661576484 0.83540359705031541626 0.78041218326706163211 0.65438116150277669814 0.53883442978918438815 3.18574e-09 5.32011e-06
30357289.527720738202 6162 2.0710158448140583154 0.055467040739782001724 0.30173745009858543575 1.179665782806900598 4.7247513217864378632 2.6640541669847990214 2.6378989161545343123 2.6111269823742202512 1.62993e-09 4.25507e-06
30357289.527720738202 6775 1.740261562665121664 0.28927312990077957977 0.20379699249819632767 5.1834074883936782641 5.6689071219465771989 2.8791613511655413937 2.7897675052776675919 2.6900805915689085523 6.39874e-09 6.71246e-06
30357289.527720738202 6061 1.703702980872245254 0.22812586469960996483 0.28938232238735644986 0.55209889881250184818 2.0871784505501338458 3.1589643885505478416 3.1635048006475399163 3.1685031281354563149 4.03777e-09 5.75746e-06
30357289.527720738202 6895 1.8962025524050527547 0.48894985026521126104 0.21709675601820707658 0.21654693817272196998 4.0294812029858348978 2.9066522461261921073 2.7440380750343336125 2.5547339050877990729 2.5437e-09 4.93558e-06
30357289.527720738202 1810 2.1345960257773981539 0.41869390732550543222 0.25715659080396985336 2.9154077456564788662 1.4361264102564952339 0.54037375269819987178 0.35092547377299754263 0.20699231474303234068 7.36354e-09 7.03416e-06
30357289.527720738202 5072 3.0990458830275104951 0.052408905081455348096 0.23150266108390421538 0.38919112824028173625 0.74173397490664427778 2.3535253766952957122 2.3156463190454061873 2.2771158373370568029 2.73643e-09 5.05722e-06
30357289.527720738202 5231 3.1610762761608399707 0.03789589739141248359 0.2395851394373812171 3.0242688875257650594 4.271773873871632432 4.9116204236571583408 4.9486369386601154474 4.9854802019287500769 1.89135e-09 4.47137e-06
30357289.527720738202 4786 1.667411615460862695 0.20479663521400817694 0.24244682921809310172 5.1780461682669871593 1.3403271558697411603 4.4046324760880448679 4.6075825249262800654 4.8112554059779801818 8.41208e-09 7.35334e-06
30357289.527720738202 6756 3.2124749143512212335 0.097041607624988174274 0.29082740795038902748 2.3702436443281285072 2.8958925976927916146 0.78824086360164480336 0.72157618215758168034 0.6574735204441652936 2.22448e-09 4.71983e-06
30357289.527720738202 5182 2.0120353275408664473 0.15639509116982250325 0.030617885007898314881 2.441434876110422092 2.1806757045690510211 3.6796609477191113413 3.7660958794353209811 3.8575392033020579063 9.37786e-09 7.62462e-06
30357289.527720738202 5372 1.8773582273756872496 0.17130283755022962522 0.2445275521426684695 5.1077423270513246933 0.24739562564462955208 0.78967057440997112661 0.6742663738810631413 0.56731783233404553535 1.39548e-08 8.70479e-06
30357289.527720738202 5855 1.9493903133791483651 0.060970796730028933852 0.29637982021359060569 0.18973000338267637099 6.2741815045293192199 6.124737097405599684 6.134084668839980381 6.1431418080998625442 1.88487e-08 9.62226e-06
30357289.527720738202 6156 2.0823511310127598151 0.29423762202454989412 0.21959651831296470026 1.7678595243966530592 4.7474052003756428419 3.1145198932410984582 3.1049330147815701331 3.0941487857530503014 2.69058e-09 5.02881e-06
30357289.527720738202 1410 1.8767889965527932983 0.11768230901534969257 0.04196730444095846807 2.3101122057739233995 4.1480442126402286007 3.4832288168874123713 3.5251179509973984416 3.569153726844415786 1.96181e-08 9.75145e-06
30357289.527720738202 6507 1.9453080854393183241 0.56495138907329589539 0.47373640406142603076 1.1160412732375739608 0.74225543419299055969 4.1461469850462027154 4.7532757368941886966 5.31775496954411242 1.72019e-09 4.33221e-06
30357289.527720738202 6653 1.689531624497272233 0.10172425216772928991 0.21904218733114935724 0.59210096033424541861 1.4261510807081432262 2.2878053301770644445 2.2083052188668355065 2.1265615480894020095 2.19009e-09 4.69538e-06
30357289.527720738202 6914 1.9855550580375178615 0.15544221854086825996 0.15570536833460213444 3.1623046511307171258 3.7900656967506636263 2.7621989072470314319 2.6997613335738233076 2.6332949186962895105 4.41745e-09 5.93254e-06
30357289.527720738202 6633 0.98030784425299166696 0.11245572788277864718 0.2485706696972859453 0.86258434614316126243 4.8927265543416655902 3.9643066351549030024 4.0502448887060102933 4.1389360041224989573 3.02269e-09 5.22775e-06
30357289.527720738202 6942 2.7963370313135222922 0.20989225511437314964 0.17282063053763102589 2.9371721864619257936 2.9275225852045574371 1.0180433028507061 0.84734593632075538849 0.69002620791412638823 1.34834e-09 3.99439e-06
30357289.527720738202 6832 1.7352066995821784356 0.26840265613628777608 0.22874256957957062042 4.1511965786854094773 1.789200871398635595 1.6281154593404905118 1.3547068037660625617 1.09254628957854516 7.86044e-09 7.18895e-06
30357289.527720738202 4502 1.3257565660002970098 0.19859681688991576154 0.31096109717550152185 1.8025793647024133115 2.6920818973478253255 2.3867617131896823324 2.2387598518696831817 2.0828445369965851164 4.58456e-09 6.00643e-06
30357289.527720738202 5426 1.3094080177261979703 0.24954878024410570569 0.090771325124901977577 3.321086453200936095 2.5684934667323098267 5.4636645453644234749 5.6338006554791588698 5.7847019101013685827 2.09851e-09 4.629e-06
30357289.527720738202 6089 1.9106221671934935369 0.4428609987668489234 0.32639465063129635691 1.4891914447801468668 4.6521952483881410245 3.3320475462635870123 3.4466294654126645725 3.579633150928231089 2.91473e-09 5.16475e-06
30357289.527720738202 6690 2.9127247993778353496 0.15105162089445955953 0.096907787679932869129 4.3242441352156086865 0.67592133457098990679 3.5122882959668464409 3.5715008790274245243 3.6344572884565398141 2.63564e-09 4.99435e-06
30357289.527720738202 5386 1.7190314757062012951 0.43354348518840013504 0.3751173411486985465 5.2175546004567738834 0.48322184878342300252 2.1890307142574063626 1.7671266269079319855 1.3419119309150051578 2.3788e-09 4.82654e-06
30357289.527720738202 5291 2.1623873226068512921 0.18724637994186865697 0.43381017526104792559 4.9541895608535204687 1.9162739928627894326 4.7826377984826171641 4.9693037743509993476 5.1504044517387619351 2.6037e-09 4.97409e-06
30357289.527720738202 6457 1.9928486614399254506 0.37036969603722574851 0.28137929495088848109 3.0320665216587041613 3.714275271509608789 3.1553017983370823529 3.1618171828559820113 3.1693072249777962668 1.33039e-08 8.56728e-06
30357289.527720738202 5818 2.0200185314874410381 0.48708303509125855379 0.29885139232391544351 4.5237186421155053395 1.455271569823505029 3.0437136371551414271 2.9751836716375059666 2.8945022571330976113 4.47796e-09 5.95951e-06
30357289.527720738202 6055 3.2251247528948598919 0.03765288730211005519 0.075230128621804365219 5.262538052204623007 4.0484037667087289236 0.21237806077138582372 0.20458214018335385553 0.1969326537036632796 3.0525e-09 5.24488e-06
30357289.527720738202 5142 1.4164712389584834806 0.18261030591162241699 0.14600352296476165614 6.2023151881324691814 1.1818410236221601473 1.4757495023863054229 1.2945080464573073264 1.1188233148297508368 1.02472e-08 7.8533e-06
30357289.527720738202 5984 1.7548158871398509273 0.5452396735102073011 0.5640417424726668072 3.0072569942143281274 0.30091130594167786461 3.0260957979921330185 2.9292565197930509058 2.8143504537024708334 1.83318e-09 4.42505e-06
30357289.527720738202 6291 1.6623723936693697301 0.2795400633765919296 0.19815859164695634465 1.6532980149281535365 4.7752324918085111705 4.7896833866835635263 5.0691270070523373192 5.3310674940513216313 4.97801e-09 6.17355e-06
30357289.527720738202 6390 3.2361898702424412022 0.050135495696833752566 0.30020280222220108168 5.8314056481973022272 4.4766224792671405197 0.7070490886979686751 0.67507349555983875433 0.6437410822114303377 2.74624e-09 5.06325e-06
30357289.527720738202 5954 2.1570200300217696743 0.46293472370329741272 0.31555761844882407319 3.6100354322588907863 5.5698473767994478578 4.1205628409120915734 4.5840366139114863131 5.0431633001308444619 1.68237e-09 4.30022e-06
30357289.527720738202 6332 2.1598171619762069895 0.21583809503597176094 0.067534155048877594907 3.6414236160382316143 2.9767511465932825487 3.3395252702805735545 3.387615350303320394 3.4401823630849386326 2.19525e-09 4.69907e-06
30357289.527720738202 6732 1.4337018209690584047 0.15789128402916696725 0.18694337438107902494 3.5183785858694696103 5.5403670174296628659 5.4275794126936567352 5.5414716204736791383 5.6481354602326891978 3.70815e-09 5.59632e-06
30357289.527720738202 6286 2.0681674537914038758 0.46263456685907461408 0.35151443769060003453 0.10905305261311612486 0.84669301708329336442 2.5445653224882422982 2.2020799329694384916 1.8286086425862393412 2.66284e-09 5.01147e-06
30357289.527720738202 5405 3.1744087665522875419 0.084998717555428260351 0.17518460797653231942 5.6193634586835523592 6.1114896116736527887 1.7503094662841622853 1.6659332922596650217 1.5813189481476450649 2.93677e-09 5.17774e-06
30357289.527720738202 5098 3.2099669713329457288 0.062967089470745155055 0.094297101813173037077 3.1480515712168899434 3.8201935722046789223 5.1449034003531428638 5.2013678477280445023 5.2569560109947488513 1.90652e-09 4.4833e-06
30357289.527720738202 6153 2.7817345509321778074 0.19685087307854506888 0.50606721109250396573 4.8996462020740443322 2.2457288768980578908 4.8023118485763847119 4.9979265636714336196 5.1868070174285030305 2.21408e-09 4.71246e-06
30357289.527720738202 5368 1.9803963669549766724 0.48307410098025832523 0.77305644739567336288 1.2121405058780663211 2.9957984045330343648 2.1231553501244584403 1.6265800883347061312 1.1442574142340544707 2.65835e-09 5.00865e-06
30357289.527720738202 5796 1.6889482181592527787 0.21789055403793405885 0.26538336126751554955 1.3431203612318853846 0.36678860065333540597 4.9870531658263512753 5.1924372017981346161 5.3857001648172388997 7.64873e-09 7.12382e-06
30357289.527720738202 5895 2.0938806632411859354 0.32443458979419770305 0.28534117453315949176 3.5990681617412110249 3.1132383679800019749 3.1379655718892309757 3.1365141187554352875 3.1348664734722611058 5.57854e-09 6.41245e-06
30357289.527720738202 6730 1.9786627480928331568 0.36827345453150894805 0.1390466160587309763 4.2578260359208313091 2.7323242794053848037 1.6113207557459312547 1.2316052579215712726 0.88431450565223690408 2.57888e-09 4.95824e-06
30357289.527720738202 5548 3.2007837285159954632 0.026823069387232615496 0.33018761081153169545 5.7867805818924873407 3.4959605452518167645 5.1553065594448863607 5.1794059814984203527 5.203356709977692951 2.11518e-09 4.64123e-06
30357289.527720738202 5131 3.5386628169892677676 0.037461869695363983479 0.25214058537501016222 3.9943175801580101947 3.12178017819330611 3.1907694107075319501 3.1926467007488992245 3.1945584500576007514 2.25296e-09 4.73989e-06
30357289.527720738202 6295 3.2536783469376260314 0.041333506975587616661 0.24593095003471759918 2.9518483823311614245 2.316975536237702471 4.8270430302597553407 4.8680200388466881023 4.9088539853858259576 2.30061e-09 4.77307e-06
30357289.527720738202 6725 1.5073423976158761839 0.14256147679621028468 0.093483431231241378989 1.8786398085078575004 5.1285402682248726336 5.4855506848293291711 5.5831418718817822366 5.674987232721935726 6.2698e-09 6.66707e-06
30357289.527720738202 5278 3.1396201139240726974 0.095041651089533579766 0.31607042102931920402 4.0615674552729599256 1.6018154882048589727 5.2135819398873799457 5.2952091356069681538 5.3745607229204832578 3.13887e-09 5.29389e-06
30357289.527720738202 5669 1.7545391895311011066 0.34074652098886171192 0.20733467589950999033 4.8843347143386122156 2.3991280737170641579 5.5305134228884371694 5.7425494811729960176 5.917925323521937564 5.45549e-09 6.36495e-06
30357289.527720738202 5118 1.3889547332256177992 0.3801026148594307541 0.25577421439876890652 2.5859545146090141543 4.9219786513488070767 4.1524564254701505917 4.5220125138679012622 4.8952478400540098136 3.95744e-09 5.71902e-06
30357289.527720738202 5053 3.0041910456135072494 0.23331455080853519268 0.25283763484503546382 4.7119712763373762243 1.5235534900598692865 6.2483506186969917096 6.2557190027328415383 6.2621264855143881078 1.90259e-09 4.48021e-06
30357289.527720738202 5116 2.7065506545464419474 0.16410985680141004783 0.13253511821846655772 3.6886707662820126252 3.2599944495062782579 1.0096503812643105036 0.87585029942916292622 0.74979944441943646716 2.56354e-09 4.94838e-06
30357289.527720738202 6595 3.0471394161826808045 0.13896768718939317422 0.21731215233567349743 1.0295728609518914887 4.2513382938363637464 2.7845473382574503773 2.7323357633239346853 2.6770366716619027336 2.5233e-09 4.92235e-06
30357289.527720738202 5290 3.2037231903306340186 0.07431333639722519091 0.10834050093685464178 1.5107289193421964413 4.1564186899609776304 1.4831919875747290316 1.4093352758649289047 1.3359884990178461095 2.68653e-09 5.02629e-06
30357289.527720738202 5762 1.9210325215309134173 0.12651604674309929743 0.1243364090809693373 1.4199045278941362369 5.2893413270675786464 3.0488572465830454661 3.0363003297176320849 3.0230037616386509214 4.50081e-09 5.96963e-06
30357289.527720738202 6628 3.3176360782333866872 0.13591657677102134127 0.20613163167010678523 5.6045530331978765659 0.55309644025859638905 0.26631136002124117246 0.23259881552312064446 0.20126907546952260697 2.5094e-09 4.9133e-06
30357289.527720738202 6808 2.1851398002958171141 0.47063018257795524724 0.16537890636678961864 1.9357310387128991991 2.7180971105494711182 3.5995110165084156506 3.8825787847732429192 4.2002615989244187489 2.07842e-09 4.61418e-06
30357289.527720738202 5481 2.3254208235116480274 0.13825897764119321476 0.79361195276669282972 3.6598290214947835075 3.2792807252053717271 2.7786932914611086609 2.7259636544273213588 2.6701394549990986604 2.0621e-09 4.60207e-06
30357289.527720738202 4662 1.4046841747823137769 0.26544033925408233587 0.087261076695903785905 5.1184961496875294173 2.8283543963398853904 3.107278246046088821 3.0965573586549970386 3.0846072151477392786 5.28399e-09 6.29754e-06
30357289.527720738202 3089 1.2177216264506367516 0.21474392199854624996 0.16622676649133114046 2.7658027683234691629 4.9614777149517816923 1.8697672546877943667 1.6560803718596941447 1.4421169324496312392 1.46985e-09 4.11094e-06
30357289.527720738202 5878 3.2504040980056037036 0.09568633632858339344 0.08027711896286557347 5.9255155154229619541 0.046403653383794651877 4.8079659036809330175 4.9029282300806684702 4.9968828590391067834 1.44428e-09 4.08696e-06
30357289.527720738202 5489 3.2266643303757645 0.11799019585021826295 0.29484175163431769473 0.78859308697096408558 4.7752002653411080857 3.3576928399849874651 3.3846377760899497567 3.4130332214514993439 1.80848e-09 4.40509e-06
30357289.527720738202 1298 1.937945231627565601 0.5608064726900389152 0.1455344505787280196 0.24768799253430712204 2.9327752449475603669 0.35935482512176292191 0.19210889775860720552 0.085034443194674652622 2.27299e-09 4.75389e-06
30357289.527720738202 6292 3.3576690056494977732 0.029921651286496694921 0.29256974893508802538 5.6421389968869748444 1.3043550658761131622 4.8927065570826755447 4.9220687590325971073 4.9513350548792400829 1.7586e-09 4.36421e-06
30357289.527720738202 5358 2.1171335203702796868 0.42319269137630122213 0.80598462444710161634 5.5215706673244353553 5.9855354929209738657 5.3664426732088159611 5.6744567866936614919 5.9164488761962328311 6.59336e-09 6.77983e-06
30357289.527720738202 5535 2.3435736017802248909 0.32071558490674617614 0.53631556863990370587 2.3168292609057457021 3.9592877956976444409 2.1550552469976351766 1.8550941683058153053 1.5472524812000205685 2.07392e-09 4.61085e-06
30357289.527720738202 5713 3.0556998866272837567 0.15085407180316864895 0.2148777736729680643 4.4462128509244482899 2.4198510325575699476 5.9597895307898021144 6.0047621110046005555 6.0462228304841039161 1.49134e-09 4.13088e-06
30357289.527720738202 5569 1.9407543064916432662 0.14301497736877014089 0.31979368931637014439 0.56200807585165479807 0.74309693807987931002 4.9053356250159207974 5.0442798346755033378 5.1794901893370575152 2.77052e-09 5.07813e-06
30357289.527720738202 6450 2.6735894560000721398 0.29690180339890792638 0.15650216475019965157 0.071499234516300885778 5.5137761069085620136 3.7105781766328811422 3.8976952418359207542 4.1013969669773802096 1.74846e-09 4.35581e-06
30357289.527720738202 6407 1.790789888821863185 0.40691389347991618886 0.052349819672221853395 1.8191253090397927483 4.9988813317681106696 2.6813783551008576467 2.4490657186591935357 2.1892576934942691302 5.15346e-09 6.24525e-06
30357289.527720738202 5576 2.0382579279456867205 0.6092616164218688235 0.59264719760638395751 6.2729064394783762282 5.3255771361197243863 2.6232085434703225069 2.1542518177857359341 1.6457840256007636448 5.46785e-09 6.36975e-06
30357289.527720738202 5647 1.9801528084076820413 0.50834620157164756016 0.28152604673301179217 4.2927684704282116357 5.1824502285140283675 2.5625413557762795058 2.1797567704234830366 1.76278930471477846 2.57441e-09 4.95537e-06
30357289.527720738202 5992 2.0501865706373578746 0.25044333681005503944 0.049588215036143641623 1.2346627084769197236 2.4131216760656846176 4.3907025232058085606 4.6409529893933330058 4.8907575791079471728 8.41385e-09 7.35386e-06
30357289.527720738202 6761 1.2432763416096579423 0.079577413809952382562 0.09742522340412494708 0.26263571904966681592 2.8808660936502521466 4.6899546052236527061 4.7696674086992363328 4.8491143186752463379 4.88068e-09 6.13306e-06
30357289.527720738202 6421 1.6995015963783344226 0.13856901831730292218 0.057550563103547246191 1.3678363661059700362 2.6536799166659599258 1.2258706622300368227 1.0980194209641003233 0.97465042214184571812 7.66894e-08 1.53613e-05
30357289.527720738202 5394 1.6162523538842084037 0.30064466930571898118 0.18394044531886316607 5.3854366505968567225 5.1833747212051539677 2.5671995414718944417 2.3757635256120566147 2.167376219206997412 4.23442e-09 5.84945e-06
30357289.527720738202 2895 1.6664752893243908183 0.14030353494776329204 0.10689649231252626449 0.35723556099940434461 2.6044607387409484112 0.12576574800943352006 0.10923593421573836448 0.09394020825058885249 1.06911e-07 1.71603e-05
30357289.527720738202 6189 1.6373297333293994615 0.16148102954790738428 0.13729347249136564235 5.8852768563626911558 6.0069604083858179067 2.2623675348856999712 2.1305131416916518461 1.9936732289363423565 2.99935e-09 5.21426e-06
30357289.527720738202 5234 3.1108925039906805132 0.12748091215415752187 0.092503855433441639633 4.2469576030214808426 4.9920359044071744847 1.328175383097486062 1.2059552803129751641 1.0868650996231297157 2.35138e-09 4.80793e-06
30357289.527720738202 6129 1.5164990263720830033 0.45048727282525929949 0.41943620332678355211 4.6932727294955025599 1.3299703036636889575 2.5803850077140202401 2.2657455308221043921 1.9197324598637228732 7.14833e-09 6.96495e-06
30357289.527720738202 5351 2.9703965924758670702 0.20541951613868339455 0.10762096379824293013 1.1627156976166304059 4.6915256851925519754 3.4636188602146136262 3.5364788251162559973 3.6155043545051959164 2.44807e-09 4.87295e-06
30357289.527720738202 5321 2.17477744773071624 0.31426468485701297695 0.81338937210420836355 0.62721938082158190664 3.7629500784982417017 5.9324861143771956407 6.0286191114243070643 6.107759006908388244 3.33881e-09 5.40398e-06
30357289.527720738202 6337 2.1838374221860057389 0.42937830916283736826 0.47509478183549919139 1.394379618344876226 1.2806399221052213733 3.9959912577571419234 4.3903008465194961474 4.7975990167641064943 2.57504e-09 4.95577e-06
30357289.527720738202 6557 2.1129256400228562107 0.023810474303688777126 0.15656222786934390068 3.3330840632897089648 0.70206191675378815109 0.080065399153399011145 0.078183111220903489524 0.076323430192856728249 1.93092e-09 4.50234e-06
30357289.527720738202 1239 1.8266446400170741615 0.3105183139158529948 0.24168343202789926982 2.3424212665958035196 0.74211752542785403008 2.2009135415416123394 1.9189249494311448885 1.6270337725086680969 1.31823e-08 8.5411e-06
30357289.527720738202 5775 3.0280200322149126713 0.091065695326316226099 0.088907871065585147852 1.5954237160832196452 5.992876403717361633 0.36184927725933724307 0.33086910839618083324 0.301285040424193018 3.02463e-09 5.22886e-06
30357289.527720738202 6935 3.4901821090687112914 0.04912987964357166254 0.42801282624561737267 3.7532854462254974237 2.7798025779190451701 1.8254477132365969361 1.7775862202453460714 1.729503050090068772 2.603e-09 4.97365e-06
30357289.527720738202 5807 1.6204968688162009194 0.18459315422404318219 0.16333164126316424003 0.88732528212768302378 2.2817219339124217292 5.6404218304264022166 5.744194584507725132 5.8389407245928319767 4.88354e-09 6.13426e-06
30357289.527720738202 5927 3.5048062967690958303 0.11102701117763018324 0.15410407905241688131 2.9124675395085457552 1.5915841626920501639 3.8940049148246447253 3.9732999446881382966 4.0553580661710242339 2.21586e-09 4.71373e-06
30357289.527720738202 6445 1.288844664442037935 0.2147959360478268187 0.13374086333178064612 0.90787442483156255424 5.6963954860496670562 0.2309617331055377476 0.18597814623635749998 0.14626068060748337318 2.3322e-09 4.79482e-06
30357289.527720738202 6807 1.884208827243537554 0.28240779349444450341 0.086861188458683416536 0.46318039828088275467 5.0835126383258204541 5.8024333775316270234 5.920501136374337392 6.02069520463881247 2.57067e-09 4.95297e-06
30357289.527720738202 5494 1.2010503370706631099 0.29401909927650560217 0.33647757838126202135 2.5518904722563049425 0.9121208657961735744 3.7707980458276004754 3.9715440617213357832 4.1885003366190867169 2.97785e-09 5.20177e-06
30357289.527720738202 6123 1.8276666848065248328 0.34882025021671558829 0.30931061453616454093 2.2082544670572881174 0.64480357835561930013 4.5323817359415494721 4.8944868041279407933 5.2375396448724442777 1.87233e-08 9.60087e-06
30357289.527720738202 5407 1.8698182370531630792 0.56799798485928187919 0.2105641443165404969 0.28408754695528559697 3.7729364881010027943 0.031093259550445132011 0.016321562725867638094 0.0070513595874498978533 5.11323e-09 6.22896e-06
30357289.527720738202 4750 2.0437344524013161262 0.23927221478332222349 0.32163576145746963775 2.7780441444754955249 0.62415466074085601544 4.054491034939658789 4.2612771895572683079 4.4766133190827561705 3.28876e-09 5.37685e-06
30357289.527720738202 1127 1.4530492577002909194 0.35750762513349176874 0.2042325860453493569 0.58782474485435975975 0.98093848136428229978 3.2094738028327527424 3.2402208053055243653 3.2754239835342282561 1.29908e-08 8.49954e-06
30357289.527720738202 6005 3.0464787478750494643 0.077511415766510480263 0.45997662955209056568 3.952972037662744853 4.4500429699790684523 0.74271916550272942814 0.69169013112679622601 0.642250266797181113 3.36675e-09 5.41902e-06
30357289.527720738202 5209 1.504588387511882841 0.15993062910559016632 0.18049836388051782032 2.4548667483381283461 0.091436280770773092907 1.3555743680744152257 1.2012854836738902087 1.052149513001342962 4.75685e-09 6.08074e-06
30357289.527720738202 6996 1.2350034610066997764 0.19671537721320311864 0.10157964389377481529 0.47468558410009681348 5.5099782757555804125 1.3474378466870331472 1.1584514292899208421 0.97822402598511060123 9.30536e-09 7.60492e-06
30357289.527720738202 5406 2.034373570096511763 0.22935244197962276202 0.24194800242796976608 5.2217918130046490077 2.0241143337491180887 5.3858368346842748764 5.5548534588020652691 5.7075163256594487748 4.61584e-09 6.02005e-06
30357289.527720738202 5938 1.7469037220923693265 0.19324069109024427648 0.26138524088932107992 4.9816911368661891402 1.6315733466537964969 1.99286692573938784 1.8080287309585543198 1.6202003021892961154 1.88863e-09 4.46923e-06
30357289.527720738202 6827 3.1330868918841829895 0.1871435720897706434 0.16241029662693268198 0.82651503387129787725 4.8735645938644731601 3.0697020564115051755 3.05473047667919273 3.0384952125450550575 3.04652e-09 5.24145e-06
30357289.527720738202 5420 3.4564574599279294098 0.25315226871202078929 0.25776046612921399426 3.2500891020084807792 4.0963386813280315835 2.4506233588081580699 2.269070590470630755 2.0751679020108353413 2.55489e-09 4.94281e-06
30357289.527720738202 6167 1.9021023460374935077 0.1349954372040214623 0.087626298737308996878 3.4679082310337934203 0.83678163757816570456 0.28058081813097424106 0.24532769476622701132 0.21254078315947461109 5.7681e-09 6.48427e-06
30357289.527720738202 6401 1.2912088142103343991 0.046244462968387266277 0.021784538791310387867 2.4601140380306087962 5.221706211596181646 2.8488422403070106093 2.8351873067399666617 2.8212384338066534006 1.93159e-09 4.50286e-06
30357289.527720738202 6586 2.0602970778760805182 0.1779399778370051588 0.27847046315666817984 2.0130655026548560649 3.5070561355831162409 1.4926636458292348308 1.3155472158380590031 1.1433724170233545703 2.89513e-09 5.15315e-06
30357289.527720738202 5195 2.7566326003396790512 0.16460425241006174102 0.12872262988658772498 4.2064668394791313588 1.8515025726185332378 0.51497858199704360516 0.43887926552739264796 0.36893476877463449171 2.26107e-09 4.74557e-06
30357289.527720738202 4963 2.01488339328905397 0.18248540904257457007 0.26286352552820146933 4.5241990522719301993 3.9186837611451865726 3.9810733360196475239 4.1267568025854544089 4.2788333597040013601 2.1769e-09 4.68593e-06
30357289.527720738202 6056 1.4414610856388270221 0.1966252141756327787 0.25512322294550554558 0.15336448016673157047 5.5572505590208951531 5.8424371394448453287 5.9201286645446229429 5.9899568228265591685 5.38932e-09 6.33911e-06
30357289.527720738202 6170 2.295626989739196766 0.26190307115079985989 0.18249978076307954433 0.29616940971805355565 5.9090974351108860319 4.9199436381426311371 5.1724555343175957489 5.4071266964950002176 6.44558e-10 3.12323e-06
30357289.527720738202 6886 2.7732472641637717636 0.059648275464044817062 0.46278501559898099771 1.331840693424912514 1.4900448439456706051 2.8522648580116247707 2.8347303359416820001 2.8167124398601646185 2.88448e-09 5.14682e-06
30357289.527720738202 2992 1.7800237903320992316 0.37627618326243561508 0.1406985955629718732 1.2006406291410631759 4.5292478725954667951 1.2690452294353640195 0.92011088367310844838 0.6207196679639361836 2.26492e-08 1.02298e-05
30357289.527720738202 6037 3.2914518988458882909 0.44526542779623673463 0.46929276203897285491 3.3683280340432109057 3.2191451544134208618 2.40041646777283324 2.0213144807416649762 1.6204769238478757831 1.83549e-09 4.42691e-06
30357289.527720738202 5776 2.3826724597634316716 0.50266782550318434009 0.11111810269057875722 3.2246395138547998549 6.0814301833445512102 3.8618103418876916777 4.3006460690658077084 4.7613032749600785465 1.75506e-09 4.36128e-06
30357289.527720738202 5846 2.7712267914026207372 0.20176959048852863288 0.1428799452917289825 5.0300667614359211299 1.1838999973326840287 3.2493739387348470338 3.2737762438540407572 3.3003692734540019948 2.37403e-09 4.82332e-06
30357289.527720738202 6333 1.5912107716545293989 0.10344109631676701166 0.041172354833392363349 1.1825177778399609263 4.5344086179926810232 2.0492689513175657012 1.9550150502392205087 1.8591156823347856353 1.94245e-09 4.51128e-06
30357289.527720738202 1147 1.0317952096350402336 0.25359111889013741248 0.17429057653206866951 0.49780858938528665947 5.1224434582432634144 1.2735389286265457187 1.0371161141268376849 0.81878918309453840862 7.2768e-09 7.00643e-06
30357289.527720738202 6244 3.2224518586971759859 0.10680419389910213168 0.31125188301461204077 2.3873885421494684955 2.984555116010414455 5.3051833745003840193 5.3913848080508470773 5.4745002315289399419 3.08558e-09 5.26376e-06
30357289.527720738202 6192 3.1880868429608191228 0.30379752884449667816 0.30933899895103972311 4.0521846414061890584 1.9376719754727196321 1.03055386650750469 0.78473170520969159902 0.57005762689638384 2.79503e-09 5.09306e-06
30357289.527720738202 5914 3.1932037751255517577 0.12373497795602590721 0.1214358175968568293 4.2681654123950192314 1.5343184091862924756 6.0610636334835668038 6.086863092417441834 6.1109992728784012783 2.63408e-09 4.99337e-06
30357289.527720738202 6739 3.1832985318929329921 0.090524873407409806036 0.20483616783828442753 4.408599027764351419 6.0617995045024182232 6.1205176205943363499 6.1345788194062933485 6.1479819433190856515 1.84353e-09 4.43337e-06
30357289.527720738202 6164 1.9498135381775270059 0.31372105858726745398 0.21977952715208040613 1.8713857763357955033 3.4545349305958854558 1.5844810867243672714 1.2647087742474258931 0.96556953197350470219 5.09634e-09 6.22209e-06
30357289.527720738202 5361 1.6293358875975256783 0.40295082661873105057 0.23147460953537443706 4.1917062347312068482 3.1002055862421906696 2.8690288708988265221 2.7272047717538203671 2.5649648031053433606 3.09083e-09 5.26674e-06
30357289.527720738202 5650 2.0620861609219369726 0.16682999459100780748 0.21410643727888520327 6.1819623597296802231 1.1700977245160468776 3.4515000167769431805 3.5071783923966899366 3.5668195124976884713 1.14639e-08 8.15256e-06
30357289.527720738202 5401 2.0625314578853051195 0.17841583485818979238 0.12083841281221423258 0.26481725931796679108 3.4678139841196107263 5.7373450936721690496 5.8239976049633259692 5.9030750889743019982 1.17442e-08 8.21848e-06
30357289.527720738202 6655 1.572284306268866283 0.31112248730678598863 0.088554302327594508482 5.8974940389815158071 5.890809815330925403 2.1106077475580815594 1.8146705389901287564 1.5127542354343501696 6.32791e-09 6.6876e-06
30357289.527720738202 3400 1.2019214506481969984 0.30239319089972643839 0.18120507309065994606 4.6657251149998915096 5.4525793956869987866 3.3416872525972043384 3.4142090913388014606 3.4956291133892074541 2.20416e-09 4.70541e-06
30357289.527720738202 5798 1.4662356606778128576 0.16001502652403643001 0.15942025452433469801 2.6191201297400588111 4.327533580847823913 3.7786091524225478011 3.8809440527231631179 3.9887635854846776873 2.01067e-09 4.56349e-06
30357289.527720738202 5551 2.0143678239387026174 0.3265554636201326022 0.13208040529787365425 1.1137706941884990552 3.0433227313006185888 2.1108502779715263564 1.7982405704296648974 1.4800952588551703482 2.00606e-08 9.82423e-06
30357289.527720738202 2928 1.7140054419159533872 0.29006590957753258797 0.10477581897340114414 2.058349693547808279 1.915896165470653667 5.4487544136899188629 5.6478455845092110366 5.8199854831686073098 9.69793e-09 7.71039e-06
30357289.527720738202 5185 3.5344777545752599224 0.079822734818224924669 0.24135697375337017423 4.0672262089765549575 1.8948007514347717795 3.0998424240799336005 3.0963666297005567607 3.0927577953299687508 2.64564e-09 5.00066e-06
30357289.527720738202 5885 3.5057702189357455858 0.077497694746867615279 0.26639922274578681227 1.8690638028407930982 3.953960223829023235 0.091689015937672327383 0.08484702525495935177 0.078279463014358174888 2.25928e-09 4.74432e-06
30357289.527720738202 519 1.9446229581479792525 0.080066861938877117999 0.049449609317223461313 4.1501980718436799478 5.6361543098845761079 0.22848102681744011933 0.21100005603735463855 0.19423102212155113344 3.92741e-08 1.229e-05
30357289.527720738202 4406 1.7166695971963989997 0.086849735418146681298 0.14325923392257250422 0.56343483079811618186 0.44580313510158464663 2.6592982806611917823 2.61732820625844953 2.5738532802891538331 4.822e-09 6.10838e-06
30357289.527720738202 5578 2.8745380873685668632 0.047146040790723764413 0.21051332263454222704 5.4777038606499059981 5.8833439467145636215 5.1586271600641726565 5.2007451601579912648 5.2423800782073763926 3.04211e-09 5.23892e-06
30357289.527720738202 5134 3.5143092095989678647 0.017755267652223859914 0.33914181535077497776 0.77112714851231867197 5.9137447695131184489 0.59872173213398938163 0.58878724700219331467 0.57892680783039796033 2.31886e-09 4.78566e-06
30357289.527720738202 6863 3.1121449169485284614 0.16106764565295891845 0.080493449691991861283 0.49497776283416494714 5.0788683235928075987 3.7664889265483796343 3.8679220941048546578 3.9748919402399214285 2.72515e-09 5.05026e-06
30357289.527720738202 4313 1.997558593423127471 0.4016821114748230781 0.34809077305122843038 0.57111017162254595902 5.9603383269094543095 3.5466400319356918835 3.7506211400005664558 3.9804117832865375526 1.98502e-09 4.544e-06
30357289.527720738202 5577 1.9624780357039106615 0.55978808357521792072 0.44053923274609835259 0.90574629350225022151 1.1611735638788933667 6.2741800070758504404 6.2784012275995282337 6.2810792881236450214 6.01747e-09 6.5764e-06
30357289.527720738202 5417 1.8662499348355969797 0.20117511341550661785 0.18490814355820567316 0.76974789682399924473 4.5907176847237316508 2.1249181382287010145 1.9428195358804820625 1.7554060446323693778 6.2485e-09 6.65951e-06
30357289.527720738202 5880 1.5408991832671559141 0.28696071583696936003 0.13911370465748312819 2.3463557575258766619 3.597768100440991379 1.2369922364885022059 0.97425843537415324214 0.73685999085740616632 2.24295e-09 4.73286e-06
30357289.527720738202 5030 1.5051451518924281459 0.3358791083682123868 0.22931830585802764899 3.7993681540975483557 4.5834008002232158319 3.1222914243938153511 3.1142190900129680386 3.1050260300646259637 2.14686e-09 4.66428e-06
30357289.527720738202 5240 2.0806199559209574979 0.14714384304538821735 0.25764882762563495744 5.8134627549074018305 4.7766397254554711083 3.9238793303847119276 4.0338333259317309398 4.1483818798418701235 1.54708e-09 4.18172e-06
30357289.527720738202 3887 1.2331748207665129691 0.40860960375945043488 0.20990595351221560949 5.0048953272486187416 4.8966676220034486278 5.7820012364527242354 5.9544625562253168383 6.0863758058616816982 4.23017e-08 1.2598e-05
30357289.527720738202 5625 3.025549562745999399 0.19824974844479509306 0.065069477715918894178 3.4836300211035737817 5.6140081520196245535 2.1927170289482993404 2.0203198170845082515 1.8417653355298391205 2.295e-09 4.76918e-06
30357289.527720738202 6997 2.9075082356672306005 0.26255882783248080115 0.18692394478963184068 2.8873408308368775366 1.6764892045060126868 3.9809799081814478683 4.1985031182851857423 4.4271500930866434231 2.77488e-09 5.0808e-06
30357289.527720738202 6029 2.1184330199848560028 0.20262303456085672959 0.013060805276454524188 0.68334076897347073576 1.1772612302783025395 3.2317396655344703404 3.2522639270405608869 3.2746427278628718049 1.2969e-08 8.49478e-06
30357289.527720738202 6282 2.8053580225011303106 0.1881211791102689046 0.076296871498741078432 2.1714649483786483408 3.3524993643693843381 2.6342139455783595281 2.5337268846990581572 2.4262877116417143064 2.68214e-09 5.02355e-06
30357289.527720738202 6604 1.233319745011751678 0.17038146387248792601 0.1829409544917930952 4.9201347089658806766 1.9515558454756172235 3.1260084228311488808 3.1230826606103980758 3.1199290809973216909 1.33847e-08 8.58458e-06
30357289.527720738202 5362 1.4192410081156923152 0.27253336022809326877 0.29605126505630968703 1.5941916210759718986 0.3098018523574981864 2.5586394907927214604 2.3860892336441796857 2.19922531578853242 1.49782e-09 4.13686e-06
30357289.527720738202 6068 1.3859884690763242254 0.38733407032571576245 0.054672110607488159928 1.6607312243601379809 1.6889105314182044637 3.4115169955749009567 3.5447097785254699787 3.6966560957242733387 2.08722e-09 4.62068e-06
30357289.527720738202 5877 1.2501791856452029172 0.27764736185541472047 0.16502425403763820722 1.4172350436232596937 0.60202868831090305957 5.118644351562583239 5.3637854806963156662 5.5845811800017406412 2.13222e-09 4.65366e-06
30357289.527720738202 5479 1.3730128648804020841 0.063090972910506679106 0.21978326790553937009 5.1018151358957997132 5.4036344929927473402 4.4859896161532821779 4.5479513690344770538 4.6101912808712608438 2.12255e-09 4.64661e-06
30357289.527720738202 5257 3.1843774796476869149 0.16363730412132213021 0.21156143217435446902 4.3743099961889067018 2.412316047190181223 3.6704865964398352141 3.7599197138852606948 3.8547758046328786108 2.20895e-09 4.70882e-06
30357289.527720738202 6565 1.4537047165724885645 0.25924577889636329919 0.12858082339711024433 1.869378064944877238 0.57528779466725155078 2.8885826100007978567 2.8129323331902713612 2.7292541876335150164 1.41094e-08 8.73682e-06
30357289.527720738202 6327 3.0259709276357162899 0.20574019226749948319 0.14076855734308135748 2.2231968365866898729 4.2873487555849374431 3.8608633552587297011 4.0092327276576238404 4.1661723888416091199 2.25041e-09 4.7381e-06
30357289.527720738202 6313 3.2464145914429280992 0.14823230490205097087 0.36191878492932205713 5.2937736368970265133 0.78994614100881965779 3.3171878466319117962 3.3452872779925222346 3.3752730344935257811 2.33149e-09 4.79433e-06
30357289.527720738202 5890 1.9097556266845281403 0.3616170979905916627 0.51868471482431632857 2.6881276220713603564 2.334862209760014462 4.4916186004358351624 4.8679172529112708645 5.2251695740013239799 4.73576e-09 6.07174e-06
30357289.527720738202 6709 1.5165765429611282045 0.57852123247697118114 0.10652275995905233219 0.59986498217873884808 3.7359037048635679312 4.0591047240486712866 4.6672201289329686702 5.2451513049591556026 7.37402e-09 7.0375e-06
30357289.527720738202 4581 1.7265220617328618236 0.36780347159629567244 0.17596587950549902324 2.8086356119277624543 4.1159932627586162113 5.830257042055842831 5.9724124939472957863 6.0848847804610777246 2.62777e-09 4.98937e-06
30357289.527720738202 5923 3.0387202598600722148 0.057811023087277833843 0.2029112596600220475 5.8499282483278136624 0.034536965160523569462 5.427742152557217814 5.4705981424579048777 5.5125729107330565526 2.22479e-09 4.72005e-06
30357289.527720738202 5864 2.03680356683259145 0.38665830893841235394 0.55219659249344166252 1.6353672886271608533 5.327232710826222295 2.4098920440373010621 2.0963827080429116023 1.7619117132212789301 2.76427e-09 5.07431e-06
30357289.527720738202 2182 1.3411753200700970989 0.0657992928459845694 0.25887278059160651056 1.6148501817437626027 4.5110157690730678937 0.016730821744264139789 0.015663936178052333126 0.014633302401419356897 1.98345e-09 4.5428e-06
30357289.527720738202 6842 3.1467691936096566785 0.091696543516998726964 0.11088265323565228704 2.7913870640853595262 3.4265958699987146829 1.1243882322538074625 1.043159825626288173 0.96393405906886131529 3.94698e-09 5.71398e-06
30357289.527720738202 5437 2.0763530522395092781 0.20100123528302435427 0.23090247923743340008 5.8076437884257714472 0.89015016491605003512 1.3971991539166530583 1.2012547590531545971 1.013822509374480596 4.54448e-09 5.98887e-06
30357289.527720738202 6001 1.7855255785928894063 0.071472022082301328583 0.38889208937097113905 0.1349741089837978858 2.1604027723102112724 3.7872848977540982673 3.831607985367253999 3.8771034300319717758 1.89847e-09 4.47697e-06
30357289.527720738202 1517 2.0864472759288879011 0.58398557083126745315 0.40245350930690770852 3.2980628568865015815 4.7388533201941189787 4.3070381626787099805 4.9613365162045646173 5.5273191368597842654 2.17631e-09 4.68551e-06
30357289.527720738202 5753 2.0642291791648506027 0.32483772104134284175 0.21689336336157394314 5.5034653016716683638 0.35782660649745828829 5.6466053099638351398 5.8211503092654588443 5.965953431782469174 1.44813e-09 4.09059e-06
30357289.527720738202 6121 1.9135855373284953451 0.46556912373116571269 0.21469246557657142849 0.17472327232700665678 0.13390047895929019228 1.1571247052051272242 0.75133235604014614317 0.43352880823386785725 1.90564e-09 4.4826e-06
30357289.527720738202 5717 3.1616313808908107497 0.051122623762602840969 0.23710013191872308935 5.6339684721474485585 2.5474741880226789981 3.4820262772114141114 3.4995286247826040693 3.5174390150874574879 2.31886e-09 4.78566e-06
30357289.527720738202 6197 1.9374375164788657511 0.21559545795858273132 0.25230070959015671317 5.6585663521063684911 5.993678631650817934 4.5806371035454889196 4.7991773334264671291 5.0139613448909079452 8.02678e-09 7.23931e-06
30357289.527720738202 5211 3.2043621779002062766 0.10464405213784039317 0.25606422817881174803 3.078894379932778147 2.0020598631692174685 2.297055641051528152 2.2158142951842334512 2.132194387946866776 2.07199e-09 4.60942e-06
30357289.527720738202 6154 3.1344595581106600157 0.14194882009072845586 0.22770108485678905441 1.8108439063844137262 3.6195399422929064315 4.3476401004005502671 4.484193021366872145 4.6224619731839844405 2.04677e-09 4.59064e-06
30357289.527720738202 6204 1.7640968604373892248 0.20215026577045613898 0.20330269353912466812 4.3653195899093795163 1.3464810558965458753 4.4181016843973139885 4.6188695819998990544 4.8201365010871635164 2.26769e-09 4.75019e-06
30357289.527720738202 6392 2.9900198429278206369 0.22233291286712075774 0.19611901877383697279 4.3298915505945956284 0.020970039625347013101 6.2155884014883238109 6.2292604406518181648 6.2412439035642099938 2.75286e-09 5.06732e-06
30357289.527720738202 5076 1.5687368442005109603 0.29437474170791450012 0.1229963435349997608 5.5070362367187106756 3.3050621955644143846 2.8178571245684622681 2.7062669547032105477 2.5821274347734388677 1.5547e-08 9.02399e-06
30357289.527720738202 5288 3.1244720094889713025 0.28347908879682875982 0.20416960371762155058 1.539517409984523244 4.569796412972515931 0.92594315579701191865 0.71395203641047211285 0.52832263044078731085 2.94866e-09 5.18471e-06
30357289.527720738202 5459 2.9627575113663935369 0.20854240976819743425 0.21347937984993892169 3.9565276434842506781 2.8296914308636167412 1.7076978644258384854 1.4965488279581931064 1.2885809691151786094 2.51526e-09 4.91712e-06
30357289.527720738202 6816 3.0929568027690024223 0.091811158666272013607 0.16157841691168930986 4.4097458990438775928 1.8797766253281691373 0.90917701780256299227 0.83860950161667280334 0.7703282305300969135 1.76213e-09 4.36713e-06
30357289.527720738202 6572 3.0043861903041939598 0.19366819537244564509 0.16499460618764918984 0.23163926629802197854 4.7566447875990833793 2.1341883159146468607 1.9602214629750478458 1.781053696613392745 1.66053e-09 4.28153e-06
30357289.527720738202 6740 1.8942741410445356198 0.23085786586339329673 0.22401858761469284342 4.2026912691556157498 3.6385398245847566656 1.0873780589561090615 0.89149198821349706634 0.71188226977881219337 1.33102e-08 8.56864e-06
30357289.527720738202 6480 1.6570087640917448013 0.16618881887682823706 0.14376714160930520459 4.9740221120927170517 0.50875860682752782616 4.9754175527704500581 5.1332448950614670835 5.2849320107517687717 9.59462e-09 7.68292e-06
30357289.527720738202 5642 2.8605578691753423826 0.17385262736624251811 0.092243585401973596238 2.3887514624414341036 4.8210547658526792247 0.53380995010461029793 0.45096977859335035665 0.37519809917570212665 2.80041e-09 5.09633e-06
30357289.527720738202 5478 2.1796813937201306999 0.34423452794533876409 0.49237614218375003183 3.0055261402522170933 0.6666892764806066074 3.9489725776140458535 4.2393535481253561414 4.5457875026191914003 2.28234e-09 4.7604e-06
30357289.527720738202 4732 1.4864785054837577061 0.12110422311742634338 0.207909552836467032 3.2556462859862653758 5.2266516732778196541 0.4572427464706004252 0.40636665753395967426 0.35849724747645017597 1.92787e-09 4.49996e-06
30357289.527720738202 6815 1.7514308635376651946 0.36862414270384336046 0.11803638947775785262 3.628429403145671639 3.4276156391488177277 3.270819432614997524 3.3315460146063302638 3.4011470799158161071 3.57143e-09 5.52668e-06
30357289.527720738202 6617 2.7729475167003192482 0.24881464259674196393 0.026151563798536798383 0.60271298463819666935 5.7066099693499126033 1.2521233681232011303 1.0222235873815246343 0.80991760080512187336 3.93262e-09 5.70704e-06
30357289.527720738202 6667 1.7767448628024271606 0.30572573551942572312 0.38402477578217864007 0.89626933692128196718 5.6698256081615197033 5.7377550686006060232 5.8808195510626859459 6.0005406045186839847 1.85586e-09 4.44323e-06
30357289.527720738202 6040 2.27017141203741879 0.51731262473557126924 0.60462391274869986546 0.54404286723529327041 5.1676002160403893271 6.1331640118013890373 6.1984617741686935943 6.2422379121010296288 4.48499e-09 5.96262e-06
30357289.527720738202 5950 1.6675161811501604259 0.20299481766018631634 0.16058419341853483187 5.4670565921889959782 4.1261217233590876674 0.22552725914192406353 0.18383091086437033934 0.14672401277956462207 6.81029e-09 6.85339e-06
30357289.527720738202 5158 2.0775560075342025534 0.30266410332630799829 0.20493419499724555011 0.97264927531821143702 4.1023401934482581765 2.5701593012306198638 2.3780055562727437923 2.1687081639865994909 5.85576e-09 6.51695e-06
30357289.527720738202 5252 3.1461714035946704016 0.1027891346173531173 0.15461218079400890213 5.6590615885263417795 1.4019661788046327011 5.9205857725533448388 5.9554586143768633022 5.9885455680430039749 2.42859e-09 4.85999e-06
30357289.527720738202 6104 3.3431814145264442395 0.056405389191165791751 0.14067559409541530169 3.3675098678712509503 1.1603227092273245002 0.29872042293562878212 0.28254395656572878215 0.26681815464876013078 1.75259e-09 4.35923e-06
30357289.527720738202 5196 3.5660700892173942123 0.14735279500095110894 0.19009390918562543704 1.6622118491953958852 4.5869348634343030113 0.46128645271232182612 0.39946202431052302284 0.34215316599797385155 3.02458e-09 5.22884e-06
30357289.527720738202 1284 2.3014731942965083178 0.19091800364434352577 0.11865477379436707717 2.8660377563032501946 1.6712938206826390974 4.1749440554642154311 4.3486185938807926377 4.5270432984346467009 3.64405e-09 5.56389e-06
30357289.527720738202 6952 3.2110846604824985207 0.16362019472974614898 0.13035532378409608878 4.9228304898325454531 0.60678865715247498613 5.5647833803944459774 5.6667867175104502664 5.7613755992942285999 2.57429e-09 4.95529e-06
30357289.527720738202 6978 1.4187153840155806162 0.21643522739175777292 0.3350778761849336207 1.8371244523254639525 5.454473974440442241 0.034601792545581155913 0.027771988346299621847 0.021761924380003138529 2.46129e-09 4.8817e-06
30357289.527720738202 6692 1.8525551107966145015 0.16798908078354521378 0.20714378901495378305 1.3801488924948202008 0.70613139796123225445 4.4662190089133853022 4.6333733386253719289 4.8008382746698989862 1.32225e-08 8.54977e-06
30357289.527720738202 6425 2.0274706413425134244 0.29209095134292434315 0.17140181882685487369 1.228314978733364482 3.9010672159004933235 3.0718244973194002156 3.0473668649497054339 3.0198850730454069868 5.02719e-09 6.19382e-06
30357289.527720738202 6573 1.750417838586465713 0.029983764254791437504 0.073815996931084149058 2.2644941406755441093 1.4912514866128956381 2.1329517469209235969 2.1073734788312403765 2.0816035289753891391 2.46875e-09 4.88663e-06
30357289.527720738202 6836 1.6430403893385026048 0.33976947294910242459 0.17527602571045697299 3.6725825690342346341 1.884886792690380064 5.0742720821330005165 5.3802506100471827466 5.647019854326499555 4.61039e-09 6.01768e-06
30357289.527720738202 6180 3.056869302346286954 0.10228880012056998372 0.17029310909800823848 0.29872142247795319125 2.592525641875579101 4.6238856646294159702 4.7264172448474823796 4.8286959803139062331 1.88472e-09 4.46614e-06
30357289.527720738202 6809 1.7913323256009272555 0.090811821208394552518 0.27294101483110405626 0.53323177023462997592 3.1367253801578054428 0.57610590759453628174 0.52836367273838602543 0.48258354202935765942 1.72631e-09 4.33733e-06
30357289.527720738202 5678 1.7277338710163188118 0.29981675123050616216 0.26155447663672887204 1.4550149824957681055 5.1322706109209965675 2.8313566665457008398 2.7217518586876621178 2.5995420298058604658 1.85255e-09 4.44058e-06
30357289.527720738202 6119 3.109929290635403909 0.070470171790884647556 0.18998361600731417109 4.3993290259124799846 5.4917097919995283561 4.0634709134524555907 4.1208959124584740863 4.1793938411153606083 2.96829e-09 5.19619e-06
30357289.527720738202 5063 3.4859891145460704109 0.1486211443242574648 0.40275234697285028362 2.1698357664572549552 1.7643619541012496299 5.3953508700177552626 5.5059472819540999922 5.6101772543417496308 2.23728e-09 4.72886e-06
30357289.527720738202 5289 1.920450858351800516 0.053810841818700515249 0.17393766828025300497 5.8312604379178285541 2.4229642788399363695 3.9800141342661246036 4.0207847163678724911 4.0622311100861923094 2.13423e-09 4.65511e-06
30357289.527720738202 5310 3.4925332864375628894 0.083104484338949596856 0.33513654324340480528 1.5820856020948166343 4.6108360873726379481 5.3569596724961137113 5.4218584979501942556 5.4849104981252319035 2.51895e-09 4.91953e-06
30357289.527720738202 6054 1.8622800269446817545 0.33942722516998147242 0.06527588838238490565 0.49355723161390097076 5.4334123896003561072 0.90814451657934325279 0.6604325907940461482 0.45220806149685843778 1.3494e-08 8.60789e-06
30357289.527720738202 6960 2.9939084168924243734 0.17486865997986203447 0.099404947369430618487 2.1440898678923265841 4.561467369209856848 5.0131105635615860194 5.1767806912178295775 5.3331297407890936313 2.28045e-09 4.75909e-06
30357289.527720738202 5360 1.6998101667743805709 0.1291422434171659861 0.069288678927996324997 5.2127357979025816803 2.7077128134000658655 2.772262157649480141 2.7224441107331132095 2.6698854325494498774 3.45603e-08 1.17772e-05
30357289.527720738202 6823 1.8863570465184089642 0.18508651989074953459 0.20845758902581096317 4.9179329570236625102 4.6910868115242028153 3.3543543809179725557 3.3977294198289862415 3.4446202109232961774 1.69817e-09 4.31364e-06
30357289.527720738202 6677 2.2948552385236622442 0.14897198379434639648 0.18004067345910837461 6.0157015822464057209 4.8470976117856228171 4.4154680536901391719 4.5616693217846613351 4.7089524515327445542 2.33048e-09 4.79364e-06
30357289.527720738202 6017 1.9658709475503111097 0.32429756882887050828 0.049136754303488551499 3.4321883239883539396 4.0046435983226071897 2.7992018758120269517 2.6666551443200892102 2.5183594201009449343 1.07446e-08 7.97837e-06
30357289.527720738202 6791 3.1116913323811421499 0.33289401615878533303 0.10561765937455321052 2.3428764881239527718 6.0149528246345118632 1.8926473663141796244 1.5522740187828549807 1.2194371049476218083 2.20531e-09 4.70623e-06
30357289.527720738202 6266 2.9224830136801771552 0.14322568177151923097 0.13271221164455046515 6.0416439986060153089 4.4415270381352280893 4.8113691974314729549 4.9533813377697262226 5.092468028025955995 2.89198e-09 5.15128e-06
30357289.527720738202 6897 2.2687466964070743813 0.46824116742998755925 0.59902336669657296753 0.43193725046527059463 4.0399564794055855543 2.8900980103920228537 2.7274986291471119415 2.5390967889909572541 2.6229e-09 4.98629e-06
30357289.527720738202 6969 2.0352552707442241875 0.31689362945191645871 0.22550125595437656156 6.0911515666011011305 4.5045029515907968332 3.9317556706634912977 4.1912560336136763794 4.4660838350102185501 2.41679e-08 1.04535e-05
30357289.527720738202 6230 1.8074651010107933846 0.18646775183281058541 0.30007817283694243615 0.74595719747052502413 5.9517578110720279483 3.0193547287510753563 2.9940563081962969783 2.9666452333593942292 6.03494e-09 6.58276e-06
30357289.527720738202 6186 3.2152299262296755167 0.067036670227301378699 0.21414744408081465288 6.2616123415938673702 5.7347185074169866326 6.1438728208407855647 6.1528923767528560518 6.1616020890293707879 3.14704e-09 5.29848e-06
30357289.527720738202 1465 1.4724137492253228654 0.39450424213589785349 0.21504178291146133772 2.1979294321687188329 5.5094094812761351676 1.7446593840032655898 1.3307575364989330247 0.9475642227085634417 7.44584e-09 7.06027e-06
30357289.527720738202 5931 2.6846055229783019058 0.010815870153115574037 0.88649301098349497785 0.0061970297655655915553 4.20567161888591734 3.4910633393876748798 3.4947857172964247319 3.4985268784488852134 2.66585e-09 5.01336e-06
30357289.527720738202 5323 2.8038312562008953499 0.093949745657198685533 0.12962245658731669229 4.4937984528673187157 3.5033153432599895005 2.2457904174872966863 2.1700882856412708755 2.0925106737991128192 2.25995e-09 4.74478e-06
30357289.527720738202 5788 1.6550085837255352761 0.29434277481951925948 0.13481553473913715502 5.429183217347913093 0.68216738117700204125 3.2022321953459642607 3.2236982391537183368 3.2478382810365511446 1.43499e-08 8.78617e-06
30357289.527720738202 6138 1.919949500655050878 0.12794934415597167265 0.047003537133329546804 0.5953966371560410753 2.4027936121724304819 5.4149982631230173524 5.5090694786600362676 5.5985168347595895 1.45536e-08 8.82754e-06
30357289.527720738202 6726 2.0981392523452413457 0.23015605762282634328 0.061772804505628067795 0.48429497352570660684 1.6336798062689008582 0.90346076958447107952 0.73297136603101475938 0.57897834989727448018 2.92983e-09 5.17366e-06
30357289.527720738202 5559 2.3629901239928994272 0.34608418833902282463 0.46643437850065644357 4.2737913562219507213 6.1490272557954170907 4.0125170697632110972 4.3187707614146688684 4.6383889933337814071 5.44342e-09 6.36025e-06
30357289.527720738202 6737 1.7088249851160339787 0.25410698442354640036 0.14865844376048051312 3.4681290897629679648 4.7486351639025095039 4.1799518984567365365 4.4170394425738361832 4.6601437112839150245 2.16814e-09 4.67964e-06
30357289.527720738202 5663 3.1429622671511512344 0.25544970238424014042 0.330747894872629844 4.5986764361488088326 1.041883357008029698 3.8477270017728422147 4.0342250912555090991 4.2331504011465543869 2.69499e-09 5.03156e-06
30357289.527720738202 5227 1.7498946219287976334 0.099794578005509601559 0.13991959640281512178 1.0087436457131302436 0.16998644781783112112 4.1825617114696340693 4.2710705385186029659 4.3613037282090472146 5.94474e-09 6.54979e-06
30357289.527720738202 6118 1.4959914775943765619 0.16257871374868546055 0.1403382025859422344 1.7255640749399361322 0.96314869067398312108 1.0068620728391393104 0.87452750920218558228 0.74979052721091621336 5.68798e-09 6.45411e-06
30357289.527720738202 6356 2.1853083571372917682 0.35578199099695440033 0.5321986219979746302 0.99167062720153553723 2.2922292128413510603 5.7538959936717510857 5.9138290255936070139 6.0422717325159061019 5.8318e-09 6.50805e-06
30357289.527720738202 6272 1.6137314100493493907 0.33712026452993565373 0.18593922604607981963 6.2115813255891225708 0.081769938935918454193 2.4597290114979082354 2.2080865259860265049 1.9371392301488810084 2.92426e-09 5.17038e-06
30357289.527720738202 5138 1.7605329145316881423 0.3097168424553253252 0.25275107901155452472 3.7895507215648818189 0.21925856126197101892 0.87346710629283474958 0.6534773153259979539 0.4651846587702692104 2.37553e-09 4.82433e-06
30357289.527720738202 6501 3.0770357234920022726 0.23307466526157621933 0.44912398154914834336 1.8122695050405002171 3.3021435849415263775 3.2619727873644341898 3.2941224622742208972 3.3295356062549732457 2.93548e-09 5.17698e-06
30357289.527720738202 6132 2.2517795526139967599 0.40479898168281336357 0.58309913215400832609 1.5921985828257310125 0.91855784057718803393 5.588016393774812407 5.8200027215295948579 6.0008659421650500931 6.69157e-09 6.81333e-06
30357289.527720738202 6702 1.7746415948052391975 0.40542530480765676115 0.25750148815752682552 5.6908910551686311408 0.43448872845566033352 1.633538615203697697 1.2114486146952061496 0.83191928007742421691 3.70623e-09 5.59535e-06
30357289.527720738202 5256 1.9193611337902101166 0.40314218402092316662 0.3192107425402969656 1.6187816052281063239 4.9374816187923009636 2.7869913063227791383 2.6053574369566625535 2.3993907775383545022 4.61883e-09 6.02135e-06
30357289.527720738202 6023 1.9436900465567816809 0.11512480192369958787 0.15007381783322812363 1.5079166071954168693 4.7090461980412028353 0.92814926020760601943 0.83883594809799322256 0.7531985619920327224 3.26695e-09 5.36493e-06
30357289.527720738202 6920 2.2771686371135286819 0.022537102300492446727 0.22809289389671280612 0.6160251248367867305 5.9592392706828665183 3.0397347788799815582 3.0374168876956519902 3.0350733121532260661 4.48089e-09 5.96081e-06
30357289.527720738202 5667 1.9340087865366739628 0.086464575501703055949 0.18825254205889352388 5.2272868068277880127 4.0694319668348750696 5.4184263897741882232 5.4825202964500610037 5.5445862331606718953 3.20823e-09 5.3326e-06
30357289.527720738202 6362 3.0200865193247459217 0.052104567113899352693 0.23768581249523237919 5.3417953694591062686 1.889520122318082862 6.2335878003307616524 6.2361071531304226312 6.2385592339541293683 2.92709e-09 5.17204e-06
30357289.527720738202 5964 2.1655341142148851752 0.26658526969036405729 0.48659222129545642854 2.8389416438972960854 3.812608895041408541 4.6507725640168660064 4.9223577289680564562 5.1830881007222942003 2.1711e-09 4.68177e-06
30357289.527720738202 5767 1.777429985277771074 0.48542575283324007618 0.25740058646222330196 1.3077885183723521045 6.2165309509404016453 3.949632276758948457 4.398047606094043438 4.8596876066332663768 4.97944e-09 6.17415e-06
30357289.527720738202 6126 3.0043742315714436764 0.23556226705327301674 0.20746728960218899229 4.8703800737793514486 2.1207260227418149867 0.65360192345820389281 0.52110308859334686371 0.40383144874024490267 3.04059e-09 5.23805e-06
30357289.527720738202 6243 1.4918887190179888069 0.20791962901887664494 0.064347073311320265865 5.7003251815657760559 5.9293412899831698937 4.0231104650441169568 4.1965209560946101774 4.3773829355545608166 6.87089e-08 1.48088e-05
30357289.527720738202 5367 1.0810209750573556153 0.22928527159442427252 0.34860667517920351788 1.5903983599269979621 3.9247996958380806376 5.8528551760524445413 5.9404824034042755798 6.0175300609079753755 2.85701e-09 5.13044e-06
30357289.527720738202 6415 1.8057557036044327159 0.4938108426479617119 0.29034742044757944068 1.7700407287259634082 4.5962402719294335185 2.8563216568900910985 2.6578421058214560802 2.4281693808547277769 4.5356e-09 5.98497e-06
