48887063.655030801892 0 5.398154500882356821 0.050335952099387411274 0.038618337459768878328 0.74172182034254530159 4.453787771649317051 2.0780928645597844806 2.0335303373469812982 1.9884879459527642354 0.000954966 0.000356051
48887063.655030801892 1 9.0074051677941522343 0.047680203938825105325 0.015770531719762399814 4.8758440999970638075 1.6909941429943053937 4.8819004953976605776 4.9287270249299037772 4.9752958057636842426 0.000285285 0.000238018
48887063.655030801892 5775 3.049196534571174233 0.18244699247185883206 0.13549935204535276667 1.8348108096315440818 3.1182142828312207072 1.3806521202347750155 1.2035293868784036064 1.0332493867795400355 3.02463e-09 5.22886e-06
48887063.655030801892 5394 2.0792915524951243178 0.28218167847185787744 0.36085282968382054181 5.1518660887858684916 0.078310885010029404607 3.8922640996621562515 4.1109911445266487107 4.3436627865367309909 4.23442e-09 5.84945e-06
48887063.655030801892 5134 3.5409133095675868752 0.04802746202762657457 0.35891974333307402611 1.7459394402644357047 1.841459944215567468 5.3481291766520397957 5.3862474265741973056 5.4237770361639929817 2.31886e-09 4.78566e-06
48887063.655030801892 5278 3.1742921736520393061 0.053301159666146936955 0.38232936655331434261 0.77947698393290321128 4.772742973320912796 3.2336429229488814485 3.2386796151451284764 3.2438463370345433923 3.13887e-09 5.29389e-06
48887063.655030801892 5740 0.9392630002061558292 0.27111449243349650118 0.21077572215911541398 5.9233776761735414951 0.56233233126879667019 4.7701572397183289453 5.0421135286480867066 5.2986235078994470271 3.09097e-09 5.26682e-06
48887063.655030801892 5588 2.8238506748839702354 0.37442066114260685872 0.14657105603937728433 4.3524594671983898309 5.7525240384520630599 4.2911833201436087037 4.6717120398022817795 5.0458229829143306233 2.40685e-09 4.84544e-06
48887063.655030801892 5846 2.8296445860238481629 0.093711046321300880968 0.051718851189212364239 3.1917871094479255412 3.7941177859744912304 2.8588240164916514097 2.8313837902531293622 2.8027777870301195939 2.37403e-09 4.82332e-06
48887063.655030801892 6171 2.2246947621911368209 0.53579406492155889907 0.33457226380707805191 4.3199116965530564016 0.066496065426690009748 2.4856574513784073233 2.0331994766816867681 1.5536728770902803465 2.39216e-09 4.83556e-06
48887063.655030801892 5548 3.171517962589434525 0.0904684883867462597 0.32472141247842428724 6.0273865267670228008 4.1367245079843479871 0.55711642500164682001 0.51096774278961054616 0.46672669691187329555 2.11518e-09 4.64123e-06
48887063.655030801892 6443 3.2255368993296471558 0.16260510888917265038 0.28307449025383346619 6.1161172506000518467 1.7128285884375289427 2.7460465650990806274 2.6778466013636612608 2.6051130688948460623 1.88164e-09 4.46371e-06
48887063.655030801892 5990 3.0972425347719831912 0.033985573650069676732 0.21964770649563031268 1.2349551442093646969 1.4385806273812946632 0.40328650668581161876 0.39015079880433423121 0.37722513742417945748 2.30118e-09 4.77347e-06
48887063.655030801892 6883 2.3595181898298966949 0.24272714145109328121 0.40796397093259506583 5.1707479471068147348 3.2850763493210970445 3.3914699721221324147 3.4606366883540298218 3.5367702361923556431 1.23696e-08 8.36184e-06
48887063.655030801892 5098 3.1796980528654246179 0.074688371862063812623 0.14076935790906802692 1.1493407209256987223 3.4595433462094291599 3.8077697536443086967 3.8553816866170738109 3.9042803536250332286 1.90652e-09 4.4833e-06
48887063.655030801892 6793 1.3167323556064813861 0.43424712831749290309 0.42877520521453804658 5.9101408439403710915 5.8988762318354392988 3.2201991130471609992 3.2666513840545561287 3.3208163334560505398 2.0508e-09 4.59365e-06
48887063.655030801892 5467 2.9578419404930187397 0.16494649616178319596 0.11456841524068682447 3.5614050597324227176 0.3195198064433795726 4.7985874328321660442 4.9625121325783076998 5.1223258147692023456 2.43648e-09 4.86524e-06
48887063.655030801892 6282 2.8247751646931553715 0.091806435811385922463 0.091678764142895718958 1.2348410979842587842 2.6646467294455939978 2.0720561527145795466 1.9895965610741874752 1.9057242669579008698 2.68214e-09 5.02355e-06
48887063.655030801892 5694 3.1116965161580507626 0.22152342254596832372 0.25907732305283459606 4.0848987467607962287 0.96666648067114702148 1.7792815649538304967 1.5555515367224628243 1.3340538551011043022 1.21025e-09 3.85309e-06
48887063.655030801892 6392 2.9769506268582439645 0.22011283990677962819 0.22930583361269041287 0.29254142181397213562 3.6410389034079924109 1.6206292146767482532 1.3977453996590814 1.1809201612319126795 2.75286e-09 5.06732e-06
48887063.655030801892 6484 3.1153913946996429907 0.18195895136166800876 0.24576576396992297346 5.9758695452623609157 5.2422586583542996053 3.1946843608394579483 3.2054035682914081562 3.2170066573671545207 1.88476e-09 4.46618e-06
48887063.655030801892 923 1.8117003448089155082 0.023684866996163626146 0.11767095700015145487 1.5313197745225710644 6.2671550973485503633 2.52988122156077333 2.5161448403013575437 2.5022782892039949765 2.53731e-09 4.93145e-06
48887063.655030801892 6739 3.1603882439119610481 0.055961535940860458738 0.22613684126118785422 2.2266512059331815543 2.8610959938112836554 2.1005627612833799311 2.0515503965824861687 2.0019322990175378862 1.84353e-09 4.43337e-06
48887063.655030801892 5885 3.5070919893311596205 0.030951695035065358158 0.23969151402453098276 4.6807470127943879845 5.7871697559103614239 0.14392273949870590388 0.13954939052522116749 0.13524410570283551536 2.25928e-09 4.74432e-06
48887063.655030801892 6655 1.5319129638792698955 0.35545607774294091241 0.16226782124157193565 5.622442495422539821 1.8270966170221962788 4.8418406800046165372 5.194090896031704041 5.50909881957434866 6.32791e-09 6.6876e-06
48887063.655030801892 6764 3.2605985283631708782 0.021174933117132376664 0.30810824935496361476 1.599731837733368689 3.4097980827961196226 4.6805384766637301297 4.7017113918074127099 4.7228851178494455354 2.4069e-09 4.84547e-06
48887063.655030801892 6362 3.0181478443800542344 0.077790506680215920632 0.20824747462287310218 3.0468326107931265057 3.7313321432593502536 1.3616665154993710107 1.2861028114232406772 1.2114435454857637176 2.92709e-09 5.17204e-06
48887063.655030801892 6809 1.656189171857888498 0.12056445884481573061 0.43321142926329508915 2.8793943467878242437 2.9956897763401255652 3.0474878850697431076 3.0353888106412032499 3.0226084589189756713 1.72631e-09 4.33733e-06
48887063.655030801892 6055 3.2319150643509435561 0.04452782354999423875 0.074644651627470984256 1.425820264785889302 5.87744830838206056 0.59666044235011994612 0.57208273228795536447 0.54797606630619632995 3.0525e-09 5.24488e-06
48887063.655030801892 6498 3.1862521355791533217 0.10173046869783153312 0.1693728111135110459 6.0194514608515055087 5.0207640785109974857 4.9379979876575603726 5.0362079693907251254 5.1326512180004879582 2.50157e-09 4.90818e-06
48887063.655030801892 6313 3.251639201700689874 0.095347861977414571921 0.29236074378024606846 3.7091182842711010181 2.16373573913167494 2.3441174216742783898 2.2733993498519464715 2.2006334195435153234 2.33149e-09 4.79433e-06
48887063.655030801892 6300 3.2488402760163519467 0.11115316428047565533 0.23299080811837502569 5.6150190224233922365 5.5090071305193939466 3.6828809815419285556 3.7431939163206262577 3.8061025311064735632 3.26125e-09 5.36181e-06
48887063.655030801892 5204 1.7445004027820809611 0.56326655050488438903 0.39278988106472817465 0.12605795305151620833 4.4201931611862326221 2.9114944034323420041 2.7111025081070181386 2.4760422078452921646 5.21728e-09 6.27092e-06
48887063.655030801892 4755 1.9119181354972774045 0.029226983868818466605 0.093766528156611378408 5.8157514128640999118 6.2440829522600500567 4.4579314086279850926 4.4863258971235353556 4.5148092405937596538 2.39615e-07 2.24572e-05
48887063.655030801892 3800 1.3534671936596334163 0.31197975897103225051 0.20587170549611777393 1.0852745088695501252 4.1399714280757908824 3.3346662900034873545 3.4074625405551746127 3.4894348136363877444 1.79108e-08 9.45995e-06
48887063.655030801892 6104 3.3435134583127492647 0.067333367674507677014 0.10386776036770982434 4.2254894161105323036 1.0414342550131310272 5.4601304522843125966 5.5084403289809715787 5.5555422995539647246 1.75259e-09 4.35923e-06
48887063.655030801892 6197 1.8710376180030972026 0.059324290728078273027 0.33908166555897528704 0.79648497760517955602 4.0047589680399564571 0.89537289141205389509 0.84988522904051488904 0.80532054579224676694 8.02678e-09 7.23931e-06
48887063.655030801892 6815 2.1877493177314115691 0.16072117143892591939 0.24065940892058332312 2.0655514362565599029 4.3016513474628021996 5.1238343446869762943 5.2672137904990039559 5.403825619766255528 3.57143e-09 5.52668e-06
48887063.655030801892 6425 2.3887976057068320834 0.21218223619353876463 0.50669280267825378417 4.1965917000040988682 1.046742577496369897 0.647464956304354744 0.5283579071846330466 0.4213934786246271158 5.02719e-09 6.19382e-06
48887063.655030801892 5489 3.1969850903002074993 0.087416449009760602284 0.37291833575749866458 1.135417482101111597 3.0374243623776222556 4.8609626707672912715 4.9469709211291164053 5.0319931733365770299 1.80848e-09 4.40509e-06
48887063.655030801892 6557 2.0944267507695220054 0.63246979997367891446 0.37223602837516062136 3.9795175803383764368 4.5299528554492827226 2.9572613597480361669 2.7568215424845314843 2.5194259048741192153 1.93092e-09 4.50234e-06
48887063.655030801892 5116 2.7136742000496214544 0.25313549841193483392 0.082846636899920347852 1.85837865548237402 2.6690551570810603366 4.3937775285152698146 4.647052699630604522 4.8996480940658395653 2.56354e-09 4.94838e-06
48887063.655030801892 6951 2.9725914437965177406 0.053413717564977231111 0.03290246436510700645 2.8960213960028879931 2.7338609503800270772 5.7424328657802234943 5.7693309179727059188 5.7955857636676411104 2.54062e-09 4.9336e-06
48887063.655030801892 5559 1.8200903680673292673 0.29456214302962729912 0.0068504583476225342983 1.9938094487091793106 0.64783258032392454506 5.0350768159982504102 5.3060784003761147787 5.5502357702466289524 5.44342e-09 6.36025e-06
48887063.655030801892 5923 3.0273010979744485738 0.06696272426836404057 0.14712375985265777056 2.5898715299471768425 2.5923080987082873783 0.35619130199050080821 0.33352766721478055434 0.31160552252102641235 2.22479e-09 4.72005e-06
48887063.655030801892 5234 3.0222875068043086877 0.22193535431079908227 0.039535152156854797001 3.8969890028859666131 1.6208496524604141253 4.6056465593568569616 4.830856009891293823 5.0512358158668977381 2.35138e-09 4.80793e-06
48887063.655030801892 6863 3.1098426992830199289 0.13629593677491602666 0.096286426546869322007 1.5724491447717161563 4.6107738352672305027 2.6953930083172452647 2.6324308083475540521 2.5659939563218685521 2.72515e-09 5.05026e-06
48887063.655030801892 5146 2.7750746076397496687 0.030480661971060390991 0.15023797899024526892 0.79661750473428760699 3.5520538850584211232 4.4529494542227698872 4.4825304255632856254 4.5122094044143690184 2.55901e-09 4.94547e-06
48887063.655030801892 5492 1.9073483490252396422 0.23978314211196405381 0.38339281148547377231 2.3541398959588222262 2.2222498053500308046 4.6111388833031528023 4.855023342590553348 5.0923714757564964017 4.51271e-09 5.97488e-06
48887063.655030801892 5047 1.6848229008423825093 0.26653136306586089344 0.24208326601603183392 5.2852947909471996724 3.1608630675372091368 2.6716987807152170475 2.5320992610126094036 2.3795228100267569182 1.0218e-08 7.84583e-06
48887063.655030801892 6657 2.374834502744659126 0.10235389686371418327 0.21101928337466407948 3.4232681631041890213 4.8807575586933893419 2.8557968699319968842 2.8253694579501833495 2.7935395199561763313 9.52311e-09 7.66378e-06
48887063.655030801892 6413 2.7378893329993134742 0.14904162018441144411 0.19809336455221476792 1.8057955349541423562 1.0387995780652254929 4.3022620272655913709 4.4437084604572678614 4.5874027660042848709 2.71272e-09 5.04257e-06
48887063.655030801892 6628 3.2592080065061459493 0.13278928078929339018 0.20550100815381372454 1.8463394250014073528 4.2430519598062543807 2.4971443582630405977 2.4125533027323426971 2.3240952617252976786 2.5094e-09 4.9133e-06
48887063.655030801892 519 1.4561670292872808119 0.069154655852747132228 0.12398838510893844811 2.7763114621563138584 3.2479574574382810148 5.1511713933242564423 5.2129219247122611236 5.2735931666372311 3.92741e-08 1.229e-05
48887063.655030801892 2992 1.9129112807714108158 0.29406251176393150004 0.11720942606975466582 6.2170782655907785852 0.7672517552064664903 3.7265545861330244826 3.915827603866968154 4.1214270852593726246 2.26492e-08 1.02298e-05
48887063.655030801892 4502 1.4253033557297625222 0.15620041395907680037 0.12155267437763224436 0.86517900114418255786 1.6259719594755908112 0.8466290815825471272 0.73484664012278155809 0.6301184205121430626 4.58456e-09 6.00643e-06
48887063.655030801892 5626 1.5010442865164104198 0.16755058388387078505 0.21232754690440935885 3.622111059894545626 3.1253396373575332845 5.3071594504056465169 5.4404189346380791292 5.5654932202919917827 7.93289e-09 7.21097e-06
48887063.655030801892 753 1.5742153911493734775 0.24934727675316631368 0.14203303697063393574 2.1230091890427735812 2.1624535643221944881 3.0584799372659898786 3.0344102270603188209 3.007735722531668987 1.27811e-08 8.45356e-06
48887063.655030801892 6244 3.1650262279343204241 0.1260656937182390025 0.3008454366847920225 2.3636727261930867705 1.6985035831300328013 4.1832533194589363035 4.2960005977636583907 4.4112946910808670253 3.08558e-09 5.26376e-06
48887063.655030801892 5020 1.6193419819223926481 0.27875328868204862776 0.45816401525671435202 3.2053054391287076896 3.5232484667442975912 1.3886203849947635902 1.1176317116187959311 0.86701408027348181307 4.40916e-09 5.92883e-06
48887063.655030801892 6161 1.8213672667745859357 0.52941224750653870235 0.30987633047503559958 3.3246264038573589694 2.195582632442034221 3.101298514920262317 3.0689734135439885598 3.0305616803005088755 2.19638e-09 4.69987e-06
48887063.655030801892 6914 1.8511641736881951914 0.32707207982856856265 0.20980105679186755729 2.5291906399242418679 1.7481338994179607127 3.8954599951052379936 4.1563348470661543033 4.434131719067313071 4.41745e-09 5.93254e-06
48887063.655030801892 6451 1.6658441620825610308 0.35266605214569884952 0.056920426915473047724 4.1905199299973840965 3.418123180107313086 2.5282179983677632862 2.2829945988601596518 2.0160520937554498033 2.57122e-09 4.95332e-06
48887063.655030801892 6702 2.1957425979254638904 0.32142972888659487873 0.27245169290696269471 0.79311921090514092558 2.6013814206565242237 3.5835787514003385468 3.7492068011812254014 3.9327143352234572582 3.70623e-09 5.59535e-06
48887063.655030801892 5195 2.7622596390126270549 0.012231079368752227274 0.14602561762983257143 1.6326563361812389541 0.65561888328608963761 2.414919746354392327 2.4067560059825443552 2.3985554835277973496 2.26107e-09 4.74557e-06
48887063.655030801892 5437 2.1439996438923447641 0.18610219825754042988 0.58503271410111967743 1.2476524343512656046 1.9678890893219658231 5.0006056016847910684 5.1754788264948867749 5.3419800882006009957 4.54448e-09 5.98887e-06
48887063.655030801892 6667 1.7260455675561350297 0.16668330656322755123 0.18480473276911124625 6.2672392028861052538 0.05918387104447059982 5.5655072542356256449 5.6692389637892048881 5.7652648172331248944 1.85586e-09 4.44323e-06
48887063.655030801892 6816 3.1111408641640720951 0.056444287818140558011 0.20462480039428776468 1.2080630062739388109 2.1604771115929217729 4.4575455679021960265 4.5125885575492299395 4.567909954456323085 1.76213e-09 4.36713e-06
48887063.655030801892 5291 1.7930305322878286045 0.47606952642907979234 0.56588340092824185312 2.2511180356332358699 5.2463396386824534545 1.4233202257661936585 0.94926777994548217077 0.56222831712533971604 2.6037e-09 4.97409e-06
48887063.655030801892 6595 3.0353847640402231711 0.043111738860341634882 0.26906292984636648313 6.2655810240040397119 0.49470548219211457619 0.047739210375734773828 0.045724318953036441338 0.043753750871118705923 2.5233e-09 4.92235e-06
48887063.655030801892 5950 1.2738606435842656506 0.29766790238898305221 0.25428217049782481096 1.9424093861957589802 3.9714970218356588916 2.0955287138996703256 1.8120773099463647338 1.5230320474712171208 1.07677e-08 7.98408e-06
48887063.655030801892 5351 2.9539883573060770061 0.19866131868910652525 0.16672117725198309923 1.2667899160250923885 3.5364921536358369103 5.5948326217008750305 5.7130011416413024605 5.8202359564993670915 2.44807e-09 4.87295e-06
48887063.655030801892 2768 1.5968309115840639834 0.071613277299063846093 0.0080299119119028993657 5.329239299276894215 1.2250254405880649511 3.6531620090362921793 3.6893939560476587403 3.7266909760980584387 1.05906e-06 3.68544e-05
48887063.655030801892 5194 1.5056823346732912672 0.22570662081439521462 0.19603724847233966466 2.745355858105654967 0.88457601969933796759 6.0649014065165056664 6.1094388358130276018 6.1484575560078953416 4.75382e-09 6.07945e-06
48887063.655030801892 5310 3.4764781876087744727 0.098920246923413973628 0.32009973871687980029 4.766306026032867571 0.75366829350773534291 0.25771778090326735722 0.23360104816271506922 0.21070276610359858771 2.51895e-09 4.91953e-06
48887063.655030801892 5888 1.1383998714483758441 0.33980399274702721701 0.33679646741299118506 4.0599588229513710047 1.8638525201354874117 1.9848788152675624907 1.6433116186914016321 1.3044006586456167174 2.79797e-09 5.09485e-06
48887063.655030801892 5964 2.1845835218317133375 0.46116902332088605121 0.66989936977411912444 5.3022355281561104334 0.84576296841908937818 0.15209568076848450913 0.092474423419556292525 0.049888839735808224174 2.1711e-09 4.68177e-06
48887063.655030801892 6639 1.3437322504536448609 0.11114571186488210464 0.33273836592677968893 0.1640325981305372216 6.2107650298627552488 3.6725754299890311927 3.7318659642366793783 3.7937283456119192948 2.07227e-09 4.60963e-06
48887063.655030801892 5312 3.0157024314901290651 0.072991761247000644386 0.16870477256875759942 6.0855849663365280122 5.810412624843632301 3.3477498885617595903 3.3632659810216427587 3.3793141184623696205 2.46345e-09 4.88312e-06
48887063.655030801892 6126 3.0331140361681820927 0.18517756139351346234 0.21802000324249959373 1.2787530881888791168 0.016923632938437904727 2.8839346432574091139 2.8316231598573029515 2.7751385253098881378 3.04059e-09 5.23805e-06
48887063.655030801892 6734 2.0990076313385568341 0.015029422215689397513 0.32253062528730203073 2.8235229769279657219 5.6010773980654562365 4.3099641593925346328 4.3238343249044790539 4.3377434178699738609 1.24231e-08 8.37387e-06
48887063.655030801892 6073 3.2497895751568721678 0.085696359398714311295 0.30767153578590961116 1.0401446351754013442 3.9371215323470281078 5.4488241645477586417 5.5106286153227026503 5.5704419694163087584 2.87152e-09 5.1391e-06
48887063.655030801892 6692 1.8445402348423824979 0.18796585083839068009 0.16770334026787989123 3.9181481273214879835 3.9550854963864123803 2.0187139441763504166 1.8409158110563592636 1.6597657863116865862 1.32225e-08 8.54977e-06
48887063.655030801892 6028 1.4208576924681719511 0.47637660471586007471 0.40100511629873131225 5.4325291748946735737 3.289687699072038285 2.2764639277052500788 1.8225846111044858855 1.3612289019504242304 2.1303e-09 4.65226e-06
48887063.655030801892 5030 1.2859100495606397008 0.38106726000161106338 0.33357206295267782803 5.4721800634351298598 6.0290888333251029252 0.020196488263110188438 0.013520673369812491807 0.0083685443943373113984 2.14686e-09 4.66428e-06
48887063.655030801892 6521 2.957844194053976139 0.077176310214016288769 0.20583763039492358748 1.1822888913179776527 2.7724792122858636922 3.6101525091036852366 3.6463001123703508988 3.6836188248366363851 2.953e-09 5.18726e-06
48887063.655030801892 2010 1.7692483246217822757 0.45391348011735910273 0.1913288575412965542 4.332951274138019393 5.7731080522809481437 3.9411819918883139735 4.3488457559143682829 4.773092705943119185 1.54172e-08 8.99881e-06
48887063.655030801892 5717 3.1592004639993165327 0.092772224809818934488 0.28222686264933488642 0.4384911254808775416 1.993679357998665802 5.2453571395608573624 5.3235471873457855807 5.3995261522481596828 2.31886e-09 4.78566e-06
48887063.655030801892 6832 1.6171455815758020158 0.21935130571158886759 0.31499624769164230598 4.7147962502435758481 2.0606891581416837411 3.8867424672435655353 4.05032736304474561 4.2233355597110309176 7.86044e-09 7.18895e-06
48887063.655030801892 6842 3.1794470720362091321 0.089530089299567336414 0.09453533075344809633 4.6632874762333518248 6.1822866792493140764 0.0038827949098116879695 0.0035494227279280116984 0.003231643261387912372 3.94698e-09 5.71398e-06
48887063.655030801892 5540 1.4829426826212239732 0.54847418791955748762 0.1030786330599281625 6.0658789205496326247 4.3672598683173813328 5.2871973751761300875 5.7120440433239743072 6.0085450912499300813 2.31531e-09 4.78321e-06
48887063.655030801892 5131 3.5342287080482628348 0.0622196189264072122 0.22505737062861022602 3.1501550048056152775 4.7229903447152548068 2.4174291860413013033 2.375189013492525536 2.3320366666454783733 2.25296e-09 4.73989e-06
48887063.655030801892 4406 1.6998851256039182456 0.45132324620137431737 0.42471081682062988838 3.6467377658873427748 4.043622864378619397 3.4060824717863416033 3.5677135342107981764 3.7542642467087254943 6.27014e-09 6.66718e-06
48887063.655030801892 6119 3.1296161248636495955 0.071853580551979323587 0.21476606223958363828 0.27304889293842099507 0.1863955005304639978 4.8184085357348918066 4.889649677260718974 4.9603773421808057265 2.96829e-09 5.19619e-06
48887063.655030801892 5525 1.4293354527488646433 0.19885221961721508133 0.29876130225901886828 4.1957159040457021604 3.3106497086369373051 3.0801656904535361647 3.0664618922328705786 3.0515360246646854314 2.22151e-09 4.71773e-06
48887063.655030801892 5240 1.8980072150133442399 0.52117177934515657167 0.34598374022796674065 0.068383019961256008568 4.8482192137824746681 2.5218013256011273526 2.104340499997211289 1.6556064083503927442 1.54708e-09 4.18172e-06
48887063.655030801892 6997 2.8896655978804259846 0.1187785580712368283 0.14128121978652785629 4.3450270411434095408 0.41767143610488383088 0.21108064888357233602 0.18748255396063825962 0.16534387505118924855 2.77488e-09 5.0808e-06
48887063.655030801892 5667 2.0577089770852348138 0.3259099997736704668 0.76267455289878105518 0.31064170735514556876 5.9570414858047184836 1.2685344672699279123 0.96618569165173817659 0.69805187880678465362 3.20823e-09 5.3326e-06
48887063.655030801892 6103 3.2999790072188499579 0.060908155033347413654 0.11425536056796485596 5.3707225631034107849 0.99713332995058767683 5.4277812572745895991 5.4728899471137184563 5.5170173446586989741 3.07621e-09 5.25842e-06
48887063.655030801892 6333 1.331808770934006958 0.28162001996646846003 0.29359130234008090632 3.9497166953665461264 5.9931577544590348694 4.2199597601638245692 4.4900555044505372493 4.7647436051316436334 1.94245e-09 4.51128e-06
48887063.655030801892 5252 3.161217953314051865 0.21355723016790018054 0.20024441036372456204 5.9402436389156267893 5.9043767498178159059 2.3971781784774317536 2.238495753688314327 2.0708003201033675644 2.42859e-09 4.85999e-06
48887063.655030801892 5316 3.4876892526231295655 0.12189242496009414229 0.26856405648874570602 0.47076761339224176828 5.4489001004589656674 0.76357177573961199091 0.68259178492328431709 0.60570128617223384371 2.96988e-09 5.19713e-06
48887063.655030801892 6874 3.2982123984914952786 0.1083083564035278723 0.20991947762363455388 3.1095316813690776492 1.657942390789062026 2.9119300354767663208 2.8858215949515950705 2.8584205058735498994 2.61974e-09 4.98428e-06
48887063.655030801892 5053 3.0373922943889506421 0.24096272541880156548 0.28903637337624638048 1.2970842817359304888 4.0885647541415739425 2.3750426724463133965 2.1895464612645674229 1.9932572524714418094 1.90259e-09 4.48021e-06
48887063.655030801892 3953 0.93137078826360508721 0.16084668750651559543 0.32795602648257182743 5.7942450556850193522 2.1915563671731272954 3.8374682327471276722 3.9480185629902466715 4.0641206332521555566 1.87457e-09 4.45811e-06
48887063.655030801892 6204 1.7573415747302501 0.17344229451687545596 0.33480158194249021175 5.9639567330342977414 3.9725989902927163477 2.8741168795791782742 2.8236861122692262782 2.7694717474681853631 2.26769e-09 4.75019e-06
48887063.655030801892 4189 1.1056727288084695626 0.050662456657767029888 0.052867978340626751999 1.1164438403373571074 5.0707955975707941221 2.6315169120824877247 2.6062068506186766292 2.580360238403816453 2.43052e-06 4.86127e-05
48887063.655030801892 5324 1.8495641415367329863 0.14322674599625870306 0.35650471856907467449 1.2603846145575299253 5.0492101988468007789 1.7186460008819155476 1.5749692454552215448 1.4317437464787310386 4.64884e-09 6.03437e-06
48887063.655030801892 5185 3.5388824708420454357 0.062910616649581141413 0.1991521306041597883 3.9079257244879279654 0.91745659702570658833 3.3936188052170148666 3.4098156946725661776 3.4264881678537770782 2.64564e-09 5.00066e-06
48887063.655030801892 5451 3.2708536623483386307 0.043017431994501469095 0.041800377979501292247 5.7410835959907613457 1.8305114847130146138 5.9616447740991080906 5.9749734861840373412 5.9880230481597616077 2.58702e-09 4.96345e-06
48887063.655030801892 6192 3.2072004077138704936 0.26984189500704158782 0.29645939418944072807 5.3622610226472930961 5.0110040715451935611 2.2217473758343548873 1.9842769556301957934 1.7371752148076580191 2.79503e-09 5.09306e-06
48887063.655030801892 5992 1.8536413888090481628 0.14518782912953934194 0.27940467577804856125 0.14262535316036129007 3.8021860337931858709 3.7824822204719983354 3.8751098279014155601 3.9723111068524965539 8.41385e-09 7.35386e-06
48887063.655030801892 5853 3.1471585192460134195 0.1873375709840276182 0.12908326988257240453 2.7351404165896546772 1.8841491624104145242 1.5858317317099765997 1.3971353507287007645 1.2126155633036395098 2.34516e-09 4.80368e-06
48887063.655030801892 5360 1.6394273356149724474 0.26481277964185545581 0.15683410205450926123 1.0929612998787390232 3.6144847376200108791 5.057711207648455165 5.2991673970270607441 5.5196846060216069318 3.7029e-08 1.20512e-05
48887063.655030801892 6233 3.1505275226325508697 0.11683062829314891373 0.19690792120686315125 5.3448499097348491915 1.1859198120457812298 4.9877679045286296144 5.0986991258861138476 5.2069199911588111007 2.38928e-09 4.83362e-06
48887063.655030801892 5650 1.9241202211177150794 0.11672382306987078016 0.34115293348399522433 5.9839953280841022831 4.0708263379720248665 3.4288274938278786585 3.4639797620434098491 3.5009615565103904267 1.14639e-08 8.15256e-06
48887063.655030801892 6255 3.2424219943456686899 0.07307396098599548695 0.25238177744036116579 1.0697573453558721912 1.2537400787260339907 0.86405628562452330144 0.80971510759756470943 0.75680293115016217254 2.45838e-09 4.87977e-06
48887063.655030801892 6952 3.2265537131005621596 0.10096709234858183835 0.076082817920650192001 3.6785988334688375367 5.4103217014268958351 4.0716867839844734789 4.1553200047360920877 4.2410217197470743145 2.57429e-09 4.95529e-06
48887063.655030801892 5708 3.1349633519737318821 0.2606434072382712297 0.25762294591290302304 1.3070737663743317025 1.8502524919055518549 0.35515852862855140648 0.27317408829902461997 0.20285531670806483673 1.65544e-09 4.27716e-06
48887063.655030801892 6956 3.4963789656642911829 0.17861853380504910671 0.37752511319487924712 2.7260373602359453393 4.6034798514895580723 2.0548856309756184935 1.8889207913866981059 1.7192646695521978106 2.20649e-09 4.70707e-06
48887063.655030801892 2850 1.7007504181078794137 0.36253155012892318565 0.36467272350445251172 4.7143122491225577519 1.6395294979820693726 4.7320604533289740701 5.1016399734397150922 5.4370518304209562999 2.86233e-09 5.13362e-06
48887063.655030801892 1284 2.3638619998438783476 0.332587039398144102 0.28225849713249118178 1.8318931808289509178 4.5900426511909078187 3.2312996460957603695 3.2682664754157149112 3.3102839654897104893 3.64405e-09 5.56389e-06
48887063.655030801892 6722 1.4916528465297835826 0.11299057764911907276 0.46482518215434381892 5.3294566054191916393 4.7307066557171371102 1.0049744115677476941 0.91217559349027621529 0.82281844918110991216 1.78527e-09 4.38616e-06
48887063.655030801892 6089 1.9235126656939414147 0.36196677064231691512 0.2650222630801807866 2.609149953598576932 2.0245164327223150735 4.6782353242696244067 5.0507297032277378435 5.3921753885787726546 5.81535e-09 6.50193e-06
48887063.655030801892 6473 2.0847942991813512847 0.62530545775346657589 0.60772023538839115009 2.1332458903972635333 4.2269052590486868581 1.6149572989610598839 0.93022046439027494813 0.42888073654408476187 5.43469e-09 6.35685e-06
48887063.655030801892 6295 3.2689973139609733721 0.036527536024997822595 0.19391610573875667223 4.2472016624570763099 6.1697293088538964767 0.15725684641352916104 0.15163582124200930545 0.14611814024132763201 2.30061e-09 4.77307e-06
48887063.655030801892 6211 1.8741731749265027052 0.33892018468179646584 0.46581276962934597963 4.8115249949711227373 4.9031516314588943217 5.5993387191258667812 5.7930758244547133629 5.9526131761932274955 2.33777e-09 4.79863e-06
48887063.655030801892 6969 2.1775771108410717503 0.011662340125459663698 0.10920014424927246277 4.3808192309193607628 6.0975375578679926747 5.3159911230803338356 5.3255612615479837046 5.3350990335212342686 2.41679e-08 1.04535e-05
48887063.655030801892 5578 2.8909823408496477803 0.049695909047297384675 0.28155285922309186697 0.52617587344273619721 4.1020617862818893329 0.81355694624133123583 0.77802943628515974783 0.74314901306639657985 3.04211e-09 5.23892e-06
48887063.655030801892 6450 2.5184430841203826468 0.46011236743686961814 0.17038762408186039488 2.6579177346627353984 2.538464203320601964 2.5112133442504900316 2.1571982362159318747 1.7739535598612701239 1.74846e-09 4.35581e-06
48887063.655030801892 6886 2.7111274320659686232 0.47161184308479359162 0.65555206032082535827 5.0329998541407423573 0.97855431228873901439 4.6067424219575956457 5.1079484067052556284 5.5431429247319883302 2.88448e-09 5.14682e-06
48887063.655030801892 5290 3.192360722639323356 0.075422414677744256672 0.15868082513640419107 1.6491440834541799543 3.6801482998007162273 5.077013527816533589 5.1466122275023922228 5.2150352234056640555 2.68653e-09 5.02629e-06
48887063.655030801892 5080 3.2092776886376066514 0.20666190163844555538 0.29706926864590527115 1.3608651313791271242 3.7421375924820896586 5.8945829648986931559 5.9667316540679120607 6.0310444806464067469 2.57476e-09 4.95559e-06
48887063.655030801892 1410 1.8569851437430400232 0.091871208258009429137 0.33656343440017760793 2.0478851211281803302 5.5892974999196320951 2.4670287171934770498 2.4074017411426917867 2.3458492507238832836 1.96181e-08 9.75145e-06
48887063.655030801892 6186 3.2422467770089684613 0.059569412590464165813 0.20177008935509718746 6.0951302809667140536 5.0712157775811945726 2.4865907532408249025 2.4493959980220707529 2.4113770233229647744 3.14704e-09 5.29848e-06
48887063.655030801892 6417 2.046936657620236133 0.14338464215853047312 0.84910356025105826472 3.2343366516663341059 1.5183741407984578942 1.6834752673190573891 1.5393400881459784468 1.3960263793278007149 1.63097e-09 4.25597e-06
48887063.655030801892 6572 3.0002118464465858949 0.20810168477606919013 0.2136134718314851022 1.0969366736373202809 4.1378230072910167081 3.4363619206313802401 3.5043044641705196618 3.5781412122719302715 1.66053e-09 4.28153e-06
48887063.655030801892 6029 1.9552836665658308579 0.35992955998995002087 0.26004515042645770517 5.6465253373560502226 3.580450642467122524 4.0170141992293189048 4.3388794724491113186 4.6739927942904220259 1.2969e-08 8.49478e-06
48887063.655030801892 5063 3.5069146870791385595 0.18121422367083994676 0.39588537384983513157 2.5291451845072980831 1.8270164482358404179 5.1251351631651589358 5.2862502986796302551 5.4384359994246516123 2.23728e-09 4.72886e-06
48887063.655030801892 5643 3.2919890698370779525 0.085528048552040200625 0.10562359396998417804 0.026857589886488130587 4.0918535663102195699 1.4537160058828024756 1.3690918754979266581 1.2852977770855096296 2.47115e-09 4.88821e-06
48887063.655030801892 6335 3.1140638924769277196 0.11246523407646828729 0.2721607644047044916 0.70226428049740330373 4.6528991015519487462 2.0160705655548913917 1.9118075318367035997 1.8058183878600229111 2.80706e-09 5.10036e-06
48887063.655030801892 6290 2.0399861896008633089 0.46713084783654468257 0.11362704158591238612 1.478731971262385203 4.6208737496942582368 2.8367635637778092494 2.6424643951922264229 2.4188673888032554693 4.66797e-09 6.04263e-06
48887063.655030801892 5878 3.2325445854210324015 0.019693115209581463915 0.093137823756889961957 6.1907458581400023334 2.4623864609780685697 4.8905178039589332073 4.9098668276740937699 4.9291771980219687421 1.44428e-09 4.08696e-06
48887063.655030801892 5257 3.1792077536069078825 0.190408921079093435 0.23195788675429515613 0.2021832097041771914 5.1678956311896229181 3.0917032617196853472 3.0811030025642969221 3.0695922560066777329 2.20895e-09 4.70882e-06
48887063.655030801892 6327 2.9985257167024976788 0.21550539369249355204 0.21183627593873172179 0.30515342649252857887 5.6195670200965945895 2.3660158518678602313 2.2008278767463012038 2.0266975962438156245 2.25041e-09 4.7381e-06
48887063.655030801892 5405 3.1785409088699809743 0.033058229124599491922 0.10979322267219111808 5.5375570859202962737 1.264796585421486208 5.2110349258719343979 5.2398458052314529354 5.2684110884111436945 2.93677e-09 5.17774e-06
48887063.655030801892 5673 1.8778549903130627996 0.048364134539096700904 0.46625380760992946039 5.4817392229957189187 4.8341277094441039708 3.788627943985757085 3.8183721314729526242 3.8486618913965724431 2.67237e-09 5.01744e-06
48887063.655030801892 6129 1.4641919003431409507 0.49697090976295082987 0.50914779314698999091 3.0409005635019270564 1.7283043772281976302 0.14810555023095939298 0.085958446462202367511 0.0432921869148309435 7.14833e-09 6.96495e-06
48887063.655030801892 5034 2.8677934441652701558 0.26773902701206170329 0.15635559829556805456 2.0879570362479742407 2.1974746832907698924 1.4813482102296529064 1.2145833445628955172 0.9636518550010552131 2.20492e-09 4.70595e-06
48887063.655030801892 5227 1.9470646723302786896 0.5253128530934733087 0.51107026947091982461 5.0946381192762615342 3.7536694384880830988 3.1280008568832573523 3.1172292588482757303 3.1044321205434792788 5.94474e-09 6.54979e-06
48887063.655030801892 4112 2.031215587645388343 0.5024562634338144429 0.70880119925047946339 6.0808977008699267586 1.3684827449752310358 4.3439121069374904138 4.8869719406931473316 5.3817903982589072598 1.99037e-08 9.79854e-06
48887063.655030801892 5288 3.0914233141594888998 0.17228001844312540447 0.29524051153472852249 1.0429102775979197659 0.71725131976849731963 3.9506033811693335167 4.0840101301127678113 4.223381484392482399 2.94866e-09 5.18471e-06
48887063.655030801892 5938 1.8475595070201489278 0.14168101500440599683 0.20581934806841670205 5.2832981244655146114 4.7423631663380678702 2.1706928096757112101 2.0483876552268904803 1.9225600908048767756 1.88863e-09 4.46923e-06
48887063.655030801892 5446 1.8573818576066460917 0.53815517309473681618 0.32850803209009937778 5.324610860784828148 5.4711595736063722839 2.8517832438822328101 2.6210519486440508885 2.3534008503859018546 5.46354e-08 1.37196e-05
48887063.655030801892 5914 3.1797597810771520699 0.1034227384356549706 0.11448428286838867318 2.0644300081035953376 3.6369746327510208417 2.5288990986386177262 2.4666419435934794357 2.4020173317503275001 2.63408e-09 4.99337e-06
48887063.655030801892 6154 3.142650453211071504 0.12721631501442562384 0.29663229859344170114 1.0086923333435660055 3.0315161240503298856 2.0310641593216343104 1.9134163221502691332 1.7935941124471805885 2.04677e-09 4.59064e-06
48887063.655030801892 5511 3.2198176352861072047 0.089578920552509308517 0.1564665963257919068 4.3994339953327949999 3.0356653029455840098 3.5219690595555825929 3.556739610212863667 3.5928689753530060891 2.90982e-09 5.16185e-06
48887063.655030801892 5957 3.2305578981753160228 0.017581619105867137692 0.070281631726846385821 2.6693251505015713754 4.7232073182718670168 0.34921999539965803416 0.34325302593548551178 0.33733589461872881543 3.45473e-09 5.46581e-06
48887063.655030801892 5962 2.8953238591519050438 0.12336354129698452742 0.23929540562292692107 1.505954648411803376 5.8719172018241465594 2.7857278176391897517 2.7399326849967291508 2.6917041110114938718 2.88829e-09 5.14909e-06
48887063.655030801892 5160 3.0388487039380014387 0.13723099271199890037 0.14974133118307933477 4.4600084483545776592 0.95771512593868590724 2.6634335715301014069 2.5958762043955405652 2.5246491181724683983 2.48083e-09 4.89458e-06
48887063.655030801892 6827 3.0930319507880326135 0.11106972831866686324 0.11633544963808943595 4.2599065953090384795 2.085778479150517839 1.9757768777791271386 1.8711722295282442463 1.7650756111112455571 3.04652e-09 5.24145e-06
48887063.655030801892 5481 2.1522424281693539605 0.28463902284657172093 0.89653571837008105838 5.2098981159439503585 1.0626172856407554157 1.6152020390005608075 1.3250066030337606104 1.0489222722442557156 2.0621e-09 4.60207e-06
48887063.655030801892 5196 3.5489120820566362191 0.19722506228499064873 0.17714031554400405666 5.1870610905868952401 0.64273283530801561536 4.2642290871680668118 4.4512888488652313512 4.6418292774982727877 3.02458e-09 5.22884e-06
48887063.655030801892 6960 2.9693681591053202595 0.21058237243752767065 0.11369416384307577672 2.2675964519065177072 2.9347044477402142171 4.1417730576680504839 4.3313700598794335761 4.5268507733563492224 2.28045e-09 4.75909e-06
48887063.655030801892 6928 3.2123363075829591828 0.078397277203768697684 0.23231362223164828129 2.2450862462631699934 1.9766617067629594917 0.87124121533582465915 0.8126626845963985657 0.75573681278894078162 2.08658e-09 4.62021e-06
48887063.655030801892 3089 2.0301127436493415779 0.4137902611964193178 0.70105445863116289118 3.8711269169706690185 2.6112902339199908219 5.9762968379135665842 6.0846616317278403585 6.1662702650221161704 1.46985e-09 4.11094e-06
48887063.655030801892 5640 1.0534924913146330727 0.17457162469308928898 0.29716868855470263133 4.3705772577209014429 1.6072158702483401171 4.6501421788747840935 4.8262333737630322972 4.999674947975718986 5.24602e-09 6.28242e-06
48887063.655030801892 5762 1.5258749459306411023 0.10398544795663022811 0.43891611019509968461 4.9199193246488537312 4.2720597644737035026 1.9970692267352361249 1.9001161934723491687 1.801718661740670413 4.50081e-09 5.96963e-06
48887063.655030801892 1444 1.8782667495032117078 0.56385262434354577188 0.72476735097421396414 3.7830135648300049489 4.9905389779994564492 2.9867516162849829797 2.8498893407314920267 2.6877343483919338141 1.72307e-08 9.33865e-06
48887063.655030801892 5176 3.0942841882580074397 0.1320046501137511763 0.081678010554988786374 5.1002332041984113076 2.4825143295946952016 3.2443266945890973929 3.2588833860607802073 3.2743308325140922932 2.68297e-09 5.02406e-06
48887063.655030801892 5642 2.9016660406798098215 0.25665391826080302673 0.072574296592618728341 5.0693981942781487504 5.9502410279124928749 2.4084843597594667308 2.2156503500430488884 2.0105357417577947032 2.80041e-09 5.09633e-06
48887063.655030801892 6140 1.7439241188039389385 0.33803116167476737752 0.28513494127771632503 3.7167312163317496321 3.0664471124167160809 1.4770135880519370541 1.1390791551235466272 0.83206283552131377057 1.67728e-09 4.29587e-06
48887063.655030801892 5534 3.256334762919171677 0.088910597297365792646 0.13500515968796678035 6.0154320331263173571 2.6125332725694612179 5.6594173902219884198 5.7096266432633830945 5.7578717266089807225 2.18919e-09 4.69474e-06
48887063.655030801892 5929 3.2545974103044432724 0.1701171562929261194 0.23347351477117175844 0.94341949581624662269 4.9877447548451074866 1.0474024225586824333 0.90531248069870839945 0.77149524110053213644 3.18574e-09 5.32011e-06
48887063.655030801892 6935 3.4927230558577089248 0.10929481757293015021 0.3765613410872032385 4.1803436240044664629 1.792386573396592242 3.1770025609073093698 3.1811083970270463972 3.1854261391044960128 2.603e-09 4.97365e-06
48887063.655030801892 6775 1.7092108299523707249 0.14780654605411938651 0.32610511972844302697 2.1542150159042305901 1.1576358184433674925 3.7516027987561875179 3.8422054184509732977 3.9374942640875714162 6.39874e-09 6.71246e-06
48887063.655030801892 5211 3.1926880807977844334 0.021354146585219373894 0.23169873827294582003 3.076803734711764271 0.28541293860799643589 5.5780212058937577169 5.591751793422336192 5.6053680967128940438 2.07199e-09 4.60942e-06
48887063.655030801892 6920 2.3390077737470771346 0.071331669238938799626 0.10901887805974719292 1.1018292302671486294 4.6530843550244229689 4.5879141560922924725 4.6590697754782262052 4.7303000729940052338 4.48089e-09 5.96081e-06
48887063.655030801892 6390 3.2274252575273503219 0.11637091632360885285 0.27477539817280971501 4.548437249734540444 0.07119143691565618659 2.1822251899371933881 2.083377581265618339 1.9819624814997303108 2.74624e-09 5.06325e-06
48887063.655030801892 5072 3.1116744482939058258 0.06856423971847463994 0.21684922066247519501 5.8101770048734975305 0.6055560726503153024 1.6411103606224706208 1.5724963858144513917 1.5039322451781587109 2.73643e-09 5.05722e-06
48887063.655030801892 5231 3.165743249145124949 0.072400130785241254006 0.24471874219781619697 5.1495008645010145187 1.1489485401700558764 1.4015424993801930409 1.3305466512660510947 1.2602259538832620844 1.89135e-09 4.47137e-06
48887063.655030801892 6291 1.2787852138479782749 0.27768849332552003606 0.31698405922145200808 5.0688461558199433554 2.0252612455996930052 2.1371210100903694773 1.8798556533023909054 1.6153240105025132856 4.97801e-09 6.17355e-06
48887063.655030801892 6756 3.2095896380074249166 0.036617706942886456278 0.35693566696130840654 1.0943770456939438951 1.9518207254346295887 3.5012753618158236613 3.5143929757016736382 3.5277300536991891278 2.22448e-09 4.71983e-06
48887063.655030801892 5323 2.8233163259942828383 0.15798434208941372625 0.14788410214196751058 1.6488311239337150038 2.8997383259444950987 4.8801036789141223338 5.034495401471306586 5.1843547199184856211 2.25995e-09 4.74478e-06
48887063.655030801892 5372 1.6360193487411938129 0.33372418366800238321 0.2548548012779134897 4.2036270130875470485 1.8071357069852551636 2.3467254967364126195 2.0697374357306026482 1.7766976576595601145 1.39548e-08 8.70479e-06
48887063.655030801892 6286 1.9010720554825317752 0.25594100616357717826 0.79954918457049928282 3.1286142918905404109 4.99362691123294411 2.928666806136687395 2.8656703316963820782 2.7959431749386474131 2.66284e-09 5.01147e-06
