77963039.014373719692 0 5.3986696817023869244 0.033553399382499370096 0.022937881213496977284 0.050837969983867345447 0.091918611731252694574 1.755165419417141548 1.7220725921774679978 1.6889023877152455899 0.000954966 0.000356051
77963039.014373719692 1 8.9909727518491457943 0.073049231527062039038 0.052059583954069101053 1.2408926001425266694 4.0994744388731909623 0.28373613961880878032 0.26395429669708320164 0.24489575769086402435 0.000285285 0.000238018
77963039.014373719692 5775 3.0546186460329294299 0.098837861825922482262 0.11041507889626997474 1.2717559577027082174 2.6371983719763041343 4.2004628847764777788 4.2889320567230138082 4.379039954743910279 3.02463e-09 5.22886e-06
77963039.014373719692 6920 2.3868960400102063879 0.24331658229588426501 0.41544019426130462946 5.8948000363784309741 1.8561829281942840986 5.5163829027871553734 5.673456518328746867 5.8127905769912500134 4.48089e-09 5.96081e-06
77963039.014373719692 5134 3.5269703052377603392 0.060632457867876340951 0.36025949796111278456 5.0960404107492847103 0.8761418758996393219 2.5245711535127539626 2.488569183878111879 2.4517294741684390047 2.31886e-09 4.78566e-06
77963039.014373719692 5278 3.1991967646312575724 0.061557314095733603465 0.34142721071690312895 5.3435567378792265814 2.4113760961098864577 2.4547367924107352799 2.4147175661419910675 2.3738104054171307311 3.13887e-09 5.29389e-06
77963039.014373719692 5196 3.5881840160585918298 0.15732226262832788022 0.16534974235191657321 2.259118786980246707 1.5197159206506032358 0.76352003798691248093 0.66006822181108182335 0.56360281279126656084 3.02458e-09 5.22884e-06
77963039.014373719692 5063 3.4809869382184919218 0.079858646661498514097 0.42421143905434260946 4.3450372526375513615 4.0379948572235839777 0.43426539713808193222 0.40179270015311030484 0.37056246689932187399 2.23728e-09 4.72886e-06
77963039.014373719692 5878 3.239366083602994717 0.089868782951191800157 0.056791351349268111293 4.8128149008887568527 5.9996262198656049591 5.4689778034001212959 5.5324766386277719477 5.5937812682181844437 1.44428e-09 4.08696e-06
77963039.014373719692 6255 3.2048777959889722666 0.098696270702279459419 0.17943493794130152552 4.2974064138394796331 4.8124145039881032204 3.29756489065188374 3.3137232467414774462 3.3306281259475332135 2.45838e-09 4.87977e-06
77963039.014373719692 5548 3.1703602214403194814 0.078543384907043378718 0.28623225135801771968 3.7144204335661772376 4.0910187663832484617 3.1871192879412233445 3.1908458162719459672 3.1947127624897095899 2.11518e-09 4.64123e-06
77963039.014373719692 6443 3.2063332919865055182 0.21215568301902118509 0.27400970324997286909 4.3776648188893059199 3.5564595409122010672 2.175575954678580004 1.9881225874164147882 1.7941749706216705285 1.88164e-09 4.46371e-06
77963039.014373719692 5990 3.087080811329051766 0.033036340930399511751 0.1396685697228803591 2.2328308881751883774 1.3324454879678622188 3.4029460460244274067 3.4116230225171642054 3.4204358201227753611 2.30118e-09 4.77347e-06
77963039.014373719692 1284 2.4480819569197143082 0.2864019563515843303 0.6737978285454060412 1.5595784910236951681 2.8949363182601901556 2.7502550167262977965 2.6214108283434267577 2.4790581953693489048 3.64405e-09 5.56389e-06
77963039.014373719692 5098 3.1480473249106362132 0.049517712355713526529 0.087848185702578518441 1.3415310296412306101 0.93580265510735249901 5.1244802938989728602 5.169426855417430744 5.2138622477590752524 1.90652e-09 4.4833e-06
77963039.014373719692 5929 3.2633227139607963174 0.14740912411397139037 0.16611217536644906634 1.9853677601205901304 5.1758162287595474993 4.9458185679987654026 5.087350405815347365 5.2245178019555451598 3.18574e-09 5.32011e-06
77963039.014373719692 5467 2.9571880178864455857 0.14990360629573662443 0.16529238013274086261 0.64315359637901914347 0.43557050780107187116 2.9284762089670279828 2.8940578919626100962 2.8573293183575514398 2.43648e-09 4.86524e-06
77963039.014373719692 6282 2.8451422768789194073 0.079352247858706620454 0.012112353108135008942 1.5099800629550863551 2.0597206261666234361 3.8105612543157967309 3.8614264469723922346 3.9137401867071899275 2.68214e-09 5.02355e-06
77963039.014373719692 5694 3.1096466140105012421 0.12711757713171351059 0.3019941045207105712 0.36675586802955956189 1.9655418682155409993 5.8253966891517166005 5.8787399912553679471 5.9287618877182044486 1.21025e-09 3.85309e-06
77963039.014373719692 6392 2.9750134196714870249 0.15711762788908387178 0.20708394930614221208 5.5856490418693303113 4.0448395255570144258 5.1643275736841349755 5.3015921615000474176 5.4322172016882159795 2.75286e-09 5.06732e-06
77963039.014373719692 6484 3.1104068909001312271 0.10131489398754417453 0.23717260849087484775 4.6930902166280601406 4.5729131427056497472 0.84089282179324986721 0.76770655351953065448 0.69734468488722567425 1.88476e-09 4.46618e-06
77963039.014373719692 923 1.9198864076460699923 0.4111574494303582572 0.28759947743216995875 3.864284719251720901 2.7103789604426120619 3.8785816902788425864 4.2191288496974532762 4.5812738109725623659 2.53731e-09 4.93145e-06
77963039.014373719692 6739 3.1906127948997187183 0.18114529124496139834 0.21420520340170903784 2.3540698010871059509 3.7959879080960541309 2.3825374506510077488 2.2481093481045317795 2.106950165688715515 1.84353e-09 4.43337e-06
77963039.014373719692 5885 3.4876064670620454677 0.066722460788302032086 0.28179006824077323934 1.0383399971718878518 4.8125817445596847932 0.65268276281307135989 0.6131693940142594057 0.57477312886156273208 2.25928e-09 4.74432e-06
77963039.014373719692 5405 3.1843365914176033904 0.038014541262967375956 0.14351060671898879795 0.3394741212437454303 5.186411510203245534 2.3161360580538801202 2.2878274910642781848 2.2591736497637415759 2.93677e-09 5.17774e-06
77963039.014373719692 6764 3.2946622635321825001 0.04478407654879926203 0.24272292072167778176 2.0490731195255054153 4.3196729351194393942 2.6463314860937607875 2.6246093210864658296 2.6024743452463101612 2.4069e-09 4.84547e-06
77963039.014373719692 6362 3.0022899623915062506 0.078886625334475268811 0.23809147580835207658 2.8877125066608710924 2.8353741995037897716 0.39203565635126397249 0.36291368364803938684 0.33490895994589231499 2.92709e-09 5.17204e-06
77963039.014373719692 6775 1.6245865023331009791 0.23280005485435070756 0.20381046908673869367 0.21418345016436096673 5.421253365925113421 3.8905887431090167006 4.0660660167188726888 4.2519111628423216231 6.39874e-09 6.71246e-06
77963039.014373719692 6055 3.2071791434693812661 0.056132629906487471749 0.043183763445169165429 3.102522537791363888 6.0008124853690443246 4.2497408608994273749 4.3006393390509218833 4.3520805157934088214 3.0525e-09 5.24488e-06
77963039.014373719692 6498 3.2167085465265849997 0.040577668868173655259 0.17718597458433774094 5.9319542785144356856 1.7981377488438552437 3.3546319445939554171 3.3633885359003929949 3.372314887264180161 2.50157e-09 4.90818e-06
77963039.014373719692 6313 3.2502819730570804424 0.066718090077650546443 0.3748155525072756622 5.9843129969740873619 4.2780353619358209016 1.8030727281059322209 1.7375937952657583008 1.6718016506258024378 2.33149e-09 4.79433e-06
77963039.014373719692 6300 3.2227861606260210792 0.041339610851362992849 0.22016796889588108321 0.69705745237125160685 3.2142002958482711605 1.1147718125575964976 1.0779800457606540931 1.0415596854531319337 3.26125e-09 5.36181e-06
77963039.014373719692 5323 2.8145269868571132221 0.17155414507174790439 0.15525413184437419911 6.0335568266138039917 1.1755720957707964658 1.1456230520466110789 0.99388665203132675607 0.85009816358522050095 2.25995e-09 4.74478e-06
77963039.014373719692 4755 1.86026863484035343 0.10447312466763268579 0.057234695563211715474 0.18437865742321588036 4.7474786668200046336 3.1848436692986199503 3.18962333868643233 3.194639325316897871 2.45943e-07 2.26531e-05
77963039.014373719692 3800 1.6184087441193315549 0.43966784932419061827 0.43049696912211760091 1.3898083895253106057 4.8153278524126044147 2.2206143164754035269 1.7980575433920111816 1.369694819142974529 2.3176e-08 1.03085e-05
77963039.014373719692 6956 3.5198894853719493447 0.14504091646410663397 0.38324443354245391058 2.7014760258554009198 1.0096430585455524742 4.6811796572059085619 4.8269939059065674059 4.9710833598001391564 2.20649e-09 4.70707e-06
77963039.014373719692 6197 1.9202620439606263858 0.28244297824575259614 0.37339790954594587191 5.1701808853713862035 1.2057180472724773335 3.7866012906041461861 3.9818801231533571539 4.1922535288134126219 8.02678e-09 7.23931e-06
77963039.014373719692 5080 3.2241636187125144453 0.11380615998231775887 0.21577387909195747118 1.5097680042733434558 2.3169628545379743478 5.3840624522384405992 5.4703183820558907158 5.5529713502694342253 2.57476e-09 4.95559e-06
77963039.014373719692 6233 3.1595236164925513123 0.13403787457580851328 0.22134312216340881752 0.25390592309898946111 0.53132156460817170363 0.11532122094185653927 0.10079956089075900461 0.087311470168928068114 2.38928e-09 4.83362e-06
77963039.014373719692 5489 3.207337618585407224 0.15956018413614836415 0.28612758317015318799 2.6692307020894947556 4.7334762858394503482 2.1997171288146728507 2.0636271279737532502 1.9230550721738843833 1.80848e-09 4.40509e-06
77963039.014373719692 6756 3.1861304942905799287 0.097287686419312527364 0.31138222310012830807 0.49667515593695088505 0.22326981222300434915 2.6044727992605278821 2.5524058994176104243 2.4983445836098967519 2.22448e-09 4.71983e-06
77963039.014373719692 5116 2.7493681532161264869 0.20818016451265053401 0.11613681830149161223 5.7077300714481991051 0.16950302280299667235 4.4672102309895169725 4.6759926201602919349 4.8840349122784303404 2.56354e-09 4.94838e-06
77963039.014373719692 6951 2.9887626400055191667 0.020338839884293333921 0.050352801484547994593 5.0768877076947855898 1.8506587171962813887 5.1980048263661249308 5.2159086344605078978 5.2337232151830317406 2.54062e-09 4.9336e-06
77963039.014373719692 6295 3.2553165259085510286 0.0062462033754123536325 0.27549246597126908487 5.0606857050984235258 6.0817650272840602099 5.5565894481300572849 5.5607293533214718906 5.5648595246434382489 2.30061e-09 4.77307e-06
77963039.014373719692 5923 3.0013522846637217256 0.07143287688148088066 0.17217080221964081721 1.6397634275323462738 5.961276756789214204 4.5751861180730362122 4.6463564043918816893 4.7176336034270098807 2.22479e-09 4.72005e-06
77963039.014373719692 5234 3.0251362455797798923 0.17755348152936326067 0.10297858168292707559 5.3408459761093665108 2.4104338635848092665 2.0822202018560078685 1.9193572496473298994 1.7524809118613919878 2.35138e-09 4.80793e-06
77963039.014373719692 6863 3.153235868365072303 0.14595911050178969615 0.016101121917438294961 2.9643906644308439802 2.4725312452879690817 2.0033383184302997471 1.8660963134040056133 1.726455060339016967 2.72515e-09 5.05026e-06
77963039.014373719692 5146 2.7751648702497777599 0.089652412663794575631 0.040121130951252234609 3.2387128565802978386 3.4967503346086026284 2.719292753661045392 2.6809055085866315693 2.6410492984964970553 2.55901e-09 4.94547e-06
77963039.014373719692 6969 2.1863591712994492333 0.18414511766560781592 0.18576218038486386197 4.9732344298952355643 0.14810927765881948259 6.2194033530094881002 6.2302375457216756516 6.2399830624591361428 2.41679e-08 1.04535e-05
77963039.014373719692 5047 2.2361491180970594073 0.64585852135552956899 0.15575477568523593552 4.4492190980021923963 6.0171682007455338237 2.1317217942385182639 1.3964152178705993013 0.7603517194981350702 1.0218e-08 7.84583e-06
77963039.014373719692 6657 2.2857663490619386515 0.15112419561803153156 0.04541089871884593232 5.9631982390648969883 3.9485422548676809562 2.4082497417976145293 2.3005254900006191221 2.1878843170124171458 9.52311e-09 7.66378e-06
77963039.014373719692 5962 2.8519155300364298355 0.20691437656207176121 0.19404124846582654351 1.2913496901149976726 6.1278492601150054142 1.9367817272790319727 1.7345543770612417145 1.5304081863421825638 2.88829e-09 5.14909e-06
77963039.014373719692 6628 3.251965493130860807 0.13330748570671721587 0.22896905073775419837 5.5309027974854920728 2.6081204322048270328 4.1503588283573478179 4.2677233328019799075 4.3880672706829351171 2.5094e-09 4.9133e-06
77963039.014373719692 5290 3.2035396111862608493 0.014727508231645161652 0.12462787222584434388 1.1909869190782964576 2.9792702555550301113 5.729369152692503242 5.7370670578030580344 5.7447161428360971058 2.68653e-09 5.02629e-06
77963039.014373719692 2992 1.7983333361492159774 0.17356573495829857867 0.073542956140621021377 3.5752275025200397351 1.1156214471869545513 0.67387282281547289386 0.57180581482654679881 0.477880459554914927 2.26492e-08 1.02298e-05
77963039.014373719692 6827 3.0980279127947101259 0.12887061073889136131 0.13197763576036547484 4.2711195055186577108 3.9866571119800755518 3.1384437602334003259 3.1380080709520896676 3.137546124587602403 3.04652e-09 5.24145e-06
77963039.014373719692 5626 1.4906108398128439241 0.37533394098281308571 0.28649926523392355016 6.2702078470419593259 2.7832196918825800047 5.9858637318586991327 6.0820010949592475669 6.1570040005831065955 7.93289e-09 7.21097e-06
77963039.014373719692 1410 1.7886276773032772081 0.60950869407616747875 0.13049403168328968516 0.33553842708949910278 2.7915402096663419762 2.8205083675318314285 2.5063282462324747435 2.1446516625278562174 1.96181e-08 9.75145e-06
77963039.014373719692 6244 3.1718675828499756086 0.02242305069177783286 0.32574338483521797505 5.3808605340130526429 4.9581823573633974078 1.2591271395529095578 1.2378556250900911717 1.2166639285928781966 3.08558e-09 5.26376e-06
77963039.014373719692 6327 3.0051233649506281509 0.13877734310235623205 0.15798050188005718919 1.6788046572183081828 2.9561772756641744309 1.9937563936800601905 1.8630330103275851705 1.7301395636611560658 2.25041e-09 4.7381e-06
77963039.014373719692 5650 1.6199561656801295673 0.14332881464792546211 0.15428898578263075536 3.1582561292578508194 4.2687623200282018843 3.2551897248485897052 3.2727792694899191517 3.2915282054977863524 1.14639e-08 8.15256e-06
77963039.014373719692 4112 1.9490706197603111516 0.5313556375722618963 0.6699231314217145572 0.5150357102356980521 4.5681282807952321434 1.8023691488476227818 1.2198676985308400944 0.72089612367478994592 1.99037e-08 9.79854e-06
77963039.014373719692 5511 3.2142816179094131357 0.13557941658810196417 0.19464103532403656538 6.1130206759367275993 1.0223549566399638966 0.18091206312599580897 0.15794429322901043511 0.13661922079255617302 2.90982e-09 5.16185e-06
77963039.014373719692 6186 3.23103134871688491 0.027591917373039277078 0.19217726929099587796 3.2900847183891333003 2.9318505187439374282 0.66115395431690415773 0.64439147409224151186 0.62781667672445651274 3.14704e-09 5.29848e-06
77963039.014373719692 5195 2.7501318823882612286 0.11448517776072425489 0.15008490723379330767 5.6446452928901713619 0.44634678396605448336 3.7206521175826199332 3.7866593482846790941 3.8554937598037657409 2.26107e-09 4.74557e-06
77963039.014373719692 6935 3.4734175102748441333 0.098384986729226922564 0.42130385058001285081 3.0585384119805958392 2.7374557794706650959 3.0549961516542860629 3.0460256699991918872 3.0366376190819668324 2.603e-09 4.97365e-06
77963039.014373719692 6667 1.4139567818999776438 0.27319526147965134122 0.41333662170723545204 5.5603548424853190824 4.8483967563067817963 1.5776744654558894077 1.3007059427342173574 1.0374148880357512148 1.85586e-09 4.44323e-06
77963039.014373719692 6816 3.1318974597229414236 0.15010467757491174901 0.116124649301124927 2.5350503588158281865 0.32053501132770073623 3.1321746035728321722 3.1306368099861821008 3.128992319513133058 1.76213e-09 4.36713e-06
77963039.014373719692 5762 1.3303529962479492266 0.13205573741665641019 0.46692463147405144364 4.8134406271768339636 1.6887293891656589562 0.12326483097561194424 0.10796411819109667796 0.093734518551741738412 4.50081e-09 5.96963e-06
77963039.014373719692 6595 3.0463944965185270064 0.064487683242176283005 0.26113615634250836317 5.7105299492115237925 2.5449438624928562014 0.57406541117625575765 0.53993726382292472898 0.50678529495624391465 2.5233e-09 4.92235e-06
77963039.014373719692 5950 1.7747774865815653111 0.31064333323394999198 0.22290605908239480293 4.017173217855011913 5.9419732892634620214 4.8138719922869199763 5.1232330247064936657 5.4080258785479644601 1.07677e-08 7.98408e-06
77963039.014373719692 5351 2.9723159581314138045 0.11760419439699708322 0.11857038976229000715 4.9990167535127323362 4.508139135929706498 3.8105864322336389094 3.8872928229883325635 3.9670856612708345068 2.44807e-09 4.87295e-06
77963039.014373719692 2768 1.5634757565785764033 0.070512109227524821797 0.020095336799754216078 5.9564501037749391088 5.3409168406428308984 0.3854245209879222922 0.35972440162402952168 0.33490299065670581236 1.06163e-06 3.68842e-05
77963039.014373719692 5194 2.3757825579979914288 0.25749432505594122 0.29714400120471534672 0.056257102683715927427 4.3954330424721863579 1.8829439388515145648 1.6246910508840590737 1.3675705996410902898 4.75382e-09 6.07945e-06
77963039.014373719692 6928 3.2058044356774253458 0.20447583047145501123 0.26561150018333484768 3.9792755675987141473 0.2192321270337694028 2.4936498166338232352 2.3579313088693867329 2.2135964005960402368 2.08658e-09 4.62021e-06
77963039.014373719692 5914 3.2101092320661406276 0.06434642446921352843 0.055912422153062357744 4.2610978999263178224 1.048558335026385846 0.81565839100298409559 0.7697752577037452193 0.72499182724914423837 2.63408e-09 4.99337e-06
77963039.014373719692 5072 3.129971894304627078 0.074833264579386243875 0.19933330872261417754 1.7311628679941033493 1.3469194329233031837 3.3710438925589363279 3.3887330874359360422 3.4070397197448167859 2.73643e-09 5.05722e-06
77963039.014373719692 6154 3.1870269869666714158 0.12944593975615131809 0.23916249458081886847 5.933729871527190447 1.4870351776653227827 4.2192476036710395704 4.3372496689823583083 4.4576934962815384367 2.04677e-09 4.59064e-06
77963039.014373719692 5312 2.9790256965586823235 0.12016671315191035374 0.14508738323194109165 1.4500097587016314016 6.1579323073938505573 4.7583937833640632675 4.8783924746114646354 4.996907259856628869 2.46345e-09 4.88312e-06
77963039.014373719692 6126 3.0198433416394663276 0.21051904628514564455 0.17177734663756175082 4.0833559199551920926 6.2074985103711624035 5.4330474359910576609 5.5822408749750405121 5.718012974249685243 3.04059e-09 5.23805e-06
77963039.014373719692 6952 3.2634637812924185418 0.15833601797208851636 0.1044689099669236787 3.8318079256856298898 3.3392303188654075541 1.70311567075083925 1.5438272943297106643 1.3855488540336864389 2.57429e-09 4.95529e-06
77963039.014373719692 6073 3.2197076942582469883 0.024445086119701735922 0.24486672565865061357 3.802710393072036954 3.187997553535810713 6.2425826398461108369 6.2435630757233697707 6.2445313911739956936 2.87152e-09 5.1391e-06
77963039.014373719692 5578 2.878926468497291502 0.036695592034801091663 0.26411218738896102831 5.4109175877310660141 5.1372847190366650594 3.8036536894502073203 3.8265501440714899672 3.8497652467470291349 3.04211e-09 5.23892e-06
77963039.014373719692 5231 3.1607197102470401262 0.10204571729225068999 0.25939051017509651142 2.1612516445739888837 4.2687085413987349014 1.1239250895218841908 1.033715902334989778 0.94603760133637282426 1.89135e-09 4.47137e-06
77963039.014373719692 6029 1.6694500724316452267 0.19719975798349159701 0.6468510925088019059 1.7005190894403601209 0.22267388436501425741 5.0273153509779087145 5.2104960817699419451 5.3837337999944399058 1.2969e-08 8.49478e-06
77963039.014373719692 6290 2.2287943713012796643 0.55138244009989689776 0.098801755280615258248 2.2899045853947321838 2.3929602139140917494 5.2200591191904166521 5.6706705586211629821 5.9876751309228835041 4.66797e-09 6.04263e-06
77963039.014373719692 5211 3.1586166764936693951 0.080725955564524026764 0.30578126049224668703 5.9435160608568384788 0.33999132113612895445 5.0921998184523999953 5.1661526703675804129 5.2387094541387968505 2.07199e-09 4.60942e-06
77963039.014373719692 5717 3.1477752293030039077 0.14673285869568902795 0.23014606348320904017 4.8740653587045761341 2.0937158133903381874 0.19462481680699911246 0.1680196712877802534 0.14348150058334066537 2.31886e-09 4.78566e-06
77963039.014373719692 5643 3.3127452465669127157 0.14315544396397264504 0.03064016147845138871 2.490462335019658191 3.4016700827378332228 4.3599424215524198445 4.4982126083030600228 4.6380972054343692079 2.47115e-09 4.88821e-06
77963039.014373719692 6842 3.1841404026416233464 0.09678365628045776381 0.14842825309974450043 4.7737900361736764765 1.4726282497052189946 3.3336075422250566191 3.3530458726333249864 3.3733589205238390107 3.94698e-09 5.71398e-06
77963039.014373719692 6572 2.9448958673980820677 0.094031116997286903758 0.2117724368967294768 5.5342278858035571787 5.5727191470592947198 5.2771067652622640765 5.3547178184614514507 5.4300087983113520806 1.66053e-09 4.28153e-06
77963039.014373719692 5131 3.5186295011970005753 0.10370151196401801441 0.28153939357122176324 6.2582857535526477122 4.7328954115073536002 4.0881563310811221967 4.1751177677061424021 4.2642086133301830841 2.25296e-09 4.73989e-06
77963039.014373719692 5534 3.2455627995354880966 0.16279920884828447125 0.1041967364599851037 4.3479253334551941634 2.3287310420895868113 2.8644061531740212523 2.8157291005024638331 2.763612675988726064 2.18919e-09 4.69474e-06
77963039.014373719692 6119 3.1468118506374840315 0.087597520958430694082 0.1651121805063191228 3.8326976683576492455 1.1726107530272609214 3.6799014221156216564 3.7266510024175003579 3.7750265605818267289 2.96829e-09 5.19619e-06
77963039.014373719692 5525 1.9035827232847988277 0.55363955587337532194 0.15876803039048342781 0.79823425610474640912 3.4915748839182083607 4.2224590641337753638 4.8249702263619056453 5.375104923950972946 2.22151e-09 4.71773e-06
77963039.014373719692 5240 1.4688272821579393401 0.37620643463018221819 0.42839140881544152117 3.784754580175244687 4.7441428411356305617 3.031216825958596317 2.9778489289010288132 2.9165223936327073773 1.54708e-09 4.18172e-06
77963039.014373719692 2850 1.782630533790164451 0.086120626866458951931 0.4270675507115486158 1.2083297846516740659 4.2860544639586128923 1.4044484370386678407 1.3200122576144788233 1.2365856439612501472 2.86233e-09 5.13362e-06
77963039.014373719692 5957 3.2596898664876858831 0.083377404270573843292 0.13119275371068592206 6.0557982834508958803 1.0653088456322625799 3.8187647370736250707 3.8728468680750260944 3.9285266087089065756 3.45473e-09 5.46581e-06
77963039.014373719692 6103 3.2838994066264035609 0.066817812552745464716 0.1499504751850774531 1.6637773183120940779 5.2896477033914779398 4.9754324008827106596 5.0394453029149239853 5.1027212449765730895 3.07621e-09 5.25842e-06
77963039.014373719692 6335 3.1055669848416438406 0.10566460556301683626 0.26155030052059585755 5.8582992036335044261 1.5280045802821180523 2.8781072515316035165 2.8490242360791095955 2.818549248355996184 2.80706e-09 5.10036e-06
77963039.014373719692 5252 3.1363823735641451762 0.099012455721266975917 0.14076276869262224767 2.9663257712268098487 5.6256583199326906097 1.1361075452784947792 1.0479820269339650274 0.96219591494218104089 2.42859e-09 4.85999e-06
77963039.014373719692 5034 2.8520619195662306744 0.18357871731670694082 0.1352395531939726836 1.3803745773656057594 3.1280674595510165048 2.3815849637980868181 2.24506621432377651 2.1016613149103990921 2.20492e-09 4.70595e-06
77963039.014373719692 6874 3.2785218625907828205 0.087760960478869401435 0.28157165037851039635 4.8116633140087587961 2.9653704630145911736 0.91141544979637623136 0.84376619152468312901 0.77819544722207489862 2.61974e-09 4.98428e-06
77963039.014373719692 5053 3.057115191074077476 0.22471086079157609472 0.27263092535730509836 5.4408226014364320378 2.0399630546021363386 2.9350899164692743071 2.882580350690181703 2.825026073371679658 1.90259e-09 4.48021e-06
77963039.014373719692 3953 0.9891965687308015287 0.21445647428145353519 0.28526177877093156221 1.9545396710570006604 4.3163240131338609373 3.4105429651166048188 3.4749113787300336398 3.5450774394195190276 1.87457e-09 4.45811e-06
77963039.014373719692 6204 1.7970631673284951368 0.25331160572031685696 0.17067081063690092702 4.1180792851586343062 2.3692358115317779799 2.7393047617994921161 2.6250568480773295299 2.4999536254856304929 2.26769e-09 4.75019e-06
77963039.014373719692 4189 1.1079546475023218655 0.059354785547028235393 0.027546729918073387111 5.7464855193475745665 6.2207016235326308973 1.0648706038587476552 1.0136542206521526044 0.96327567578135320225 2.51666e-06 4.91804e-05
77963039.014373719692 5324 2.0642465899571860177 0.12014459633627302959 0.14174318668005275734 3.7876887440912154759 6.1436384066042446506 2.01432272864284867 1.9026319178981818681 1.7890416971310367789 4.64884e-09 6.03437e-06
77963039.014373719692 5185 3.5282417744621525912 0.0249132036252718847 0.24913160586957117104 4.8989079019080605804 0.64371240550390718127 1.4058455494229107341 1.3813181012366722022 1.3568507781061442952 2.64564e-09 5.00066e-06
77963039.014373719692 5451 3.2760657410713216464 0.10160460940316666523 0.085608867730858226319 0.00042688449024231992553 0.4324537905669453286 1.5830337114370951479 1.4811977102015734253 1.3800006644682090151 2.58702e-09 4.96345e-06
77963039.014373719692 6192 3.2222638605076268092 0.17859142287801602067 0.31259050128645632372 0.99181416482962214687 2.182759478852727586 4.1989963976203839024 4.3627127728108270333 4.530496502013605209 2.79503e-09 5.09306e-06
77963039.014373719692 5257 3.2301355845946555512 0.11308408792185652147 0.24572346257320071272 0.1589101098242127752 4.0488203638256674566 1.3769743010802817373 1.2669648559503625673 1.1590603355969526511 2.20895e-09 4.70882e-06
77963039.014373719692 5853 3.1303081171155664464 0.1595952594991620066 0.19107656210352669257 6.2024207360350862572 3.0858524063753676181 4.9985347066234329105 5.1489284072709917695 5.2935568612362020602 2.34516e-09 4.80368e-06
