72049281.314168378711 0 5.4027039961398646284 0.053140531110120903246 0.030712726836706592121 1.0446792589995843592 5.6535210217160871693 4.1092273405086672255 4.1536852966212869376 4.1987454371546242271 0.000954966 0.000356051
72049281.314168378711 1 9.0309542570673730921 0.030132700292173377615 0.039957723527852810619 5.8538016686550138346 5.8076882896227539632 5.461164298340795753 5.4830171514814187717 5.5046365574682569743 0.000285285 0.000238018
72049281.314168378711 5775 3.0418719456313239036 0.16953860283413801913 0.17870858566605973827 0.82050665736834016428 0.53306318753830594925 5.906916717751043322 5.9650352586821924206 6.0180686262977216572 3.02463e-09 5.22886e-06
72049281.314168378711 6920 2.4019128755470267045 0.10620242002274089821 0.22559403337051403549 0.47494430101445872516 1.3000374314545171117 0.88458388987962199845 0.80491880073590349465 0.72837081936039571595 4.48089e-09 5.96081e-06
72049281.314168378711 5134 3.5403546996569059679 0.059101237176734690293 0.32765503423836361829 5.5210842255204592988 0.70941552829922693846 0.88541360056731810424 0.84046790393361692217 0.79644012128878771684 2.31886e-09 4.78566e-06
72049281.314168378711 5278 3.1954965089012503654 0.13311382345241934422 0.35900766405791068037 1.0415222223161706427 5.3158951517473642667 3.3921523180671258046 3.4275970709557102012 3.4651513039143524431 3.13887e-09 5.29389e-06
72049281.314168378711 5196 3.5422630993605763727 0.12151388694482059827 0.21566795540753808114 1.7097029349086885208 2.2892152150377054198 4.0544913534018984791 4.1546545918955501975 4.25775382660682844 3.02458e-09 5.22884e-06
72049281.314168378711 5063 3.4922787089018392237 0.080566339231971373369 0.3878008982088547163 5.2114676974607583304 5.0340442011891797236 1.8731879242525366625 1.7952544537542229897 1.7167091324797258967 2.23728e-09 4.72886e-06
72049281.314168378711 5846 2.8002008682474195389 0.42981034679404372945 0.24142799036966669513 1.2949201038043911538 5.8490509489953632638 3.2137137118947465275 3.25572484483864244 3.3046736107662302295 2.37403e-09 4.82332e-06
72049281.314168378711 6722 2.2521134614414486386 0.35848525536195186003 0.20513971189105434378 0.38691482736849253099 2.5416064002243343722 2.7600537841946040096 2.5936728662442152249 2.4069333557924137423 1.78527e-09 4.38616e-06
72049281.314168378711 5548 3.1679958894204767184 0.014531621001093650986 0.34762630386516285563 1.7210654856200562346 5.8198147419533725611 3.3299619456670703777 3.3327028028035918794 3.335463068948798071 2.11518e-09 4.64123e-06
72049281.314168378711 6443 3.2142224523964109117 0.21926030580477859355 0.23117940830997651958 4.3427061022383846023 3.9683736178190569532 1.0024742491730742611 0.82640491816086769639 0.66513888123505249261 1.88164e-09 4.46371e-06
72049281.314168378711 5990 3.0883232626439891533 0.13594391914923495412 0.22201163398765264012 1.3690194414646126297 5.4162650083078869301 1.8240648955516522989 1.6897445250826104157 1.5547611856430083588 2.30118e-09 4.77347e-06
72049281.314168378711 1284 2.4296677283457248642 0.20434310116242371258 0.23797918352134786457 5.949687050673128752 1.1251619619458907984 3.1161821187691391977 3.1103308520474959309 3.1039437590422997992 3.64405e-09 5.56389e-06
72049281.314168378711 5098 3.1447712710793447322 0.028981944196643429773 0.094430931186043023939 0.19755026540254841394 5.3931131917843844192 6.1383241369619678807 6.1424495328088237756 6.1465148780098406434 1.90652e-09 4.4833e-06
72049281.314168378711 5929 3.2712301022466272471 0.12736629630449652906 0.15243641177853567426 4.3064933692609335125 1.0894652497933949853 2.3346785756848014159 2.2381252049952471417 2.1380818326510011573 3.18574e-09 5.32011e-06
72049281.314168378711 5467 2.9567868682547251424 0.085701217521363531882 0.14071099128673486556 0.21841494121119986449 2.0545460575209517629 3.471596655242846996 3.5005947988075547528 3.5307050790487322089 2.43648e-09 4.86524e-06
72049281.314168378711 6282 2.8557580261168751257 0.16006985330638004439 0.094809855618289903822 1.1373108798089814897 6.0670302419490180768 0.24158709227535149489 0.20584270017797048902 0.1731256799282946679 2.68214e-09 5.02355e-06
72049281.314168378711 5694 3.1021980228777636945 0.089296515240552654102 0.24540865477216186608 4.2117899332633328413 4.7181428621979977223 5.7803019402162529872 5.8217923178158290654 5.8615467573775008603 1.21025e-09 3.85309e-06
72049281.314168378711 6392 2.9663015533974825821 0.22630187802006435094 0.1465056831272241733 3.5643352434903707859 2.4062073107133379324 4.8804173793555021277 5.1013094530534539572 5.3107108679902861326 2.75286e-09 5.06732e-06
72049281.314168378711 6484 3.1130552563428937063 0.070654695543803755498 0.27723878352377978596 1.1049093505185978437 3.4773175142529884063 6.1868317408994055739 6.1934060584391810167 6.1997408658267252335 1.88476e-09 4.46618e-06
72049281.314168378711 923 1.995044984132432031 0.47055254301583482324 0.34975817455894020469 5.8723648982695157983 1.4582775671788918981 3.4077055938242550859 3.5805433096809835547 3.7805233573373695499 2.53731e-09 4.93145e-06
72049281.314168378711 6739 3.198717983863105907 0.098366914285398857065 0.21578264815721576175 3.3517703425082157054 0.17864763892783119825 3.7710850614250723822 3.8315290259575274234 3.8941383971577927525 1.84353e-09 4.43337e-06
72049281.314168378711 5885 3.4966664995226670598 0.026725176250408377854 0.26722404259444454411 2.9522084342953833769 2.7818331219008847199 6.0129757079676400267 6.0200200643669425915 6.0269723014173663955 2.25928e-09 4.74432e-06
72049281.314168378711 5405 3.1756689525420314091 0.074366478364387755828 0.087747017759794557201 3.6075162078175360136 3.5963038672915561555 0.86881249059114695754 0.8132996392731591806 0.75926805543021624878 2.93677e-09 5.17774e-06
72049281.314168378711 6764 3.291919279498811246 0.037853025411321079841 0.29026602664250683583 2.1252278833484767873 5.7462200298968406642 4.6120946860447720184 4.6498380692885019627 4.6876170666559895395 2.4069e-09 4.84547e-06
72049281.314168378711 6362 3.0034306131595376321 0.19906866006559389981 0.30566426182210643114 0.66949242356348181993 0.54221479910897507626 2.6411885349102957043 2.5354787729207650671 2.4220737582084916895 2.92709e-09 5.17204e-06
72049281.314168378711 6775 1.7632485835224054327 0.23528990697329763004 0.21362367041056457007 6.0003668965880665453 3.1633559833482540746 2.0125150888177594233 1.7861560775284877067 1.5563014664411487509 6.39874e-09 6.71246e-06
72049281.314168378711 6055 3.2218757170483574015 0.033772980401947517992 0.080807681369448755571 2.1556739256599528609 2.637119647084122942 2.8970082097504397112 2.8886913887171496995 2.8802409166836997478 3.0525e-09 5.24488e-06
72049281.314168378711 6498 3.2040104952530539251 0.03057178196363924752 0.10446913796852928813 4.929888401478900839 0.32740008547406374007 4.0248335943807012072 4.0486954049841301639 4.07277747799955403 2.50157e-09 4.90818e-06
72049281.314168378711 6313 3.2366888808766423047 0.075657007940938006407 0.33764310097466238014 6.0581799488669929588 6.1264631102384612404 3.9438227870101756345 3.9997497761915155046 4.0569948125482868662 2.33149e-09 4.79433e-06
72049281.314168378711 6300 3.2184036589777083037 0.073622022538237782974 0.16817871532671282986 5.0736765012216036297 0.93570007598021176509 1.3482413288094012849 1.2769480078678432378 1.2064816941352631829 3.26125e-09 5.36181e-06
72049281.314168378711 5323 2.8026270619953836949 0.1581182730521862867 0.148727429656273058 2.4475711415895107237 3.8469043582300810336 1.9322318517705241447 1.7793830877176763927 1.624692100712274323 2.25995e-09 4.74478e-06
72049281.314168378711 4755 1.8584055642816770249 0.049012139081773709037 0.032839400229681313392 3.4241803028484474325 0.34040316528034453292 1.8554771945564583202 1.8080919248286118073 1.7604532399105488061 2.45943e-07 2.26531e-05
72049281.314168378711 3800 1.6964904471551838228 0.60402251868065626184 0.55793413631924959617 1.1301199900861351733 5.074693075279324006 1.9827076831291465808 1.2988353501542282409 0.71701308145013986639 1.79108e-08 9.45995e-06
72049281.314168378711 6104 9.5523461655283519178 0.40794629259298476054 0.37220802588149543011 1.0515790342991022666 1.8514314462750665058 1.669052295304617628 1.2421469586048539124 0.85603430106712097292 1.75259e-09 4.35923e-06
72049281.314168378711 6197 1.7711348062620784205 0.30537319211438018751 0.40110075806256023645 3.7243211323189751027 4.7495044295949586655 5.7723545496768036145 5.9067378572033026884 6.0189988472071043191 8.02678e-09 7.23931e-06
72049281.314168378711 5080 3.2010366140465977836 0.11223365998808161603 0.25328803442693453851 0.63475397128361521482 2.2178076427499839873 2.2053190279593128942 2.1115829996586814588 2.0153646385982746381 2.57476e-09 4.95559e-06
72049281.314168378711 6089 1.822643917973265637 0.3739512887652096107 0.3277648566196798563 4.8664800640079626248 4.2305519336062040736 2.5652069263631633866 2.3139798866423717527 2.0386327527088305978 5.81535e-09 6.50193e-06
72049281.314168378711 5489 3.2162950299634696094 0.0893762820142612463 0.35512848554347331564 1.0373306909394044428 1.0042111496024710426 5.6261965135380451741 5.6790060478581514403 5.7297795360344005999 1.80848e-09 4.40509e-06
72049281.314168378711 6756 3.1997912810144559792 0.11237376578904655078 0.28742566167393068799 2.8150962849458411874 4.3186352020046534506 4.0688467293098842248 4.1621177123423258593 4.2579031664991537909 2.22448e-09 4.71983e-06
72049281.314168378711 5116 2.721532032818346547 0.21425560402811430483 0.11065487593412647038 2.3724227742953112319 5.8787897982134449393 5.8474506493167730525 5.9307113236530932809 6.0046768036101942911 2.56354e-09 4.94838e-06
72049281.314168378711 6951 2.9999872465750265782 0.047396666021030063598 0.045338634611413214381 2.4742232618673880573 4.3981885095936572583 3.1172866105388363778 3.1161060666600572944 3.1148982181841495809 2.54062e-09 4.9336e-06
72049281.314168378711 6295 3.2587713148918258099 0.067237018518393767974 0.27553126110634496015 2.1416118920500060163 4.6872824985957990407 4.7287493278990107015 4.7959911166196373955 4.8629933015386193063 2.30061e-09 4.77307e-06
72049281.314168378711 5923 2.9927408258023873167 0.013693260729114260787 0.22733819325695270308 1.5128486767109148303 4.7336044358516309316 2.7988778424142397583 2.7942462112046100309 2.7895849715264824376 2.22479e-09 4.72005e-06
72049281.314168378711 5234 3.0313474658410535234 0.15787541772131716278 0.11383483340278084672 1.5203707433223347945 5.4354372084855135938 3.1773511052128320387 3.1835206491192895584 3.1901381096616971966 2.35138e-09 4.80793e-06
72049281.314168378711 6863 3.1256071546249004633 0.1177017444436346677 0.04907029480887094286 2.2436258183157384849 0.42116247563023040401 5.1971839095229572791 5.2987995656441420067 5.3968371541707576 2.72515e-09 5.05026e-06
72049281.314168378711 5146 2.763124800677343007 0.084174666459154598441 0.12461773225372137219 2.5502586686918116143 5.9336705333182031552 2.3814036843691961387 2.3214859048107379103 2.2599358186832358975 2.55901e-09 4.94547e-06
72049281.314168378711 6969 2.1928582371443718912 0.054681276405357651105 0.18278514377539870073 4.0759397144099658306 2.324793878835473393 2.1712256789236139554 2.1253738486790751949 2.0788880386796897426 2.41679e-08 1.04535e-05
72049281.314168378711 5047 1.5899601353383998603 0.26269679367840215178 0.06554554570570962635 3.9412250933791761476 0.60869230749224600974 2.5690986043510006809 2.4062652962250181687 2.2300404157198632227 1.0218e-08 7.84583e-06
72049281.314168378711 6657 2.3669727481989948359 0.26561106433909353886 0.1800777079112967638 1.291408875938509393 4.5578099891820151868 4.568581022835626726 4.8398718364256421154 5.1033274828866561634 9.52311e-09 7.66378e-06
72049281.314168378711 1444 1.8370063250841521807 0.38956097090420710449 0.78915972219731800319 4.4715426376413418552 2.0769289942845872154 1.3864144551931025795 1.0066317995032572075 0.67743889867901252444 1.72307e-08 9.33865e-06
72049281.314168378711 6628 3.2570517844201720692 0.14303116901102519432 0.23304334938941068112 1.0013107011905828525 0.69245489731530418531 2.560621400848368534 2.4767196404459208559 2.3884752448857962115 2.5094e-09 4.9133e-06
72049281.314168378711 5290 3.2034410509325690342 0.067582753636536430086 0.11976672376338604042 5.5382414830436781372 2.1652792256633071055 0.0064203177041643353859 0.0060001358362457273693 0.0055946325673789766911 2.68653e-09 5.02629e-06
72049281.314168378711 2992 1.7691600430858023252 0.2464034930553454239 0.13094113630835818585 0.7256058231006521364 6.1539864707037912339 1.0971099268727655396 0.88720388401032446168 0.69616508672643484523 2.26492e-08 1.02298e-05
72049281.314168378711 6827 3.1013083164233217204 0.14354879103586712374 0.095985563750748847944 3.8185021608174314345 3.4981222173511064 2.4192389631471291622 2.3184631586314656815 2.2132020953618485315 3.04652e-09 5.24145e-06
72049281.314168378711 5626 1.2771411672598094178 0.29256940327059222096 0.30728558885701817704 5.1107346394063917216 3.680288925746947104 5.5741580776233696781 5.7486125153018905465 5.8976688670846630913 7.93289e-09 7.21097e-06
72049281.314168378711 1410 1.6020314525958121443 0.25267197995772899821 0.35446996362703486749 4.4121087419752917924 3.6923216735611696926 0.41582950234739934903 0.3230531081888075029 0.24283905075067693802 1.96181e-08 9.75145e-06
72049281.314168378711 6244 3.1754001630555692692 0.10431278422036928399 0.25666960773134689378 4.2670327364271223303 3.1019042866619690457 0.67102444679254125148 0.60856596965289144752 0.5489312405626632918 3.08558e-09 5.26376e-06
72049281.314168378711 6327 3.0008052819572421654 0.13842170542703705061 0.18293142781638449534 6.2156264827347520452 2.4113899282905273402 2.4195051109452041516 2.3225862998530342196 2.2214737313459536061 2.25041e-09 4.7381e-06
72049281.314168378711 6390 3.0319371249125048884 0.18383563463694310713 0.14824265857078158803 1.0414983010285727705 3.7418608684287857358 4.3289004576480127895 4.5065584421517197455 4.6865135963683934861 5.26519e-09 6.29006e-06
72049281.314168378711 4112 2.0690955314377053043 0.077077147006902685389 0.77516635934323430135 2.8048146529304411878 3.3231724977251340114 5.9215505336818710092 5.9479082557699225475 5.973269011686347163 1.99037e-08 9.79854e-06
72049281.314168378711 5511 3.2137540764244150182 0.13015023337146935933 0.17136581591810623459 2.8702821850006201565 3.361185504473265695 5.8079879815394797049 5.8644885683819252264 5.9174037635641631994 2.90982e-09 5.16185e-06
72049281.314168378711 6186 3.2330827370333969917 0.041804341415137585836 0.25733435385102876314 1.4157307705263222353 5.8069637603936712367 3.3501101090615561517 3.3589485610846332442 3.3679636046089007628 3.14704e-09 5.29848e-06
72049281.314168378711 5195 2.7766182681824078671 0.15907086268121548023 0.16467679886287847624 1.1988066190615800366 4.9826032668818802662 1.3466399244890698839 1.1935831249537767196 1.0456957856259676554 2.26107e-09 4.74557e-06
72049281.314168378711 6935 3.4548031022089942255 0.19215464413914848385 0.39635836597952533999 4.7025470407235427928 1.661046461167405619 0.35250481466278710263 0.29114533346380166989 0.23598743008504269314 2.603e-09 4.97365e-06
72049281.314168378711 6667 1.3894014518230557442 0.063736120828367548441 0.466319283405924212 0.49496103134411473246 1.2622868298223883787 5.1954723203654715746 5.2511329806698761047 5.3058411195873897981 1.85586e-09 4.44323e-06
72049281.314168378711 6816 3.1359781008549423298 0.22529293207218312189 0.17116617857715879514 1.5458228291150479805 5.1991287357885678233 3.7244402175618183115 3.8630627688082710414 4.0118663172948139106 1.76213e-09 4.36713e-06
72049281.314168378711 5762 1.3814268809270056071 0.039784384231878223981 0.43934990072183993659 2.1332130820313728314 5.0985317574979891475 5.8219994164281354543 5.8394003438108734727 5.8564822011518389289 4.50081e-09 5.96963e-06
72049281.314168378711 6595 3.0652114883647603172 0.12538957830273911309 0.28088743640696550719 0.88086095707095990459 5.8091194806862365141 4.5779516719669857139 4.7035979853158336184 4.8289827184965163909 2.5233e-09 4.92235e-06
72049281.314168378711 5950 1.7281823191054019873 0.32105196910978373026 0.24062183988698312986 1.1479376961966420989 2.9019467741796440841 3.4310664854086505571 3.5427539131444101272 3.6681207486323637035 1.07677e-08 7.98408e-06
72049281.314168378711 5351 2.964588484990427375 0.15692252936486747461 0.14578701352443845796 1.5248252868449785336 4.1483008080827916686 4.5948671778388865405 4.7528146588440502995 4.9096089814878789426 2.44807e-09 4.87295e-06
72049281.314168378711 2768 1.5638924700170278026 0.046399216959851920239 0.038559559489161079893 0.83766184546704491876 4.5610882923357918273 3.0826530858691065795 3.0798535786897764943 3.0769907534792175774 1.06163e-06 3.68842e-05
72049281.314168378711 5194 2.3531332241264464322 0.25741195334220134949 0.36404953713860677134 3.8700703444320847524 4.0555833870300279642 0.5409676897578709065 0.41988959410880333234 0.31495312983222034653 4.75382e-09 6.07945e-06
72049281.314168378711 6928 3.2131814280139008311 0.21521004393442241809 0.3043250258587226198 1.101856325096131739 3.7757389971008334939 0.54160097041662313977 0.43901288885997369338 0.34753868453192326982 2.08658e-09 4.62021e-06
72049281.314168378711 5914 3.2158765471594068508 0.095513394864754408431 0.091496283091442948132 1.1688680328889873294 5.9504559091438427032 0.046850191908786531503 0.042571352568025279395 0.038506446238471929433 2.63408e-09 4.99337e-06
72049281.314168378711 5072 3.1265538978517088964 0.038550844438538074688 0.22521248242527769357 2.9688130755521888737 0.074858937868665847981 4.1989388285580115934 4.2328491781000874283 4.2670517701939765232 2.73643e-09 5.05722e-06
72049281.314168378711 6154 3.1711269804844017806 0.1671437894038487193 0.18795559406152273496 4.6847554402712541233 1.6946414100680320391 2.7189761638264080545 2.6442316736822313317 2.5644860490121770269 2.04677e-09 4.59064e-06
72049281.314168378711 5312 2.9821763513193562112 0.15220380038340544648 0.16862849918680747341 2.3460548923403892196 4.5644915230821867524 3.4617999023227081778 3.5137526804630527799 3.569098310794617479 2.46345e-09 4.88312e-06
72049281.314168378711 6126 3.0242999587119663296 0.27130954178158267487 0.12946986406336929987 3.6216755020821715938 4.4525219649391178933 5.1484133733334420668 5.3841154419000911702 5.5964825488802691922 3.04059e-09 5.23805e-06
72049281.314168378711 6734 2.4515994307231969707 0.16129662177147818802 0.095891043737246911549 3.8347341166044341954 2.1464442130817289467 5.8153599083289657656 5.8836023196667905921 5.9463522242230313353 1.24231e-08 8.37387e-06
72049281.314168378711 6073 3.2295928348223457149 0.038075810312217642228 0.27874435969778649236 2.2733878215390785904 4.784574165888124675 0.34849566066820103494 0.33571755856665258522 0.32317360641971998314 2.87152e-09 5.1391e-06
72049281.314168378711 5578 2.8815522998755707107 0.03816413632703083425 0.23978595139780764511 0.57812818310136715461 5.5776778386345160499 0.55577900462874740839 0.53595814309390732433 0.5164690519082457687 3.04211e-09 5.23892e-06
72049281.314168378711 5231 3.1518944201409118122 0.027983322546692623173 0.32916112501364114262 1.1190415271206266556 2.0854647648332811372 5.5191174032219318946 5.5382875618489508796 5.5572573622001257831 1.89135e-09 4.47137e-06
72049281.314168378711 6029 1.6077473225490281905 0.33836192594367631159 0.54018786421276998588 2.1725986991022523398 1.0858771346652271728 4.7571722272100194218 5.0993902909949166968 5.4127286494255884008 1.2969e-08 8.49478e-06
72049281.314168378711 6290 1.6651778130116885457 0.31875082661954701191 0.25035223726642896747 1.6105547308676695373 3.4747810069171909397 5.8654076214886421425 5.9807924149059221719 6.0757181245881648479 4.66797e-09 6.04263e-06
72049281.314168378711 5211 3.1704847674520455492 0.079139583211266295582 0.32325967784169579167 1.0263406619246007168 0.32695555945516141527 1.8057199953238272094 1.7279547816437963448 1.6497905141002264795 2.07199e-09 4.60942e-06
72049281.314168378711 5717 3.1608928441884613925 0.13369782661687432124 0.2423667755567076032 1.6893534180586713411 4.1578628398092316587 4.9092466745005500783 5.0390634752737204494 5.1656906545149237076 2.31886e-09 4.78566e-06
72049281.314168378711 5643 3.3157655677563866448 0.16081922374939491838 0.070990053911772307838 1.9387794985500954592 4.8995669284728915471 2.0430413313753943427 1.8936539203869575676 1.7411438013228830446 2.47115e-09 4.88821e-06
72049281.314168378711 6842 3.1936523912252261503 0.11061016417165989156 0.18924026878619323866 1.395650607893130557 5.5275445823853628369 2.8406422748402677669 2.8059169064020292872 2.769481113372513903 3.94698e-09 5.71398e-06
72049281.314168378711 6572 2.9624482465629360384 0.12545198319693517952 0.22791081712685595795 1.6244763704096705226 3.7075535119711293675 1.7965844726386461794 1.6722369280274398395 1.5474298542469171469 1.66053e-09 4.28153e-06
72049281.314168378711 5131 3.5279316085483998222 0.060886654986485003183 0.25197757637417939058 5.6459578908882885884 5.5946533087701313391 1.0019032953937900832 0.95139874007616853646 0.90182310052963288172 2.25296e-09 4.73989e-06
72049281.314168378711 5534 3.2449658573677599982 0.12402573367066783983 0.074449214313971084911 4.2704481593956238328 0.76322598443314770833 6.0558462333269167388 6.0823019980871642076 6.1070494672612705145 2.18919e-09 4.69474e-06
72049281.314168378711 6119 3.1503333124214307759 0.095959028397198969929 0.19751005081480471626 0.72896325252097082803 0.34697986379026291015 1.2894328049491712296 1.198314553265386273 1.108935720661847979 2.96829e-09 5.19619e-06
72049281.314168378711 5525 1.8654944914523032828 0.38396862647216739584 0.39906143063801935433 4.4254038494037235552 2.697199303372757484 4.637264132656232718 5.0360936823672588503 5.4001203343095252052 2.22151e-09 4.71773e-06
72049281.314168378711 5240 1.7899004271280405387 0.26058013663385454217 0.44790258921762859945 5.6682757116849646906 1.8834980467114494918 2.1042420243882280495 1.8606294666954006356 1.6109177168369068767 1.54708e-09 4.18172e-06
72049281.314168378711 6997 2.8931414971414510795 0.7365009912753170962 0.29046056796574282188 0.00415790604205725986 5.5871756657647964062 3.5741994743373450838 4.1688073888687462443 4.7991504227257113513 2.77488e-09 5.0808e-06
72049281.314168378711 5957 3.2508812883254001314 0.055601501026109965975 0.11425495271330642078 2.541714493008932152 5.9881902736755296957 5.1383097715610253076 5.188396612051374035 5.2378169743602196462 3.45473e-09 5.46581e-06
72049281.314168378711 6103 3.2854976092337104809 0.057076982380115041937 0.16364977162558211332 2.5740468542597856327 2.5676023330072523798 0.67644348850639279824 0.64146549764802685001 0.60731232834210302496 3.07621e-09 5.25842e-06
72049281.314168378711 6335 3.1101499898284035162 0.0075132105132093987901 0.21965126549082367169 5.7547810375514698578 4.8560595374120998358 3.5964634364417715773 3.5997755581205472808 3.603098795098727436 2.80706e-09 5.10036e-06
72049281.314168378711 5252 3.1338085201631953325 0.20460575715909071204 0.20087451517394344647 0.26441024487562864165 5.9376531887427210776 3.8438936498234816952 3.9886706836237362239 4.1419917519476019407 2.42859e-09 4.85999e-06
72049281.314168378711 5034 2.8549498661454681958 0.27825284626544394273 0.14791932873536298154 2.5603912386205869289 4.8547313698894321021 1.3365131590202552481 1.0707915085190766735 0.82660230560831637892 2.20492e-09 4.70595e-06
72049281.314168378711 6874 3.2823074134680534364 0.06605204825913414679 0.224878475179360382 4.7323087072629554939 5.0005299464813770527 2.337247089878692563 2.2885044053787870766 2.2387464059120558701 2.61974e-09 4.98428e-06
72049281.314168378711 5053 3.0536586377586583119 0.20951064158598534104 0.27825632882222178788 2.1355323596434492295 4.0249740319000046895 4.6152454923824768329 4.8274967716811829632 5.0356209577088417717 1.90259e-09 4.48021e-06
72049281.314168378711 3953 0.94241330416243429546 0.084402803985255306363 0.2613027870880721415 2.4216819391963082531 3.6584643160595753386 3.5361428935560335063 3.5699615294175628399 3.6050214086553795667 1.87457e-09 4.45811e-06
72049281.314168378711 6204 1.4225496448704459951 0.079276960694626141812 0.13293937269294095471 4.6422199676585806927 3.4043699648921399437 5.9304915929798225349 5.9569324452233871625 5.9823403789940554631 2.26769e-09 4.75019e-06
72049281.314168378711 4189 1.1093575440334604298 0.036024553686609089853 0.044233280700588649414 5.871045033830832871 0.32061038829919924487 5.4807925794027410049 5.5063815528037949321 5.5316348937777952699 2.51666e-06 4.91804e-05
72049281.314168378711 5324 2.0771075659199591534 0.12084235820198235833 0.17677549637368286661 5.1120493803972113511 5.2649228948373361092 6.1274149587377122472 6.1451674964614619867 6.1617929936927664514 4.64884e-09 6.03437e-06
72049281.314168378711 5185 3.5313999586751667614 0.048265658164207574099 0.2728058552840015305 0.70600988218889582093 5.7391516144430063662 4.3278274028964469622 4.3729955257684496317 4.4185079547555199397 2.64564e-09 5.00066e-06
72049281.314168378711 5451 3.2550411417484790277 0.10236023839149852033 0.08795188780780219262 0.55581340361831599317 0.43122284183648246225 3.1070473829540761201 3.103311106626856386 3.0993935553641271952 2.58702e-09 4.96345e-06
72049281.314168378711 6192 3.2244825709926319135 0.27366496697329689702 0.32245136684259684268 2.4154907400404392881 4.3057287468852587509 3.4611557424336756306 3.56209414081871234 3.6738091895579878532 2.79503e-09 5.09306e-06
72049281.314168378711 5257 3.231340473969259719 0.12379784359484362344 0.25694487751300265632 1.3203361792813177455 1.1872833293696209989 3.1190068580209491245 3.1160143278050531634 3.1128481315042075828 2.20895e-09 4.70882e-06
72049281.314168378711 5853 3.1395290067259278288 0.20076010603230132201 0.18358094355451229363 0.68123620895525682784 1.0798850745145542884 3.361559193766793463 3.4106661164440805756 3.4640358523377638988 2.34516e-09 4.80368e-06
72049281.314168378711 5962 2.8568514324753517819 0.220851886563268901 0.23272801454669059251 0.99071805506094001714 5.2410331578137991926 2.6028462074963574224 2.476110242610344514 2.3397477456906865534 2.88829e-09 5.14909e-06
72049281.314168378711 6233 3.1546572259166558716 0.1680633857353299454 0.16019873355194313991 4.0928325905024998121 2.445789396161191398 2.5683222031395036566 2.4695674585065048312 2.3649358827976527664 2.38928e-09 4.83362e-06
72049281.314168378711 5650 1.8891087432680848668 0.31597285236863192903 0.14195516010324973899 4.0237065073942082094 5.1947694229631693474 4.2712080383645094628 4.5836814725019561223 4.8970407922507090959 1.14639e-08 8.15256e-06
72049281.314168378711 6255 3.2078669879894023964 0.10837130686061612062 0.22475233754330997682 1.5596333027596056553 0.71298246373482598859 4.0817085867511950781 4.1723348627848126924 4.2652828580515889101 2.45838e-09 4.87977e-06
72049281.314168378711 6952 3.2686243964195265121 0.15115795687628763577 0.14998791461799182434 0.73897208959988103238 5.2857231117520084851 6.200596602622934661 6.2122550630136421645 6.222967745764961478 2.57429e-09 4.95529e-06
72049281.314168378711 5878 3.2681841780594909075 0.071598567089507181294 0.082247941296753265816 1.6791938578218941203 2.7043952502010042416 6.0523155285529508518 6.0681666173170301093 6.0834432948308689859 1.44428e-09 4.08696e-06
72049281.314168378711 6956 3.5041711848347092406 0.12677279187534129523 0.43799056919363216211 2.1958757258451253591 2.77223585520138327 2.1078746758199740086 1.9949485875444774585 1.8794093931411401943 2.20649e-09 4.70707e-06
72049281.314168378711 2850 1.9030063462245718764 0.26354075722877229326 0.50483772650146629957 0.52900869178728060493 6.1686240470789899248 4.4146419204350735299 4.6800577335792690192 4.9434607619748884844 2.86233e-09 5.13362e-06
