62685831.622176602483 0 5.3975582290091033144 0.02302712050117337178 0.026134380443073531447 0.074300923831064610847 6.2540739950377854939 1.2515077049435863188 1.2297211124135665195 1.2080204565118044524 0.000954966 0.000356051
62685831.622176602483 1 9.0142750152567288069 0.087454789787685768832 0.047881983472219641351 1.3875807867422971231 5.5510358222506406278 2.6064499913706349332 2.5600240153458084791 2.5119820060994002553 0.000285285 0.000238018
62685831.622176602483 5775 3.0443547847801797346 0.12934174393510206036 0.14246574587704818882 5.4411978486405292443 3.1055488461804716671 4.3752294117602419377 4.5003315516290953724 4.6267760345019963708 3.02463e-09 5.22886e-06
62685831.622176602483 6920 2.3946389450960769985 0.13026927933114734737 0.27574471846006476383 0.7886318030971691817 4.6336472972453854879 2.3638127526650785093 2.2675984838021454593 2.1676951845090206561 4.48089e-09 5.96081e-06
62685831.622176602483 5134 3.5486044547079420575 0.015935279471671962015 0.30866541084716203613 2.9413831237585932321 5.1391961893182962484 0.75022062034984704493 0.73941832658303618953 0.72868020704416780475 2.31886e-09 4.78566e-06
62685831.622176602483 5278 3.2016333129331719931 0.14082239710868632576 0.28362376069235639697 2.9677946525927225707 1.2535804731836457382 6.1993176950105697287 6.2103923156297655694 6.2206341486602250157 3.13887e-09 5.29389e-06
62685831.622176602483 5196 3.5512208784966152741 0.12555443476795552504 0.19712769256841455867 4.9047026236437858415 2.8580451460003524211 5.9941728814398151926 6.0280487945440706099 6.0597359094760392395 3.02458e-09 5.22884e-06
62685831.622176602483 5588 2.8072908661451325685 0.1432620367468003808 0.14018475059846766118 2.1735946294143708712 5.8845942037496108412 0.31693862238525455366 0.27493832583539662417 0.23604446222046310266 2.40685e-09 4.84544e-06
62685831.622176602483 5846 2.8005754459900105147 0.13810580976855627022 0.20775409004479203356 6.0220137550609029731 2.5539601887531198088 3.1687979578785019363 3.172854120122021282 3.1771708070903716958 2.37403e-09 4.82332e-06
62685831.622176602483 6960 2.9477226268133898124 0.16673139406526213402 0.078999693469712403693 3.252771943589396475 1.1771441514810938589 2.7021117443621274212 2.6248371733442090736 2.5424615488364747939 2.28045e-09 4.75909e-06
62685831.622176602483 5548 3.1623614033531155521 0.063024410014881390718 0.2911046890161852474 1.4709044631780845425 3.6690301069348270069 1.1949585472267938435 1.1369628127097100023 1.0797769213607524286 2.11518e-09 4.64123e-06
62685831.622176602483 6443 3.2166735546463232076 0.17259788248792412579 0.31055708116519037398 0.11595012880920319009 3.4114432776301821804 0.9552976416311693697 0.82030137702368166597 0.69407167362929167442 1.88164e-09 4.46371e-06
62685831.622176602483 5990 3.0887567003129614562 0.091720217962256156419 0.18301258408439516345 4.5278574604918926383 1.5251827385141512039 0.41881308041090065108 0.38294383058176750811 0.34867232444985241102 2.30118e-09 4.77347e-06
62685831.622176602483 6883 2.2832083735123660517 0.2547997898072841827 0.17058460268272387927 2.4942450101400321927 5.704699757006415517 2.999977987299432769 2.9580386493055508268 2.911531312547239736 1.23696e-08 8.36184e-06
62685831.622176602483 5098 3.1611370492063421977 0.030928380718190599113 0.13422117724176277354 5.6705311879136273134 3.3055255458702053062 2.0514001768067622322 2.0237731105756444627 1.9959639091244911757 1.90652e-09 4.4833e-06
62685831.622176602483 5929 3.2704495525769052833 0.14972966589397290749 0.16675988205455274938 2.3864570955088395543 2.6662549645486861571 4.8759802352081145216 5.0224859750572301564 5.1650741312646371028 3.18574e-09 5.32011e-06
62685831.622176602483 5467 2.967386191158682518 0.11722767394513056161 0.14591996633038686881 1.0961501262998443185 2.1809291674629309732 3.6817813866852295845 3.7454721181951633469 3.8120386895560756102 2.43648e-09 4.86524e-06
62685831.622176602483 6282 2.8427504690766336459 0.084207395881903401857 0.051638891077858704859 6.0456855744350086468 3.8040989956776196657 3.6328419372042466406 3.6741668151848503321 3.7169233451654695166 2.68214e-09 5.02355e-06
62685831.622176602483 5694 3.1113077643036595177 0.064332246941454659939 0.27749372816177264589 1.7898288093418313061 4.5462210002498020245 6.2558750710240209614 6.2575787648433500721 6.2592259112301924517 1.21025e-09 3.85309e-06
62685831.622176602483 6392 2.9632922929924809807 0.20540359045806616534 0.17966325197076907227 1.2768353373120628902 1.8998322809824437218 2.7911105245448877277 2.7121650945202566696 2.6266452264535797845 2.75286e-09 5.06732e-06
62685831.622176602483 6484 3.1045360351012005751 0.11600946137040621386 0.23577060109970715551 4.4607214545216073986 3.6993366611166544899 3.8977717861923109055 3.981123766917725515 4.0674730978497519729 1.88476e-09 4.46618e-06
62685831.622176602483 923 1.9350529622000109953 0.4905152001629753955 0.28062507001184566757 2.5214019091657240423 4.510912856613620292 1.6493897206546641598 1.1279586937040024797 0.68475890254028892734 2.53731e-09 4.93145e-06
62685831.622176602483 6739 3.1694205735977325489 0.045731837944663733531 0.20643208167943732922 4.125525145169339325 2.4778756772503349737 0.6242874358189566264 0.59803122616354786878 0.57228344769505057332 1.84353e-09 4.43337e-06
62685831.622176602483 5885 3.49739811996953609 0.036564757696056895964 0.30427463451995306887 6.0528391224274624705 1.944117449068418324 3.014415001562903651 3.0096900500630119346 3.0048810364570681664 2.25928e-09 4.74432e-06
62685831.622176602483 5405 3.1813712262079669735 0.026478620550020939839 0.088981952890125365352 2.5499384795278592364 2.2964051918416776843 3.5978489337037218299 3.6096574397568952364 3.6216035358758515983 2.93677e-09 5.17774e-06
62685831.622176602483 6764 3.2750614202014824983 0.038579778899292128946 0.23954877523183490395 1.9570854923704750217 4.6271567735613148287 2.9708167891346262124 2.9641307103316028027 2.9573201467952365817 2.4069e-09 4.84547e-06
62685831.622176602483 6362 3.002934621423139383 0.15732799661065471897 0.26467869253225517756 1.1509916990766679845 4.3902796784042914524 4.1577320239986601536 4.2979358974828238971 4.4419439859449756369 2.92709e-09 5.17204e-06
62685831.622176602483 6775 1.8804665448250368343 0.26213861266466120803 0.22463554764845108935 3.3153621402575228494 2.3918730906786822565 3.2017005863688852152 3.2201894892141251781 3.2407715485653834087 6.39874e-09 6.71246e-06
62685831.622176602483 6055 3.2303638071180085234 0.068526246028618703621 0.084776599456866955085 5.8526989285487376335 0.97089036614943424741 5.0695571101349976573 5.1330511618318084288 5.1956032026168115223 3.0525e-09 5.24488e-06
62685831.622176602483 6498 3.2228639412265120967 0.041157365491068360897 0.13085658018073728637 1.3436034231334377242 1.202245728662615587 5.2997552910180409924 5.3336394675901761531 5.3671066305175783029 2.50157e-09 4.90818e-06
62685831.622176602483 6313 3.2626654425097565415 0.044329119106122541472 0.37095686402839822549 0.027139067675700297155 1.4069680757067555277 3.4801822029894400323 3.4952281016995496721 3.510579744414786596 2.33149e-09 4.79433e-06
62685831.622176602483 6300 3.2366132987986322433 0.049126112417699631385 0.17802475077217164157 3.0208638398204517017 4.3554693915465207965 2.9489253761747344917 2.9392805586354526781 2.9294094128289538403 3.26125e-09 5.36181e-06
62685831.622176602483 5323 2.8336716386338132168 0.1117321770462371272 0.087558232201590383004 1.9797871078379498666 3.6062786650842779679 0.83498511909561268229 0.75495410953264474596 0.67838904892902218702 2.25995e-09 4.74478e-06
62685831.622176602483 4755 1.8694900102520017882 0.043530747666973276799 0.051994625855240499124 2.7686329811683862978 5.4531501595506988167 5.6349840870157192896 5.6608282963381340025 5.6862046268814205874 2.45943e-07 2.26531e-05
62685831.622176602483 3800 1.8209275765504329136 0.37642871487191065238 0.56363975283353295875 3.1968356187657085421 5.7503017135600291709 0.76359168485564543616 0.52786914886861213692 0.33826438365983202416 1.79108e-08 9.45995e-06
62685831.622176602483 6104 3.3553091125510108306 0.059192729968838619925 0.1684051634224170424 0.77869488861897639964 6.1753881725783719148 3.0440644517794490653 3.0381203568475392274 3.0320064725035202891 1.75259e-09 4.35923e-06
62685831.622176602483 6197 1.8211092900780905257 0.33252918059241248772 0.54583639067269662526 0.082738868155766531753 6.1257533429705430805 2.3897856591325927766 2.1242071283916668101 1.8413123226633814067 8.02678e-09 7.23931e-06
62685831.622176602483 6815 1.6727071118268730388 0.35268394353061827129 0.26698679348498749464 2.7247950291941243073 5.2818647939121445845 5.8147928220109195152 5.9560586416314169611 6.0693842449347616963 3.57143e-09 5.52668e-06
62685831.622176602483 6425 2.4049378350201489063 0.23358986284904995068 0.64975713203015095232 1.7113568823518343631 3.6155594911244048895 1.4830593850786759624 1.2505804340375326067 1.0288645317882596508 5.02719e-09 6.19382e-06
62685831.622176602483 5489 3.2191099949186749996 0.086280068847090093942 0.32239834976194253757 4.6955992023499160126 4.262118090891259925 2.5806603185998229222 2.5329378683478953604 2.4836060017722330073 1.80848e-09 4.40509e-06
62685831.622176602483 6756 3.1990717275503000039 0.087974778651156285147 0.27541474545606997593 1.795299117763630159 1.5407344744412254656 2.985322072149110717 2.9709793050632322675 2.9560423467889247462 2.22448e-09 4.71983e-06
62685831.622176602483 5116 2.709024711081225778 0.21846539165916198377 0.10064241176345015139 5.2441547347998271889 6.2506473804187860921 4.5956830536621895433 4.817268434454615722 5.034533400207751086 2.56354e-09 4.94838e-06
62685831.622176602483 6951 2.9869638180380140291 0.018470228688330741357 0.024765367493092368956 3.7620599795720166547 2.3445135526259175407 0.023974546940211761969 0.023535787407746335681 0.023101116164370792683 2.54062e-09 4.9336e-06
62685831.622176602483 5559 2.2901622099172289637 0.52188150192295534868 0.44979585268017296951 1.6853071696557364589 1.8371122916382720547 3.0442204494835154449 2.968168104198873003 2.87811404099640189 5.44342e-09 6.36025e-06
62685831.622176602483 5923 3.0065552738299103908 0.050852332804530386845 0.15698018695844759285 3.560461584887937736 5.0554691691747599691 2.8212766006902092464 2.8048584224711441415 2.7880564811517847268 2.22479e-09 4.72005e-06
62685831.622176602483 5234 3.0298121841422345213 0.19488877812958396718 0.10708691270579787091 5.4565832861024468059 1.1681970170302000689 1.255400356668693318 1.0743673958156183534 0.90300383225767588691 2.35138e-09 4.80793e-06
62685831.622176602483 6863 3.1321896558744324324 0.14629473164072492875 0.058455480021296614412 4.4211391368093089227 0.51866162192488851623 3.9688819983689733739 4.0827007956189866889 4.2009378323315278436 2.72515e-09 5.05026e-06
62685831.622176602483 5146 2.7715740884092849861 0.04591616113613595368 0.13141194664751246202 5.4605127733552896174 2.3281110482712619181 4.7239541065965005018 4.7698711530766111366 4.8157114770040889695 2.55901e-09 4.94547e-06
62685831.622176602483 5492 1.7117100355206447126 0.17082582868400122966 0.56734954103601820119 6.0089372700986967146 0.69528541876932081767 0.93913009883844233983 0.80715258026055303198 0.68376150550530456762 4.51271e-09 5.97488e-06
62685831.622176602483 5047 1.4178802842631552661 0.079833618345341722522 0.32914540539810632769 1.6957082707824817636 5.7908190074038525808 5.4454403376580415852 5.5032979891379287807 5.5594369342820595392 1.0218e-08 7.84583e-06
62685831.622176602483 6657 2.3938341621554979355 0.17398331749398815438 0.20608165426228342021 5.0249597135906958201 0.20012728709708690888 2.0363852770761745603 1.8736686805160520652 1.7076044380225645636 9.52311e-09 7.66378e-06
62685831.622176602483 1444 1.803350158333897113 0.48617858260868229703 0.71953652891673292036 3.0176175580742379267 4.942005728286126498 4.5008449667690770823 5.0250698154904629433 5.4876747347370775643 1.72307e-08 9.33865e-06
62685831.622176602483 6628 3.2436011685988583864 0.12697864988759416383 0.22298710625853901401 0.31009324187244896587 5.1903359596332387937 0.39968177675728927545 0.35283070495389651233 0.30895253193187227625 2.5094e-09 4.9133e-06
62685831.622176602483 519 1.8672361528151448784 0.12069518917362577481 0.076620652876239259133 3.4223756862812040325 6.1055138701036222315 2.9833843152763219742 2.9630856693905180954 2.9416549736362926915 4.21586e-08 1.25838e-05
62685831.622176602483 2992 1.7492766995253810069 0.052981632843211654005 0.0098114747373824525573 1.9470627751826232732 0.76594826201193955129 2.1031054269714664073 2.0568076487062967317 2.0099611294689987417 2.26492e-08 1.02298e-05
62685831.622176602483 6827 3.1028995315573908442 0.11548828261473531587 0.14175874468089066927 3.7065455551357717745 3.8422942221552651709 3.7923685985131636578 3.865925764740756776 3.9424524733144759026 3.04652e-09 5.24145e-06
62685831.622176602483 5626 1.6901944200760943282 0.50463018053259467433 0.3231093279912254923 2.9570235616892497355 3.6181122267983587548 1.5185423573970595612 0.99731446737162188221 0.57341656087922132645 7.93289e-09 7.21097e-06
62685831.622176602483 5938 2.3113686326383926506 0.55053874541978575774 0.44227466502439533036 1.6280568662400984881 4.4027984453999788883 2.3359648361413909434 1.8025865780122649618 1.26677105658744793 1.88863e-09 4.46923e-06
62685831.622176602483 6244 3.1550971647727252822 0.096525713918378344691 0.29730838743881893294 1.3235708580529392808 1.829435668200182441 2.8116158784984572883 2.7787657227610678135 2.7445069575239036119 3.08558e-09 5.26376e-06
62685831.622176602483 6327 3.0005217416963967381 0.17010022995291687598 0.19927959751065174587 0.0020803343677320619044 0.94531986223117958623 3.7341988381052337864 3.8371318805220306913 3.9461320231066543407 2.25041e-09 4.7381e-06
62685831.622176602483 6390 3.0449480047335053534 0.19433071466237569758 0.085655289596790307183 4.1083795567853549358 1.2218357632120615541 0.41247101018004633799 0.34033619400409992339 0.2754678198994101046 5.26519e-09 6.29006e-06
62685831.622176602483 4112 2.0096494221412544157 0.30862569109211407392 0.76203924160117431086 1.073744045283342885 4.2568799762516178475 3.1323976407626874519 3.1289423569353789212 3.1250382545187558314 1.99037e-08 9.79854e-06
62685831.622176602483 5511 3.2110384847260262653 0.10752266600265335261 0.1743332172489774623 4.4754539235216856952 4.7107178110052405628 1.8478946304214860508 1.7427172093429639244 1.6367796457740146909 2.90982e-09 5.16185e-06
62685831.622176602483 6702 2.2962554094050635634 0.2463558746828665158 0.22901731478006018272 3.6744544513555013054 0.49102125222889764222 2.1267662835542959776 1.9001890531575704735 1.6670775285122507725 3.70623e-09 5.59535e-06
62685831.622176602483 5195 2.7544569066849864392 0.082109482776900527545 0.12281551878227946195 4.2712232513744865514 3.9432355090048054613 3.4173673959683616985 3.4406846585152841556 3.4648784347238379411 2.26107e-09 4.74557e-06
62685831.622176602483 6935 3.4600566612971963565 0.13729230916779394667 0.45479904842226670514 5.2158741408539244233 4.2580903536662670916 4.9190369042882871042 5.0519673662797472957 5.1814196234759526405 2.603e-09 4.97365e-06
62685831.622176602483 6667 1.3993293327577878138 0.30074378609567437026 0.43822228878193836277 1.0582027951445815983 5.6720961588442317947 4.7803164212347262207 5.0819915749896882318 5.3624264279103952546 1.85586e-09 4.44323e-06
62685831.622176602483 6816 3.1011828672160897113 0.11187940537695093002 0.17991018717256945791 5.2916031308298761004 4.9976861516879225178 1.6588363158127887864 1.54660288977842586 1.4347562255651515883 1.76213e-09 4.36713e-06
62685831.622176602483 5762 1.3586646447002885818 0.09865430283782262999 0.44300394317759994589 2.8919995762523256211 2.4783874756207611156 2.134528604084491743 2.048719555285363203 1.9611192678846136594 4.50081e-09 5.96963e-06
62685831.622176602483 6595 3.0540100454866703217 0.08037986737125714376 0.2659331349082754703 5.1753477840539812149 4.9355394033230046702 2.8182191001730920732 2.7916219689102681478 2.764062102138709065 2.5233e-09 4.92235e-06
62685831.622176602483 5950 1.3101992258518886381 0.057438239709111459097 0.29977046926671824245 0.4081635158778959549 2.7402071871557134308 5.2694905948930426121 5.3175442719481056386 5.3647822708512080681 1.07677e-08 7.98408e-06
62685831.622176602483 5351 2.9566108901243697282 0.13829921553202212392 0.13321665929225237623 5.4670793876243637399 3.6392743218732874766 2.9776272714110398887 2.953275218956472159 2.9273847287003174067 2.44807e-09 4.87295e-06
62685831.622176602483 2768 1.586124257282356842 0.051934533938133277398 0.065285390392450723396 0.85604354614987754335 0.70703612535486837221 6.0800365902487358838 6.0902613638192661938 6.1002187412830899405 1.06163e-06 3.68842e-05
62685831.622176602483 5194 2.3010403349829378072 0.25370244935442032297 0.33253349640874829696 2.3862939360476822515 5.5053750967930019655 1.6860930538690144243 1.4274765172997070373 1.1763752071426745172 4.75382e-09 6.07945e-06
62685831.622176602483 6928 3.2053722121057881544 0.23107427707027289321 0.27942417358279059147 6.1574158445030562348 2.1521334129592912809 4.2749180879706010217 4.4972599186461277299 4.72300766814412043 2.08658e-09 4.62021e-06
62685831.622176602483 5914 3.1988866298924198972 0.067198448913231331736 0.10496496692737118661 5.5239226423481655459 1.9221627112227914758 2.8087287791890878097 2.7860259735995942521 2.762632738357190032 2.63408e-09 4.99337e-06
62685831.622176602483 5072 3.1168647615799027761 0.091366207104175298226 0.26011213215395218024 5.6402189208245800955 5.4090163173495708904 3.7735080943795944464 3.8296500432876552367 3.8876710340238056496 2.73643e-09 5.05722e-06
62685831.622176602483 6639 0.95558305077463667754 0.27447609789442639627 0.20857100562912375685 1.3778565973137377743 2.6844635491612005573 1.80182792425185756 1.5222318984670022424 1.248079413407629179 2.07227e-09 4.60963e-06
62685831.622176602483 5312 3.0123805552834448385 0.086860878222303844476 0.14858335474101183604 1.2510404359688624965 5.5779267853939078492 0.59736682001742091863 0.55012658844671491476 0.50471614306530854233 2.46345e-09 4.88312e-06
62685831.622176602483 6126 3.0238822749207723284 0.25802407666404703068 0.17045736173756181886 5.0402715771204196216 1.6287403274665606112 3.4307240005691714835 3.5162741914490101003 3.6107048571341775478 3.04059e-09 5.23805e-06
62685831.622176602483 6734 2.1057965056355998357 0.17890491668014155136 0.29610705229474154621 3.9562037520962078929 5.9136947067521559163 6.0860216723425564211 6.1184787575009629279 6.1478125191538834926 1.24231e-08 8.37387e-06
62685831.622176602483 6073 3.2407303180420168331 0.019654173286095793366 0.30463764989020802876 5.8528843631205331732 1.9644191366577066216 3.3123827792962288186 3.3157562142292253959 3.3191619761051422977 2.87152e-09 5.1391e-06
62685831.622176602483 6692 2.0188327104941397039 0.12069243347532396249 0.30312360353761236276 0.54816879889611191956 4.3115888371201291918 3.2729288402768501598 3.2898055792414204745 3.3076283379902378101 1.32225e-08 8.54977e-06
62685831.622176602483 5231 3.1427956933078791124 0.085274660811442817843 0.28799761845653848447 6.1288915714605289864 1.6863384225660191795 1.2841502505919430988 1.2032277968002478286 1.123649155378643627 1.89135e-09 4.47137e-06
62685831.622176602483 5030 1.3858142778011672824 0.48710365612346506747 0.22551221265692328322 2.8567275178992517226 5.6596940822181078801 2.9243292390194364216 2.7743643874008907524 2.5994796187383704122 2.14686e-09 4.66428e-06
62685831.622176602483 6521 2.9220199705785070421 0.163879181129385737 0.23367888001105036055 0.39399569648052995552 2.9528744053975373163 2.5308995334224952956 2.4295147033384836277 2.3224347024367335557 2.953e-09 5.18726e-06
62685831.622176602483 5160 3.0712857248716103342 0.060847048114953727893 0.13168054478699803278 3.0892253451055813329 4.2027495629857298809 3.0852025396123394785 3.0816623765374995259 3.0780179785604047105 2.48083e-09 4.89458e-06
62685831.622176602483 5717 3.1560383771767956951 0.12997263193685346105 0.19500236455224534415 3.8254118257771918543 0.79312537755073797552 1.9821226966309868356 1.8594321422381516751 1.7348360783724632306 2.31886e-09 4.78566e-06
62685831.622176602483 6832 1.3102993265584943483 0.25426893061724592515 0.089369858700927382045 3.1034813884129657247 3.842758508228437897 2.7974575953797482519 2.6982367882579021412 2.5891622096445447987 1.72559e-08 9.34321e-06
62685831.622176602483 6842 3.1864074857034760946 0.068255724600615366726 0.15774654598301710018 1.0786271323410370204 5.8924688533715716687 0.54164092385591000589 0.50741652940912407299 0.4742496455645320852 3.94698e-09 5.71398e-06
62685831.622176602483 5372 2.0016499844652382301 0.15479876744096243701 0.27868212269570008521 4.0072135200242176012 6.1288040430685102322 3.5731584623261358757 3.6432319876437255779 3.7176690716753535426 1.39548e-08 8.70479e-06
62685831.622176602483 5131 3.5289931055875869426 0.10562434981831027303 0.27608563461918639304 5.1727174285373660467 0.71081747351719903882 0.41684235823279108812 0.37594421773499980821 0.33716413550975510294 2.25296e-09 4.73989e-06
62685831.622176602483 5534 3.2322751579041510972 0.12632501475699228766 0.11095910297158820268 1.0203468373841184658 4.3909986905508118227 1.0783906756137187077 0.96998509829355428202 0.86578246254759905209 2.18919e-09 4.69474e-06
62685831.622176602483 6119 3.1373762926589625621 0.055497286597656153573 0.19799430159135245066 5.4551806100733175597 3.9016791572903897212 3.4418377499675583131 3.4587111958349043839 3.4760169189742837759 2.96829e-09 5.19619e-06
62685831.622176602483 5525 1.9502672761616612895 0.3767550058141074798 0.30096842121855399421 4.3437009469579805909 4.8819544803743095684 2.5526697681913934623 2.2946305915289411104 2.0123386323014340604 2.22151e-09 4.71773e-06
62685831.622176602483 5240 1.5239274476545154879 0.35699781302712246811 0.32441151597792888817 4.2350297213754561909 1.0087231406745951201 2.754077830320186937 2.5862176096951627891 2.3979862241234641829 1.54708e-09 4.18172e-06
62685831.622176602483 6997 2.9108211392420635377 0.041226059544332047113 0.18923128869055963475 0.95562079975437963508 5.4742113470028108679 2.1542888675681655108 2.1194772612142656065 2.0843026414223477794 2.77488e-09 5.0808e-06
62685831.622176602483 5667 1.9669785475857048951 0.5306314438461626759 0.59656538994609420445 0.4001876283470918727 2.0605414743194563343 3.7509277460130134862 4.174495307634370711 4.6301961348884077552 3.20823e-09 5.3326e-06
62685831.622176602483 6103 3.30749259513768612 0.039737983900049872465 0.15116766113166216212 1.068562441641617955 2.760384557959778995 5.2457210645695671047 5.2796079499301473703 5.3131229039856178176 3.07621e-09 5.25842e-06
62685831.622176602483 6333 2.1390726007804028441 0.51357205819159712501 0.14471754338106113114 3.1670218145035708979 2.1088965968129773643 3.8275075491137848793 4.2657637247687869575 4.7289594327583683864 1.94245e-09 4.51128e-06
62685831.622176602483 5252 3.1400246645649656507 0.17521209041560406594 0.14635617630431660419 3.6884884865919871366 1.8231414349477745862 5.7006137197339867839 5.7910299251591483838 5.8738222911442781182 2.42859e-09 4.85999e-06
62685831.622176602483 5034 2.8603520467786900383 0.23853847109567144491 0.13032150923586147129 3.6349873530211440631 0.91403044013409118218 4.8558825128980833696 5.0902729189149997779 5.3119818917327421559 2.20492e-09 4.70595e-06
62685831.622176602483 6874 3.2749092694468773246 0.077655918036982823915 0.28097809810670204556 0.90580496224420381512 3.3435584755480474151 4.8586677001596036973 4.9351395094188195145 5.0108768224209887521 2.61974e-09 4.98428e-06
62685831.622176602483 5053 3.0359775730385489823 0.20296656321536579726 0.24603239314147476446 4.2215033406782112024 0.66216466164096476898 2.1375504632479938039 1.9549442861886643374 1.7667703142022117557 1.90259e-09 4.48021e-06
62685831.622176602483 3953 0.94452954002045108606 0.22688303249932914585 0.54953761975916537441 3.3243874143536706889 1.6849267051163492326 4.2447968186049687134 4.4603743118550616131 4.6800905673718586897 1.87457e-09 4.45811e-06
62685831.622176602483 6204 1.7264215802973574831 0.2232734186320547709 0.073654020990071455977 0.93966050206377793597 0.51861545398094421877 2.9076440227359348079 2.8487621231054678361 2.7843112557218323566 2.26769e-09 4.75019e-06
62685831.622176602483 4189 1.1097124893602656748 0.039314216299474236127 0.046715686310691451055 0.022125828953601024696 0.70089518300891207048 3.8513195703898617239 3.8773342700775090819 3.9037195001801210381 2.4994e-06 4.90677e-05
62685831.622176602483 5324 2.0344284095401867773 0.1088042432001803117 0.29830471526269936033 0.36885658743972843387 0.3203951980710699754 1.1186093572297288734 1.0228083165265724475 0.92993579587911723294 4.64884e-09 6.03437e-06
62685831.622176602483 5185 3.5366321252535986019 0.016366978569419585177 0.27087655153386674955 5.9894488578951579072 0.76836898842663814424 6.2725260591307971936 6.2726991110132832574 6.2728707352158634691 2.64564e-09 5.00066e-06
62685831.622176602483 5451 3.2783606373018252533 0.07161843708031799538 0.071708805736339212289 4.9208018454308515288 1.4852290754691570562 4.2727561768443962364 4.3386293659817152246 4.4053033539090735715 2.58702e-09 4.96345e-06
62685831.622176602483 6192 3.2129127251817024558 0.23204393492340652516 0.3077926069042289936 1.4973422310319626227 2.2872779553149036325 1.143285773570894559 0.93986344051174763869 0.75249317204724874841 2.79503e-09 5.09306e-06
62685831.622176602483 5257 3.2151832442703662807 0.15549952754324922188 0.23679068448832282789 5.5460368488874465243 4.9440876974103105113 5.5525864239505136055 5.6511611335467302197 5.7430270103659841752 2.20895e-09 4.70882e-06
62685831.622176602483 5853 3.1405383277106539985 0.13672838667743514307 0.15602151004817985114 1.6823670719205205959 4.1458053025943151226 5.6853325643699523795 5.7584691812051396198 5.8269656375853413621 2.34516e-09 4.80368e-06
62685831.622176602483 5962 2.9015223013336113311 0.19833646048314543253 0.1656703887773336159 3.1839023231992378271 0.77193087721172903848 3.4793565459185793465 3.5526357578471352561 3.6318842171276246589 2.88829e-09 5.14909e-06
62685831.622176602483 6233 3.1660829668099084166 0.1340640611306163632 0.23169931076648264678 5.892978929101632346 5.0331450422393704258 0.78528340550302933032 0.69445742649827801873 0.60866063434449113601 2.38928e-09 4.83362e-06
62685831.622176602483 5650 1.7962547579178791413 0.15480817573353902739 0.17924201475401432826 5.8107586034583977863 2.7202406631653404112 1.6730214330263730727 1.5171627155993945291 1.3625771443287943985 1.14639e-08 8.15256e-06
62685831.622176602483 6255 3.2337746300648793074 0.11790953537794672534 0.18608522425563447933 2.006231345687061296 4.038417306522444683 6.0870517043069289898 6.1088446752482106206 6.1292971220648500008 2.45838e-09 4.87977e-06
62685831.622176602483 6952 3.2444279609622341809 0.1202937798345855569 0.11970281429703068243 4.4686012030568633691 4.0233516535301685479 1.514713334779216547 1.3947217019276028083 1.2762877999314250488 2.57429e-09 4.95529e-06
62685831.622176602483 6140 1.8703736564572035483 0.40895633540277492868 0.29542262659324564078 0.15814157179123514152 2.2549401995907207841 2.6484036082373374477 2.4002347616052297496 2.1240706173386234568 1.67728e-09 4.29587e-06
62685831.622176602483 6956 3.5121720925041790551 0.12154074038752840647 0.40127652430901533664 1.8413208636723683576 3.6748076124904001105 3.0443647649714797865 3.0317570931652868538 3.0184344226970329927 2.20649e-09 4.70707e-06
62685831.622176602483 2850 1.4549467988396527218 0.33682556120457407545 0.35178467943717273148 1.5489044022038354065 0.85420015061763687747 1.1959891741641544005 0.89469485084289479548 0.63196479355253276644 2.86233e-09 5.13362e-06
62685831.622176602483 1284 2.4213152494370855372 0.24636762938337042339 0.39861208473338183289 1.4505624411341015989 5.7309460555341074084 4.3366409934208585142 4.5794094319992559861 4.8236019411275021795 3.64405e-09 5.56389e-06
62685831.622176602483 6722 1.4570423952255724398 0.29305144879586925155 0.3917576172911483301 5.6185193832881896725 3.7688181499673398811 6.2012956828036278623 6.2226198657686424554 6.2403578071730443355 1.78527e-09 4.38616e-06
62685831.622176602483 6089 1.6370056293899089006 0.32012418833561934184 0.35485911931375119233 1.2544502275426014926 5.2687409331189138939 2.6738934086912578003 2.500615964586506923 2.309188565183354136 5.81535e-09 6.50193e-06
62685831.622176602483 5211 3.1659303294622462843 0.06476089619235107786 0.27551247308556731097 4.6740174338119651054 2.2278208293966881293 1.1216190604186502267 1.0640473114910340424 1.0074251146673853796 2.07199e-09 4.60942e-06
62685831.622176602483 6295 3.2580012288090456352 0.021024743272041429565 0.26864733874274809855 5.2387784224316735759 4.3707225910321954032 5.9961898591197062558 6.0020825931360128891 6.0079151775397923174 2.30061e-09 4.77307e-06
62685831.622176602483 6211 1.8404658658598589405 0.24830569383736789124 0.43909298189698353632 2.7657108328190660451 5.3411278138222897383 3.0745308718481356713 3.0551939029849193297 3.033767281877074673 2.33777e-09 4.79863e-06
62685831.622176602483 6969 2.1744393380607331956 0.025495714269778559785 0.2154372317560236394 0.90817308772051053012 1.2761028446875388731 5.4723727242000705928 5.4906947760292714733 5.5088503765571772419 2.41679e-08 1.04535e-05
62685831.622176602483 5578 2.8923032670838955127 0.090401169354394766975 0.25998552736026414589 6.0472654886984082978 0.10335343554373487007 0.4101603918532398807 0.37548241630460904572 0.34233037486126682847 3.04211e-09 5.23892e-06
62685831.622176602483 5640 2.1701137653285704765 0.51095393561730440002 0.40917324598801685376 1.5332316653003141838 4.0728106504825554168 3.5143738626644727141 3.7817393059617474549 4.0869387669029508814 5.24602e-09 6.28242e-06
62685831.622176602483 5957 3.2351580117811074011 0.083347573158310095387 0.11036827035790315599 4.9921079794374643157 1.0285814162484874235 2.9937426482210476308 2.9809136030826106634 2.9675789459554833272 3.45473e-09 5.46581e-06
62685831.622176602483 5290 3.195060168172071613 0.067003139354893520574 0.12736799807774773496 1.5239118845521766321 4.5454729704860454831 1.9102737276811450062 1.8463308818167529779 1.7818551073541606389 2.68653e-09 5.02629e-06
62685831.622176602483 5080 3.1913723353037868335 0.18609991823909180497 0.27558600586802978194 5.4901101545091552936 0.4337423289119181069 1.6786315799555231454 1.4906330695977592082 1.3051307840066666 2.57476e-09 4.95559e-06
62685831.622176602483 1410 1.8278539927416825872 0.17433882209180318057 0.36494449470746082032 0.70927300281885830024 2.5831744521424009342 2.9772237159615353441 2.9457516296368519981 2.9118267678592864023 1.96181e-08 9.75145e-06
62685831.622176602483 6186 3.2368053679799793088 0.027824011582946520105 0.21869512569655433221 5.3355534890882330146 0.75275247188999505621 3.2045020466425766514 3.2062762610468560354 3.2080747637309103837 3.14704e-09 5.29848e-06
62685831.622176602483 6154 3.1762144560916345526 0.14167309086124377226 0.26590849205858319015 0.2073606130829011851 5.2393855233015171891 2.6372394648618349144 2.5638890173175923337 2.4865211056557066094 2.04677e-09 4.59064e-06
62685831.622176602483 6572 2.9812045345500455262 0.13804703927735123559 0.17009219203346889748 4.1956580822885332083 2.2277510818148797966 0.2189367220500449962 0.1907219452720592956 0.16455267187605898682 1.66053e-09 4.28153e-06
62685831.622176602483 6029 1.6151572818444133173 0.35524728938506772158 0.44850025243440322376 3.9640497549402642363 5.0753032325118647705 0.99957867117737431162 0.72037981644178195051 0.48603377574456751997 1.2969e-08 8.49478e-06
62685831.622176602483 5063 3.4578136884923842409 0.12012577991369266517 0.46132910100162277667 5.5986340598032180438 5.7148902463506514593 1.8829635333688368171 1.7661965993656545404 1.6483568092559419682 2.23728e-09 4.72886e-06
62685831.622176602483 5643 3.3313933896903611398 0.084613077970157324348 0.079305130087889100232 0.13167328269952108255 1.6187475723492270596 3.997040006354148467 4.0628319322401580393 4.130213708244612647 2.47115e-09 4.88821e-06
62685831.622176602483 6335 3.0949005851806226097 0.061643682037519104133 0.25378150965330342759 0.67054695545221798536 1.9775517764599559456 4.35704250032212137 4.4155010570479964471 4.4744479231098912564 2.80706e-09 5.10036e-06
62685831.622176602483 6290 1.8662470101289641011 0.253682890576501896 0.33620140972045481353 0.48477773344760394236 1.8870448493230722598 0.95355120512606661443 0.75846660822678801939 0.58398118777571428328 4.66797e-09 6.04263e-06
62685831.622176602483 5878 3.2358233374680192007 0.081428369695257865613 0.034652385759864519355 2.6869803069616944313 5.8747688093713588131 1.0488011989748331487 0.97953628997944286461 0.91193128303248727207 1.44428e-09 4.08696e-06
