87819301.848049283028 0 5.3990605627186170068 0.055130625450740884663 0.01310843524759146457 0.82195963624424395189 1.7333111897185708994 4.9121950248868699873 4.9659625300865197772 5.0193301953774334123 0.000954966 0.000356051
87819301.848049283028 1 8.9853413904448000693 0.019151006879249917597 0.05981504224922575691 0.47017412962012405941 3.4764023226954758883 0.0084859458552751770161 0.0083249601006166532025 0.0081655305740179987689 0.000285285 0.000238018
87819301.848049283028 5775 3.0451607244182885559 0.080527108245684750343 0.084332721390997483768 0.74729591877460110894 5.1193977803516048652 3.3192414980503439637 3.3340839643599755604 3.3494891854158899136 3.02463e-09 5.22886e-06
87819301.848049283028 6920 2.4243437068983224592 0.18217120119131144373 0.29378145313325210175 3.3290386834067491328 0.065101212950571737959 3.0348823533194311253 3.0133501644128060093 2.990052059492716463 4.48089e-09 5.96081e-06
87819301.848049283028 5134 3.5375753425599243407 0.11437832074668183302 0.34081495282426260696 6.2601341926306437458 2.1092522726509979059 2.3737849745078709596 2.2906969050168100033 2.2046991302928935497 2.31886e-09 4.78566e-06
87819301.848049283028 5278 3.2097154357463111296 0.057620248347337955919 0.28506655250038781535 6.0161086535778673934 3.6924001913930477592 4.3062241610106779532 4.3597982421513012952 4.4138737621307617687 3.13887e-09 5.29389e-06
87819301.848049283028 5451 3.2996359425411312394 0.073680452273741856017 0.046431623301000944648 3.5139468886775437895 0.99559660625696921876 0.28592116195774475162 0.2658239432041739625 0.24646776710351508966 2.58702e-09 4.96345e-06
87819301.848049283028 5063 3.4805070861008857719 0.092123074206918259543 0.42446704893288506044 0.077595747581613971899 3.8330290978534971025 6.0667979306542365592 6.0857635192139527547 6.1038327097716447156 2.23728e-09 4.72886e-06
87819301.848049283028 5878 3.2416235570434186464 0.087963161915492152354 0.078441355755675942762 0.45922512818955341096 0.25171128620289018318 1.9232478467537410527 1.8393031488562161524 1.7544918742226314201 1.44428e-09 4.08696e-06
87819301.848049283028 6255 3.1967414576576898 0.10552606651669976801 0.17981855926786508015 4.9064394383486105156 2.305275486040512245 0.53314305427548258631 0.48171533990172155093 0.4328251140008732567 2.45838e-09 4.87977e-06
87819301.848049283028 5548 3.1771276617781989415 0.045815692660617017562 0.30646435733650267963 0.90800834880254022163 2.7029361727907867952 2.1893541884270901754 2.1515093091295836025 2.1132041048072163214 2.11518e-09 4.64123e-06
87819301.848049283028 6443 3.2157308619985238707 0.18154143976665029769 0.261091506490446712 5.7623893999019228929 5.1260662272079615676 3.1232718329927129375 3.1195803413463507603 3.1155845171980236508 1.88164e-09 4.46371e-06
87819301.848049283028 5990 3.0824189500852354762 0.099835148434708670395 0.18277131466677778993 2.3936069563398469917 5.2617813885457467293 4.0592337717409296971 4.1411655687624273625 4.225150904321906431 2.30118e-09 4.77347e-06
87819301.848049283028 1284 2.585975701075173383 0.51587057082900211746 0.62145876873233740767 5.0456029881588326802 4.6223866715959252005 2.6804391242189762323 2.3541816909898933829 1.9886726315621769956 3.64405e-09 5.56389e-06
87819301.848049283028 5098 3.1214208062607591287 0.075885350201682161275 0.069223489137781438196 5.3851438074157584879 4.3980711948514397136 0.45752323718263843144 0.42506367281720108808 0.39377016397464548181 1.90652e-09 4.4833e-06
87819301.848049283028 5929 3.2521262366260672572 0.1445439907404924007 0.18266794597541552436 3.1262115812801378745 0.32269049006574945793 6.2796871927279616088 6.2801610639123808255 6.2805981994368487165 3.18574e-09 5.32011e-06
87819301.848049283028 5467 2.9442297682615370391 0.1659226312661266356 0.16433823022876700715 5.1677968988344655799 3.0095287130986831947 0.53894983059476131437 0.45897778996192739598 0.38546876784099648461 2.43648e-09 4.86524e-06
87819301.848049283028 6282 2.8425090101662022768 0.17780733902916165401 0.061695087557942347722 3.2435468835633773921 5.4682399743172940276 1.7731322343882274239 1.594807300115033577 1.4170512139750421898 2.68214e-09 5.02355e-06
87819301.848049283028 5694 3.1154433850080724966 0.10358131995179652163 0.27818320697659781882 5.9814502271048830551 4.6722646944784651524 1.8522643263213625087 1.7511167999394610106 1.6492149197395351568 1.21025e-09 3.85309e-06
87819301.848049283028 6392 2.9667826157042433977 0.22408039948205690783 0.18549102229040603795 5.9493141352233269714 3.2926179454906336908 3.6154791722462453762 3.7305610693585853355 3.8550385249038052748 2.75286e-09 5.06732e-06
87819301.848049283028 6484 3.1133197643156211853 0.079804453773712952236 0.23186274974987217123 0.36881086998400552934 4.289300974677452416 0.12030228150837840584 0.11107562192995537598 0.10222950906430945672 1.88476e-09 4.46618e-06
87819301.848049283028 923 2.0254653909235962317 0.34795754707442611009 0.39208848164056953056 5.601974839143455398 3.2198667441633190833 3.6192588765363926662 3.8150800512908835671 4.0321066374402469989 2.53731e-09 4.93145e-06
87819301.848049283028 6739 3.1944957677547098918 0.19003064896937044148 0.23056922934163387451 1.5514319273688836898 2.5604161922850598998 1.2082069483797517329 1.035228702521926003 0.87180631746401915372 1.84353e-09 4.43337e-06
87819301.848049283028 5885 3.5173738649534871392 0.050462682570825589945 0.27342587104680610155 2.9833718337387176156 4.7647660386995305259 4.629304585077269607 4.6797202256922636465 4.7301559825711700924 2.25928e-09 4.74432e-06
87819301.848049283028 5405 3.1621461439759426248 0.027120626031884621787 0.12863975120394410823 2.8718741491793262632 3.6957922491006782728 2.580646613691850888 2.5660487350290601682 2.5512872179588610422 2.93677e-09 5.17774e-06
87819301.848049283028 6764 3.2881385028729788189 0.03519597906022709638 0.26190377823209892716 5.7076762535226013284 2.9980949307822415406 2.2540454349173919546 2.2264365007568787114 2.1985381335057838648 2.4069e-09 4.84547e-06
87819301.848049283028 6362 3.0015099981622150871 0.1636592456371105675 0.26728099065910609911 3.5549884242746090379 4.9991887898133757773 3.2037072306489227103 3.2148515185556822971 3.2268302876875045726 2.92709e-09 5.17204e-06
87819301.848049283028 6775 1.5651331494053626336 0.1843905277710438384 0.19274418480255073316 3.2972682829781847502 0.20468978606695970024 3.5498124105911355031 3.6304898899008248847 3.7170893802356417268 6.39874e-09 6.71246e-06
87819301.848049283028 6055 3.2427698407737266528 0.062590004862768847116 0.060233714045153423366 1.2798237700032450981 5.6202684560566424921 2.9167536255541239854 2.9023457913411006004 2.8875137748115813352 3.0525e-09 5.24488e-06
87819301.848049283028 6498 3.2348769858191444015 0.018576406439912495488 0.12273581179208634118 5.339249931163659646 1.7516964280955547029 1.892793175602896838 1.8751184779793079738 1.8573956520878012189 2.50157e-09 4.90818e-06
87819301.848049283028 6313 3.2517203347636254307 0.10592307058005066833 0.34279659886733815366 5.535575012200898648 3.3926015042142969591 0.87045713856802930941 0.7919657645236871657 0.71657655564373334833 2.33149e-09 4.79433e-06
87819301.848049283028 6300 3.2474540308433637037 0.045353363866461653131 0.19805713919740389195 4.1938650442019138609 2.4153549119200241613 4.6639606800589881175 4.7093262424190331927 4.7546793935701341383 3.26125e-09 5.36181e-06
87819301.848049283028 5323 2.8344858867711169026 0.073075445494358653997 0.1340839768816932398 6.1084162277356286452 0.37736757602007464651 5.5526082287226881107 5.6001325181310335211 5.6462550980727561623 2.25995e-09 4.74478e-06
87819301.848049283028 4755 1.8607679389721392127 0.043978114956031315319 0.037274098713796575966 6.2141968205534601211 4.7421388901959833362 4.2984329010932080806 4.3390700229240728447 4.3800190144463275743 2.45943e-07 2.26531e-05
87819301.848049283028 3800 1.8298757571762493956 0.30462231272461709475 0.45453100028629150886 6.1591075395590619834 1.9188862631194139041 3.4509978053187415625 3.562479620463683716 3.6869392112300611863 2.3176e-08 1.03085e-05
87819301.848049283028 6956 3.4939181766616940195 0.18961407128043059056 0.41674328009833561115 3.8436095790196063149 3.9691005750291368237 3.4527923823247652635 3.5172327640826508421 3.5867961146765017233 2.20649e-09 4.70707e-06
87819301.848049283028 6197 2.0243206491016030313 0.29823649753684733366 0.32980879420112935163 2.9878984898936828962 1.907251891049882575 3.8759359334356937588 4.1055443719900832633 4.3505312068322083974 8.02678e-09 7.23931e-06
87819301.848049283028 5080 3.2161344018019293323 0.15815726321556211609 0.21794284251882029002 2.8617310141051093275 4.8660915810174101281 3.6636742030103008894 3.7488732627982206402 3.839123554330833521 2.57476e-09 4.95559e-06
87819301.848049283028 6233 3.1621373523511140391 0.18296446984909714439 0.19890334070992229942 0.84303867876216087573 2.4583425263782845427 6.1624301865747863616 6.1827923186773938724 6.201129829132857374 2.38928e-09 4.83362e-06
87819301.848049283028 5489 3.218167656953907052 0.19450660807391190188 0.32025085405146969109 0.77118631403314308326 1.7596336769669302935 5.0615173592538180714 5.2395829125353179379 5.407679847626676306 1.80848e-09 4.40509e-06
87819301.848049283028 6756 3.1711500708107611679 0.10632648582517116587 0.28551360130934827497 4.9010412501335398616 4.9324300043019357886 1.3931566781103488228 1.2892789514237898985 1.1871380080494779996 2.22448e-09 4.71983e-06
87819301.848049283028 5116 2.7595614884634609432 0.14738606811531998475 0.089287301171756330853 2.2771545255051721668 2.4954942374428226159 2.4717722689834333849 2.3741694783060940388 2.2718418368445179034 2.56354e-09 4.94838e-06
87819301.848049283028 6951 2.9702762130324109613 0.052718101913862495944 0.0074859698767731257599 1.615467668576446636 1.1712823251966657523 3.257493095540795025 3.2637578373518230102 3.2701821463388651701 2.54062e-09 4.9336e-06
87819301.848049283028 6295 3.2592937730765081383 0.060422711376269019889 0.25375666165500299076 2.6074592576953103951 0.70863558746562549384 1.708351618108117087 1.6482136184934852441 1.5879718865580128018 2.30061e-09 4.77307e-06
87819301.848049283028 5923 3.0064161401460904877 0.097061675385065604438 0.18846975865380063975 5.7894484267494767948 3.6435691145678381631 1.0351248828966073123 0.95353379742855970402 0.8743833039795421147 2.22479e-09 4.72005e-06
87819301.848049283028 5234 3.0322996434223106199 0.12255964519896528353 0.088234646485844850372 1.8270290952142385077 4.0596980202049435249 0.49856358714752996297 0.44276775088738473674 0.39025805656997231141 2.35138e-09 4.80793e-06
87819301.848049283028 6863 3.1505675038636091756 0.097397773251431354891 0.042283069481801251188 2.719510852193179673 3.0461950789999643341 1.6384412439075082268 1.5407898750392590159 1.4434359463495121112 2.72515e-09 5.05026e-06
87819301.848049283028 5146 2.7777487993710887615 0.048052831700594829389 0.1036879700139216598 1.8724254329518350559 5.2733110650349797055 3.3145639106591628931 3.3230397356751981697 3.3317110175457669285 2.55901e-09 4.94547e-06
87819301.848049283028 6969 1.860627640423973661 0.41886665794153798981 0.27898258166588590923 1.5405123258772470685 2.8316818793930980114 2.5369899682249381634 2.2347284403103206962 1.9048394126296936957 2.41679e-08 1.04535e-05
87819301.848049283028 5853 3.1269484682657342489 0.25876788593422600515 0.14903326122927834652 3.5206988001464738502 5.1992749011006091919 3.297311614687100878 3.3442331949534702673 3.3963119247328314998 2.34516e-09 4.80368e-06
87819301.848049283028 6657 2.2243890723857719927 0.23538887465176921987 0.24397471671508638713 5.907176002501950407 3.921221744073067228 0.71313412672294695938 0.57012423166595638246 0.44307623246724647803 9.52311e-09 7.66378e-06
87819301.848049283028 5962 2.8327034939191997331 0.18559408019892312258 0.20409995514226322855 2.2375965855972328455 1.5763701976310242614 0.69305471724491907182 0.58159218075482377319 0.47963513715626793221 2.88829e-09 5.14909e-06
87819301.848049283028 6628 3.2302211343875617544 0.14802835970925723452 0.20814669988594386441 2.5452865519052663146 4.9977883994423253355 0.33866450808087017466 0.2924648421151401223 0.2497863010927505456 2.5094e-09 4.9133e-06
87819301.848049283028 5290 3.2166720538524913309 0.090099795703153628956 0.14639039585860569304 1.7650638048533633384 1.4881820360026065675 2.3852571795727688375 2.3212177362908685829 2.2553186056203657905 2.68653e-09 5.02629e-06
87819301.848049283028 2992 2.2063102260507427843 0.55093566086278222826 0.52649865699964226717 1.9149971251431476826 4.4100310571226053469 2.7652411845364102128 2.461310553994878525 2.1147652181853149322 2.26492e-08 1.02298e-05
87819301.848049283028 6827 3.0895644826790320536 0.19694584670093984169 0.16111562488409297833 1.829234879776553413 0.43556037939906699918 4.4791529754841157285 4.6765699374482032624 4.8733894565180913006 3.04652e-09 5.24145e-06
87819301.848049283028 5324 2.0828564650010648052 0.23579302532917159607 0.23814215635548968697 0.95896005138827977721 1.1044058145099300283 0.06652556497403210034 0.052321757005078399494 0.039990279800445498182 4.64884e-09 6.03437e-06
87819301.848049283028 1410 1.053592008407552072 0.12443432081197509931 0.1600966461371575722 6.2016573000556807216 5.4622265337152500209 2.4334726010553922038 2.3482288472166019666 2.2595424102518770759 1.96181e-08 9.75145e-06
87819301.848049283028 6244 3.1774011021782602171 0.039278413798751063424 0.2921825522169027578 1.0413986463088862333 2.6466344691447725168 0.9897355405581543808 0.95724408223183266031 0.92512974138122627821 3.08558e-09 5.26376e-06
87819301.848049283028 6327 3.007506421128336882 0.21461190167994304012 0.16370534421075416676 3.2366226907463495621 4.9310630622102262777 2.879069746783346595 2.8161377228977193532 2.7475177417403027214 2.25041e-09 4.7381e-06
87819301.848049283028 5650 1.7846730134442623239 0.5255859742200044149 0.078665751135070557942 3.2552926604039109648 4.9154422529012338217 3.5587849153703596805 3.8671622102291696166 4.215920905394051843 1.14639e-08 8.15256e-06
87819301.848049283028 4112 1.8970614021657681292 0.46658407963300002619 0.8071132037806775239 2.6762580818296339835 4.223613282131420732 2.201655762907404501 1.741682728515423273 1.2818947183879956242 1.99037e-08 9.79854e-06
87819301.848049283028 5511 3.2295909030553873187 0.061748598753233498171 0.17045598389547217399 0.21454850640961650732 4.6934684278935732138 2.72891648868729364 2.7034069888247516111 2.6772072286708987754 2.90982e-09 5.16185e-06
87819301.848049283028 6186 3.2425394901591033658 0.035264482074305582293 0.2110712422068972971 4.1595468623541620445 4.4836613799474713815 2.7889379961140274844 2.7765492911319684666 2.76396023072762409 3.14704e-09 5.29848e-06
87819301.848049283028 5195 2.7441854974593846705 0.063127550141781132997 0.067807090294735181124 1.8793810444121383796 1.8380038103638725033 2.0259116534665655429 1.9683697395296129162 1.9101659338342116268 2.26107e-09 4.74557e-06
87819301.848049283028 6935 3.4668583695286088187 0.092096813389328263666 0.3693280127133071189 1.0486459269541528183 0.62487487583534229163 0.39300833897639297909 0.35911135041168767978 0.3267446243642890269 2.603e-09 4.97365e-06
87819301.848049283028 6667 1.4114114180295618262 0.083271362789967912077 0.4316351590333747934 0.90167761983416194749 5.3074130282336540176 3.1110689871933701056 3.1084124684474119249 3.1056500161534144056 1.85586e-09 4.44323e-06
87819301.848049283028 6816 3.1473220025491164265 0.19225897045801981777 0.11019876842938040873 4.1394350572536602328 4.0848293063566867289 2.2806468691334158549 2.123838523798325717 1.9602395092519855346 1.76213e-09 4.36713e-06
87819301.848049283028 5762 1.2049563129182234711 0.31675307163645327613 0.35136744473520264975 3.2753370252871598645 5.3969410393538428394 4.5719853401201513421 4.8984723737519733078 5.2097571430566995687 4.50081e-09 5.96963e-06
87819301.848049283028 6595 3.0486012189789311044 0.10702780298539103787 0.24326110188146635172 2.1859976424275733287 0.09826165729995041398 5.3637918385344303118 5.446412184381684618 5.5258787683018759651 2.5233e-09 4.92235e-06
87819301.848049283028 5950 1.8581245903973062639 0.29788954952246010643 0.2475521203845374163 2.1553330305664961664 5.861103579015582099 0.4209939066968532706 0.3117480942980912495 0.22037853635739973468 1.07677e-08 7.98408e-06
87819301.848049283028 5351 2.9811671247348123792 0.1737136683510299151 0.11055064179226836707 4.3620787523662833962 5.4180712356951188369 5.9547238686315129286 6.0068590752277479794 6.054252176187162604 2.44807e-09 4.87295e-06
87819301.848049283028 2768 1.5713362209203260988 0.051242975720584671429 0.046968931896266323534 1.447276133697331657 2.7072776736233685746 4.3914792966762794535 4.440525107981209807 4.4898860352360756565 1.06163e-06 3.68842e-05
87819301.848049283028 5194 2.2362541197713756702 0.30165373579422138928 0.88394783843113255983 0.40732820941030128958 3.0273734339492368584 2.223750333692356751 1.9546729821861434928 1.674973686683942864 4.75382e-09 6.07945e-06
87819301.848049283028 6928 3.2064956964541151407 0.32721371002920457416 0.27536045652018059648 3.5006900106224980718 5.7007463019374418067 3.6987339226015198967 3.9055463639038090484 4.1319068678432389063 2.08658e-09 4.62021e-06
87819301.848049283028 5914 3.2000024931552308871 0.031112641728004701569 0.070075794437227403866 1.603535462866395811 3.3700381533394785372 0.082787371113805768852 0.080253253039694771864 0.077759041706698936447 2.63408e-09 4.99337e-06
87819301.848049283028 5072 3.130690947818973946 0.12429259105573411959 0.21785083568004892651 5.2500245331280783745 3.0467887820430745727 1.3285609965651075104 1.2093549943243899758 1.0930931828093766178 2.73643e-09 5.05722e-06
87819301.848049283028 6154 3.1656200702456693818 0.15374113800493019455 0.23042148465083156506 1.3883401198044129643 0.71132650386194706815 3.5752318103401030669 3.6450923001106767529 3.7192714498786960675 2.04677e-09 4.59064e-06
87819301.848049283028 5312 2.986117900485399268 0.051003367194862779532 0.16489780244905585804 3.3663501548387593232 2.8044658915276379219 3.3290333900050810279 3.338788298118433584 3.3487808828236862446 2.46345e-09 4.88312e-06
87819301.848049283028 6126 3.026613403735606056 0.23075457424404013929 0.16691766040268204985 4.6771651523331536637 2.3467912080844173239 2.1714357710844964799 1.9655376112264784094 1.7525289661441427747 3.04059e-09 5.23805e-06
87819301.848049283028 6952 3.2710784838462489965 0.16763063294911742518 0.12312965923513129185 0.89532038107378764114 2.4688658249584154447 3.088046699790677696 3.0781794679729115316 3.0675565983761754474 2.57429e-09 4.95529e-06
87819301.848049283028 6073 3.2018875314638850504 0.072900468843217075543 0.27601974642397653081 2.6176194713509137735 5.8857591376521565252 2.99353660503989083 2.9823651411615137441 2.9708063680782785809 2.87152e-09 5.1391e-06
87819301.848049283028 5578 2.9100910191069266908 0.12132519447077243224 0.23849331118197880652 2.7033145884684177673 2.3386438521236563304 3.5019452052634316708 3.5474700146736375395 3.59537223376674131 3.04211e-09 5.23892e-06
87819301.848049283028 5231 3.1576764068266944818 0.15651211657616423412 0.28268827012520025832 2.817822959697456664 4.865973926268385874 5.9889143166190512702 6.0313836939123559588 6.0703785566425505493 1.89135e-09 4.47137e-06
87819301.848049283028 6029 1.735833945364714026 0.30160664007390514119 0.5172586496071742701 3.1229791391766079656 3.7518597566585802916 4.1557978748343069597 4.4393550276119260189 4.7297893166579880742 1.2969e-08 8.49478e-06
87819301.848049283028 6192 3.2132555077916222785 0.14561451536043046318 0.31652082708463596949 5.0886452822044407895 5.7754297564000776077 4.9579335588042123817 5.0972289707168680906 5.2321930240262792822 2.79503e-09 5.09306e-06
87819301.848049283028 5211 3.1245985554924908811 0.12847785072336331824 0.27673358265878916784 1.4335811976041603621 1.7086160644070573777 1.5080952618993077596 1.3800299871982553146 1.2538828253201030893 2.07199e-09 4.60942e-06
87819301.848049283028 5717 3.1292766703050625132 0.069865742382638582053 0.17646166897401630025 2.8165186432470621369 0.74988624109277357555 1.7247827059781155601 1.6553143315369556188 1.5856979763860756805 2.31886e-09 4.78566e-06
87819301.848049283028 5643 3.3385437373820625595 0.034114305116162320364 0.060398111272691630547 2.192556116823921375 3.3290557860449294658 2.1030232378202220467 2.0733644576004426341 2.0434684394690636466 2.47115e-09 4.88821e-06
87819301.848049283028 6842 3.1921974500508505379 0.095337900247513207574 0.14122691632436221165 4.4116196011308037583 4.2760954417211802792 0.44636688897854065461 0.40682586067967607679 0.36910101053661797943 3.94698e-09 5.71398e-06
87819301.848049283028 6572 2.9489597922193855339 0.043251246174596559568 0.16830681211359629912 6.2198912261783672051 0.065807028293459177148 3.0073426794557098773 3.0014240317053673124 2.9953813964369064848 1.66053e-09 4.28153e-06
87819301.848049283028 5131 3.5121243485943116625 0.12744615156000119183 0.2711876396945313572 6.2726798636081433358 1.2324914346521691488 3.8151525295035173535 3.8991280984708689417 3.9867005493682285966 2.25296e-09 4.73989e-06
87819301.848049283028 5534 3.2478458611720064653 0.13974114053338818064 0.10469668203680675134 3.4967222436730773794 4.2675626980867003013 2.409918803200824744 2.3110040215385172502 2.2078291553146547344 2.18919e-09 4.69474e-06
87819301.848049283028 6119 3.1364590129111666883 0.072636070659397200533 0.20381308785989790677 1.4540969685266387224 3.2089359603928269138 5.6188712045881388235 5.6624568988355497012 5.7047040598791562971 2.96829e-09 5.19619e-06
87819301.848049283028 5257 3.2284445050888472828 0.17126564225820781195 0.24587155126495324753 6.1022118991528833121 2.7117349139118780421 1.8189587727302054532 1.648497303847049178 1.4777484047031879122 2.20895e-09 4.70882e-06
87819301.848049283028 5240 1.584988918335882957 0.20816564480279342586 0.36867781360696638693 6.268030707211202035 6.036056547623737778 4.910469794319582526 5.1119541058016713109 5.3037225958545679561 1.54708e-09 4.18172e-06
87819301.848049283028 2850 1.7230926783339393094 0.20465207676560018268 0.57143384728133572725 1.4492856603802788396 5.2199763617422965112 3.3600698784866174229 3.4099255191123849507 3.4641837640680184229 2.86233e-09 5.13362e-06
87819301.848049283028 5957 3.2321795057621636182 0.096786124203844151048 0.11163335481815925276 1.1906960882844208616 1.617800157619628143 4.9708716636282836987 5.0634477648264848426 5.1543308192584866845 3.45473e-09 5.46581e-06
87819301.848049283028 6103 3.2801493185526764407 0.10249465201082484656 0.16942487165231209789 4.9540845520283953718 3.9865028777371547264 3.2853877750782261025 3.30090272119126249 3.3171621702899498629 3.07621e-09 5.25842e-06
87819301.848049283028 6335 3.0894399063304822661 0.14095008092040922643 0.24465749583511287035 1.2630456002212282485 1.0697448232120936318 0.43758050194799091859 0.38118721281912371079 0.32875057887732972439 2.80706e-09 5.10036e-06
87819301.848049283028 5252 3.1235111691192591898 0.16769321877700296697 0.17626593757774461357 4.5561262421123078781 4.67253119210572887 5.3638097647919176225 5.4913993725483996045 5.6107314032032684636 2.42859e-09 4.85999e-06
87819301.848049283028 5034 2.8311980449500473433 0.17412133961199180443 0.14863577238395217495 2.6931288738086012202 3.9204025330217207035 3.660497040305791483 3.7546197092336264234 3.8547997171119332549 2.20492e-09 4.70595e-06
87819301.848049283028 6874 3.282251043105266497 0.078535133982127594554 0.26982365083445242204 5.0587531838269139683 2.2213774299338329143 2.8636778007038214966 2.8412510139007358667 2.8180166638664392309 2.61974e-09 4.98428e-06
87819301.848049283028 5185 3.5293602540013284674 0.072733689716056801333 0.23336814850145454203 4.4205613083089954074 4.1636803998121552084 1.268399245027307165 1.1996467402033994532 1.1318654131308267807 2.64564e-09 5.00066e-06
87819301.848049283028 3953 0.96962566530614868743 0.16529454744504731845 0.3015065980671912671 0.12741142098926641624 4.8512147259908795505 2.6423950473815698281 2.5564894132383195746 2.4651996393703186072 1.87457e-09 4.45811e-06
87819301.848049283028 4189 1.1083606618096160101 0.050584617096254697044 0.015236633286547401553 2.2669037370586497815 0.098640165662087789245 3.6615946779504118247 3.6873087342514483389 3.7135636831195983909 2.51666e-06 4.91804e-05
