83679671.457905545831 0 5.3989732945918964546 0.018454520470477391719 0.036030339668034663814 0.8804536518744470186 4.0790079484209158522 3.7340562466828504107 3.7444416578419219555 3.754905215254164208 0.000954966 0.000356051
83679671.457905545831 1 8.9837736729981312322 0.085477415266275530437 0.026258358867117390784 5.406342246068432722 5.9720256526414043918 0.48908072628821103178 0.45031870860756323394 0.41311445058117068907 0.000285285 0.000238018
83679671.457905545831 5775 3.0493027810248136689 0.16164837753205740789 0.12960749533810675405 0.29235412774637503652 4.3704764524402044401 2.513350386439373807 2.4110676284384173762 2.3032060062229424702 3.02463e-09 5.22886e-06
83679671.457905545831 6920 2.4286820095743388848 0.18491930558154626163 0.4205071037255606603 4.4766134505874690674 1.9758124285127405262 2.7792373454645242781 2.7068320195846626852 2.6289452441767533486 4.48089e-09 5.96081e-06
83679671.457905545831 5134 3.5412337871164156766 0.034025711910183109588 0.38421252911425074483 0.72434147107641322361 0.013618349645577036353 2.1635709766212505301 2.1350730643714865842 2.1063221671628618026 2.31886e-09 4.78566e-06
83679671.457905545831 5278 3.2083060952248838582 0.05725642861829340069 0.291308378645242394 5.6168592004090687198 0.8231902483790669578 5.0943828238586288393 5.1469819622932462266 5.1989159185525091189 3.13887e-09 5.29389e-06
83679671.457905545831 5451 3.2993463794112041221 0.078791295662785601484 0.028018184397790926732 2.7020295665463689438 4.9239079749074416981 1.5134997256964914936 1.434933313487236628 1.3568680946645526042 2.58702e-09 4.96345e-06
83679671.457905545831 5063 3.4833228503596154191 0.098280021234365563809 0.45142803559272698388 0.27875162440439726907 1.5123648833608904773 0.7486131734126302284 0.6839173770294559862 0.621820694794435469 2.23728e-09 4.72886e-06
83679671.457905545831 5878 3.246527422690885345 0.088179707091597545054 0.061486996357533421631 5.8603449852255664609 2.8981855559395088839 2.8633391143778763599 2.8379957230876873275 2.8116339969796313447 1.44428e-09 4.08696e-06
83679671.457905545831 6255 3.2018096992896603048 0.11297570091234242218 0.22621374007846503651 0.71817305088761729248 5.0857730498259403618 3.8783562599486769429 3.9578022130258307953 4.040111186916587549 2.45838e-09 4.87977e-06
83679671.457905545831 5548 3.1807527049170918332 0.064623495968519129029 0.29368717047017212085 2.7140534861234004715 1.7002991773363946848 0.3635664130530125715 0.34123760658678947699 0.31961112128577473523 2.11518e-09 4.64123e-06
83679671.457905545831 6443 3.209104597418977356 0.18802833669920421267 0.24290235035016680132 4.0434673334469781736 3.360598899187702937 0.38343478545389492185 0.31822102946639813092 0.25939121199474823865 1.88164e-09 4.46371e-06
83679671.457905545831 5990 3.0749787068090070896 0.053653724984099100681 0.19667925052688525756 0.52748031953635465818 6.1238011573771267138 1.2291071350805020668 1.1789802133400770767 1.1293925248598843947 2.30118e-09 4.77347e-06
83679671.457905545831 1284 2.4239592620716807758 0.48547032979608106817 0.40800304714046053967 3.9069302354363792951 4.3365462434412282988 3.5862653888354008025 3.8750929626484662549 4.2001026704351502872 3.64405e-09 5.56389e-06
83679671.457905545831 5098 3.1487995912511381746 0.064644219682132034177 0.11803875135751797087 1.6815732867443617948 3.3341799764913258031 4.4164816247092861801 4.4789502856195468894 4.5418411404031751033 1.90652e-09 4.4833e-06
83679671.457905545831 5929 3.2394144717690624979 0.12675463462911307211 0.21601740862739512994 1.4231670053555096622 1.6475861444351231899 1.4873270211970051058 1.3613384225556874885 1.2373541655835547104 3.18574e-09 5.32011e-06
83679671.457905545831 5467 2.959950781742705761 0.11718827287494326672 0.11553540540666819292 3.8761656261929067213 0.25907198867812758492 0.0049505140953050074185 0.0044006958135734486684 0.0038849875362815871824 2.43648e-09 4.86524e-06
83679671.457905545831 6282 2.8511831085802930019 0.11420712406510118153 0.0031961932183926238145 3.797981101739070553 0.094710412291554579856 4.4077887439113121459 4.5188927148801214528 4.6309684980218879247 2.68214e-09 5.02355e-06
83679671.457905545831 5694 3.1183084157319242991 0.14171938782803109036 0.28899534284392947026 2.8353274251574149822 5.8627978934560633917 3.1281233711621747595 3.126057794153809688 3.1238562919358106029 1.21025e-09 3.85309e-06
83679671.457905545831 6392 2.9758860460023202066 0.18868401752531638316 0.20415695296778474388 0.3842289837672466235 1.860012116304283758 0.66668598576535775813 0.5572536922072111043 0.45746675811221060304 2.75286e-09 5.06732e-06
83679671.457905545831 6484 3.1167471450846000458 0.12183827946619461835 0.24132422186778182405 5.9463821339341835781 4.0674552048790211245 0.83495594099658110299 0.74793244456641705398 0.66506724604430611514 1.88476e-09 4.46618e-06
83679671.457905545831 923 1.896727682655733549 0.34853016143738924093 0.32173342757348033505 4.4452431438048964907 4.1688325255113651835 2.6431902250340106875 2.4396186169886333595 2.214563540207698189 2.53731e-09 4.93145e-06
83679671.457905545831 6739 3.2096913133221152137 0.20216949696795072366 0.21945867492112430819 2.1904220346173510769 5.2167380877637627989 3.7286031372281831509 3.8521068945783047965 3.9839666249588852054 1.84353e-09 4.43337e-06
83679671.457905545831 5885 3.5154288586290554086 0.039264132948991253835 0.28285026512082206418 5.9360538746629192275 0.75994010327568561891 2.6374810407586712913 2.6181766003652402475 2.5985507474619087276 2.25928e-09 4.74432e-06
83679671.457905545831 5405 3.1803170608809150366 0.052777825498430706863 0.10223552710536973342 5.6660145092635998409 4.495606464980289374 5.6269715129757900129 5.6585318455589517228 5.6893971733317991735 2.93677e-09 5.17774e-06
83679671.457905545831 6764 3.2941172351667686868 0.026383034421345853693 0.26866841286409548495 5.7872665106398208934 0.077653237717457454514 4.4515887042703443655 4.4771696435685504056 4.5028261748850271218 2.4069e-09 4.84547e-06
83679671.457905545831 6362 3.0047885329075154637 0.092462067929682964507 0.32011725122107431707 1.0544145615140911865 0.72862235024197852251 3.2039222054301470521 3.209973764617891856 3.2162914972688438908 2.92709e-09 5.17204e-06
83679671.457905545831 6775 1.6387204797769909792 0.10954780717007996105 0.21981814150035194899 2.2707793536691762704 5.8151866112154007027 3.2064391867675454684 3.2139723963412873964 3.2218945171096264879 6.39874e-09 6.71246e-06
83679671.457905545831 6055 3.2325092980299037215 0.074157251726059303376 0.084081306365656513502 0.39535458466235173791 1.0006432939769398516 3.5072925737206706032 3.5348001260650718791 3.563213705076950788 3.0525e-09 5.24488e-06
83679671.457905545831 6498 3.2310786598142526849 0.048537998445874953879 0.14545010741402689125 6.2161060518535693475 0.51863495391091252174 2.9747967162420980713 2.9665357365299507286 2.9580821555866232409 2.50157e-09 4.90818e-06
83679671.457905545831 6313 3.2489317471658818448 0.062201857605974408827 0.39500090453029168547 1.5761091618216145349 0.53980406079053366852 5.8158562112154967849 5.8431453277535325697 5.8696418036186788214 2.33149e-09 4.79433e-06
83679671.457905545831 6300 3.2351825017523876404 0.061556593882737986601 0.1843352488887471663 5.4363461997473336851 5.9247250792356718208 2.9951540346468381593 2.9858808689456468599 2.9763344685179426996 3.26125e-09 5.36181e-06
83679671.457905545831 5323 2.8151376839206996294 0.1482820454346699679 0.14110107961857859538 2.7110001358901767432 0.97271929475976115498 3.1117580575145211697 3.1069520594336705877 3.1018165085060962483 2.25995e-09 4.74478e-06
83679671.457905545831 4755 1.8569236407154232626 0.064807177937799206879 0.014572266111851832002 4.848490709480357097 0.1233542966101532079 5.1064510162269751703 5.1656000284387086907 5.2238646474573684486 2.45943e-07 2.26531e-05
83679671.457905545831 3800 1.8065761289640895892 0.16840443760592066491 0.41259753607937060815 2.8123696896291692227 3.8523662127616482564 3.7116648295817271652 3.8101636310686655129 3.9145516906518333933 2.3176e-08 1.03085e-05
83679671.457905545831 6956 3.5116346834091114459 0.14008872128841684535 0.38319868788075284183 4.0324206899049812591 0.26100902013672194757 4.7869569670474803047 4.9263898752576587015 5.0632830415596812301 2.20649e-09 4.70707e-06
83679671.457905545831 6197 1.9836054944485763674 0.29540929452020697754 0.39651487893634052018 0.60287677787860483036 3.8869078604791216236 2.9312472319191393844 2.8572554460795172027 2.7743868369852204836 8.02678e-09 7.23931e-06
83679671.457905545831 5080 3.211665951428631427 0.13266953328464789474 0.26356122841632645404 0.4528834214789893009 2.9734846156563037312 4.7593208675077889325 4.8918236513016344347 5.0223631415566210023 2.57476e-09 4.95559e-06
83679671.457905545831 6233 3.1559498627077409161 0.13426520573979860984 0.22690802430061346451 1.8476198797911131955 3.8822382923315919001 3.7752150723558082213 3.8596099602463085354 3.9479420692632034573 2.38928e-09 4.83362e-06
83679671.457905545831 5489 3.21754115746670033 0.12775527901583225154 0.30717035090655037122 2.951096161032427112 5.476854753247566876 2.8041357126236325925 2.7589349393920636899 2.7112327430366285341 1.80848e-09 4.40509e-06
83679671.457905545831 6756 3.1815534562285918696 0.07800181921149068609 0.30397658834540663975 2.2527351222019662558 4.3532927363890667749 6.0776858201615873156 6.0930394430730219213 6.1077819532145802839 2.22448e-09 4.71983e-06
83679671.457905545831 5116 2.7714000396038205309 0.20133993554199147713 0.12592501809793626988 0.79558564472810400225 0.23821168137324980063 0.88364749286077515222 0.73618885472526907066 0.60099540796248795971 2.56354e-09 4.94838e-06
83679671.457905545831 6951 2.9788292470397279565 0.019260620078094214253 0.075041019149617568806 0.95597363895976683601 3.0987844502686998638 1.9787313016349568073 1.9609821770589559442 1.9431692162770588528 2.54062e-09 4.9336e-06
83679671.457905545831 6295 3.2591861146542164818 0.026155162844634746722 0.26612395228267438085 2.1221691174380539202 0.22833744094597108187 5.9698674982190507166 5.977831197804024832 5.9856942485387616415 2.30061e-09 4.77307e-06
83679671.457905545831 5923 3.0088332201664433896 0.041637419223220561992 0.23993602622937487689 0.8522434975685336811 3.8274150602951180211 4.9873932346503337953 5.0272527262586503838 5.0668431909884672493 2.22479e-09 4.72005e-06
83679671.457905545831 5234 3.0360671469789539678 0.17964524467281761666 0.058666914577379339346 2.9276676066680837884 0.92484218584781163752 2.5808652769282480754 2.4766400174287128699 2.365794974306261178 2.35138e-09 4.80793e-06
83679671.457905545831 6863 3.1368662252250643085 0.1624042302525768311 0.034938489864732850954 6.2558173513794930187 4.4843490482606069847 3.3980979941809708045 3.4431291759867801439 3.4913612434313905375 2.72515e-09 5.05026e-06
83679671.457905545831 5146 2.7803851548925004877 0.070353230570043751024 0.015174155234921767738 3.5179359970130423818 4.2315504150095755165 3.023524903746067416 3.0149267931285868016 3.0060392508466553529 2.55901e-09 4.94547e-06
83679671.457905545831 6969 2.1478619836526200437 0.21702120772238114865 0.22880960646559425631 1.8055741437794270432 3.0813667201768959458 0.65770920724898296328 0.53433573531147571245 0.42381345750724108701 2.41679e-08 1.04535e-05
83679671.457905545831 5853 3.150037014261555246 0.18572413336743942569 0.13333934080700790559 2.9866752104743339302 0.78593566698602768117 5.7789221447463194892 5.8625341734481146716 5.938375535137367045 2.34516e-09 4.80368e-06
83679671.457905545831 6657 2.2013109983211207599 0.2087985181945082036 0.13307899172716788905 0.56181680099371655857 4.1428125544818747983 5.6804597977142545773 5.7904581961819516778 5.8892262333206168989 9.52311e-09 7.66378e-06
83679671.457905545831 5962 2.8366354244327793843 0.13724921199500497715 0.19801642665942714716 2.5610121018594864672 2.8111828221203025713 1.569380791900805372 1.4317105159585561402 1.2957866988495505556 2.88829e-09 5.14909e-06
83679671.457905545831 6628 3.2350624498124207484 0.13174503835681802832 0.237722408401640245 1.8552526727005484997 0.41972951996734336744 0.25810311204468538993 0.22636170798627122669 0.19679370267744988876 2.5094e-09 4.9133e-06
83679671.457905545831 5290 3.2170222282281355497 0.056990427190003647984 0.10953856297245005702 4.2554650166121827937 0.78093323073991283145 3.4008808491817719144 3.4159189071223443612 3.4313575252163674989 2.68653e-09 5.02629e-06
83679671.457905545831 2992 1.0922682316264238356 0.20926983772607851697 0.048500277029334959433 1.5955710399085176743 2.6473348694235645517 5.8362124888544322232 5.9196640814068688385 5.9940736441748327934 2.26492e-08 1.02298e-05
83679671.457905545831 6827 3.094842876057910086 0.10406175229053564457 0.16177523042611427484 0.52585240460783466698 3.9946498793159239682 2.5943754127468583448 2.5375669202171700078 2.4784639584659928779 3.04652e-09 5.24145e-06
83679671.457905545831 5324 2.0507934518932624535 0.14025993171493356115 0.18599197923327501214 4.3834385529374255697 3.502448386456888052 2.8485679999543878083 2.8049137106857586765 2.7585782367778532986 4.64884e-09 6.03437e-06
83679671.457905545831 1410 1.3911528446653349533 0.23784923584920730777 0.11846237875292095487 3.3770984346357182382 6.2599065390708803491 2.9978831420005924713 2.9586421704035359426 2.9153698773604772576 1.96181e-08 9.75145e-06
83679671.457905545831 6244 3.1794759912969605686 0.064254986969684887987 0.30500191685777033879 2.4305916199912602771 0.086905441547433723293 1.8836462182049760195 1.8218547665432076599 1.7596141723328719841 3.08558e-09 5.26376e-06
83679671.457905545831 6327 3.013813327593789726 0.1565402766020904668 0.2215410955194354603 0.47933322812312040284 0.04678534410361260415 6.1120561287784811455 6.1369465136299785613 6.1597572671979090586 2.25041e-09 4.7381e-06
83679671.457905545831 5650 1.5765823875809235055 0.5429985786161888317 0.093952806213925543766 4.8535939588691672242 5.1674790820454026274 0.22542144616319823025 0.12304595304935957156 0.056400644700614233074 1.14639e-08 8.15256e-06
83679671.457905545831 4112 2.0416117218881932871 0.1842127871392986449 0.86910609720382903109 4.6566993903249578324 1.1890501235282109338 1.7658543060431406424 1.5807629703419643352 1.396559332421917432 1.99037e-08 9.79854e-06
83679671.457905545831 5511 3.2225577377557645953 0.10130811954944267395 0.13030122595507545591 4.5965801074586511987 0.013354828698732491149 4.6597886460014308341 4.7614015943719012469 4.8625880552560296621 2.90982e-09 5.16185e-06
83679671.457905545831 6186 3.2409264183068575704 0.026140156566810436589 0.24646365344240656059 1.6789165619097221605 4.0011636602300582055 0.40719299753754190085 0.39696175410268602635 0.38685549540508795685 3.14704e-09 5.29848e-06
83679671.457905545831 5195 2.7500577412097584329 0.095346038557056839169 0.1439163319007357722 1.8011808681815704158 4.5693355386833465204 5.5015219937047303844 5.5666117543744491059 5.6292354885977529122 2.26107e-09 4.74557e-06
83679671.457905545831 6935 3.4707963153411602875 0.11583336771812965948 0.42545299546070736163 5.3070529783424396086 5.1723366096073206677 1.9204504462911020646 1.8091556155932018157 1.6965972430618716515 2.603e-09 4.97365e-06
83679671.457905545831 6667 1.3804764992576061822 0.066756519000212150017 0.39766716118187200868 2.9343056724216949327 1.3875143344076958929 5.2415958660561692284 5.298312687571488766 5.3539343300012935956 1.85586e-09 4.44323e-06
83679671.457905545831 6816 3.1495409900181354779 0.15415582312828640665 0.095688201375083173361 2.7507857644536106712 4.4750838438918334461 3.9248355851237595182 4.0404921245207630065 4.1611409979736242448 1.76213e-09 4.36713e-06
83679671.457905545831 5762 1.1934704759113725636 0.12230885090367706047 0.48214224096395041919 5.9473627402241353579 0.93103360955782266117 1.7366919150462676313 1.614519924175046528 1.4923279668013151866 4.50081e-09 5.96963e-06
83679671.457905545831 6595 3.0475201511775007468 0.060159069180050143977 0.21326469801620842603 2.9621232532122139247 1.9299285611867720291 0.53879553291660586822 0.50868033921715427592 0.47938136280842236214 2.5233e-09 4.92235e-06
83679671.457905545831 5950 1.9851977971673171464 0.41909703962713495962 0.24669466347328561362 1.2537695682109011308 3.1698624131436372586 2.4828801673607392431 2.1602721195479070992 1.8119051596698754203 1.07677e-08 7.98408e-06
83679671.457905545831 5351 2.9772370397125693664 0.15037449593140847504 0.093085474342289545313 2.7871722592145520281 0.038438639144402160508 6.2380092507036879468 6.2443593854381953534 6.2501963471010615336 2.44807e-09 4.87295e-06
83679671.457905545831 2768 1.5746668669735190971 0.068335537909222490716 0.058382924762355556392 0.81148996205446444208 3.8600725949662786363 2.2632065766436841869 2.2093838410047297316 2.1545146075505479111 1.06163e-06 3.68842e-05
83679671.457905545831 5194 2.2109503667642718128 0.28878944413741552966 0.20093486555475162381 1.3559123743497563108 2.2844431977768979714 5.0386521378443793751 5.3039737525790897621 5.5436857209402390367 4.75382e-09 6.07945e-06
83679671.457905545831 6928 3.2093846002991117672 0.26224551286706621056 0.20391065041067774066 4.2344172937028030645 1.1533605347836068944 2.5928038625947791296 2.4359970638557943978 2.2659341733546742859 2.08658e-09 4.62021e-06
83679671.457905545831 5914 3.1831403136526055242 0.080293024621164291177 0.098822504357445703493 1.3543635191957632546 3.7232615941219107114 0.051261229974647264107 0.047299561243195203941 0.043503152362305813616 2.63408e-09 4.99337e-06
83679671.457905545831 5072 3.1315458160109428398 0.086449278296592019233 0.27145782172806515176 1.089613195733717399 5.7250282979506241787 4.655277360561422384 4.7419076083530917742 4.8283192256211995286 2.73643e-09 5.05722e-06
83679671.457905545831 6154 3.1735757598334939367 0.13255790151305130165 0.26824760332961911091 1.1712886785717195881 3.417507063580841109 1.7446375887747651579 1.6121654515997994039 1.4797209640043331724 2.04677e-09 4.59064e-06
83679671.457905545831 5312 2.9740946239786185679 0.097779285655457473525 0.20500197572146836023 0.91063758775432113168 2.3809913904393362749 2.743241465302006965 2.7034285468733005864 2.6619429744254721193 2.46345e-09 4.88312e-06
83679671.457905545831 6126 3.0156296337158465803 0.23546207380990130664 0.19294572118366398739 2.3328844000403723413 3.2404332985079715712 3.8207725141165256311 3.9857785685171451817 4.1617701112933573881 3.04059e-09 5.23805e-06
83679671.457905545831 6952 3.2893369201215425512 0.11063668862435133144 0.15239716211221490672 1.4552262146134611331 0.046315244062363161714 4.5111637508914022021 4.621010734394278785 4.7311858370579678024 2.57429e-09 4.95529e-06
83679671.457905545831 6073 3.210691014305776303 0.023600503887433357808 0.26078892207835979722 5.88819410165119006 4.5471082335060071244 2.3549958316679662218 2.338145380499321746 2.3211588337609083688 2.87152e-09 5.1391e-06
83679671.457905545831 5578 2.8852043078130655829 0.14454520857372493703 0.28019342999955770823 1.0850377862032718479 2.1019184317204460122 4.5452330715152919893 4.6900157323555902167 4.8345247655025778144 3.04211e-09 5.23892e-06
83679671.457905545831 5231 3.1615300299800757067 0.11927119437225773557 0.25686480541578954329 4.6472038489312179621 2.7039910565448694868 4.9231193578901439878 5.0385941386213408677 5.1515755928824562559 1.89135e-09 4.47137e-06
83679671.457905545831 6029 1.712613742105957737 0.35864858138832639289 0.51977004440905716365 1.5898648360718505845 4.5757905009916335359 5.9225087283863491194 6.0339553366513118959 6.1224188048660455053 1.2969e-08 8.49478e-06
83679671.457905545831 6192 3.2190727957917277813 0.22813005715238884874 0.28753088817853528214 2.698986047615298034 4.6637812996733023496 1.6905299722960989151 1.4588357591549507841 1.2321340334123744853 2.79503e-09 5.09306e-06
83679671.457905545831 5211 3.129657775480065407 0.069295288428400811376 0.22701928276637212134 3.6141801011514931297 3.3585978821653363902 3.7253403514089002968 3.7647134573893166198 3.8051522669841215674 2.07199e-09 4.60942e-06
83679671.457905545831 5717 3.1450759735262305838 0.10777907745951997853 0.2216815153987824194 0.15324630023860516537 4.5035095807738549922 0.58951850225445157072 0.53202206295956067095 0.47734822054586778517 2.31886e-09 4.78566e-06
83679671.457905545831 5643 3.317385237600973813 0.093569545183175825698 0.087097271069581441716 0.42847626843546793296 5.1952805157261030544 3.6006135833793240231 3.6439789550611951796 3.6890344078946948336 2.47115e-09 4.88821e-06
83679671.457905545831 6842 3.1953138025229117503 0.047365530165034218368 0.09987815214273346176 4.7583023949363365546 3.4673447745657268726 3.6442421616420839214 3.6675563586817085948 3.6913360662685019697 3.94698e-09 5.71398e-06
83679671.457905545831 6572 2.9577663949593184789 0.10849997557856262687 0.12910352524281504261 4.7301362797329451482 2.0092101701985218831 1.3748540477764896739 1.2693320704272548216 1.1657251456118100652 1.66053e-09 4.28153e-06
83679671.457905545831 5131 3.5307385746245878444 0.11277612304561894507 0.26872797638141904253 2.3927354685263630962 2.2768364838760484226 0.22998699815619846887 0.20554335213960478468 0.18252584639337188221 2.25296e-09 4.73989e-06
83679671.457905545831 5534 3.2602776521256906506 0.1229186533278841531 0.070473121380768333211 4.4479159995613404277 2.9596757006353109354 1.036511193444568546 0.93364597011206895694 0.83484465807791807812 2.18919e-09 4.69474e-06
83679671.457905545831 6119 3.1358619859576606359 0.1282932846062513621 0.24115950681649561682 1.620451320059147049 2.4930015683961794792 2.3785941352004624783 2.2852843689823907347 2.188367928137344709 2.96829e-09 5.19619e-06
83679671.457905545831 5257 3.2279656302417416569 0.14374494284737970862 0.19986565235632944293 5.3008993811767348703 4.3576652584591224482 3.3166462160677117055 3.3437374628223177631 3.3725972684029028592 2.20895e-09 4.70882e-06
83679671.457905545831 5240 1.6248256946869730211 0.33823983915564120872 0.40713113650626103768 5.5791737141230619557 5.9919492291915430471 5.2281054839168605852 5.5055035577709023897 5.7428225918227226998 1.54708e-09 4.18172e-06
83679671.457905545831 2850 1.736104817061340011 0.1158116112681635973 0.63082560053660086119 6.1923845247507420808 0.36678193901205974337 0.95234424202486822608 0.86081443062147444678 0.77298595319665164283 2.86233e-09 5.13362e-06
83679671.457905545831 5957 3.2252501858040432126 0.063001052487630451737 0.066552550192204101842 4.3243303390035876532 3.4258451284919173574 2.8228637321264051785 2.8024928112553406656 2.7815362464112776131 3.45473e-09 5.46581e-06
83679671.457905545831 6103 3.2827130244961217898 0.080934069126014390738 0.14374823870603811726 3.054959321240546366 1.9297317720492557225 0.75130278490681490222 0.69757203920065180558 0.64558332902245718632 3.07621e-09 5.25842e-06
83679671.457905545831 6335 3.1012589562902745932 0.079186579811547044838 0.25685376405091947527 2.1156334351570529329 2.2007899209780794614 0.71364891411981756786 0.66325389923540534198 0.61449997661738775534 2.80706e-09 5.10036e-06
83679671.457905545831 5252 3.1091028581007460474 0.12259634930246919582 0.23168308703570952845 0.39963449220368330028 5.6038327804235592566 3.436500353404929875 3.4745010194639815992 3.5145646594359196691 2.42859e-09 4.85999e-06
83679671.457905545831 5034 2.8523303671965454242 0.22414158381357512928 0.10731423971266998429 5.1848735639990453095 1.7405356370547593325 2.3030050563839492561 2.1208038588891100495 1.9297185447098044175 2.20492e-09 4.70595e-06
83679671.457905545831 6874 3.2843339265622986112 0.076504075642208790864 0.31960270674258589585 1.3432057566394162151 0.91299347907474148744 1.8334880808946749653 1.7587914280490608565 1.683635285045867569 2.61974e-09 4.98428e-06
83679671.457905545831 5185 3.5298257336160605568 0.044072254875760379089 0.28192991122233229673 0.6991518999699968262 3.9911528903928372713 4.7628495582922063534 4.8068311022395162624 4.8507069560123214913 2.64564e-09 5.00066e-06
83679671.457905545831 3953 1.0319102473284087473 0.27363710983683270372 0.20716962524132098711 2.7809094110357737151 0.9008710273255372547 4.8243690966564711786 5.0956520306068480153 5.3494365934437793086 1.87457e-09 4.45811e-06
83679671.457905545831 6204 1.9793320220900625372 0.44268427068086008136 0.19326148908261953085 0.91131418983292600267 4.2707642019878706563 1.5873530519574716724 1.1271069999129026407 0.72728604122022877387 2.26769e-09 4.75019e-06
83679671.457905545831 4189 1.1103059621586404138 0.057474957320559162677 0.053588944002591530624 0.75212996223355232939 3.901847355486248059 4.3428158470690201298 4.397004364266100751 4.4516444927835445711 2.51666e-06 4.91804e-05
