39129363.449691988528 0 5.3987398642507953284 0.054985538110448768656 0.024798150695525968124 0.04755906826415191857 5.3591229930511161683 4.9450092662327342907 4.9982042849575414323 5.0509591755189360285 0.000954966 0.000356051
39129363.449691988528 1 9.007774480760204483 0.029909897245886583189 0.050477149271055454793 1.324898271385342774 2.7410721134960134293 1.9243450127802443905 1.8961345246164327261 1.8677936203412022209 0.000285285 0.000238018
39129363.449691988528 5775 3.0287988403949670513 0.13060542323448237623 0.10880657956817493814 1.0456209758605850002 5.9555230993309837828 1.1796132104479035707 1.0614504622837011016 0.94742361411644970826 3.02463e-09 5.22886e-06
39129363.449691988528 6617 2.7992735746043067024 0.25379001873817652601 0.039865959004621719097 5.1474821501529977041 2.3568521077678266096 4.4891203527684133689 4.7466948269743536315 5.00033551875006399 3.93262e-09 5.70704e-06
39129363.449691988528 5134 3.5264060512139745462 0.065666812675014743506 0.32008956172304398047 1.9863524563942149825 4.3890534068413309399 4.4018838191690221606 4.4650918945422262141 4.5287609647320099526 2.31886e-09 4.78566e-06
39129363.449691988528 5931 2.7760827084298873579 0.52559145708056020929 0.5899782383872653746 1.2559987894331410274 4.3222056180133208159 3.695842644237080421 4.084953732168033369 4.5104388639337900102 2.66585e-09 5.01336e-06
39129363.449691988528 5740 1.0889971333456900382 0.13192253665541769925 0.10805796827827440776 3.0409201469786779626 2.735236146821865777 0.32373300479382999262 0.28407935805961681552 0.24710492377740930769 3.09097e-09 5.26682e-06
39129363.449691988528 5588 2.7486831899197627926 0.31444565937946417078 0.17409913920534070275 4.7536517709107437568 1.6468628292697637949 0.84093623473351175601 0.62468883322289259219 0.44078689305851137537 2.40685e-09 4.84544e-06
39129363.449691988528 5846 2.8202937281303692707 0.15500828944440647739 0.14590462917471108684 5.4183922959466359615 5.3948996317371769038 2.7433435207819694135 2.6782046729683424147 2.608918856670272568 2.37403e-09 4.82332e-06
39129363.449691988528 6171 1.7450959081694199515 0.1546851115561533041 0.32301245639675268961 0.45096217350060685547 1.2372521634293356385 3.0575777156051535677 3.0434211140195674972 3.0282598190919296499 2.39216e-09 4.83556e-06
39129363.449691988528 5921 2.0036182418365191538 0.50672652434970422153 0.65632300644783225785 1.4679021152812017359 5.3958955173264300242 3.0585084707644942803 2.9965554660006188392 2.9233186731614373421 2.32801e-09 4.79194e-06
39129363.449691988528 6443 3.2000199398088513547 0.25597356135816640155 0.27734495901014927233 0.68025796180149644687 4.4665442518231479596 3.1060523857234709766 3.0954199492565286356 3.0836051567645514915 1.88164e-09 4.46371e-06
39129363.449691988528 5990 3.1126797162778143679 0.10196818501725327111 0.20302232311996964986 0.4059908169452554616 6.091535731647018892 2.7546094206031925822 2.7141148028590897923 2.6718411455884978345 2.30118e-09 4.77347e-06
39129363.449691988528 6883 2.391575983112772974 0.39685718100286054844 0.12027162836099171417 2.3450103337518526381 0.35519479603152404046 1.1013028575012684396 0.76697639992528610087 0.49157284091204789256 1.23696e-08 8.36184e-06
39129363.449691988528 5478 2.064512288178113053 0.36835758517756478359 0.1463575766219525065 3.3621216356402179315 1.7761381533024149793 2.2218389094904398284 1.8817403974281148304 1.531047345496695522 2.28234e-09 4.7604e-06
39129363.449691988528 6793 1.3388881909889824851 0.26758057113655375758 0.41563311179034856391 3.1521858585108160078 4.9502034888978512228 1.038056678988276138 0.81935110011838052646 0.62382917871241483354 2.0508e-09 4.59365e-06
39129363.449691988528 5467 2.9741629505261690802 0.10933020365881492009 0.1810041580806153183 6.0690309067410153077 1.6994462903108515928 5.634571911454576032 5.6980202758073739133 5.7584073885106921153 2.43648e-09 4.86524e-06
39129363.449691988528 2413 1.7888701328615355113 0.3318161654818749251 0.55239534613557017551 4.1988934470382854869 6.2382910178238173415 3.7874546343821617889 4.0243298091514594361 4.2806511511481737386 6.11801e-08 1.42469e-05
39129363.449691988528 5694 3.1131663652755992011 0.16457569358352686084 0.28402252649127907036 2.3033829594044248346 3.7529029810772946973 3.5001950446019947094 3.5632225643853230324 3.630574864871422669 1.21025e-09 3.85309e-06
39129363.449691988528 6392 2.97364695400775636 0.25260758288978502062 0.20998390493464463846 5.6847493040025627309 5.4020978236694388031 0.77683681227194389951 0.61230348483005614391 0.46711626982768494898 2.75286e-09 5.06732e-06
39129363.449691988528 6484 3.1230670732582863636 0.17483026354422767645 0.26422052891035940902 5.2043565828385593974 0.83120132702262283786 5.6353540498695666727 5.7346156369404424069 5.8257839030380216272 1.88476e-09 4.46618e-06
39129363.449691988528 923 1.7658574318206667897 0.24374808682705337293 0.21647199072025000155 3.8549067745301344168 3.1893613414127575112 0.29767367727832649837 0.23278959825500922243 0.17655867666794436421 2.53731e-09 4.93145e-06
39129363.449691988528 6739 3.1691588536053716396 0.10499393730825221094 0.1965418214438854061 2.3201797681385083472 4.164813750375810919 5.3609925710150614364 5.4422663740390326836 5.5205137524959093653 1.84353e-09 4.43337e-06
39129363.449691988528 5448 1.6972676526732477509 0.43217415679562215525 0.059174845382682597639 5.3388538143255921398 2.9935387174055070325 2.5070176077864556596 2.1801656803019819897 1.8257789252521714474 2.56033e-09 4.94632e-06
39129363.449691988528 6655 1.6486026001304510125 0.27444513557412547611 0.21384232223778659732 5.9017404259475814143 4.6270755727598160689 4.5963477639943715047 4.877002680804103818 5.147737793580581922 6.32791e-09 6.6876e-06
39129363.449691988528 6764 3.2638588766785976425 0.039202259000049810567 0.25061215280148441131 3.103388725937581416 1.7121403681287610254 6.2021135722427498393 6.2052286237511653511 6.2082816073638626975 2.4069e-09 4.84547e-06
39129363.449691988528 6362 3.0373574052107348287 0.12191529829689039255 0.25501597586200963619 5.1363213241553635768 5.6079420041598710966 6.1629560342528026951 6.1767925545318203007 6.1897390020393974197 2.92709e-09 5.17204e-06
39129363.449691988528 6809 1.7052740351512241102 0.19012459099687878394 0.34974352441270739611 0.41904264834936544304 4.1960380509425538875 5.9808570977888360076 6.0331813000518756951 6.0802196147851086394 1.72631e-09 4.33733e-06
39129363.449691988528 5328 1.4259054480196982073 0.50679123815937332509 0.53774623593946058175 5.260641190794423494 5.5148899446460006857 4.3345951549217174303 4.8828446676423915562 5.3822912694318354454 2.1043e-09 4.63325e-06
39129363.449691988528 6498 3.2193677604485433363 0.01565412675362817807 0.1241088222219348669 5.1976229586223574586 4.1749345812456279958 4.4183290123194751686 4.4333458918155983497 4.4483945082762046397 2.50157e-09 4.90818e-06
39129363.449691988528 6313 3.2524160077321857543 0.046677104651748610453 0.36574443321141247853 0.16982704380620827767 3.6989003929098016599 1.7731543023213098831 1.7271970616228742301 1.681089682960759335 2.33149e-09 4.79433e-06
39129363.449691988528 6300 3.2727350942193416117 0.035588813759284951277 0.22702375598980170657 3.5805489586710042005 6.1773999941358024302 5.7068691180069572866 5.7259831247645180952 5.7448029755083549475 3.26125e-09 5.36181e-06
39129363.449691988528 5204 1.4804965307846593703 0.30577490716016653138 0.40774688050649837701 4.6644295460708828926 6.0131708339077114545 2.1199567616463323994 1.8309777801680915399 1.535494243016734206 5.21728e-09 6.27092e-06
39129363.449691988528 4755 2.0312581157828506484 0.11271569430434537351 0.024276827587218850757 0.1706102792485419406 0.99241952329076266182 5.5972766142423893143 5.6658672574884381135 5.7311127700410979813 2.39615e-07 2.24572e-05
39129363.449691988528 3800 1.2430157295452000099 0.25951225374644171229 0.2017269646949519657 5.0505380532710546504 5.7040142289998678748 2.499605814050074315 2.3232699330308927976 2.1338258512394938649 1.79108e-08 9.45995e-06
39129363.449691988528 5861 2.2856144510326497077 0.38154650084704616608 0.17460776812860284712 4.114363821681926936 5.126240316381916351 3.1105407424437983011 3.0951866132899166217 3.0774869053726585655 1.95257e-09 4.51911e-06
39129363.449691988528 6719 1.8039430493219930085 0.14577468693755560314 0.13925731816593636681 4.1339641779649385356 3.5788489656585262821 0.21029547163996040182 0.18174956763429001017 0.15540070555999652147 2.09817e-09 4.62875e-06
39129363.449691988528 6815 2.1333535821831284274 0.10224587404547366698 0.36276468344253193221 2.3732912693431296169 0.4274238175139989937 4.7090345430857301068 4.8114764183096685457 4.9132207615327034844 3.57143e-09 5.52668e-06
39129363.449691988528 5480 2.0609517154243803816 0.30373021180402026697 0.83758420719140336264 3.9322672457794651812 0.44475178874348536562 2.6821604046991920356 2.5222118449354749004 2.3458870101569626598 1.6026e-09 4.23115e-06
39129363.449691988528 5093 2.0037207079324907966 0.43105740023832883612 0.49167896870822197508 0.12335233128657040191 3.2214645290928292098 4.4256422803654391629 4.8820054308717191205 5.3068769781919087336 2.98948e-09 5.20853e-06
39129363.449691988528 1517 1.8866052566987745465 0.39539839602142512476 0.50339656566390877934 2.1097964707766632131 4.5614846342535564361 3.2277302909184264479 3.2723471678994648926 3.3239001017186513565 2.17631e-09 4.68551e-06
39129363.449691988528 6526 1.7011628231941522404 0.40863433291169765083 0.31640410904113552837 1.9787401127786903299 2.4472534893029540548 4.0058400361801540512 4.3787885928462468854 4.7648947245200243827 1.74858e-09 4.35591e-06
39129363.449691988528 6951 2.991303120445398811 0.059236234840460047502 0.051451802187305321901 3.3077396609154647855 2.0093958022387052864 5.7318716998119736417 5.7621600850276166739 5.7916460810021339611 2.54062e-09 4.9336e-06
39129363.449691988528 5559 2.2215168109039384881 0.31314394324498295852 0.3385310247475097345 0.16384095458621755759 5.041357627711286149 1.9715904706518567746 1.6586323578976156501 1.3466956173269846175 5.44342e-09 6.36025e-06
39129363.449691988528 5923 3.0417150174193139378 0.049819792047390766554 0.19117324488666284643 5.2465337916460939027 1.1554018487965014295 3.7446707129082454912 3.7735356564040523075 3.8029648873370875961 2.22479e-09 4.72005e-06
39129363.449691988528 6402 2.92849378028688756 0.12085731597156854078 0.19567434670984634737 1.9549461656061875026 5.5962915081823876307 4.6076956769504127109 4.7289541029296406904 4.8497948374581261177 2.16272e-09 4.67574e-06
39129363.449691988528 6863 3.1266859031178904083 0.14177768463630430196 0.091076763372874111613 0.55037340338200912981 5.9481506363598999343 1.4742375746970555195 1.3336038051436209795 1.1957956842945764997 2.72515e-09 5.05026e-06
39129363.449691988528 5146 2.7724781724359681689 0.088960581210555070286 0.13690014449123566465 4.7434802995193479092 6.2021643793980905102 5.9207445359865165102 5.9510821404042228977 5.9800861361799393379 2.55901e-09 4.94547e-06
39129363.449691988528 5492 1.9524522618716679823 0.31272055817187460747 0.37945093988986350331 2.3911310470840971831 0.55908902990453623882 2.2657794532960453537 1.992918037510257312 1.7076475470414054225 4.51271e-09 5.97488e-06
39129363.449691988528 5047 1.464315507392695892 0.14528955297772475075 0.21885699487824916698 2.0879591481371537753 0.64754933681190129935 5.9813186539285858601 6.0219078169061459604 6.0594382726122288929 1.0218e-08 7.84583e-06
39129363.449691988528 6657 2.3733384059012565537 0.20272415726500933597 0.1838206165412666071 4.2119733224906408253 1.3282217081140041959 1.4183748038438237504 1.2196559592175924003 1.0293018125885520231 9.52311e-09 7.66378e-06
39129363.449691988528 6413 2.7391066111397570637 0.26612328163454135321 0.14589771861827602328 4.5055367431188333427 1.1167122222030121392 3.756987048684438335 3.932448183433790323 4.1216499071815384525 2.71272e-09 5.04257e-06
39129363.449691988528 5928 2.1158469873938088313 0.42949951347006287694 0.24712844946515710731 0.27995463357591354736 2.5422948802044809113 3.0052704910388512438 2.926303687354840477 2.8345498211491149121 1.85148e-09 4.43973e-06
39129363.449691988528 519 1.8973626501241505071 0.035216999040058989678 0.22897103435828197737 1.6893783128792647652 2.5555355962591956853 5.3374363990066644448 5.3657106562090017832 5.3936753896668596653 3.92741e-08 1.229e-05
39129363.449691988528 2992 2.1194728373112661224 0.23544685662409930993 0.17402171546684769288 0.45082161823094824005 2.9085679844113085935 3.0160133426087312181 2.9820872452512312556 2.9446912415526980134 2.26492e-08 1.02298e-05
39129363.449691988528 5788 1.7892244621579214137 0.32294081641852101505 0.11070144984002924793 3.4024508825092505404 4.4965254031473884666 4.5509446195979235128 4.8843123089330564568 5.2024921868144877735 1.43499e-08 8.78617e-06
39129363.449691988528 5626 1.1246963485206087352 0.11383021437997158098 0.28602570637662061426 1.7314287217749415593 3.9015437999637048172 2.4451132758524840582 2.3685320906883338132 2.2890411297840933535 7.93289e-09 7.21097e-06
39129363.449691988528 753 1.6272864794112258391 0.15948028868418656634 0.1170132338263036309 4.3349976453068599369 4.5273202788376867289 2.2369421354062102303 2.1043593442812049688 1.9670467561600213369 1.27811e-08 8.45356e-06
39129363.449691988528 6244 3.1990515281080247334 0.13065345292958813195 0.34863874629328689414 5.2810919427616909161 0.7384836851233554933 2.6768814606371278408 2.6144315725769571301 2.5487021894219070717 3.08558e-09 5.26376e-06
39129363.449691988528 5020 1.6267424135841022093 0.63739567491147253175 0.38647625897549686691 0.48125191140882950247 1.8932639601962568676 3.6366277151538857204 4.1271888058082684125 4.6585228174827344461 4.40916e-09 5.92883e-06
39129363.449691988528 6161 2.0752261459199261573 0.25241715826389049537 0.2060709039086487393 2.9924721134940233114 1.9764562007187345127 2.2630496979432095372 2.0487478272444548111 1.8246167842450815577 2.19638e-09 4.69987e-06
39129363.449691988528 61 1.7268684027084300059 0.16382467043891049685 0.051214948769564457021 2.4981135197179091811 4.0994186475888962917 5.4079281496858788714 5.5280526502248052978 5.6403356666833843747 2.97121e-07 2.41265e-05
39129363.449691988528 6451 1.5891542068413904154 0.12549254304942317195 0.0359408590061616115 4.7386511744721095951 2.5057193387687544117 5.6860230306945842571 5.7533340964810939511 5.8167586500743855282 2.57122e-09 4.95332e-06
39129363.449691988528 6702 1.8021761633177149076 0.12312657622497336085 0.24814170270820909425 0.25532892480346697228 4.146120706211807061 2.7059261774209288909 2.6506848356584948867 2.5926396811656604591 3.70623e-09 5.59535e-06
39129363.449691988528 5195 2.7673128517539771209 0.092231006658926625863 0.11345316421690315734 3.9311633548304349972 0.41579019512669496139 3.278633604837370541 3.2918660202479084198 3.3056737788924546173 2.26107e-09 4.74557e-06
39129363.449691988528 5437 2.0238435896951658677 0.30533284431188045804 0.21739260391228493186 6.0561651904130799906 4.0025937073167945357 2.0462850498436573332 1.7489464311302991284 1.4484460301386308245 4.54448e-09 5.98887e-06
39129363.449691988528 6270 1.905910073701753582 0.26348422371680574328 0.23161926670255669758 3.3121709914496340055 4.8288536767409500072 3.7601007511321027366 3.934258356634322773 4.1219189319206828159 2.07589e-09 4.61231e-06
39129363.449691988528 6816 3.0952709189514817645 0.12243158676586753109 0.20025579567065940334 4.999515853267391563 6.1679806327856452342 2.8514590298604125529 2.8141063289730836594 2.774724499478924411 1.76213e-09 4.36713e-06
39129363.449691988528 6040 2.4572389533582881249 0.71563877843610568252 0.54538960127936186861 3.4189166392093359725 1.3973757086146489925 2.9534749678285994179 2.6861927280501611826 2.3714393954820454091 4.48499e-09 5.96262e-06
39129363.449691988528 6230 1.7077887204200559168 0.26674799842502805447 0.12657177251999948697 0.070906039673352377894 2.0370562847849766897 3.241131651774335154 3.2723455104494632018 3.3071242771963311746 6.03494e-09 6.58276e-06
39129363.449691988528 5950 1.4162583583230756723 0.29642463926432688348 0.30271849307800152706 5.526678799531813624 0.71495376450298553372 3.2593071408467362282 3.3012270592981449724 3.3483459111063589297 6.81029e-09 6.85339e-06
39129363.449691988528 6726 2.2683593876594096983 0.58132248182774848289 0.37042523375209934766 3.0999825178733244613 0.097189604731363080092 1.3877948680863501085 0.80892105923809565216 0.38830934851565429566 2.92983e-09 5.17366e-06
39129363.449691988528 2768 1.4995152199016155148 0.11982954630428510612 0.046940074963985216339 0.31299930515030793821 3.6327490057254521183 3.604045674107476227 3.660736784218299622 3.7201886817274090191 7.47811e-07 3.28182e-05
39129363.449691988528 5194 1.7843465083274538951 0.059612039143345889325 0.051748714840661208525 4.9221181989143296676 2.1215485690224960003 1.4615924534525550627 1.4024921953211195724 1.343722458759714744 4.75382e-09 6.07945e-06
39129363.449691988528 5310 3.4904415861740059057 0.04121770780507652554 0.33149105863103667247 4.0413288235330107057 3.2053722877800616686 5.532069132077355178 5.5597907547700646802 5.5870741121227469606 2.51895e-09 4.91953e-06
39129363.449691988528 5888 1.444412507283428182 0.093566847208614759013 0.42054940141494884243 3.4889404828647796464 1.7117386390313560351 0.42424009889445885024 0.38722665010263657148 0.35189376323827065152 2.79797e-09 5.09485e-06
39129363.449691988528 5964 1.9543798810327313031 0.49302370954484564525 0.61827867259049329451 2.3296205382330805733 0.95883416410782773553 4.1137184679764224882 4.6145801208997774268 5.105247436242454917 2.1711e-09 4.68177e-06
39129363.449691988528 6639 1.417881873237448298 0.21621069121294189674 0.29596721144274684701 1.8463365673952083501 3.0378032157179908346 0.97499870457738069263 0.80478611172239278293 0.64896687659897189793 2.07227e-09 4.60963e-06
39129363.449691988528 5312 3.0000827256476969573 0.10192472873938356048 0.13002393383204660648 2.9269475408806679972 3.4324268017552794774 1.9057461457263527027 1.8076643728315995308 1.7085856186447059279 2.46345e-09 4.88312e-06
39129363.449691988528 5289 2.1220266717288498448 0.13044302095341320236 0.22166161800823733219 1.4978754877275402002 5.6221870841702870081 3.888812024417717339 3.9822674270394879947 4.07945965275851119 2.13423e-09 4.65511e-06
39129363.449691988528 6734 2.1204789442309208702 0.18348675289973892522 0.13611889061067242168 0.55739605526087743215 0.077593586056741575829 3.5191971662129093446 3.5938130454360086574 3.6739901152698735132 1.24231e-08 8.37387e-06
39129363.449691988528 6073 3.2451084966631182915 0.057662151298620130391 0.23280707816628687379 3.1441578925209929807 3.7426242895461787619 4.7011255497183590535 4.7588347901366807591 4.8164347578368982283 2.87152e-09 5.1391e-06
39129363.449691988528 6692 1.852344299626455415 0.39806012195433071454 0.31477221603078492373 1.7992142207336163651 1.756652473184811214 3.0319199990625573804 2.9746719074737995037 2.9085355373564074632 1.32225e-08 8.54977e-06
39129363.449691988528 6028 1.8092812270863078972 0.42229421646856185601 0.3026347541601226987 5.4668299513169191783 6.0290724401149891065 2.4871453291988183665 2.1628489244345980858 1.812430474081656806 2.1303e-09 4.65226e-06
39129363.449691988528 5030 1.0887934883492906835 0.40745686304377443099 0.33361283869266261659 1.6550179918973060289 2.0614263201077518417 4.5129753561651213545 4.9421498319886625339 5.3388990903389137443 2.14686e-09 4.66428e-06
39129363.449691988528 6521 2.9640464804766475382 0.10425126795792473422 0.16231099080402430768 0.051045926694382313948 4.9543956553494234996 3.1714429103866295101 3.1747348600274776231 3.178189344586139331 2.953e-09 5.18726e-06
39129363.449691988528 2010 1.626817554793370979 0.095694994264532637351 0.23677571365972518991 5.5279852655456522825 1.8762561749220303398 3.3421185181839336842 3.3621648010845599508 3.3831017121893691701 1.54172e-08 8.99881e-06
39129363.449691988528 5717 3.1677618117884582816 0.15704583945059938377 0.24859280996808186259 0.38194300761548655165 4.488041264431251065 5.236294275519317587 5.367732359009728782 5.4922443796274889039 2.31886e-09 4.78566e-06
39129363.449691988528 6164 2.0694103399778649433 0.28715791619410740987 0.49472061786057386357 4.4829969997902949785 0.83561587036923101746 1.9306996676328123108 1.6432015404193509589 1.3567960102752367746 5.09634e-09 6.22209e-06
39129363.449691988528 6005 3.0473749315804914417 0.21582770509221352317 0.68549591482697236344 5.3593525934412307166 5.3198190529908471191 0.43655946435259868066 0.3525789835435875208 0.2780495133987764822 3.36675e-09 5.41902e-06
39129363.449691988528 5540 1.7238440130432659547 0.3538973420469809783 0.35988979401604298536 1.9664135802992857016 0.31334458190087466356 4.0742134808186705186 4.4009385384470167679 4.7378099142094036722 2.31531e-09 4.78321e-06
39129363.449691988528 733 1.9715462832505090685 0.44827986329464164506 0.083065679951960985639 0.87969352319605109702 5.2523382730517713668 4.0192199060960787094 4.4418514394646608778 4.8738261887728562272 4.51209e-08 1.28719e-05
39129363.449691988528 4406 1.661698902939397815 0.42556996299701183029 0.2013158876464674063 4.8114075607564759096 0.57943933970019512181 5.7541967918933876192 5.9426662520911159859 6.0847965715152119159 6.27014e-09 6.66718e-06
39129363.449691988528 6119 3.1134488108891300584 0.12827977763716572057 0.14385158684533283502 2.4547188260579337893 3.733860434252018301 1.5228470490349057531 1.3947545971420149957 1.268457430801532837 2.96829e-09 5.19619e-06
39129363.449691988528 5525 1.6302514831435790388 0.25944919791627912842 0.30481025779818265997 0.95114607504503789759 3.256968210295006827 0.39962213148700131971 0.30811705369419989387 0.22943521766393476513 2.22151e-09 4.71773e-06
39129363.449691988528 5178 1.8353286355263427332 0.21801888797352611538 0.18810022569074361098 0.65053686475506233844 2.0254190119425961036 1.4803868619560676123 1.2636353972967981907 1.0558207059852005028 9.33283e-09 7.61239e-06
39129363.449691988528 6997 2.9201763632966741824 0.13670383769102617544 0.23639132196360812532 0.61452907782587373742 3.7046130946985544874 2.6900956607748645055 2.6262434574263124887 2.5588705127825326358 2.77488e-09 5.0808e-06
39129363.449691988528 5667 2.0126438804237172242 0.39190510712664189397 0.56010096338635517732 0.38506195442734370005 3.0509369559549637252 3.8558790204034987248 4.1694717406292802764 4.5050229217991892838 3.20823e-09 5.3326e-06
39129363.449691988528 6103 3.2858948529885259049 0.053323082381385250583 0.12385055012277976227 4.1077796025546353675 5.5175300600369094894 2.3624345358308169729 2.3242178480694120069 2.2853265326765450638 3.07621e-09 5.25842e-06
39129363.449691988528 6333 1.2009749943185366039 0.21636981270971550328 0.2897124329874496973 2.4527393625178408598 6.1847823479347292519 2.0495048691435235888 1.8455433996344476899 1.6372887859134490629 1.94245e-09 4.51128e-06
39129363.449691988528 6480 1.7408825703124246598 0.19120371919111267545 0.13464854470572079626 1.9968623832099094972 2.3109297511012463211 3.9944418250496775968 4.1493302368702078553 4.3110171472618157296 9.59462e-09 7.68292e-06
39129363.449691988528 5316 3.483422098947949852 0.10369600043685484048 0.19117677482326447813 3.0834751978055892074 3.6731811574366659556 3.330850345837592652 3.351463185498699815 3.3730665128019174936 2.96988e-09 5.19713e-06
39129363.449691988528 6874 3.2641166926877209775 0.11177680666382651398 0.22604527452137782029 2.6672181277058037985 2.9146434830186893628 3.1696741994728294678 3.1730094269906481408 3.1765205159484386499 2.61974e-09 4.98428e-06
39129363.449691988528 6823 1.9649432135336273308 0.37053924543981237028 0.23513589766033032857 1.4643260376105953213 1.5809516407043509023 2.9644840495329640717 2.8810541394065127818 2.7856028854389309757 1.69817e-09 4.31364e-06
39129363.449691988528 3953 1.3063358272221579082 0.063201461796421637418 0.3524341938414740083 0.94041480963747026145 1.7862562058723252534 1.8700016297744630478 1.8089976629133410757 1.747580760719517734 1.87457e-09 4.45811e-06
39129363.449691988528 6204 1.5701833285883424196 0.23238435700033882592 0.30830691905684459719 1.542406943518127127 2.3012669767497584417 0.1851447324889365087 0.14627762262371515889 0.11240608591829612251 2.26769e-09 4.75019e-06
39129363.449691988528 4189 1.1090251081575535075 0.046247454467465289041 0.035602362354419804513 1.7891620659838902707 3.3638291811076133087 5.2348501388270527457 5.2744864806302862448 5.3136182594322471928 2.40401e-06 4.84353e-05
39129363.449691988528 5324 1.9047143212375783339 0.12910208923301508266 0.33312474508793182837 3.3944913498875690649 1.8614869646430205474 4.8872287759810957297 5.0133060495539361057 5.1366069460856147444 4.64884e-09 6.03437e-06
39129363.449691988528 5185 3.5323059117468043056 0.059266361068686698732 0.24375242009492906203 4.5782976248448576939 1.1629033737675051885 1.6667853605245428472 1.6075889039231321398 1.5483626525801896801 2.64564e-09 5.00066e-06
39129363.449691988528 5451 3.2660948355179684199 0.079286724264105087889 0.078753547353859462699 5.2894930666771013961 5.7988653212264367198 3.0109178573001336154 3.0001463071006493344 2.9889688481747698212 2.58702e-09 4.96345e-06
39129363.449691988528 6192 3.2202566749519951905 0.22135695266838392725 0.28020800319664146416 2.1207644461893035981 1.8307309005999801155 2.1964340610957169275 2.0025988579229454523 1.801559628892107634 2.79503e-09 5.09306e-06
39129363.449691988528 6170 2.237297922013492979 0.28537856413117035359 0.60459246388928544746 1.0482806863504352535 3.1806850383742513166 4.552026472221381681 4.8444767330945648354 5.1273693899276189256 6.44558e-10 3.12323e-06
39129363.449691988528 5853 3.1310472109954146092 0.20022585531007627835 0.15547522031211827298 2.8341563077513596269 2.3871489909639440619 5.9674290525146371778 6.0247175453931296474 6.0758951761073491937 2.34516e-09 4.80368e-06
39129363.449691988528 5360 1.700422107555899176 0.18827995756242499326 0.12336011592446702312 2.327555444161412801 3.5980819799079863941 1.7756936221685548638 1.5865885858952242238 1.3983321059269944175 3.7029e-08 1.20512e-05
39129363.449691988528 6233 3.1168890142073419902 0.19344992341611561004 0.21615871098790581661 4.6579663538523421451 1.294853463578970354 0.22312093704810043171 0.1836697124066415665 0.14833825377361814501 2.38928e-09 4.83362e-06
39129363.449691988528 5650 2.0776087505277485157 0.24081137955621284563 0.34165613856230303558 5.3285028738068236365 5.9200478526852275962 2.3598061039455102694 2.1718133298496837824 1.9732015088637580025 1.14639e-08 8.15256e-06
39129363.449691988528 6255 3.2494550830248827289 0.068024687388424931456 0.23355338233540071102 5.7553134649034340953 2.5815190238169019032 0.51571847043918617182 0.48310169979707118237 0.45150231816656927197 2.45838e-09 4.87977e-06
39129363.449691988528 5459 3.0089659333204425984 0.17407055170294133406 0.20201838233227889519 5.0767859642517656482 4.1315525293986752331 2.3608520677372504259 2.2293846529556571312 2.0917197447272868338 2.51526e-09 4.91712e-06
39129363.449691988528 5708 3.143195920312420899 0.1800771856183106534 0.17756104118208571041 2.2963144787433962257 4.9523501195835475386 4.1438021427037874389 4.3043142373315124161 4.469604663614820339 1.65544e-09 4.27716e-06
39129363.449691988528 6956 3.4983427025829905155 0.092654509879628255131 0.39477244375269965326 3.8172204933009168393 5.8642249351245432365 3.7362789186311933243 3.7903677929410157788 3.846350654064793595 2.20649e-09 4.70707e-06
39129363.449691988528 2850 1.5746782033325215089 0.14298959306156472371 0.40124414009441716766 0.94018945147557075881 6.2781842720439495764 4.4279015049061118958 4.5684603403225318985 4.709971441204836573 2.86233e-09 5.13362e-06
39129363.449691988528 1284 2.2641513292517658762 0.14265105451146903315 0.21447643357336346193 4.1135770702343474881 5.0928457426972482125 4.1523284074724218229 4.2784491398212338709 4.4078787660493929934 3.64405e-09 5.56389e-06
39129363.449691988528 6722 1.7708717875666100117 0.12855878726799827017 0.43394891836149629416 1.9681830101453052784 6.1066831820481022319 0.92813398758429921376 0.82872431031398741119 0.73396750569984714474 1.78527e-09 4.38616e-06
39129363.449691988528 5002 1.1485328358233855006 0.099423765613602568814 0.48315057093774449459 4.1305612640756059761 2.6763297478848557809 1.852841365337806856 1.7558384652439675833 1.6581120125906014806 2.79003e-09 5.09002e-06
39129363.449691988528 6473 1.8908401532341407858 0.22227124226104624793 0.15603804108079791235 3.0500841484841254569 6.0278417044861525298 5.2544668589669818459 5.436201601163130448 5.6027463950690687966 5.43469e-09 6.35685e-06
39129363.449691988528 5815 1.1714485296822967353 0.46016671666914821248 0.44288553862825075225 0.92698613308636901298 5.6304699426455258049 3.6753262939224486949 3.9866770661338706283 4.3308942576344158226 2.67562e-09 5.01947e-06
39129363.449691988528 6211 1.7790042858724000041 0.22541725817710683843 0.4901779053754671267 0.73481395675104121956 0.86493858753083818769 3.9132677454616247026 4.0862691852446015872 4.2689264626170766448 2.33777e-09 4.79863e-06
39129363.449691988528 2928 1.6153988592045562811 0.52004954155057658838 0.38250705107014837392 5.2736156313403519391 5.633357859946046986 3.2990795717730865277 3.4206179211803697804 3.5638493135361506425 9.69793e-09 7.71039e-06
39129363.449691988528 6225 1.9010612687253580777 0.18313436879671915469 0.080838832430297033471 4.1651297668504412286 0.13111600076849633245 3.1575640985341300038 3.1608139109032760139 3.1643337669804298962 2.38341e-09 4.82966e-06
39129363.449691988528 5873 2.3574324625346672057 0.33140267513934873467 0.83030132900873443447 0.51611471634443573109 6.065671208596943309 2.5974764948429136524 2.3915087492699163008 2.1655914960890787491 6.23622e-09 6.65514e-06
39129363.449691988528 6886 2.7944752122866005628 0.10341006932136199981 0.51595454541923213565 1.2139948821535442303 3.724533917328428867 4.2485450842592262788 4.3434081039014778014 4.4398581990614411907 2.88448e-09 5.14682e-06
39129363.449691988528 3400 1.2713499080877292968 0.36757878651303571571 0.23148408171211121154 6.1998254938405521486 2.9939567608461215009 3.1080201503142834696 3.0922287745668413095 3.0740910282335991432 2.20416e-09 4.70541e-06
39129363.449691988528 5080 3.2202643832687845027 0.12668722291465450702 0.27866415908490416165 5.0891972474872755328 2.7047372831579266084 0.20217172851682457813 0.17812954542846309858 0.15568195974420778738 2.57476e-09 4.95559e-06
39129363.449691988528 6155 2.2980219337129881296 0.38057506606244534408 0.25109531715622390724 5.6564284927658547986 3.2534745136806466626 2.0200922160537055916 1.6352425929054956733 1.2554575785893682394 3.03729e-09 5.23615e-06
39129363.449691988528 6186 3.2389136101613815732 0.054689166588568163818 0.19386504819967140256 1.0373710577832828683 3.9699256177160466841 4.6625933725518926565 4.717316548967433576 4.7720050516053742484 3.14704e-09 5.29848e-06
39129363.449691988528 6417 2.2131763634952590358 0.24044560787906371635 0.71127725071365066611 4.5008477186724249464 3.11931448268746081 4.3365724994261807268 4.5730997301867724047 4.8112166046408715303 1.63097e-09 4.25597e-06
39129363.449691988528 6237 0.90421893011454723688 0.040568416759554512541 0.22116375544643188111 0.51461515377757527379 2.486303889254172006 6.131634851160672639 6.1376415156557238006 6.1435251731485127635 1.89473e-09 4.47403e-06
39129363.449691988528 6029 2.049939227607270098 0.20942448360850332567 0.098494462053832651516 2.793032074192780545 5.3369298683269832395 2.9564216417851634233 2.9129087179354109516 2.8654330421947848961 1.2969e-08 8.49478e-06
39129363.449691988528 6023 1.7174428267252317415 0.10741603598458283886 0.46775499932157887928 3.3048494667925871759 0.35078517125923608377 2.0108751735320700149 1.9112056122758518395 1.8099533130480729426 5.48103e-09 6.37486e-06
39129363.449691988528 5643 3.3026270345081538693 0.054112129456011563711 0.074205548669127319172 4.3870734455176201294 3.4247409783611724166 4.7206853964331063622 4.7748099542171775767 4.8288166972439618974 2.47115e-09 4.88821e-06
39129363.449691988528 6335 3.1269645915843362616 0.12356276667154578175 0.19833982256947330081 3.3790143957197051883 2.6111258757543023279 2.4562924964595680422 2.3738751671086437689 2.2880614699293211345 2.80706e-09 5.10036e-06
39129363.449691988528 6290 1.966373416380233774 0.43849268954127740283 0.35173193728630808286 2.2263352992329030755 2.1241251418843059007 3.3464662174748140977 3.4677379218715080889 3.6082283006425468486 4.66797e-09 6.04263e-06
39129363.449691988528 5215 3.2412414988351527789 0.36357742485009325595 0.27809895129859746321 1.8878910399435542278 3.2826107748463919656 2.0992326099843263698 1.743824184356591589 1.3856757013377687393 2.09099e-09 4.62347e-06
39129363.449691988528 5257 3.2084026038568582706 0.1411646750099531944 0.16861666324593793664 4.0596947609035485272 2.5185627183240946181 5.0037124104342884934 5.1366995678577094253 5.2653461512959767177 2.20895e-09 4.70882e-06
39129363.449691988528 6327 3.0094583927239018095 0.23506656755671703762 0.166746837759224803 4.444753884576292613 1.2819439416639506479 6.2700335500993356064 6.2728350104656769304 6.2752679757468214916 2.25041e-09 4.7381e-06
39129363.449691988528 5048 1.7614625665498495621 0.092173478875122644149 0.41113105475709876835 0.43201468578132035114 0.25760564881810804616 2.2506478423913089948 2.1767003916867158075 2.1009349383439470671 1.54672e-09 4.18139e-06
39129363.449691988528 5673 1.6463149105402983263 0.46342631004450257626 0.46132076929622567452 4.1961181097394177897 0.95105892355886889611 1.3439657019468813637 0.8977753782374481295 0.5354028244014874538 2.67237e-09 5.01744e-06
39129363.449691988528 3324 1.3727495932072122375 0.57647579739297982737 0.17886798320775443294 1.5800007735058110292 1.799331618771932817 3.5515706893694001245 3.9045424788895095602 4.3029198743675944883 2.73553e-08 1.08943e-05
39129363.449691988528 5034 2.8609090120529097057 0.15914606107066378571 0.19076040590019227583 5.380957550079249252 4.0991507497573893559 3.4056087405283221869 3.4509000340943636331 3.4993439293380905752 2.20492e-09 4.70595e-06
39129363.449691988528 6957 1.7657810520542345234 0.59582337232747129008 0.36880588402274905313 0.45624675929565999821 3.3485863604023928808 3.0955199109518325429 3.0500919241202666399 2.9956496937257934832 6.68595e-09 6.81142e-06
39129363.449691988528 4112 2.0017034109187785695 0.2669400557368622473 0.80240161486018102277 4.1406663349428454168 5.0879523476734309639 3.3845863701027867343 3.4599088636589905299 3.5434525062784465455 1.99037e-08 9.79854e-06
39129363.449691988528 5344 2.0795363642915551949 0.45284070049624408627 0.28092723544136494196 3.5557938791635601561 1.6219472729152488721 3.9733680717608637067 4.3891955586361373065 4.8185909009952920812 5.14004e-09 6.23982e-06
39129363.449691988528 5938 1.7077948731724879039 0.25854572641095158181 0.15195514755458930378 6.0052103947591657374 5.2622000977254641541 3.992771317949073584 4.2085069341985166247 4.4349192537538231207 1.88863e-09 4.46923e-06
39129363.449691988528 5446 1.5180234800455598698 0.41665253130436902262 0.17247205956436473251 5.0568381558951394084 1.6165959821203432778 3.9407065351772088135 4.3056205189064575833 4.6882759341409254716 4.99881e-08 1.3319e-05
39129363.449691988528 5914 3.1995322871082358951 0.040829526407548270839 0.091070111429155692351 3.5842564843512776385 4.0311976103046696096 3.6957052687446330097 3.7175772744878607945 3.7398155175439993236 2.63408e-09 4.99337e-06
39129363.449691988528 6154 3.1507275602165449868 0.13926522309529745791 0.26631378180825965307 6.2468233535308446136 5.4376753466097094147 1.115501353613874036 0.99371319779850808551 0.87700091855331685498 2.04677e-09 4.59064e-06
39129363.449691988528 5511 3.1631057635053814181 0.094755802243043807387 0.22031915019895201291 0.22012619668656513428 3.826734650417789485 1.0435956157326644611 0.96347913753183800356 0.8856673820033301725 2.90982e-09 5.16185e-06
39129363.449691988528 5957 3.206667614295986013 0.020890949376727360048 0.13641906892563954168 0.15675848120903465577 0.80894691809563934459 0.11939990884326978637 0.11693673229201105579 0.11449937662648525249 3.45473e-09 5.46581e-06
39129363.449691988528 5962 2.9084642146654733352 0.12018541233248246358 0.20055014335017470883 0.29456990755837125784 2.8177989120391839784 2.3194768299997776673 2.2273923946581510869 2.1321965751795790567 2.88829e-09 5.14909e-06
39129363.449691988528 5160 3.0330619339821254243 0.065500749420189977035 0.22426991445690122595 4.7835602760080071505 1.871009586582467632 3.8218529035353512313 3.8641692528039786048 3.9074861811031342818 2.48083e-09 4.89458e-06
39129363.449691988528 6891 2.1469091232084016596 0.33640478124761852285 0.3459413073864877064 4.2106212114856180762 3.7821241307207680293 3.7935102290639148848 4.0361172393365993827 4.2984832347152099885 4.39964e-09 5.92455e-06
39129363.449691988528 1399 1.2546362424220665055 0.13384500612684743781 0.30568123618812015341 1.7489539085730732015 3.0128629221230158741 2.1968245691862673397 2.0835254392921571664 1.9668917005573658408 4.64728e-09 6.03369e-06
39129363.449691988528 6752 2.1930123359559523522 0.27449113294308152833 0.52561452521029172757 1.4468699662564270536 2.6501656946829679207 4.3014677242149002012 4.5715720007776674549 4.8433461276769600445 4.12549e-09 5.79885e-06
39129363.449691988528 5597 1.5446122422483188341 0.18372758736226293963 0.41326348300350806975 5.1908473031563326927 3.3746344946362873962 5.5667800200316861492 5.6803956721902268967 5.7845586790051015669 2.41109e-09 4.84828e-06
39129363.449691988528 6928 3.2011144700969986765 0.053700366893207535091 0.22893800868688593542 1.0520422977668750786 1.7692548670577881165 1.5977299537037623622 1.5439843481807613568 1.490303282250123873 2.08658e-09 4.62021e-06
39129363.449691988528 6056 1.7455692685029380318 0.56950945866410662699 0.38098588584892978393 2.9931849272031731957 3.2688128325129852669 2.5868894906237303033 2.1457763844624846428 1.6678422541704542859 5.38932e-09 6.33911e-06
39129363.449691988528 5640 1.4916382692988063852 0.40660194835876417585 0.12387234006236826078 2.711325556347782495 1.8233661987921447878 5.0091250878008484193 5.3871723178635022578 5.7046643284211970837 5.24602e-09 6.28242e-06
39129363.449691988528 5842 2.2971528294014320615 0.51251915798327107865 0.71052585747442653652 5.9393777871641519894 6.1431634621994177792 4.2557064154196053707 4.8049587867634411253 5.3152835807541691793 2.75394e-09 5.06798e-06
39129363.449691988528 1444 2.0699416419658436261 0.44980159086992582695 0.8834236836067523857 0.95557510591956162926 4.7034423952657729018 0.98035450616392805223 0.63519653948751442218 0.36831318363920784176 1.72307e-08 9.33865e-06
39129363.449691988528 5176 3.075661681043512008 0.18643169556295199896 0.11034289277891153047 1.2561239748195383026 5.0757460821129463113 2.7518621296910348306 2.6736345803807441968 2.5895418001867649416 2.68297e-09 5.02406e-06
39129363.449691988528 6001 2.0124625225823482566 0.39073805506057279757 0.17021546777965421149 5.4282547834824885769 5.7502929027470592871 3.5653998250017342464 3.7701173173154027829 3.9998525401828404213 1.89847e-09 4.47697e-06
39129363.449691988528 6140 1.9078450018583394954 0.36079863831242797723 0.25625845696276816632 0.81832713374343801771 2.3267806931767265333 4.3109672255859639023 4.6775415031928169185 5.0381210963611051667 1.67728e-09 4.29587e-06
39129363.449691988528 5534 3.2577335992602667325 0.12719185145852340835 0.12690044828268973176 5.0515320921709845337 1.9196592498466327203 5.0117069415094777085 5.13134097195881278 5.2475327347420508417 2.18919e-09 4.69474e-06
39129363.449691988528 5929 3.2487992785368016158 0.13825908888000054686 0.20363786163090805137 4.5633402138940599713 2.229344826636470156 3.6057246167632053258 3.6720089379584774925 3.7419531699994710294 3.18574e-09 5.32011e-06
39129363.449691988528 6935 3.4816110041887937676 0.097456170067053177197 0.38744467070600629999 3.0067280843658434897 4.354043772278917146 3.1119514241728229997 3.1089076311362715543 3.1057228411576112137 2.603e-09 4.97365e-06
39129363.449691988528 6775 1.6423815575986417947 0.07191339795361403886 0.37647030609052040129 1.4100900772484576962 0.47433039147656758105 5.0735143505677493536 5.1400058687019578585 5.2054439410428381407 6.39874e-09 6.71246e-06
39129363.449691988528 5211 3.2204991853402931135 0.040083414294578623149 0.25904753429460669611 1.4011800246353252053 0.3789359489056038921 6.0194473265740437995 6.0297023239469282885 6.0397543286466808254 2.07199e-09 4.60942e-06
39129363.449691988528 6920 2.3056249369314736342 0.062403670149095272213 0.10738839450825533872 3.7262847006779074022 1.4471068229568329055 4.8321950342335577844 4.8939615359100976377 4.9553393485355776704 4.48089e-09 5.96081e-06
39129363.449691988528 1810 2.0341656494053306226 0.45663975138731138781 0.41918942879772957966 4.8084664398803198537 0.84981378961683506912 4.0003874989144048158 4.4282276197306149612 4.8665547950504466357 7.36354e-09 7.03416e-06
39129363.449691988528 5072 3.0890638785405886146 0.072203053933050972968 0.25864452258871656332 6.0300923464215818726 4.6703001776187713645 1.5890455171185247085 1.5167439503385633515 1.4446463470931489859 2.73643e-09 5.05722e-06
39129363.449691988528 5231 3.1666709385105544783 0.039290026253427957903 0.25899782648548691499 4.2792248624955711023 5.2770206641634711531 1.4407082400095294616 1.4018391477620624208 1.363108585634406511 1.89135e-09 4.47137e-06
39129363.449691988528 4786 1.7731150052838988707 0.43658351821512769719 0.19636770119060056872 2.6933399428033211187 4.5231791960953060538 2.6613011542047049218 2.3961270252566446715 2.0999863062631538568 8.41208e-09 7.35334e-06
39129363.449691988528 6756 3.2174196202176088555 0.073496607847671341363 0.33695664859069035524 5.8341927590691193828 5.1936854813435218148 4.6435595494365724534 4.7171344959270271602 4.7906302762074695067 2.22448e-09 4.71983e-06
39129363.449691988528 5323 2.8070168000130668595 0.1732974128880227227 0.15225683649134250097 4.983217856492988318 0.17785503075582073662 0.68678736345642321659 0.58316464847143678618 0.48773525700059855437 2.25995e-09 4.74478e-06
39129363.449691988528 5372 1.6014216364316120611 0.29786857479280026695 0.23467269458471662347 2.0570763865849497343 2.1667337228277747663 3.4878039274305732143 3.6083896614483301768 3.7424389441045331495 1.39548e-08 8.70479e-06
39129363.449691988528 5855 2.1281760375784792849 0.14439647914788769634 0.49438526734604315571 3.1475809489016608467 1.3265539448507921438 3.9374421750750272508 4.0465906244134917102 4.1601474669162286091 1.88487e-08 9.62226e-06
39129363.449691988528 6156 2.2434594132976135583 0.42252209607950869108 0.61409520429900887883 1.9360054528678576347 3.5357160681880168696 3.5398050861550189872 3.7549942434113399159 3.998220037346565725 2.69058e-09 5.02881e-06
39129363.449691988528 1410 1.9088385007381374336 0.20645239984564231484 0.31188087966544941754 5.9970731782488755357 4.9247780364735280756 0.055302529958500455665 0.044855352674474713304 0.03559796251335897721 1.96181e-08 9.75145e-06
39129363.449691988528 5256 1.9899151183029182288 0.19961219656289322377 0.10140340297474279008 0.29482142483369966346 4.8283410838552445199 5.8012013398232387118 5.8869519178980755925 5.9639915085714489962 4.61883e-09 6.02135e-06
39129363.449691988528 5158 2.1223300166736884798 0.47736134260915336069 0.49370624981749944293 2.2018587758238141738 5.4147977132076619 3.0219013550322908479 2.9407937165117954414 2.8455829089009765376 5.85576e-09 6.51695e-06
39129363.449691988528 6914 1.9711445381120202835 0.41792433878652424095 0.30175901249976266882 1.149194199542018735 2.0640625530982945612 3.5587256920626004764 3.7796765405941989968 4.0286162823074880279 4.41745e-09 5.93254e-06
39129363.449691988528 5578 2.9140852573116271529 0.09688567450854491947 0.24423753523659091913 5.9797839577681477508 5.3079255011475616755 2.8072778249197356537 2.7738837667477045379 2.7390554578173587075 3.04211e-09 5.23892e-06
39129363.449691988528 5196 3.5789156557789807422 0.11821995267993135048 0.17805651572697678287 3.8878566956877422811 5.0724736315952725363 2.2474734376345861797 2.1514834717711526224 2.0526414385333056067 3.02458e-09 5.22884e-06
39129363.449691988528 6832 1.6574489315977305459 0.21124865037688189684 0.34976358864277556915 0.17443552401077536129 3.3517418700804793019 2.2826328115508380812 2.109157730338401926 1.9277902034737852688 7.86044e-09 7.18895e-06
39129363.449691988528 4502 1.3606745065010414919 0.19387006539048148857 0.31026724304624742068 2.3845200746135639669 0.9733376030784489652 1.2119525584303432186 1.0352432776433331263 0.86851763272630611024 4.58456e-09 6.00643e-06
39129363.449691988528 6425 2.2796733092537535548 0.23845477511772231183 0.15826812965967665403 5.2412790479728839088 2.6140044404789821719 3.4353111088844010546 3.5144887526497821106 3.6013611713235107459 5.02719e-09 6.19382e-06
39129363.449691988528 6089 1.8473013796073429749 0.31919156239164636624 0.32844597095564997957 0.92827990638001911528 0.78238565651132585543 1.9260903987625670464 1.6030580331422543683 1.2840325664569252062 5.81535e-09 6.50193e-06
39129363.449691988528 6572 3.025772368449613392 0.11141696081841820365 0.14349138201986735841 2.9446717100589161475 0.46744275315218869471 4.2014222431763581511 4.3015668835357896427 4.4037131529580184619 1.66053e-09 4.28153e-06
39129363.449691988528 6842 3.1676264406378460414 0.11371790066346772197 0.14928845999294965141 6.0596849637666991839 5.8133209854156975283 3.8595981783285782107 3.937983884896906428 4.0192736673971509731 3.94698e-09 5.71398e-06
39129363.449691988528 5291 2.0301935822283607713 0.35797867214902528987 0.62850306489997720405 4.6176821732571848855 2.8371388436191526949 0.14100741455857582207 0.097039744006777492458 0.06235607950958319684 2.6037e-09 4.97409e-06
39129363.449691988528 5063 3.4660673943804822805 0.1979678560373724916 0.42739420555502771748 5.063025664761647171 1.5179730132632369699 3.7671856615027543569 3.8944232536122949107 4.0297752912737321296 2.23728e-09 4.72886e-06
39129363.449691988528 6557 2.2968332500794836903 0.31512143958839305968 0.38168197909425388703 2.9689637423570029995 3.8278184077001946584 6.0936395555226097187 6.1462040727936972928 6.1892349305731366726 1.93092e-09 4.50234e-06
39129363.449691988528 6055 3.2137741958023937627 0.073860798250111020513 0.017267763524816775317 2.4277564019205644108 4.2652282801102243681 0.58051602962222581539 0.54117309005505409569 0.50312430496436522098 3.0525e-09 5.24488e-06
39129363.449691988528 6197 1.9574074095329379031 0.14874657498495413854 0.29329542348291715026 2.7237592461922797149 6.0437030030544480752 1.852166019860707058 1.7056845350195388722 1.5582891187215244244 8.02678e-09 7.23931e-06
39129363.449691988528 5642 2.9024466328019493666 0.19210390828416162856 0.11960986448450239283 0.61668990656047517618 3.4292640215013183713 2.7176283899845459224 2.6301814602645006147 2.5361641993324353095 2.80041e-09 5.09633e-06
39129363.449691988528 6291 1.4379378462380578707 0.17440729968845025688 0.31517379008898083192 5.8141965616122339711 3.6549461966700991233 4.0589718073845055812 4.206132024239103373 4.3586626591365948968 4.97801e-09 6.17355e-06
39129363.449691988528 6390 3.2345426595697572836 0.043812070493345324496 0.33362130515945026543 5.4401139262345239445 3.8385143241926091839 4.0234285405390837198 4.0577383666057080802 4.0924927608192724904 2.74624e-09 5.06325e-06
39129363.449691988528 6126 3.0309387713638957784 0.19431615423136830434 0.19336214856522107586 0.066770381130060355024 2.2421956661030328917 4.9802647740381811303 5.1641461735397378163 5.338968802078531084 3.04059e-09 5.23805e-06
39129363.449691988528 6104 3.3516247329683230838 0.04306831823261189629 0.11987102084763930077 3.2782073470221622102 1.5467152361190708021 3.0542972919377011642 3.0504582689931738493 3.0465386952316872993 1.75259e-09 4.35923e-06
39129363.449691988528 6732 1.1812878541922100517 0.15002425088814186349 0.21424430883434469886 1.768902056354849428 3.6176181102081192975 3.5752956831631270695 3.6433327337175023253 3.7154871786259842104 3.70815e-09 5.59632e-06
39129363.449691988528 6286 2.022677774606705281 0.61679653746689377947 0.64203576625242464448 4.7302734040152323303 1.8840723474104239532 2.7857127398583498845 2.433877497379729693 2.0328984799890239543 2.66284e-09 5.01147e-06
39129363.449691988528 5405 3.187533747229858605 0.038689307384298231296 0.15987291725190522218 0.26643720284563193745 5.8928227934629360263 2.3615986022913832976 2.3340012363926083694 2.3060434003658953905 2.93677e-09 5.17774e-06
39129363.449691988528 5098 3.1687357558813453728 0.060220208407642111803 0.090127006789731178849 3.3330338095491027772 3.0624754045904385436 2.6300475513528116522 2.5997474552939396908 2.5686908244217274699 1.90652e-09 4.4833e-06
39129363.449691988528 6952 3.2241042749958843672 0.10388098017337885071 0.14038842787172337023 5.3494721131634976885 2.1014680203609858999 0.60664870215953403676 0.54971580210925619081 0.49544371150922883462 2.57429e-09 4.95529e-06
39129363.449691988528 6667 1.6375617023466453315 0.30160340668553586863 0.15249971869311701456 1.4103939821642839103 1.6812823743250269182 4.3931040933925800118 4.6988197466427461535 5.0003953875257538542 1.85586e-09 4.44323e-06
39129363.449691988528 6282 2.7964995324020334166 0.12494654442769177749 0.031746096466431811267 0.20463773064075030383 5.1142206666686300665 6.1765419410424451385 6.1891097935996688406 6.2008468734559514246 2.68214e-09 5.02355e-06
39129363.449691988528 5240 1.9822093745229110162 0.22974022489242407197 0.29255378585399549607 5.5468387032034760509 2.0814662289667622552 2.3770606097434248127 2.2015450004656615945 2.0160099641709350315 1.54708e-09 4.18172e-06
39129363.449691988528 5138 1.8490063265546472504 0.36552575295118305831 0.25276204918811029376 5.0211733479497402399 0.86101348115827369689 3.5490697536899995512 3.730187166905246432 3.9331243592203093407 2.37553e-09 4.82433e-06
39129363.449691988528 5548 3.1853204398063055258 0.091919740894245580143 0.29369664758119579107 1.6409460238105186836 2.8215666270028445517 1.436513111440669066 1.345849228020912669 1.2562453215073348112 2.11518e-09 4.64123e-06
39129363.449691988528 5131 3.5433527684174159766 0.030963164396569424486 0.28119325287455987361 5.6823390354280656211 4.3955733353726582635 2.6006520835368123201 2.5844898140371013184 2.5681186806204094886 2.25296e-09 4.73989e-06
39129363.449691988528 6295 3.2524947287577328225 0.019430682797895976188 0.26575340776943900956 6.1456929889370641718 0.25570251253672876546 1.4495784309914874211 1.4303117408344059314 1.4110724840847084227 2.30061e-09 4.77307e-06
39129363.449691988528 4963 2.1000007559122391143 0.25591426189986032913 0.33428252193290891592 3.4407099430634349169 0.032270387306864399546 4.2697154393725522681 4.5174837366522977433 4.7685525245042974518 2.1769e-09 4.68593e-06
39129363.449691988528 5278 3.1464116998963218563 0.12404279598780795779 0.34672245256770539701 5.2627319884687331353 0.54387063862954776461 0.43338591082941890775 0.383899618540708365 0.33744074412734470503 3.13887e-09 5.29389e-06
39129363.449691988528 5669 1.3571092723417248482 0.063460247302860872676 0.41397154535894259419 0.4660329840914201327 5.7040897596610733444 3.6093710534630769615 3.6388480274831080941 3.6691195236880278507 5.45549e-09 6.36495e-06
39129363.449691988528 5118 1.3742002740373360226 0.2596823362869166707 0.3648920056795683653 6.166502784626981537 4.2972373490491992953 4.7785476632052530377 5.0384288555180756219 5.2844306518487291768 3.95744e-09 5.71902e-06
39129363.449691988528 5053 3.0024457828346062804 0.19234383818689920753 0.29494980780902319006 0.61113097851835185281 6.0903822597255778959 4.3435883146550446909 4.5307096643023543336 4.7198878418991530026 1.90259e-09 4.48021e-06
39129363.449691988528 5116 2.6941918056038134388 0.089985397965216012972 0.049033780370010104921 3.0839713530678225517 4.8768961856181611836 4.2935747098402012867 4.3774392718646755185 4.4624238971564471612 2.56354e-09 4.94838e-06
39129363.449691988528 6595 3.0276294858794825515 0.019277979751416544213 0.21700371329201600945 1.5944991369596552833 5.4530931702967420094 5.49907198615131243 5.5125948125694517188 5.526023063630876031 2.5233e-09 4.92235e-06
39129363.449691988528 5290 3.1886267508397669879 0.064440743343712372782 0.10321379498744633063 3.7093136790600160779 1.4292286796163085061 5.8201355832133234713 5.8481398265601498565 5.8752984839080877322 2.68653e-09 5.02629e-06
39129363.449691988528 5762 1.6981368773108758141 0.20273436440522293878 0.4074596494428940896 5.9357706829290952655 5.4640431873367836246 1.8429764201092657672 1.6407610077927710091 1.4385226391037202465 4.50081e-09 5.96963e-06
39129363.449691988528 6628 3.2940897359057013105 0.10372041136478041268 0.22419455592602702265 6.2483447225534627378 4.2634181382653304482 4.0932613445572760824 4.180538094168460006 4.2699315956171508546 2.5094e-09 4.9133e-06
39129363.449691988528 5227 2.0411463228806923098 0.1946169810409368317 0.16799019726857544743 1.8606917711220098965 0.4623363210902046716 5.6438164261786747389 5.7523880696467175611 5.8509072807079878231 5.94474e-09 6.54979e-06
39129363.449691988528 5481 2.3866300754322442579 0.18322180153059389185 0.79826122872233040706 4.0548519991233753501 5.8821655495455322793 5.4350648442386315651 5.5654945265270372445 5.6859897636916141295 2.0621e-09 4.60207e-06
39129363.449691988528 5885 3.5141379882111158928 0.047033331490597407587 0.2616223618093833081 4.0301724296787977408 1.9697519177916071875 1.7060968464163008829 1.6593276185013046131 1.6124784853330387246 2.25928e-09 4.74432e-06
39129363.449691988528 3089 1.4873659093941977716 0.20313460348376277675 0.15252995004042113614 6.2362544102776578114 0.45066503590103668131 2.7898116748507204576 2.7115783405607065681 2.6268948126219640038 1.46985e-09 4.11094e-06
39129363.449691988528 5878 3.1900254226739197527 0.093710180153687025473 0.077564472368327627705 0.9124329200847371979 3.7682564594357752519 0.18249550554517074419 0.16620379227199963412 0.15070041244550572146 1.44428e-09 4.08696e-06
39129363.449691988528 5489 3.2183975362888457283 0.047290129435042516093 0.32432893882234731242 0.88837776631922371617 5.8590358021424577828 1.6815033019596747899 1.6343618558777417427 1.5871672339699571808 1.80848e-09 4.40509e-06
39129363.449691988528 6960 2.9723884130683075888 0.10966569499526697407 0.13417823372166484686 0.23220158822797185016 2.2168366797892402609 2.4079320257954184292 2.3311794145554189939 2.2517187181942084351 2.28045e-09 4.75909e-06
39129363.449691988528 6292 3.3768862450000409758 0.021774752441214399734 0.30472615003041364501 1.2239536361666367714 2.4659253989398299822 2.8432867103837335954 2.8368190297660293986 2.8302849221672286006 1.7586e-09 4.36421e-06
39129363.449691988528 6401 1.7111496701597144199 0.4018716504963295022 0.20869527162955467392 1.126994051492370863 4.7177626636457148379 4.9574339782864118575 5.3400103160921839063 5.6652959192525269572 1.93159e-09 4.50286e-06
39129363.449691988528 5479 1.0263319557506951352 0.30443650040642994403 0.32513892621196865962 0.077174851037926997521 5.0493883930841967356 3.9404329119726821951 4.189845811841772516 4.4536560907687379185 2.12255e-09 4.64661e-06
39129363.449691988528 5417 1.5726174867659821199 0.29272126068484582984 0.046967452359439797183 3.3328834959545443617 0.8155861712281116116 4.9005675001611983532 5.1846288026871674148 5.4453122095994430651 1.15634e-08 8.17607e-06
39129363.449691988528 5569 1.9775213906649056206 0.217046075321157661 0.35990356634394116142 4.7323145726571942404 2.1245622464823514797 3.0642536082401843345 3.0451954855646046205 3.024305247139276176 2.77052e-09 5.07813e-06
39129363.449691988528 6450 2.660645686788180253 0.31801859794059339492 0.11372609086421996138 3.2544018024125049848 1.5663392691374753429 3.7866965010582620543 4.0115080341696778277 4.2545614975811085756 1.74846e-09 4.35581e-06
39129363.449691988528 6969 2.2375394201722276222 0.058596374182318639035 0.053157470052495381374 1.255089541580837631 5.9210316754409149098 1.6258062089113354265 1.5671704050623946891 1.5085744160719556373 2.41679e-08 1.04535e-05
39129363.449691988528 6677 2.1263375128778543299 0.40998021936908546348 0.28540470100282644417 0.40526946793577173223 4.0087635075170027221 3.5018481932795824108 3.6904009955330403514 3.9042757620901160642 2.33048e-09 4.79364e-06
39129363.449691988528 5647 2.052484614108115224 0.46027014114903569419 0.38411382856308617928 3.1385290615279757276 1.905804877350680826 3.5215418884745974815 3.7542705529423296973 4.018953656028636523 2.57441e-09 4.95537e-06
39129363.449691988528 5992 1.8247973231283183271 0.11489039007403342718 0.30113304341752827886 2.8851603384385740014 6.0254933854835162066 0.56668750023824876472 0.50769154261267346318 0.45183628645294515724 8.41385e-09 7.35386e-06
39129363.449691988528 6761 2.0623566484135187338 0.37044149206919479989 0.19153604136835478133 1.591511043611266496 3.5796370251763973691 3.9050050998840997174 4.2109479150526922808 4.5357846393034995103 4.88068e-09 6.13306e-06
39129363.449691988528 5252 3.1601153983742049647 0.19820032219142874608 0.18830139633995968129 4.7852951989716911996 5.7955645473916108656 2.2495513417699033454 2.0836688326934122983 1.910969238081754451 2.42859e-09 4.85999e-06
39129363.449691988528 5394 1.7996495261842599955 0.18619181423835398648 0.34898484817265557068 5.9080395529111253694 5.2373413428702981776 1.8852195443098871408 1.7017667895710260062 1.5171695924663328725 4.23442e-09 5.84945e-06
39129363.449691988528 5577 2.107990777611920219 0.22702607541821695492 0.59833335873826365425 3.4464643317438565795 0.55207505057609573829 3.2130734916361594067 3.2316305934331865934 3.2520439461804926395 6.01747e-09 6.5764e-06
39129363.449691988528 5288 3.1126413974413842389 0.18720605948884808112 0.21069816693097120908 3.9201343360164200291 4.7986961006528749962 4.3206544782603852894 4.5012595313741998737 4.684308651507004484 2.94866e-09 5.18471e-06
39129363.449691988528 5234 3.0965595503353147144 0.17118595256083876666 0.12429148988950232402 0.15303054442098984467 0.54539944740793566691 2.1321855605864374894 1.9794697330169270799 1.8223811476487008498 2.35138e-09 4.80793e-06
39129363.449691988528 6129 1.4143792404542288033 0.19151488980903552672 0.70017047757922101781 0.94704789654849153013 4.3038796219007018351 3.9924748767687838757 4.1473942176813860527 4.3091460474561458227 7.14833e-09 6.96495e-06
39129363.449691988528 5351 2.9602971399434707678 0.14806559588732559618 0.094921869716615411838 3.5671449860087620642 0.76381299168402549959 3.749538765779862004 3.8400527155231709564 3.9352646851537964601 2.44807e-09 4.87295e-06
39129363.449691988528 6827 3.0958452148595188014 0.17754890810510798316 0.14379271031224793997 4.13142425612607056 1.5667328985296504751 5.4213518664455957463 5.5495429216258420624 5.6684260161484765206 3.04652e-09 5.24145e-06
