92254620.123203292489 0 5.3981075624483869646 0.050653695924968537845 0.033034758378878932572 0.21347827592553678122 3.3252000886030801396 5.8648378789919535237 5.8849624763480248291 5.904605009458188114 0.000954966 0.000356051
92254620.123203292489 1 9.0038331071757085056 0.042525149465963675566 0.034699076369108683426 1.7862138502441999854 3.0209093296373770166 2.494050726685421715 2.4679453207571016016 2.4414164013766903594 0.000285285 0.000238018
92254620.123203292489 5775 3.0688591770632895894 0.044514889704958086891 0.084442931821682984395 1.5349779309869207022 5.8072333904834314566 4.2668585273671162383 4.3074317303274485269 4.3483462219487014622 3.02463e-09 5.22886e-06
92254620.123203292489 6920 2.4311496461138246694 0.20465582172170657116 0.3459380338167226121 5.0363181640027558927 5.5087844832738452894 2.0897472582864300428 1.9009868758772880959 1.7073864428930094483 4.48089e-09 5.96081e-06
92254620.123203292489 5134 3.53541657918947827 0.028510594423771261352 0.36516818674450979287 0.92778027246227112723 3.5897533333086015794 2.2812949016144967729 2.2594763876378838319 2.2374637701387221078 2.31886e-09 4.78566e-06
92254620.123203292489 5278 3.2061266289978380684 0.034790701259723465222 0.25464450335175320417 2.198491385212020699 2.2082975170715632984 1.8994051045628064234 1.8662830149941112001 1.833000124310323109 3.13887e-09 5.29389e-06
92254620.123203292489 5451 3.3012051108229472085 0.066524970801872099213 0.012810277850689711504 3.8225004760258523007 3.4947574952711177865 4.1653315405917341607 4.2231972332901799305 4.2819196868551889779 2.58702e-09 4.96345e-06
92254620.123203292489 5063 3.4719179674772626676 0.12952891041169478648 0.38400944212141124856 2.9830399590549068201 1.1907362676564494652 2.8040154828113976748 2.7581251637738390947 2.7096634285911842532 2.23728e-09 4.72886e-06
92254620.123203292489 5878 3.2393432408276874312 0.088182783077837154084 0.11206331521611574698 0.011988785130343250149 1.9632351910417067398 4.2359596454819063993 4.3160559493319192725 4.3974030484941817321 1.44428e-09 4.08696e-06
92254620.123203292489 6255 3.2095176139674324034 0.10390764070573707545 0.20655931229975044161 0.78754972226993480433 4.3455291342308033364 2.4789756727298373207 2.4121597363370033129 2.3429108058729481989 2.45838e-09 4.87977e-06
92254620.123203292489 5548 3.1796193284637297438 0.03516106574564573789 0.32020482635817143491 1.2859076520247829656 3.1463069742921794258 0.60168886858656889238 0.58206543059946147523 0.56273561986148223912 2.11518e-09 4.64123e-06
92254620.123203292489 6443 3.1975872493643660022 0.2343134918977478609 0.31884507162670189251 0.30076460385566194944 3.6214289609434922035 5.9858528386176041991 6.0483470301898938359 6.1028684301309743532 1.88164e-09 4.46371e-06
92254620.123203292489 5990 3.091638795925760963 0.091400037036963088788 0.12827715264818503882 3.9633742043715547432 0.041921527857882168178 1.7143291014833816899 1.6231447272660814996 1.5318698959085705891 2.30118e-09 4.77347e-06
92254620.123203292489 4189 1.1045645092708733515 0.046308198843677761403 0.044251676089885338961 5.8471087853611152241 4.8571828408226513929 3.3156111144797657531 3.3238205556928259732 3.3322125754039464418 2.51666e-06 4.91804e-05
92254620.123203292489 5098 3.123434484196442984 0.044869025128693756921 0.11470463368127468973 0.17413265753264009494 1.8447115972350698332 1.2130728675855582122 1.1713569933884511176 1.1300200945722693735 1.90652e-09 4.4833e-06
92254620.123203292489 5929 3.2624538069537991625 0.097430699637343298747 0.21708318948781829549 5.8793694386211612368 5.8493805576790300904 4.3790335362560197652 4.4727500722398012556 4.5673965672627723222 3.18574e-09 5.32011e-06
92254620.123203292489 5467 2.9743107874131409218 0.18857793924477311842 0.14639055757054503237 1.7530324425398438049 1.5303895904848037191 3.3194413927522785634 3.3565789700353132474 3.3968090673976671923 2.43648e-09 4.86524e-06
92254620.123203292489 6282 2.83191345504936276 0.15938680790853895775 0.086307191566334123811 5.5774170100594551158 3.5045427409381262329 1.2143015834777270978 1.0683282126704056747 0.92864215402834160429 2.68214e-09 5.02355e-06
92254620.123203292489 5694 3.117361795917162226 0.23166521514393673131 0.33630588754268558871 0.30646242987063676555 2.4070778698641630555 5.8459058549374462999 5.9357399649456441537 6.0146212560954257498 1.21025e-09 3.85309e-06
92254620.123203292489 6392 2.9654994321341328067 0.20242631952067946521 0.22382050879542761401 0.3982157067730330291 3.4594353466862317603 3.3742186627196240067 3.4265721248917322406 3.4834818050304385828 2.75286e-09 5.06732e-06
92254620.123203292489 6484 3.1204042781024967645 0.073411178810104768533 0.22042031915973339662 2.0253031419251232848 3.1731399002094433648 5.2915677618768608426 5.3518579665401118106 5.4107640334252131709 1.88476e-09 4.46618e-06
92254620.123203292489 923 2.0217287044570513288 0.29198554779127894321 0.32928931289631335755 3.4968055493637182352 2.264358104342582223 3.836930318561681208 4.0520720019086109431 4.2826815588998909945 2.53731e-09 4.93145e-06
92254620.123203292489 6739 3.1820367035506538222 0.2434389971850922374 0.18027576764508854157 3.8734872031615683596 5.2650506802521768179 2.4444270716106824004 2.269579675467901847 2.0831965936035978793 1.84353e-09 4.43337e-06
92254620.123203292489 5885 3.5144643755947164721 0.065644238083708852938 0.30346893322057522102 5.7025044332580900885 4.3812525607748291634 3.9561699789757942547 4.0050663877016345893 4.0549628606074108461 2.25928e-09 4.74432e-06
92254620.123203292489 5405 3.1739302106854774266 0.032189667152030788932 0.17016186138784844539 0.6683347247803730351 1.2244653817344783864 0.65330079921260220122 0.63397812898308059104 0.61491043397568423412 2.93677e-09 5.17774e-06
92254620.123203292489 6764 3.2846108609749529172 0.041817099252281393629 0.30728369927558218944 5.9138305275744258438 3.3471074426039026939 0.012324715682575872536 0.011819682706620654108 0.011325429370203763182 2.4069e-09 4.84547e-06
92254620.123203292489 6362 2.9961955333426493198 0.10992009955943024546 0.25245410069696200273 1.5711164978506906298 1.294029173317871928 2.6116196783596397069 2.5531183981262315363 2.4921025672782457505 2.92709e-09 5.17204e-06
92254620.123203292489 6775 1.5518584413461089522 0.23638175893616963918 0.25585504958767030237 1.4104169878068451016 2.1924723861595065699 2.2620382056774670509 2.062674074180956385 1.8543159431382880697 6.39874e-09 6.71246e-06
92254620.123203292489 6055 3.2554267030135730643 0.090118451613328376393 0.081412033190314675446 5.7459488167096450795 4.9560923946415194052 1.3392169150244344067 1.2522816125152842481 1.1666959755414378908 3.0525e-09 5.24488e-06
92254620.123203292489 6498 3.2365057870374074334 0.067183155693538595954 0.14990151942228541193 0.95309762465331304693 1.8454440559884797146 2.4682656145715906604 2.4251976955898149058 2.3810805258994354183 2.50157e-09 4.90818e-06
92254620.123203292489 6313 3.2509694168366758404 0.035457701546664145698 0.37417739090561319415 0.73066225386648342432 4.8211853853704687012 5.6050541823352268977 5.6270011733622942174 5.6486338422923276781 2.33149e-09 4.79433e-06
92254620.123203292489 6300 3.2466421760223429516 0.061630354098398412721 0.19401561233440958731 4.7952352939626852191 2.0420568970255357222 0.46032352807411686113 0.43365744699506286741 0.40776083437838339663 3.26125e-09 5.36181e-06
92254620.123203292489 5323 2.8297226551074832201 0.14415855759655377133 0.17344698235351532767 0.96502633400171478062 3.410977081311543202 0.69878401645762788785 0.61051887054827436163 0.52787382555749462476 2.25995e-09 4.74478e-06
92254620.123203292489 4755 1.8610821382519164846 0.063103892173283243627 0.086700450278478474742 1.0863382598017818914 2.7958277627347736249 6.0184181957186089207 6.0344586649599927242 6.0499929492659632047 2.45943e-07 2.26531e-05
92254620.123203292489 3800 2.1403074254424931944 0.29000509456575856992 0.33956040231384193584 0.35859777696164246708 2.8043733054189070586 3.5698247078939937538 3.7118344769148037265 3.8683895581744294212 2.3176e-08 1.03085e-05
92254620.123203292489 6956 3.5204980032197719098 0.14834878348550467608 0.43072893787756150186 0.84107612308591028771 5.063855320223171752 1.1351764916143398665 1.0042480290782227481 0.87907746642141404436 2.20649e-09 4.70707e-06
92254620.123203292489 6197 2.0578176243460402084 0.47711080282987511358 0.4002488145466134295 3.8592488904965369656 1.833778371891138681 3.3203043633339679452 3.4405174044218607143 3.5810231060296660033 8.02678e-09 7.23931e-06
92254620.123203292489 5080 3.2281277953948075421 0.15710731389602355934 0.25593790098607843708 6.2080952288385224946 3.5557567800976204175 2.4420373444661720441 2.3338007765274810801 2.22024943675142028 2.57476e-09 4.95559e-06
92254620.123203292489 6233 3.1631017982078013517 0.17137281470284890239 0.16931421400334206728 4.3078500204268053153 6.0951857495643926299 5.9345178560154430158 5.9890630417335808389 6.0387440069948414845 2.38928e-09 4.83362e-06
92254620.123203292489 5489 3.2164944597360576317 0.15022026427595966402 0.31476289427973713764 1.5703387971680515811 2.131980457780575211 0.41207756869565809188 0.35550107092726385138 0.30321538336406811398 1.80848e-09 4.40509e-06
92254620.123203292489 6756 3.1779624312809913178 0.045930633979854501581 0.30865576013194512273 5.0643908581268748392 0.76049540505463431028 0.15166747346327535961 0.14487853143713835813 0.13824742316439658785 2.22448e-09 4.71983e-06
92254620.123203292489 5116 2.7450727403078865052 0.21522128879230231768 0.031078022260443274871 2.7862043945457268812 1.4304239773977256434 2.453559037959469169 2.3028543534684562388 2.1427726749856241817 2.56354e-09 4.94838e-06
92254620.123203292489 6951 2.9743682468156316112 0.047687715954136442043 0.058463004365715463828 0.091448007380769691377 2.8092162588055842321 5.062800108521637199 5.1072440470898268217 5.1512623042318628208 2.54062e-09 4.9336e-06
92254620.123203292489 6295 3.2652806550727047075 0.051276158305119542979 0.22210586961071579482 4.3400652771976711009 5.9951807222174080536 4.8259471543394170112 4.8767678721709666334 4.9273528372735500014 2.30061e-09 4.77307e-06
92254620.123203292489 5923 2.9951476181823131206 0.097703385555359054115 0.19782499616878929105 1.2182223272370669154 1.5698861078434338534 3.2613512757687961319 3.2736499301618482427 3.2865149046381145759 2.22479e-09 4.72005e-06
92254620.123203292489 5234 3.0125905864307935822 0.14963160910824105376 0.1289695885956202992 0.31175180081944930954 5.2444828219779786593 1.6877186205200482849 1.5372286576095290922 1.3876813421675442406 2.35138e-09 4.80793e-06
92254620.123203292489 6863 3.1531866275786089027 0.13790388570759340436 0.017469240152023939039 4.8684831436543900551 0.14533864140030056111 5.6144795342365210189 5.6959120998546390879 5.7723236988878738885 2.72515e-09 5.05026e-06
92254620.123203292489 5146 2.7822142276986019382 0.072843897705086105288 0.12020465075603205263 5.2443348181955240506 5.509374708152612321 2.3691698604365671876 2.3169130784998634986 2.2634215959346879465 2.55901e-09 4.94547e-06
92254620.123203292489 6969 2.1867473671934707369 0.30284675082196232943 0.28622935870878901676 2.222663855206408634 1.6467113554138519405 4.0296804092599067815 4.2948267743794410478 4.5716530117597278249 2.41679e-08 1.04535e-05
92254620.123203292489 5853 3.1347973448315085143 0.1568607308683329371 0.15897361583448882394 1.5936912297304843822 4.2538351269463596793 0.28864957192311546663 0.24688593591327323562 0.20855144633132077781 2.34516e-09 4.80368e-06
92254620.123203292489 6657 2.2414943068198875942 0.19494879986804272698 0.25044502401398233138 0.86095569247175551819 6.1956747299675276608 3.3557216897794663879 3.4019911905132533825 3.4521838145799086384 9.52311e-09 7.66378e-06
92254620.123203292489 5962 2.8390861267178637561 0.24630483374649078665 0.23540554368187815992 0.57359804946240244838 1.3440184612334806769 3.9542384717512080172 4.1523218089007745135 4.3609960493933481729 2.88829e-09 5.14909e-06
92254620.123203292489 6628 3.2468052605549657663 0.093812571818855036709 0.23198413738489645497 5.0702876002506389597 1.1134932725143513732 0.75215639813210921627 0.69007241942409980329 0.63035198972651595994 2.5094e-09 4.9133e-06
92254620.123203292489 5290 3.2107748323941667223 0.019171033967338178827 0.12691165995696815361 2.4526728397815618088 4.4850122758177644045 5.1873711911876272396 5.2043467433233416841 5.2212442804301417709 2.68653e-09 5.02629e-06
92254620.123203292489 5185 3.5263230795093454262 0.010052659959027317876 0.21982613071069304067 2.2633149741579670078 2.1486437117568226718 5.9908772828236571684 5.9937602832037644163 5.9966293245259612021 2.64564e-09 5.00066e-06
92254620.123203292489 6827 3.0936044777204618761 0.15612453148972288419 0.11807493813764952106 3.4588058572014714898 5.582931711282470566 4.3576348238844175853 4.5087842094289127814 4.6616838410721896935 3.04652e-09 5.24145e-06
92254620.123203292489 5324 1.9890181473260146738 0.12127903243519204401 0.087518323432987196742 4.2298042423930191092 0.44852864371254363984 0.087020166178738353469 0.077045597153121175849 0.067710823317059826154 4.64884e-09 6.03437e-06
92254620.123203292489 1410 1.699485330900573965 0.45626451721018490559 0.40345527604247838349 0.98331771345352092517 2.8780968429114124341 2.7916099491636399144 2.5782964350136010623 2.3346621125404736219 1.96181e-08 9.75145e-06
92254620.123203292489 6244 3.179831603451384936 0.10233391897455287878 0.34251877852858864104 5.972693999497873385 4.4286242294468607383 5.1630210574366186549 5.2533016882046013052 5.341026321555490064 3.08558e-09 5.26376e-06
92254620.123203292489 6327 3.0116843771020733733 0.12959759966081974003 0.11745005090890860144 3.013018286753041064 4.2779898438964059082 3.1966744243631293187 3.2043373531012799837 3.2124635810785155954 2.25041e-09 4.7381e-06
92254620.123203292489 6874 3.2662213215978606051 0.090595504887639385916 0.27752377494580698913 4.6333642137093278279 3.7556274898886385927 2.2512153460831663132 2.1786071135906541762 2.1042372471665022893 2.61974e-09 4.98428e-06
92254620.123203292489 4112 1.8107608616380848066 0.50346035026461166684 0.74904934814441515023 4.7773342194219106105 5.0215483501642186326 2.5764643918967236047 2.2059921885373396933 1.8007290104337181358 1.99037e-08 9.79854e-06
92254620.123203292489 5511 3.222823842762735147 0.1296988878433540382 0.13666251577571481013 3.6565306307078553338 5.7461938882752878754 1.2267277521438066934 1.1068919692109486785 0.99090065332007015719 2.90982e-09 5.16185e-06
92254620.123203292489 6186 3.2438441390983387969 0.045149093714973997926 0.20230685596144690197 1.7356606564301284568 0.86247905539384328577 3.5832601003838937537 3.6029706512958505904 3.6230702351513421888 3.14704e-09 5.29848e-06
92254620.123203292489 5195 2.7438674803140479241 0.090862565025870589697 0.096770607979576636626 0.43455923761185522025 1.7640884917416514988 1.9483501900489759162 1.8623204789080325394 1.7752916846327437828 2.26107e-09 4.74557e-06
92254620.123203292489 3953 1.229712269534092961 0.11486684805765187689 0.33759460015117043197 3.9858272216746994943 0.6729563459908307621 3.3742608107271583329 3.4024107893010899772 3.43203163021331914 1.87457e-09 4.45811e-06
92254620.123203292489 6667 1.4559482544019659578 0.11014803973886623523 0.40743447084157780047 5.4919835999071153765 5.1129669648160076534 4.3907252035920549815 4.4973048533985853226 4.604914910743381995 1.85586e-09 4.44323e-06
92254620.123203292489 6816 3.1336756623747596961 0.18972739803052518504 0.11679126726810760972 1.7708877829485059063 1.036559230524247921 4.8726518306606170228 5.0582854873887841407 5.2367756880889384519 1.76213e-09 4.36713e-06
92254620.123203292489 5762 1.2023596047994276059 0.33763275148179905383 0.34127792094815678769 0.62529572170015046417 5.4369280824529653273 4.4611827559911496621 4.809762295439155011 5.14579566822267509 4.50081e-09 5.96963e-06
92254620.123203292489 6595 3.0290919094788582022 0.072560675617563130668 0.18617925619562156192 3.0914069957962273527 5.2588611115253049988 1.7726186449995458005 1.7009454603629519109 1.6289984630396585619 2.5233e-09 4.92235e-06
92254620.123203292489 5950 1.7896442094746614071 0.22114473030059453307 0.20286920833533014785 5.0638549248299495886 1.8690200445821005815 3.6372385500417436788 3.7552302016088812131 3.8825753269833960246 1.07677e-08 7.98408e-06
92254620.123203292489 5351 2.9733861894671922421 0.19798275461396996899 0.10857779113886721623 1.5412494100198399494 1.8006474086250130462 2.8747088713749064937 2.8163614306526878472 2.7531004176456890242 2.44807e-09 4.87295e-06
92254620.123203292489 2768 1.5693756161828040785 0.080063101178619047738 0.0395764291561962675 0.63601087905191389105 3.226958697113710528 5.9018478651624457498 5.930619413148709107 5.9582657629766666574 1.06163e-06 3.68842e-05
92254620.123203292489 5194 1.7773297646075083556 0.62526330381734651631 0.10063459047220581211 0.58744329109810589085 3.1343542417325767069 3.5447939178908041136 3.9463984550233268678 4.3970232346632789344 4.75382e-09 6.07945e-06
92254620.123203292489 6928 3.1890459282117085138 0.27685337585558578155 0.29112786926354983219 0.54887895281420551186 4.9689881843985794774 5.3383788971893766373 5.5489442811475884199 5.7344426687139895549 2.08658e-09 4.62021e-06
92254620.123203292489 5914 3.2167345773274687026 0.053183188267828897244 0.10240313239791078159 0.37695167553381758729 4.4424792727376809509 2.4422948772079924318 2.4073290769253570254 2.3716941776994273638 2.63408e-09 4.99337e-06
92254620.123203292489 5072 3.1055560575714600269 0.044884764299279789057 0.26025643865405573285 6.0121316435306777493 0.42812667420702682497 4.7502060370262615407 4.7950357498806628342 4.8397673089818944447 2.73643e-09 5.05722e-06
92254620.123203292489 6154 3.1562624976541346911 0.067729492875693506071 0.19632539609799926072 2.1214892428037845917 3.1822427237462007632 3.9976929407348547052 4.0500591962962060322 4.1034680775552230259 2.04677e-09 4.59064e-06
92254620.123203292489 5312 2.9989796721147627956 0.13593700313170675731 0.18339159516773487213 5.5043344619260077266 4.0892326630682438449 1.1768085718768208636 1.0540765123499207245 0.93588685069542387751 2.46345e-09 4.88312e-06
92254620.123203292489 6126 3.0390561846391883627 0.22949314206172888309 0.1901884549967050031 1.3247920806670068217 0.28836045016192740631 1.791525482303869099 1.5596858629241991956 1.3302068853097330781 3.04059e-09 5.23805e-06
92254620.123203292489 6952 3.3098794125850914405 0.10823214970962399817 0.092882377379604919021 2.1458750176940561971 3.2127913543206951807 4.1418896957696258454 4.2359390002821850629 4.3321171899457882049 2.57429e-09 4.95529e-06
92254620.123203292489 6073 3.2174925721760718744 0.10111639048888870773 0.26701509504420700702 1.5651963229301091296 1.4563972282746933118 0.64434321275013195507 0.58583753115761849628 0.52993053686241042843 2.87152e-09 5.1391e-06
92254620.123203292489 5578 2.9042133315675244809 0.13222421935116346337 0.27816483780166506579 5.5586947139433844356 0.94367095780640075642 1.0924107764642629892 0.97813417642903988103 0.8684599224043658694 3.04211e-09 5.23892e-06
92254620.123203292489 5231 3.160753270875315657 0.059794374459009903833 0.34208092080485857922 0.2009076913503227424 0.41375707679275047779 2.3264047248383699085 2.281938897898767582 2.2366376863422838817 1.89135e-09 4.47137e-06
92254620.123203292489 6029 1.7854890082047709665 0.20186749997791322842 0.53900978585538228405 2.683416983465376493 2.9588262543112828773 4.8311320407579394498 5.0305813594252182241 5.2223156123574483445 1.2969e-08 8.49478e-06
92254620.123203292489 6192 3.2278842216858056879 0.19746545159522829738 0.27168919572775396265 2.6941691734745631948 2.0523204125331067083 5.496191286411072241 5.6279536707937793949 5.748277846801635782 2.79503e-09 5.09306e-06
92254620.123203292489 5211 3.1205149989382054976 0.12449132049795495758 0.23928489927990148622 2.6612748308170752765 1.0304346998459557039 1.8289724542044223377 1.7063319385908961578 1.5829823154301974064 2.07199e-09 4.60942e-06
92254620.123203292489 5717 3.1332530811965422224 0.10316434289567696925 0.12561528858507062245 3.8727613919417556154 4.5525702291741572125 4.9282650068535254206 5.0281142199265831394 5.1261792976755806706 2.31886e-09 4.78566e-06
92254620.123203292489 5643 3.3130843809132324296 0.091355425028365341844 0.02477401562108335481 3.8684118019303461722 0.29894989927871157276 6.0112834776193082575 6.0348302933284081462 6.0572863500486278099 2.47115e-09 4.88821e-06
92254620.123203292489 6842 3.1840796195423695103 0.021739343530567525192 0.13357353130973043109 1.5128065960519103683 5.2221147288741960324 1.4045365794212039123 1.3831337974836228621 1.3617761315177348003 3.94698e-09 5.71398e-06
92254620.123203292489 6572 2.9581823937917484102 0.16917390571963883406 0.20275768828254142617 0.64173947382462881439 2.1274523119943817839 2.3591980057007058136 2.2315158738983504882 2.0979444710510724015 1.66053e-09 4.28153e-06
92254620.123203292489 5131 3.5365477735185710806 0.067843463466553163843 0.2701385456644628813 4.9242224359737543082 2.2123767818594748391 4.2545879205602723516 4.3164242393330205516 4.3790183076655804228 2.25296e-09 4.73989e-06
92254620.123203292489 5534 3.2384685848846310741 0.12327131543433228478 0.071174112775427039734 2.9969476753242751954 1.7358343257627046885 5.661004360645030431 5.7296436668892436472 5.794447801709518231 2.18919e-09 4.69474e-06
92254620.123203292489 6119 3.1529203553092823853 0.14297464347123123307 0.17356028846156196233 2.3424272637304919265 1.5622649451136876309 2.4887737714021218594 2.3962600407135945524 2.2992923109350424937 2.96829e-09 5.19619e-06
92254620.123203292489 5257 3.2285942269973215701 0.16691179310111203815 0.19367048578262280323 3.5342596290356707023 5.5455164555906808488 2.6828351260712799409 2.6023758528460971817 2.5166726430218551158 2.20895e-09 4.70882e-06
92254620.123203292489 5240 1.6928043584946113054 0.20109231801688517982 0.35304018147663418503 2.2632112433016233766 3.8035601884968799347 0.397541641174954552 0.32565197551041563662 0.26131720135862268606 1.54708e-09 4.18172e-06
92254620.123203292489 2850 1.6457729117671877628 0.31330444253988504189 0.52244568295481752518 4.1831197011849816647 1.3622134594856427636 5.6479697882613768556 5.8164281996614022319 5.9574128957015783925 2.86233e-09 5.13362e-06
92254620.123203292489 5957 3.2137160462511578096 0.096432932302023696702 0.12716386219250164213 0.94347129070366375636 2.7926967719850774863 3.1658324517241487328 3.1682941314308323832 3.1708687272759226161 3.45473e-09 5.46581e-06
92254620.123203292489 6103 3.2888168348091153526 0.030280032735268563177 0.12482868488703172116 3.6992643364334711897 3.7025821397076228436 0.27275441534413530364 0.26471287584698366402 0.2567906455989925063 3.07621e-09 5.25842e-06
92254620.123203292489 6335 3.1002814968075913526 0.11478687764506988189 0.24512423289210064081 5.0536019841674493236 4.6515720732044858465 6.2382621115583374305 6.2431527179726211685 6.2477467066016325603 2.80706e-09 5.10036e-06
92254620.123203292489 5252 3.1203863104406566187 0.15519216416916958856 0.18430504567349662026 5.0472264314954262687 4.5147349991233998168 1.7269634367406139219 1.571145707792907853 1.4159535530956655069 2.42859e-09 4.85999e-06
92254620.123203292489 5034 2.8293538345854511995 0.28190136704500656784 0.10759357420148819851 3.1650134368591742451 0.12480566456925525076 1.0048603151340058659 0.78032822861111528212 0.5820070301297131099 2.20492e-09 4.70595e-06
