87720739.219712525606 0 5.3982443110051008262 0.02043907433099744278 0.013335751725256200437 0.8629148711929800486 5.1831374808827979095 5.7430541968950681309 5.7534746204678546277 5.7638021515397479533 0.000954966 0.000356051
87720739.219712525606 1 9.0020472073684789649 0.086981126062870325888 0.059742343216437211739 0.44530584093725311678 5.1556951749537276442 2.1658924373266819075 2.0919538927591636579 2.0165200829211946676 0.000285285 0.000238018
87720739.219712525606 5775 3.0465188734809185434 0.13074155206019250075 0.080546396053204544208 4.2604024157094348979 4.5069971616037012296 4.8784280354304332405 5.0063624230320336039 5.1314951754850577359 3.02463e-09 5.22886e-06
87720739.219712525606 6920 2.4249922598651885153 0.23263678158588793621 0.44885078656100357852 0.95441636981324873279 5.1956239398119885564 5.9057897322736829793 5.9840808967541683216 6.0526306974166512731 4.48089e-09 5.96081e-06
87720739.219712525606 5134 3.5427806924504876562 0.022446683263169259215 0.34506548734377540111 2.612170307915473888 6.0592257954939645614 5.6283933509823551589 5.6419441198752249278 5.6553715132819819544 2.31886e-09 4.78566e-06
87720739.219712525606 5278 3.2046668102635016417 0.059186781444623352832 0.28774235349340820944 4.6270443980440987275 3.9991521744480595935 1.6383341729836171652 1.579129440260538475 1.5199447137921591189 3.13887e-09 5.29389e-06
87720739.219712525606 5451 3.2959862755810069856 0.091776279557931994546 0.058933891230483023693 1.3408202654158596356 5.9956095623672593931 3.5192249135139852534 3.5546468440287193324 3.5914866251415813458 2.58702e-09 4.96345e-06
87720739.219712525606 5063 3.4746991340029755868 0.049775763449829042717 0.42696220240010340774 4.1773187972436121029 0.20301141692333574129 2.509491430146645996 2.4794624933799869204 2.4488604401387945586 2.23728e-09 4.72886e-06
87720739.219712525606 5878 3.2476179561321845135 0.084447858361038463659 0.072391178065057001922 3.5059716160120872885 6.0542608727309978889 2.5130877757128415873 2.4615982072844277972 2.4084983477342789548 1.44428e-09 4.08696e-06
87720739.219712525606 6255 3.198346084029549008 0.1060276102472723081 0.18553296577698985548 3.5189047852721095921 2.6293569022255307566 1.1016739090499159115 1.0091257932677122344 0.91938756900202056599 2.45838e-09 4.87977e-06
87720739.219712525606 5548 3.1832208221565845285 0.086137910652771709774 0.30054116686114168422 5.3822251943883321346 1.6804667065843470475 4.5029762046431667244 4.5881017492526945389 4.6735752161341554967 2.11518e-09 4.64123e-06
87720739.219712525606 6443 3.2063405894699985588 0.21862745963573254615 0.26519955044475074235 2.4421154541683178785 2.1134282106631805398 3.5433849324726871544 3.6396687540852217246 3.7441150215471488139 1.88164e-09 4.46371e-06
87720739.219712525606 5990 3.0838784876822380454 0.096763251516117601558 0.17906257677288639485 3.0682253530334140379 4.119648632331476712 1.8594300981770017778 1.76521974682975058 1.6702795896372917284 2.30118e-09 4.77347e-06
87720739.219712525606 1284 2.5888408253594707986 0.43416622873282090245 0.6699465077393627066 3.7312296659275259181 1.9822403318643180281 2.7510058961085119833 2.5313987304331595496 2.2826100202236387915 3.64405e-09 5.56389e-06
87720739.219712525606 5098 3.1202556426589787009 0.048200626858033619737 0.082324538899538016179 2.3131359577243411074 0.55377487644542389145 1.5159852479131694647 1.4679018199170001946 1.4199561247758170079 1.90652e-09 4.4833e-06
87720739.219712525606 5929 3.2546088182296037949 0.13670312880800175592 0.17156461285504820413 5.2594976903590353601 1.0742900419549425983 0.58934764895861246892 0.51716132275739945534 0.44957328898455906074 3.18574e-09 5.32011e-06
87720739.219712525606 5467 2.9445593576784436785 0.12354340171702085649 0.17943926902361143072 3.3821376791769979242 1.2512991726458591035 4.3679691622016205699 4.4870596420997275189 4.6074799378736042144 2.43648e-09 4.86524e-06
87720739.219712525606 6282 2.8423553806035100067 0.11831909829504964893 0.042942356999065955936 0.18662479306335316709 0.037022754862243607843 1.6472609341024491147 1.528472282173280794 1.4102591420244656728 2.68214e-09 5.02355e-06
87720739.219712525606 5694 3.1194596138456169854 0.12730701651226566939 0.29210406929346360849 0.42865024119058464658 0.091776367938386019252 1.6944011752124115144 1.5667155954452749445 1.4394096389132045033 1.21025e-09 3.85309e-06
87720739.219712525606 6392 2.9690952319537893267 0.17707939980669401558 0.1804949876222114169 0.9174365335943178712 5.5465404019415460724 4.7109628758752002398 4.8890033934000243221 5.0633281767552666963 2.75286e-09 5.06732e-06
87720739.219712525606 6484 3.1112915335984481224 0.13467176596353558349 0.23990080617880865654 1.1793303371519536782 1.0974847017386240022 0.50594098528061537401 0.44405873197546014142 0.38620265166419920355 1.88476e-09 4.46618e-06
87720739.219712525606 923 2.0155520926097558743 0.41094879238934800547 0.294554138971243884 1.9889467449853341918 4.931360067322784424 2.1818656314285460596 1.785461845165965622 1.3839452726004193295 2.53731e-09 4.93145e-06
87720739.219712525606 6739 3.1929955192257484242 0.19996765401354568703 0.22014540807920932042 6.0858879088583597294 5.5782238226977201023 1.4787325831652555763 1.2800868314747850807 1.0885096697315685965 1.84353e-09 4.43337e-06
87720739.219712525606 5885 3.5143505646419983535 0.055397232246676177125 0.2689361378312445372 4.8401398348298405594 0.51738274993835919879 4.1553018306422586647 4.2030499175547468838 4.2514154113410782543 2.25928e-09 4.74432e-06
87720739.219712525606 5405 3.1634367042556368332 0.059689529487704361121 0.12662133622056209736 0.5162116511951945208 3.7246765735182782997 3.2127971785945885763 3.2171780667089429073 3.2216854297147436981 2.93677e-09 5.17774e-06
87720739.219712525606 6764 3.2856730478050102384 0.033183625896368994235 0.26251589295408028768 0.0084906889418519954082 0.13664535287172246969 4.3930604356008524647 4.4247375939558279967 4.4565577983528834594 2.4069e-09 4.84547e-06
87720739.219712525606 6362 3.0039786080527055567 0.0097090757463801843907 0.25196120525978693561 5.2083153175249918831 5.5010977392463233926 4.4569479586289846296 4.4663536833900110423 4.4757703769930214932 2.92709e-09 5.17204e-06
87720739.219712525606 6775 1.5473273785997110341 0.13677685438362841008 0.22417816589835934393 1.0319817098280714696 3.9354121984839620652 5.1231224111529112264 5.2455976764256382339 5.3633872402191409279 6.39874e-09 6.71246e-06
87720739.219712525606 6055 3.2470704220228969739 0.072422403722771838686 0.048011117333778462191 3.6298352112344098863 5.2718189134074329161 3.3963920849582729389 3.4153343487295271252 3.4349127097905824968 3.0525e-09 5.24488e-06
87720739.219712525606 6498 3.2378661804802466584 0.044545880384986073774 0.12204884044426962675 4.2633934763520553446 3.8022987117590667516 0.69282038968405035284 0.66483605555724756275 0.63735436050191696111 2.50157e-09 4.90818e-06
87720739.219712525606 6313 3.2444065497401366471 0.086411083786260334261 0.35219348339003497816 3.1653307264788215214 5.2260869268060288206 4.8001684534265871562 4.8860293180480613984 4.9711409827952817153 2.33149e-09 4.79433e-06
87720739.219712525606 6300 3.2510840968155241271 0.084707903425061237268 0.20881872780686167035 2.1576000875276619695 5.2469607086071725632 4.184322792665283508 4.259190123783191062 4.3353468579905767299 3.26125e-09 5.36181e-06
87720739.219712525606 5323 2.8323884223162019147 0.14932634504390701613 0.1638784904611221005 2.3997283588505675667 4.2847585026379091389 3.6476997040250114246 3.7255750290519591417 3.8079062125290672469 2.25995e-09 4.74478e-06
87720739.219712525606 4755 1.8609838172318744487 0.030714284425099255826 0.025759233113892165967 5.2909546308467705344 0.82948174147940967327 2.9332942197958464803 2.9268442348823291432 2.9202989707281941101 2.45943e-07 2.26531e-05
87720739.219712525606 3800 1.8339335298104215699 0.23609773740581457835 0.41781466065916356145 3.8465334654105616252 0.75426135231702340356 4.414443191837035485 4.6506113357734708558 4.8862586856113905398 2.3176e-08 1.03085e-05
87720739.219712525606 6956 3.5260194349181750439 0.2372204577680852855 0.39018094817246429251 2.4198734706523037374 4.8899246711362609474 2.8738583670980131224 2.8018673695693081527 2.7228188495684380044 2.20649e-09 4.70707e-06
87720739.219712525606 6197 2.0152175209881906248 0.32557286970949750327 0.32356046799923021684 3.4060836004977192992 1.8590863786977522842 5.0570503577163350428 5.3530198899272578572 5.6140377874963816041 8.02678e-09 7.23931e-06
87720739.219712525606 5080 3.221859179668425277 0.12177870417335964759 0.22970423799365433104 2.2835635451709661581 5.9522996437619344334 3.3728072550465948432 3.4025878902412847182 3.4340119363360197546 2.57476e-09 4.95559e-06
87720739.219712525606 6233 3.1598672946234902525 0.16678145077234529658 0.19129982190160937927 1.011113324761095944 4.9173904423161616251 6.1899350684666218925 6.2043674519560561009 6.2174992020412904736 2.38928e-09 4.83362e-06
87720739.219712525606 5489 3.2170596282157730705 0.10156884751055070271 0.32560179601359212631 0.016075256138387391397 3.8789916648299924695 0.57505517686300999802 0.52195251578225398958 0.4713129677713158161 1.80848e-09 4.40509e-06
87720739.219712525606 6756 3.1739493949649628668 0.063128781956815385734 0.29788890827209985046 3.811442141579827414 0.3088428624567546299 0.64172675364587061786 0.60483935197012572704 0.56894243675286182427 2.22448e-09 4.71983e-06
87720739.219712525606 5116 2.7570273041523321034 0.18857319739947786541 0.066777384840269599087 0.11447038041856254231 5.1286532529530228786 2.1039307560810165398 1.9321552574460416629 1.7557606369525990964 2.56354e-09 4.94838e-06
87720739.219712525606 6951 2.9735776799821489469 0.0055577276320328949238 0.006017354802120785523 3.8061486919318427979 5.6473457445788675102 0.12614807074217546101 0.12545074911670262008 0.12475535538154741699 2.54062e-09 4.9336e-06
87720739.219712525606 6295 3.2584028066463015527 0.044346002296848298363 0.24656452111026583296 3.8406969818004452755 3.7125521289462319885 2.0829899892241106052 2.0438957069379108944 2.0044206543930238595 2.30061e-09 4.77307e-06
87720739.219712525606 5923 3.0082195893129295428 0.058185367814594754488 0.20394405693749920183 2.9987397744192887394 5.0076581661844130622 4.2351962108426608467 4.2876145371934608619 4.3406290709568420283 2.22479e-09 4.72005e-06
87720739.219712525606 5234 3.026830703510604792 0.18021194391685335656 0.090539801572225825366 2.005995271347348119 0.40578623241335526339 2.274987325939425542 2.128118306769490875 1.975177007635054105 2.35138e-09 4.80793e-06
87720739.219712525606 6863 3.1371831768697346909 0.16950308415584894317 0.046817717289646752776 0.28699829068254095743 6.0709256593578100336 4.8479268296983395459 5.0147819532171897805 5.1765941032011673073 2.72515e-09 5.05026e-06
87720739.219712525606 5146 2.7765057548167457746 0.10839203459649462968 0.11294931376517690358 1.7007270832005914052 5.3071098201804867145 3.0901154986850274398 3.0842007075439257235 3.0779832922451491051 2.55901e-09 4.94547e-06
87720739.219712525606 6969 1.8508135160784311424 0.41072583808399332206 0.23654811048230744985 4.6440101898980241657 6.0032769391376321622 1.2963032543512269523 0.91033023218672926014 0.58597741937673741841 2.41679e-08 1.04535e-05
87720739.219712525606 5853 3.1311821359731264458 0.19737777338369053015 0.16013134965353417738 1.5032227834129476829 1.7815651945467327888 5.4538934987709559721 5.5914076455215857564 5.7173163463517431282 2.34516e-09 4.80368e-06
87720739.219712525606 6657 2.2317087308945984248 0.17740226075723261601 0.096871351966886676266 3.0209345841933150645 0.1158427193263152355 1.4125196965211452849 1.2388263941467954066 1.0711099126838707907 9.52311e-09 7.66378e-06
87720739.219712525606 5962 2.8322846480399008762 0.21845258072351275702 0.22193410971775889839 1.300644331112946972 6.169321309282914001 3.644251752982178516 3.7620710837234070389 3.889084761439001614 2.88829e-09 5.14909e-06
87720739.219712525606 6628 3.231638050258759165 0.13061905846155930089 0.21123796528210225798 2.567364911876846012 1.3832666719560733348 2.3278031097562963403 2.2280333816582493789 2.1246244645719309929 2.5094e-09 4.9133e-06
87720739.219712525606 5290 3.2171706170933229707 0.049084379918552981104 0.14263381252032489299 0.31370510326699069248 3.2094084332144867666 4.2658501800396537718 4.3106157310988404419 4.3557914732739959618 2.68653e-09 5.02629e-06
87720739.219712525606 2992 2.2152683071043060004 0.31689771079338824311 0.7129975858537808131 5.2438290015169819469 0.1910490448706828881 5.6722641340781052577 5.8365463147661822418 5.9734260578069537928 2.26492e-08 1.02298e-05
87720739.219712525606 6827 3.0926862303916413666 0.14603030079955037213 0.14417060338376505579 0.32605259647794704314 5.1826413319878366082 4.3963519082204234323 4.5389141682503595376 4.682752691662054545 3.04652e-09 5.24145e-06
87720739.219712525606 5324 2.0778157146271971634 0.22312102417253407149 0.14741987943828976926 2.7645429068471467637 1.3200448599203780109 2.1654761074032773394 1.9663116737027965808 1.7604160093650751406 4.64884e-09 6.03437e-06
87720739.219712525606 1410 0.95205947150926339972 0.24914253006746764352 0.11350315780621282602 5.539720759884601442 1.4260271437162941321 4.8333658313645262439 5.0796169002761093481 5.3121481483990251604 1.96181e-08 9.75145e-06
87720739.219712525606 6244 3.1793757729075506901 0.038733387359513031523 0.28473184105285581635 5.5185703070701794815 5.9042251647241341672 3.9720671169045322912 4.0010495782228741035 4.0303896593219619149 3.08558e-09 5.26376e-06
87720739.219712525606 6327 3.0019411069752659493 0.16218030505019476184 0.16093227538355764361 5.0999897124270816562 5.0815682694519281881 2.542884500090281108 2.4443014232153661425 2.3401583871955060623 2.25041e-09 4.7381e-06
87720739.219712525606 5650 1.7747419233410770545 0.48640318230985168935 0.26726745418586156378 1.6465699045442678816 6.2155726318147541676 4.0596883166164481338 4.5399020294775933593 5.0190874609881248603 1.14639e-08 8.15256e-06
87720739.219712525606 4112 1.9125306112835696037 0.52999324453101581689 0.81391434721161792787 1.0999915644474425047 4.2649916317257883236 2.3033702833246945119 1.7874871395343225888 1.2698881753442292641 1.99037e-08 9.79854e-06
87720739.219712525606 5511 3.2252979133149271007 0.10626026940204094662 0.16868389505043782095 6.0071868367198772987 0.74980043024772291549 1.7376593891752154519 1.6317384635369291956 1.5256754554187246242 2.90982e-09 5.16185e-06
87720739.219712525606 6186 3.2443635415678424572 0.0068352005713136730625 0.21260208976369898703 6.2774743943517172795 3.0031358952110349669 6.151191831179016134 6.1520883885970469862 6.1529818978206582969 3.14704e-09 5.29848e-06
87720739.219712525606 5195 2.7451013813002420605 0.070797892160737480038 0.065018413191829868558 1.3365240357409060579 4.3384683246992548078 2.7974210584255487788 2.7726783213320853605 2.7471483875154105725 2.26107e-09 4.74557e-06
87720739.219712525606 6935 3.4308068787655146004 0.13116860406442026887 0.35756512329139072959 4.7667879284642387105 0.45103571202772607673 3.8530269905030509747 3.9434961904571106395 4.0377645736475367144 2.603e-09 4.97365e-06
87720739.219712525606 6667 1.4063926504698622821 0.069666940465916732395 0.45969915850869530471 1.1387859097882999659 2.172754464727683299 5.2331472663393672207 5.2926033025168361945 5.350868912175088532 1.85586e-09 4.44323e-06
87720739.219712525606 6816 3.1392206527769350721 0.16764697724495897235 0.12214019984229546045 0.54493489737821843022 0.79608426860526437796 2.490444893044053476 2.3808536095675427724 2.2652682371928931637 1.76213e-09 4.36713e-06
87720739.219712525606 5762 1.1869728580041594146 0.27524745048761967148 0.29568186033653021116 4.0731835161317473393 4.0714573058619318857 3.789978858884645696 3.9802450687558028619 4.1849584281853635659 4.50081e-09 5.96963e-06
87720739.219712525606 6595 3.0447538209204139115 0.066803527133716442132 0.22720228132882031025 5.4421290430656190651 3.2024281105340368647 5.1837810668997557073 5.2424572210156412666 5.3000934718453880379 2.5233e-09 4.92235e-06
87720739.219712525606 5950 1.8608432134641423872 0.33019610586061609592 0.2249199911520705919 2.5755967983922398723 3.9663942923096047188 3.7629334926012147911 3.991387022973836185 4.239412070097644758 1.07677e-08 7.98408e-06
87720739.219712525606 5351 2.9775872848177979968 0.14346451838967397285 0.10703143884720006662 6.2128182890900580659 4.1423193361004937429 2.5487731192351437137 2.4631301700218140027 2.3730923044773435393 2.44807e-09 4.87295e-06
87720739.219712525606 2768 1.5712985966676864535 0.032458447676909335522 0.021170857355574675129 0.14167250716515214504 2.4699339179236985409 5.3497222172706822008 5.3755643921467317625 5.4011429911855364239 1.06163e-06 3.68842e-05
87720739.219712525606 5194 2.2497343350563943076 0.34565440747410003386 0.75045364057486985132 5.8143645327174091619 3.0432502175099229724 0.54197538127050004508 0.38272436342796989361 0.25364003267928875163 4.75382e-09 6.07945e-06
87720739.219712525606 6928 3.2025027249011093211 0.31950667666816573442 0.22656652251864173309 4.8012286497092375726 1.5545791164771478599 4.6959537096028043379 5.0219829770293715754 5.3262994583887994793 2.08658e-09 4.62021e-06
87720739.219712525606 5914 3.1983827393239510073 0.063539661574083597384 0.07019508686439605849 1.8204017216840584492 0.9597994436919974337 4.4210282037468111582 4.4824937926761663221 4.544361743831512257 2.63408e-09 4.99337e-06
87720739.219712525606 5072 3.1272743208511810664 0.087412905096619281098 0.22053431409048795953 6.0007566982385327492 3.4805746686349205987 6.2644749713882603714 6.2660448051121777624 6.2675430328277688119 2.73643e-09 5.05722e-06
87720739.219712525606 6154 3.1683277869714934205 0.098663104369098378332 0.22014147280247858829 3.8762565694057724563 3.2912536389698261452 0.40029686306383860384 0.36343767231619500402 0.32836397940888778502 2.04677e-09 4.59064e-06
87720739.219712525606 5312 2.9812562355864100638 0.1043670376839509889 0.16284074374826570941 2.2572590798527296663 5.9925978365406127324 4.2934986987383414458 4.3911048053445016492 4.4901314523638591325 2.46345e-09 4.88312e-06
87720739.219712525606 6126 3.0264199222332068828 0.26753968366575714422 0.17256605521959844651 2.0127753609456009443 5.1841538778484466121 1.741563034399796539 1.4683667425704731713 1.202229321302667131 3.04059e-09 5.23805e-06
87720739.219712525606 6952 3.2784961289418701469 0.13713507518815318265 0.12543954886990191233 1.6460914089707263663 0.058818092081729916876 0.20052952574663590601 0.1748213157129351325 0.15096911317823802356 2.57429e-09 4.95529e-06
87720739.219712525606 6073 3.20261064689570496 0.020740023741163307602 0.27327675797097866761 1.8640893804485085816 1.5887054028761105062 4.2931250298194445492 4.3121505268027533475 4.3312514272611126742 2.87152e-09 5.1391e-06
87720739.219712525606 5578 2.9091431888683545459 0.20667923224624581979 0.23535218227328064122 2.5150794046455438036 4.1538504821128992006 2.6335120402021252595 2.5217721654352103222 2.4017144624880830683 3.04211e-09 5.23892e-06
87720739.219712525606 5231 3.1625372093753361113 0.12153282042691315734 0.28957340664928726826 2.8773617690234671862 4.0037120321781713983 4.8912733584155621003 5.0098837717870043917 5.1260781209119343771 1.89135e-09 4.47137e-06
87720739.219712525606 6029 1.7465537969945763574 0.29545330632511551672 0.57505826369938684017 0.61550930256568414656 3.7880825488646947541 3.3849539300131308295 3.4702358303751466018 3.5655960790229883628 1.2969e-08 8.49478e-06
87720739.219712525606 6192 3.21136898768393797 0.21504788899448534778 0.2958786326637147801 3.9583804289782444918 5.1207201539405673429 0.77704927672468149247 0.63569639838691327505 0.50801429033264566826 2.79503e-09 5.09306e-06
87720739.219712525606 5211 3.1253606061541820971 0.062692366428323528793 0.26600814964002811314 5.8870624329493841387 4.9963567787433076361 3.6854514908045490351 3.7188159056250702506 3.753027078645897685 2.07199e-09 4.60942e-06
87720739.219712525606 5717 3.1322595259809205004 0.068756283157811445839 0.16838739930838647618 4.2139093537356639985 4.0139025847578402306 0.93755320010844922507 0.88318329925265481872 0.8300509729562319805 2.31886e-09 4.78566e-06
87720739.219712525606 5643 3.3182754469457251822 0.080743701423011099427 0.054053451483616683781 5.964450608713080193 4.2262334724660659546 2.8671532267832779972 2.8443485946338569192 2.820699875788098332 2.47115e-09 4.88821e-06
87720739.219712525606 6842 3.1907972834229156867 0.058109563508044151381 0.15292681464940086067 1.9971122811587644907 3.7471881890597931175 1.502944294517115198 1.4450497718288461968 1.3873990231763080327 3.94698e-09 5.71398e-06
87720739.219712525606 6572 2.9511057667959037509 0.098649194644346044347 0.19318882103877244028 3.5372855323797200988 0.51889586335685689011 5.1900801522217916428 5.2758959933895424044 5.3592927428328112072 1.66053e-09 4.28153e-06
87720739.219712525606 5131 3.5157431477578588996 0.14076168616649770149 0.27137066558365252611 0.50787273837361468498 4.7529760234070028702 3.6714106477425820785 3.7475147130400201512 3.8276813409495318297 2.25296e-09 4.73989e-06
87720739.219712525606 5534 3.2501649161831549506 0.12817028710938224711 0.11676241480192144084 1.8271848168726909645 3.942051822140780537 2.7044183225101723345 2.6465715341555910989 2.5856842090665548284 2.18919e-09 4.69474e-06
87720739.219712525606 6119 3.1334254087332373828 0.10703382435967770392 0.20178667298495694959 4.0794450176812411257 0.091563220888333879399 2.2739992849705576994 2.1892282723770954966 2.1020183377769101618 2.96829e-09 5.19619e-06
87720739.219712525606 5257 3.2150438265624781131 0.13603219830697343973 0.23646951910561370136 4.9985239189829737683 5.6869123936572361089 2.2858464663250046556 2.1779190046433507533 2.0661967196252040146 2.20895e-09 4.70882e-06
87720739.219712525606 5240 1.611311294358748869 0.26371955002165731186 0.32204166727054445163 2.584881486719872612 5.0681225429056739884 2.6443384503849527434 2.4993980435965044151 2.3414420879715498458 1.54708e-09 4.18172e-06
87720739.219712525606 2850 1.7104971845924576979 0.16116538072522818004 0.54768320476761167548 2.9306448319390301371 3.9682879322114033016 0.91897987152530624666 0.79621583103892501487 0.6810285957231375642 2.86233e-09 5.13362e-06
87720739.219712525606 5957 3.2279815929480180081 0.068587086597233740126 0.11328618657711002349 1.1695249166614627434 4.2310070047319765507 5.1837009994408678182 5.2439249450408356168 5.3030490419253517587 3.45473e-09 5.46581e-06
87720739.219712525606 6103 3.2871846117822576261 0.062540221918024815895 0.17119818179133375335 4.0307359565361267073 3.237026539108968759 4.028067656209401548 4.0775433801712068771 4.1278984699672918168 3.07621e-09 5.25842e-06
87720739.219712525606 6335 3.0898486259696378298 0.091523729354285113247 0.23231476721411167818 5.9171969797955847881 1.729360575986976345 6.0662369612901327898 6.0851321472266413082 6.1031404406579436994 2.80706e-09 5.10036e-06
87720739.219712525606 5252 3.1201494651254266799 0.11965247625969029077 0.19500046360995065831 1.3261453259948576822 0.51006055074285405748 5.3061711076190691827 5.4023910870134974616 5.4946724220654177273 2.42859e-09 4.85999e-06
87720739.219712525606 5034 2.8329044289943259294 0.20978311963732543255 0.15495465817736303604 2.8322493254448075639 3.3057725140363993788 5.6867312935888385539 5.7961717839462414403 5.8943479189970027221 2.20492e-09 4.70595e-06
87720739.219712525606 6874 3.280189166119928057 0.055980976395383602595 0.27880433445321278763 0.48632367457135561306 3.0126093202774342217 0.71211483566072630857 0.67627014262794760135 0.64123229767344147589 2.61974e-09 4.98428e-06
87720739.219712525606 5185 3.5347015337300184967 0.011597016274234400734 0.24293723354434076933 2.6773033248665298878 4.5049863759674728669 1.699187004923738753 1.6876766353032768286 1.6761587423495833971 2.64564e-09 5.00066e-06
87720739.219712525606 3953 0.96165551938535909215 0.23221320323490157733 0.34709679430094331209 0.073311694901552690307 4.1315629153874731117 2.8521678419516400815 2.7764671890976222457 2.6935516354475850243 1.87457e-09 4.45811e-06
87720739.219712525606 4189 1.1093816170829819967 0.041721821001793030215 0.064334521123076263138 0.90657365871303108307 4.6453561851084650414 0.96041915313749781635 0.92662359607383970594 0.89326295957293699868 2.51666e-06 4.91804e-05
